2024-06-16 19:00:07.690 CST,,,54540,,666ec5b7.d50c,1,,2024-06-16 19:00:07 CST,,0,LOG,00000,"ending log output to stderr",,"Future log output will go to log destination ""csvlog"".",,,,,,,"","postmaster"
2024-06-16 19:00:07.690 CST,,,54540,,666ec5b7.d50c,2,,2024-06-16 19:00:07 CST,,0,LOG,00000,"starting PostgreSQL 13.9 on x86_64-pc-linux-gnu, compiled by gcc (GCC) 8.3.1 20190311 (Red Hat 8.3.1-3), 64-bit",,,,,,,,,"","postmaster"
2024-06-16 19:00:07.691 CST,,,54540,,666ec5b7.d50c,3,,2024-06-16 19:00:07 CST,,0,LOG,00000,"listening on IPv6 address ""::1"", port 5432",,,,,,,,,"","postmaster"
2024-06-16 19:00:07.692 CST,,,54540,,666ec5b7.d50c,4,,2024-06-16 19:00:07 CST,,0,LOG,00000,"listening on IPv4 address ""127.0.0.1"", port 5432",,,,,,,,,"","postmaster"
2024-06-16 19:00:07.694 CST,,,54540,,666ec5b7.d50c,5,,2024-06-16 19:00:07 CST,,0,LOG,00000,"listening on Unix socket ""/tmp/.s.PGSQL.5432""",,,,,,,,,"","postmaster"
2024-06-16 19:00:07.700 CST,,,54542,,666ec5b7.d50e,1,,2024-06-16 19:00:07 CST,,0,LOG,00000,"database system was shut down at 2024-06-16 19:00:07 CST",,,,,,,,,"","startup"
2024-06-16 19:00:07.705 CST,,,54540,,666ec5b7.d50c,6,,2024-06-16 19:00:07 CST,,0,LOG,00000,"database system is ready to accept connections",,,,,,,,,"","postmaster"
2024-06-16 19:00:09.885 CST,"raingage","benchmark",54594,"127.0.0.1:48948",666ec5b9.d542,1,"SELECT",2024-06-16 19:00:09 CST,3/2,0,LOG,00000,"execute <unnamed>: SELECT cfg_value FROM bmsql_config  WHERE cfg_name = $1","parameters: $1 = 'warehouses'",,,,,,,,"","client backend"
2024-06-16 19:00:09.915 CST,"raingage","benchmark",54594,"127.0.0.1:48948",666ec5b9.d542,2,"SELECT",2024-06-16 19:00:09 CST,3/3,0,LOG,00000,"execute <unnamed>: SELECT cfg_value FROM bmsql_config  WHERE cfg_name = $1","parameters: $1 = 'nURandCLast'",,,,,,,,"","client backend"
2024-06-16 19:00:10.013 CST,"raingage","benchmark",54599,"127.0.0.1:48958",666ec5b9.d547,1,"BEGIN",2024-06-16 19:00:09 CST,8/2,0,LOG,00000,"execute <unnamed>: BEGIN",,,,,,,,,"","client backend"
2024-06-16 19:00:10.016 CST,"raingage","benchmark",54595,"127.0.0.1:48950",666ec5b9.d543,1,"BEGIN",2024-06-16 19:00:09 CST,4/2,0,LOG,00000,"execute <unnamed>: BEGIN",,,,,,,,,"","client backend"
2024-06-16 19:00:10.016 CST,"raingage","benchmark",54596,"127.0.0.1:48952",666ec5b9.d544,1,"BEGIN",2024-06-16 19:00:09 CST,5/2,0,LOG,00000,"execute <unnamed>: BEGIN",,,,,,,,,"","client backend"
2024-06-16 19:00:10.020 CST,"raingage","benchmark",54597,"127.0.0.1:48954",666ec5b9.d545,1,"BEGIN",2024-06-16 19:00:09 CST,6/2,0,LOG,00000,"execute <unnamed>: BEGIN",,,,,,,,,"","client backend"
2024-06-16 19:00:10.022 CST,"raingage","benchmark",54598,"127.0.0.1:48956",666ec5b9.d546,1,"BEGIN",2024-06-16 19:00:09 CST,7/2,0,LOG,00000,"execute <unnamed>: BEGIN",,,,,,,,,"","client backend"
2024-06-16 19:00:10.028 CST,"raingage","benchmark",54599,"127.0.0.1:48958",666ec5b9.d547,2,"SELECT",2024-06-16 19:00:09 CST,8/2,0,LOG,00000,"execute <unnamed>: SELECT d_tax, d_next_o_id     FROM bmsql_district     WHERE d_w_id = $1 AND d_id = $2 ","parameters: $1 = '1', $2 = '1'",,,,,,,,"","client backend"
2024-06-16 19:00:10.034 CST,"raingage","benchmark",54598,"127.0.0.1:48956",666ec5b9.d546,2,"SELECT",2024-06-16 19:00:09 CST,7/2,0,LOG,00000,"execute <unnamed>: SELECT d_tax, d_next_o_id     FROM bmsql_district     WHERE d_w_id = $1 AND d_id = $2 ","parameters: $1 = '1', $2 = '1'",,,,,,,,"","client backend"
2024-06-16 19:00:10.034 CST,"raingage","benchmark",54596,"127.0.0.1:48952",666ec5b9.d544,2,"SELECT",2024-06-16 19:00:09 CST,5/2,0,LOG,00000,"execute <unnamed>: SELECT d_tax, d_next_o_id     FROM bmsql_district     WHERE d_w_id = $1 AND d_id = $2 ","parameters: $1 = '1', $2 = '1'",,,,,,,,"","client backend"
2024-06-16 19:00:10.039 CST,"raingage","benchmark",54597,"127.0.0.1:48954",666ec5b9.d545,2,"SELECT",2024-06-16 19:00:09 CST,6/2,0,LOG,00000,"execute <unnamed>: SELECT d_tax, d_next_o_id     FROM bmsql_district     WHERE d_w_id = $1 AND d_id = $2 ","parameters: $1 = '1', $2 = '1'",,,,,,,,"","client backend"
2024-06-16 19:00:10.039 CST,"raingage","benchmark",54595,"127.0.0.1:48950",666ec5b9.d543,2,"SELECT",2024-06-16 19:00:09 CST,4/2,0,LOG,00000,"execute <unnamed>: SELECT d_tax, d_next_o_id     FROM bmsql_district     WHERE d_w_id = $1 AND d_id = $2 ","parameters: $1 = '1', $2 = '1'",,,,,,,,"","client backend"
2024-06-16 19:00:10.099 CST,"raingage","benchmark",54598,"127.0.0.1:48956",666ec5b9.d546,3,"SELECT",2024-06-16 19:00:09 CST,7/2,0,LOG,00000,"execute <unnamed>: SELECT c_discount, c_last, c_credit, w_tax     FROM bmsql_customer     JOIN bmsql_warehouse ON (w_id = c_w_id)     WHERE c_w_id = $1 AND c_d_id = $2 AND c_id = $3","parameters: $1 = '1', $2 = '1', $3 = '20'",,,,,,,,"","client backend"
2024-06-16 19:00:10.103 CST,"raingage","benchmark",54597,"127.0.0.1:48954",666ec5b9.d545,3,"SELECT",2024-06-16 19:00:09 CST,6/2,0,LOG,00000,"execute <unnamed>: SELECT c_discount, c_last, c_credit, w_tax     FROM bmsql_customer     JOIN bmsql_warehouse ON (w_id = c_w_id)     WHERE c_w_id = $1 AND c_d_id = $2 AND c_id = $3","parameters: $1 = '1', $2 = '1', $3 = '29'",,,,,,,,"","client backend"
2024-06-16 19:00:10.108 CST,"raingage","benchmark",54596,"127.0.0.1:48952",666ec5b9.d544,3,"SELECT",2024-06-16 19:00:09 CST,5/2,0,LOG,00000,"execute <unnamed>: SELECT c_discount, c_last, c_credit, w_tax     FROM bmsql_customer     JOIN bmsql_warehouse ON (w_id = c_w_id)     WHERE c_w_id = $1 AND c_d_id = $2 AND c_id = $3","parameters: $1 = '1', $2 = '1', $3 = '57'",,,,,,,,"","client backend"
2024-06-16 19:00:10.164 CST,"raingage","benchmark",54598,"127.0.0.1:48956",666ec5b9.d546,4,"SELECT",2024-06-16 19:00:09 CST,7/2,0,LOG,00000,"execute <unnamed>: SELECT c_discount, c_last, c_credit, w_tax     FROM bmsql_customer     JOIN bmsql_warehouse ON (w_id = c_w_id)     WHERE c_w_id = $1 AND c_d_id = $2 AND c_id = $3","parameters: $1 = '1', $2 = '1', $3 = '20'",,,,,,,,"","client backend"
2024-06-16 19:00:10.168 CST,"raingage","benchmark",54597,"127.0.0.1:48954",666ec5b9.d545,4,"SELECT",2024-06-16 19:00:09 CST,6/2,0,LOG,00000,"execute <unnamed>: SELECT c_discount, c_last, c_credit, w_tax     FROM bmsql_customer     JOIN bmsql_warehouse ON (w_id = c_w_id)     WHERE c_w_id = $1 AND c_d_id = $2 AND c_id = $3","parameters: $1 = '1', $2 = '1', $3 = '29'",,,,,,,,"","client backend"
2024-06-16 19:00:10.176 CST,"raingage","benchmark",54596,"127.0.0.1:48952",666ec5b9.d544,4,"SELECT",2024-06-16 19:00:09 CST,5/2,0,LOG,00000,"execute <unnamed>: SELECT c_discount, c_last, c_credit, w_tax     FROM bmsql_customer     JOIN bmsql_warehouse ON (w_id = c_w_id)     WHERE c_w_id = $1 AND c_d_id = $2 AND c_id = $3","parameters: $1 = '1', $2 = '1', $3 = '57'",,,,,,,,"","client backend"
2024-06-16 19:00:10.231 CST,"raingage","benchmark",54598,"127.0.0.1:48956",666ec5b9.d546,5,"SELECT",2024-06-16 19:00:09 CST,7/2,0,LOG,00000,"execute <unnamed>: SELECT c_discount, c_last, c_credit, w_tax     FROM bmsql_customer     JOIN bmsql_warehouse ON (w_id = c_w_id)     WHERE c_w_id = $1 AND c_d_id = $2 AND c_id = $3","parameters: $1 = '1', $2 = '1', $3 = '20'",,,,,,,,"","client backend"
2024-06-16 19:00:10.239 CST,"raingage","benchmark",54597,"127.0.0.1:48954",666ec5b9.d545,5,"SELECT",2024-06-16 19:00:09 CST,6/2,0,LOG,00000,"execute <unnamed>: SELECT c_discount, c_last, c_credit, w_tax     FROM bmsql_customer     JOIN bmsql_warehouse ON (w_id = c_w_id)     WHERE c_w_id = $1 AND c_d_id = $2 AND c_id = $3","parameters: $1 = '1', $2 = '1', $3 = '29'",,,,,,,,"","client backend"
2024-06-16 19:00:10.245 CST,"raingage","benchmark",54596,"127.0.0.1:48952",666ec5b9.d544,5,"SELECT",2024-06-16 19:00:09 CST,5/2,0,LOG,00000,"execute <unnamed>: SELECT c_discount, c_last, c_credit, w_tax     FROM bmsql_customer     JOIN bmsql_warehouse ON (w_id = c_w_id)     WHERE c_w_id = $1 AND c_d_id = $2 AND c_id = $3","parameters: $1 = '1', $2 = '1', $3 = '57'",,,,,,,,"","client backend"
2024-06-16 19:00:10.304 CST,"raingage","benchmark",54598,"127.0.0.1:48956",666ec5b9.d546,6,"SELECT",2024-06-16 19:00:09 CST,7/2,0,LOG,00000,"execute <unnamed>: SELECT c_discount, c_last, c_credit, w_tax     FROM bmsql_customer     JOIN bmsql_warehouse ON (w_id = c_w_id)     WHERE c_w_id = $1 AND c_d_id = $2 AND c_id = $3","parameters: $1 = '1', $2 = '1', $3 = '20'",,,,,,,,"","client backend"
2024-06-16 19:00:10.309 CST,"raingage","benchmark",54597,"127.0.0.1:48954",666ec5b9.d545,6,"SELECT",2024-06-16 19:00:09 CST,6/2,0,LOG,00000,"execute <unnamed>: SELECT c_discount, c_last, c_credit, w_tax     FROM bmsql_customer     JOIN bmsql_warehouse ON (w_id = c_w_id)     WHERE c_w_id = $1 AND c_d_id = $2 AND c_id = $3","parameters: $1 = '1', $2 = '1', $3 = '29'",,,,,,,,"","client backend"
2024-06-16 19:00:10.310 CST,"raingage","benchmark",54596,"127.0.0.1:48952",666ec5b9.d544,6,"SELECT",2024-06-16 19:00:09 CST,5/2,0,LOG,00000,"execute <unnamed>: SELECT c_discount, c_last, c_credit, w_tax     FROM bmsql_customer     JOIN bmsql_warehouse ON (w_id = c_w_id)     WHERE c_w_id = $1 AND c_d_id = $2 AND c_id = $3","parameters: $1 = '1', $2 = '1', $3 = '57'",,,,,,,,"","client backend"
2024-06-16 19:00:10.370 CST,"raingage","benchmark",54598,"127.0.0.1:48956",666ec5b9.d546,7,"SELECT",2024-06-16 19:00:09 CST,7/2,0,LOG,00000,"execute S_1: SELECT c_discount, c_last, c_credit, w_tax     FROM bmsql_customer     JOIN bmsql_warehouse ON (w_id = c_w_id)     WHERE c_w_id = $1 AND c_d_id = $2 AND c_id = $3","parameters: $1 = '1', $2 = '1', $3 = '20'",,,,,,,,"","client backend"
2024-06-16 19:00:10.377 CST,"raingage","benchmark",54596,"127.0.0.1:48952",666ec5b9.d544,7,"SELECT",2024-06-16 19:00:09 CST,5/2,0,LOG,00000,"execute S_1: SELECT c_discount, c_last, c_credit, w_tax     FROM bmsql_customer     JOIN bmsql_warehouse ON (w_id = c_w_id)     WHERE c_w_id = $1 AND c_d_id = $2 AND c_id = $3","parameters: $1 = '1', $2 = '1', $3 = '57'",,,,,,,,"","client backend"
2024-06-16 19:00:10.377 CST,"raingage","benchmark",54597,"127.0.0.1:48954",666ec5b9.d545,7,"SELECT",2024-06-16 19:00:09 CST,6/2,0,LOG,00000,"execute S_1: SELECT c_discount, c_last, c_credit, w_tax     FROM bmsql_customer     JOIN bmsql_warehouse ON (w_id = c_w_id)     WHERE c_w_id = $1 AND c_d_id = $2 AND c_id = $3","parameters: $1 = '1', $2 = '1', $3 = '29'",,,,,,,,"","client backend"
2024-06-16 19:00:10.436 CST,"raingage","benchmark",54598,"127.0.0.1:48956",666ec5b9.d546,8,"SELECT",2024-06-16 19:00:09 CST,7/2,0,LOG,00000,"execute S_1: SELECT c_discount, c_last, c_credit, w_tax     FROM bmsql_customer     JOIN bmsql_warehouse ON (w_id = c_w_id)     WHERE c_w_id = $1 AND c_d_id = $2 AND c_id = $3","parameters: $1 = '1', $2 = '1', $3 = '20'",,,,,,,,"","client backend"
2024-06-16 19:00:10.444 CST,"raingage","benchmark",54597,"127.0.0.1:48954",666ec5b9.d545,8,"SELECT",2024-06-16 19:00:09 CST,6/2,0,LOG,00000,"execute S_1: SELECT c_discount, c_last, c_credit, w_tax     FROM bmsql_customer     JOIN bmsql_warehouse ON (w_id = c_w_id)     WHERE c_w_id = $1 AND c_d_id = $2 AND c_id = $3","parameters: $1 = '1', $2 = '1', $3 = '29'",,,,,,,,"","client backend"
2024-06-16 19:00:10.448 CST,"raingage","benchmark",54596,"127.0.0.1:48952",666ec5b9.d544,8,"SELECT",2024-06-16 19:00:09 CST,5/2,0,LOG,00000,"execute S_1: SELECT c_discount, c_last, c_credit, w_tax     FROM bmsql_customer     JOIN bmsql_warehouse ON (w_id = c_w_id)     WHERE c_w_id = $1 AND c_d_id = $2 AND c_id = $3","parameters: $1 = '1', $2 = '1', $3 = '57'",,,,,,,,"","client backend"
2024-06-16 19:00:10.499 CST,"raingage","benchmark",54598,"127.0.0.1:48956",666ec5b9.d546,9,"SELECT",2024-06-16 19:00:09 CST,7/2,0,LOG,00000,"execute S_1: SELECT c_discount, c_last, c_credit, w_tax     FROM bmsql_customer     JOIN bmsql_warehouse ON (w_id = c_w_id)     WHERE c_w_id = $1 AND c_d_id = $2 AND c_id = $3","parameters: $1 = '1', $2 = '1', $3 = '20'",,,,,,,,"","client backend"
2024-06-16 19:00:10.513 CST,"raingage","benchmark",54596,"127.0.0.1:48952",666ec5b9.d544,9,"SELECT",2024-06-16 19:00:09 CST,5/2,0,LOG,00000,"execute S_1: SELECT c_discount, c_last, c_credit, w_tax     FROM bmsql_customer     JOIN bmsql_warehouse ON (w_id = c_w_id)     WHERE c_w_id = $1 AND c_d_id = $2 AND c_id = $3","parameters: $1 = '1', $2 = '1', $3 = '57'",,,,,,,,"","client backend"
2024-06-16 19:00:10.516 CST,"raingage","benchmark",54597,"127.0.0.1:48954",666ec5b9.d545,9,"SELECT",2024-06-16 19:00:09 CST,6/2,0,LOG,00000,"execute S_1: SELECT c_discount, c_last, c_credit, w_tax     FROM bmsql_customer     JOIN bmsql_warehouse ON (w_id = c_w_id)     WHERE c_w_id = $1 AND c_d_id = $2 AND c_id = $3","parameters: $1 = '1', $2 = '1', $3 = '29'",,,,,,,,"","client backend"
2024-06-16 19:00:10.571 CST,"raingage","benchmark",54598,"127.0.0.1:48956",666ec5b9.d546,10,"SELECT",2024-06-16 19:00:09 CST,7/2,0,LOG,00000,"execute S_1: SELECT c_discount, c_last, c_credit, w_tax     FROM bmsql_customer     JOIN bmsql_warehouse ON (w_id = c_w_id)     WHERE c_w_id = $1 AND c_d_id = $2 AND c_id = $3","parameters: $1 = '1', $2 = '1', $3 = '20'",,,,,,,,"","client backend"
2024-06-16 19:00:10.584 CST,"raingage","benchmark",54596,"127.0.0.1:48952",666ec5b9.d544,10,"SELECT",2024-06-16 19:00:09 CST,5/2,0,LOG,00000,"execute S_1: SELECT c_discount, c_last, c_credit, w_tax     FROM bmsql_customer     JOIN bmsql_warehouse ON (w_id = c_w_id)     WHERE c_w_id = $1 AND c_d_id = $2 AND c_id = $3","parameters: $1 = '1', $2 = '1', $3 = '57'",,,,,,,,"","client backend"
2024-06-16 19:00:10.584 CST,"raingage","benchmark",54597,"127.0.0.1:48954",666ec5b9.d545,10,"SELECT",2024-06-16 19:00:09 CST,6/2,0,LOG,00000,"execute S_1: SELECT c_discount, c_last, c_credit, w_tax     FROM bmsql_customer     JOIN bmsql_warehouse ON (w_id = c_w_id)     WHERE c_w_id = $1 AND c_d_id = $2 AND c_id = $3","parameters: $1 = '1', $2 = '1', $3 = '29'",,,,,,,,"","client backend"
2024-06-16 19:00:10.587 CST,"raingage","benchmark",54598,"127.0.0.1:48956",666ec5b9.d546,11,"SELECT",2024-06-16 19:00:09 CST,7/2,0,LOG,00000,"execute <unnamed>: SELECT i_price, i_name, i_data     FROM bmsql_item     WHERE i_id = $1","parameters: $1 = '100'",,,,,,,,"","client backend"
2024-06-16 19:00:10.601 CST,"raingage","benchmark",54596,"127.0.0.1:48952",666ec5b9.d544,11,"SELECT",2024-06-16 19:00:09 CST,5/2,0,LOG,00000,"execute <unnamed>: SELECT i_price, i_name, i_data     FROM bmsql_item     WHERE i_id = $1","parameters: $1 = '61'",,,,,,,,"","client backend"
2024-06-16 19:00:10.601 CST,"raingage","benchmark",54598,"127.0.0.1:48956",666ec5b9.d546,12,"SELECT",2024-06-16 19:00:09 CST,7/2,0,LOG,00000,"execute <unnamed>: SELECT s_quantity, s_data,        s_dist_01, s_dist_02, s_dist_03, s_dist_04,        s_dist_05, s_dist_06, s_dist_07, s_dist_08,        s_dist_09, s_dist_10     FROM bmsql_stock     WHERE s_w_id = $1 AND s_i_id = $2 ","parameters: $1 = '1', $2 = '100'",,,,,,,,"","client backend"
2024-06-16 19:00:10.601 CST,"raingage","benchmark",54597,"127.0.0.1:48954",666ec5b9.d545,11,"SELECT",2024-06-16 19:00:09 CST,6/2,0,LOG,00000,"execute <unnamed>: SELECT i_price, i_name, i_data     FROM bmsql_item     WHERE i_id = $1","parameters: $1 = '63'",,,,,,,,"","client backend"
2024-06-16 19:00:10.614 CST,"raingage","benchmark",54596,"127.0.0.1:48952",666ec5b9.d544,12,"SELECT",2024-06-16 19:00:09 CST,5/2,0,LOG,00000,"execute <unnamed>: SELECT s_quantity, s_data,        s_dist_01, s_dist_02, s_dist_03, s_dist_04,        s_dist_05, s_dist_06, s_dist_07, s_dist_08,        s_dist_09, s_dist_10     FROM bmsql_stock     WHERE s_w_id = $1 AND s_i_id = $2 ","parameters: $1 = '1', $2 = '61'",,,,,,,,"","client backend"
2024-06-16 19:00:10.615 CST,"raingage","benchmark",54597,"127.0.0.1:48954",666ec5b9.d545,12,"SELECT",2024-06-16 19:00:09 CST,6/2,0,LOG,00000,"execute <unnamed>: SELECT s_quantity, s_data,        s_dist_01, s_dist_02, s_dist_03, s_dist_04,        s_dist_05, s_dist_06, s_dist_07, s_dist_08,        s_dist_09, s_dist_10     FROM bmsql_stock     WHERE s_w_id = $1 AND s_i_id = $2 ","parameters: $1 = '1', $2 = '63'",,,,,,,,"","client backend"
2024-06-16 19:00:10.618 CST,"raingage","benchmark",54598,"127.0.0.1:48956",666ec5b9.d546,13,"UPDATE",2024-06-16 19:00:09 CST,7/2,0,LOG,00000,"execute <unnamed>: UPDATE bmsql_stock     SET s_quantity = $1, s_ytd = s_ytd + $2,         s_order_cnt = s_order_cnt + 1,         s_remote_cnt = s_remote_cnt + $3     WHERE s_w_id = $4 AND s_i_id = $5","parameters: $1 = '89', $2 = '3', $3 = '0', $4 = '1', $5 = '100'",,,,,,,,"","client backend"
2024-06-16 19:00:10.630 CST,"raingage","benchmark",54596,"127.0.0.1:48952",666ec5b9.d544,13,"UPDATE",2024-06-16 19:00:09 CST,5/2,0,LOG,00000,"execute <unnamed>: UPDATE bmsql_stock     SET s_quantity = $1, s_ytd = s_ytd + $2,         s_order_cnt = s_order_cnt + 1,         s_remote_cnt = s_remote_cnt + $3     WHERE s_w_id = $4 AND s_i_id = $5","parameters: $1 = '76', $2 = '3', $3 = '0', $4 = '1', $5 = '61'",,,,,,,,"","client backend"
2024-06-16 19:00:10.634 CST,"raingage","benchmark",54598,"127.0.0.1:48956",666ec5b9.d546,14,"COMMIT",2024-06-16 19:00:09 CST,7/2,115209,LOG,00000,"execute S_2: COMMIT",,,,,,,,,"","client backend"
2024-06-16 19:00:10.636 CST,"raingage","benchmark",54597,"127.0.0.1:48954",666ec5b9.d545,13,"UPDATE",2024-06-16 19:00:09 CST,6/2,0,LOG,00000,"execute <unnamed>: UPDATE bmsql_stock     SET s_quantity = $1, s_ytd = s_ytd + $2,         s_order_cnt = s_order_cnt + 1,         s_remote_cnt = s_remote_cnt + $3     WHERE s_w_id = $4 AND s_i_id = $5","parameters: $1 = '30', $2 = '3', $3 = '0', $4 = '1', $5 = '63'",,,,,,,,"","client backend"
2024-06-16 19:00:10.637 CST,"raingage","benchmark",54599,"127.0.0.1:48958",666ec5b9.d547,3,"SELECT",2024-06-16 19:00:09 CST,8/2,0,LOG,00000,"execute <unnamed>: SELECT c_discount, c_last, c_credit, w_tax     FROM bmsql_customer     JOIN bmsql_warehouse ON (w_id = c_w_id)     WHERE c_w_id = $1 AND c_d_id = $2 AND c_id = $3","parameters: $1 = '1', $2 = '1', $3 = '20'",,,,,,,,"","client backend"
2024-06-16 19:00:10.647 CST,"raingage","benchmark",54596,"127.0.0.1:48952",666ec5b9.d544,14,"COMMIT",2024-06-16 19:00:09 CST,5/2,115210,LOG,00000,"execute S_2: COMMIT",,,,,,,,,"","client backend"
2024-06-16 19:00:10.649 CST,"raingage","benchmark",54595,"127.0.0.1:48950",666ec5b9.d543,3,"SELECT",2024-06-16 19:00:09 CST,4/2,0,LOG,00000,"execute <unnamed>: SELECT c_discount, c_last, c_credit, w_tax     FROM bmsql_customer     JOIN bmsql_warehouse ON (w_id = c_w_id)     WHERE c_w_id = $1 AND c_d_id = $2 AND c_id = $3","parameters: $1 = '1', $2 = '1', $3 = '57'",,,,,,,,"","client backend"
2024-06-16 19:00:10.649 CST,"raingage","benchmark",54597,"127.0.0.1:48954",666ec5b9.d545,14,"COMMIT",2024-06-16 19:00:09 CST,6/2,115211,LOG,00000,"execute S_2: COMMIT",,,,,,,,,"","client backend"
2024-06-16 19:00:10.665 CST,"raingage","benchmark",54597,"127.0.0.1:48954",666ec5b9.d545,15,"BEGIN",2024-06-16 19:00:09 CST,6/3,0,LOG,00000,"execute <unnamed>: BEGIN",,,,,,,,,"","client backend"
2024-06-16 19:00:10.667 CST,"raingage","benchmark",54596,"127.0.0.1:48952",666ec5b9.d544,15,"BEGIN",2024-06-16 19:00:09 CST,5/3,0,LOG,00000,"execute <unnamed>: BEGIN",,,,,,,,,"","client backend"
2024-06-16 19:00:10.682 CST,"raingage","benchmark",54597,"127.0.0.1:48954",666ec5b9.d545,16,"SELECT",2024-06-16 19:00:09 CST,6/3,0,LOG,00000,"execute <unnamed>: SELECT d_tax, d_next_o_id     FROM bmsql_district     WHERE d_w_id = $1 AND d_id = $2 ","parameters: $1 = '1', $2 = '2'",,,,,,,,"","client backend"
2024-06-16 19:00:10.685 CST,"raingage","benchmark",54596,"127.0.0.1:48952",666ec5b9.d544,16,"SELECT",2024-06-16 19:00:09 CST,5/3,0,LOG,00000,"execute <unnamed>: SELECT d_tax, d_next_o_id     FROM bmsql_district     WHERE d_w_id = $1 AND d_id = $2 ","parameters: $1 = '1', $2 = '2'",,,,,,,,"","client backend"
2024-06-16 19:00:10.701 CST,"raingage","benchmark",54599,"127.0.0.1:48958",666ec5b9.d547,4,"SELECT",2024-06-16 19:00:09 CST,8/2,0,LOG,00000,"execute <unnamed>: SELECT c_discount, c_last, c_credit, w_tax     FROM bmsql_customer     JOIN bmsql_warehouse ON (w_id = c_w_id)     WHERE c_w_id = $1 AND c_d_id = $2 AND c_id = $3","parameters: $1 = '1', $2 = '1', $3 = '20'",,,,,,,,"","client backend"
2024-06-16 19:00:10.714 CST,"raingage","benchmark",54595,"127.0.0.1:48950",666ec5b9.d543,4,"SELECT",2024-06-16 19:00:09 CST,4/2,0,LOG,00000,"execute <unnamed>: SELECT c_discount, c_last, c_credit, w_tax     FROM bmsql_customer     JOIN bmsql_warehouse ON (w_id = c_w_id)     WHERE c_w_id = $1 AND c_d_id = $2 AND c_id = $3","parameters: $1 = '1', $2 = '1', $3 = '57'",,,,,,,,"","client backend"
2024-06-16 19:00:10.749 CST,"raingage","benchmark",54597,"127.0.0.1:48954",666ec5b9.d545,17,"SELECT",2024-06-16 19:00:09 CST,6/3,0,LOG,00000,"execute S_1: SELECT c_discount, c_last, c_credit, w_tax     FROM bmsql_customer     JOIN bmsql_warehouse ON (w_id = c_w_id)     WHERE c_w_id = $1 AND c_d_id = $2 AND c_id = $3","parameters: $1 = '1', $2 = '2', $3 = '86'",,,,,,,,"","client backend"
2024-06-16 19:00:10.752 CST,"raingage","benchmark",54596,"127.0.0.1:48952",666ec5b9.d544,17,"SELECT",2024-06-16 19:00:09 CST,5/3,0,LOG,00000,"execute S_1: SELECT c_discount, c_last, c_credit, w_tax     FROM bmsql_customer     JOIN bmsql_warehouse ON (w_id = c_w_id)     WHERE c_w_id = $1 AND c_d_id = $2 AND c_id = $3","parameters: $1 = '1', $2 = '2', $3 = '97'",,,,,,,,"","client backend"
2024-06-16 19:00:10.764 CST,"raingage","benchmark",54599,"127.0.0.1:48958",666ec5b9.d547,5,"SELECT",2024-06-16 19:00:09 CST,8/2,0,LOG,00000,"execute <unnamed>: SELECT c_discount, c_last, c_credit, w_tax     FROM bmsql_customer     JOIN bmsql_warehouse ON (w_id = c_w_id)     WHERE c_w_id = $1 AND c_d_id = $2 AND c_id = $3","parameters: $1 = '1', $2 = '1', $3 = '20'",,,,,,,,"","client backend"
2024-06-16 19:00:10.782 CST,"raingage","benchmark",54595,"127.0.0.1:48950",666ec5b9.d543,5,"SELECT",2024-06-16 19:00:09 CST,4/2,0,LOG,00000,"execute <unnamed>: SELECT c_discount, c_last, c_credit, w_tax     FROM bmsql_customer     JOIN bmsql_warehouse ON (w_id = c_w_id)     WHERE c_w_id = $1 AND c_d_id = $2 AND c_id = $3","parameters: $1 = '1', $2 = '1', $3 = '57'",,,,,,,,"","client backend"
2024-06-16 19:00:10.813 CST,"raingage","benchmark",54597,"127.0.0.1:48954",666ec5b9.d545,18,"SELECT",2024-06-16 19:00:09 CST,6/3,0,LOG,00000,"execute S_1: SELECT c_discount, c_last, c_credit, w_tax     FROM bmsql_customer     JOIN bmsql_warehouse ON (w_id = c_w_id)     WHERE c_w_id = $1 AND c_d_id = $2 AND c_id = $3","parameters: $1 = '1', $2 = '2', $3 = '86'",,,,,,,,"","client backend"
2024-06-16 19:00:10.822 CST,"raingage","benchmark",54596,"127.0.0.1:48952",666ec5b9.d544,18,"SELECT",2024-06-16 19:00:09 CST,5/3,0,LOG,00000,"execute S_1: SELECT c_discount, c_last, c_credit, w_tax     FROM bmsql_customer     JOIN bmsql_warehouse ON (w_id = c_w_id)     WHERE c_w_id = $1 AND c_d_id = $2 AND c_id = $3","parameters: $1 = '1', $2 = '2', $3 = '97'",,,,,,,,"","client backend"
2024-06-16 19:00:10.836 CST,"raingage","benchmark",54599,"127.0.0.1:48958",666ec5b9.d547,6,"SELECT",2024-06-16 19:00:09 CST,8/2,0,LOG,00000,"execute <unnamed>: SELECT c_discount, c_last, c_credit, w_tax     FROM bmsql_customer     JOIN bmsql_warehouse ON (w_id = c_w_id)     WHERE c_w_id = $1 AND c_d_id = $2 AND c_id = $3","parameters: $1 = '1', $2 = '1', $3 = '20'",,,,,,,,"","client backend"
2024-06-16 19:00:10.853 CST,"raingage","benchmark",54595,"127.0.0.1:48950",666ec5b9.d543,6,"SELECT",2024-06-16 19:00:09 CST,4/2,0,LOG,00000,"execute <unnamed>: SELECT c_discount, c_last, c_credit, w_tax     FROM bmsql_customer     JOIN bmsql_warehouse ON (w_id = c_w_id)     WHERE c_w_id = $1 AND c_d_id = $2 AND c_id = $3","parameters: $1 = '1', $2 = '1', $3 = '57'",,,,,,,,"","client backend"
2024-06-16 19:00:10.882 CST,"raingage","benchmark",54597,"127.0.0.1:48954",666ec5b9.d545,19,"SELECT",2024-06-16 19:00:09 CST,6/3,0,LOG,00000,"execute S_1: SELECT c_discount, c_last, c_credit, w_tax     FROM bmsql_customer     JOIN bmsql_warehouse ON (w_id = c_w_id)     WHERE c_w_id = $1 AND c_d_id = $2 AND c_id = $3","parameters: $1 = '1', $2 = '2', $3 = '86'",,,,,,,,"","client backend"
2024-06-16 19:00:10.887 CST,"raingage","benchmark",54596,"127.0.0.1:48952",666ec5b9.d544,19,"SELECT",2024-06-16 19:00:09 CST,5/3,0,LOG,00000,"execute S_1: SELECT c_discount, c_last, c_credit, w_tax     FROM bmsql_customer     JOIN bmsql_warehouse ON (w_id = c_w_id)     WHERE c_w_id = $1 AND c_d_id = $2 AND c_id = $3","parameters: $1 = '1', $2 = '2', $3 = '97'",,,,,,,,"","client backend"
2024-06-16 19:00:10.905 CST,"raingage","benchmark",54599,"127.0.0.1:48958",666ec5b9.d547,7,"SELECT",2024-06-16 19:00:09 CST,8/2,0,LOG,00000,"execute S_1: SELECT c_discount, c_last, c_credit, w_tax     FROM bmsql_customer     JOIN bmsql_warehouse ON (w_id = c_w_id)     WHERE c_w_id = $1 AND c_d_id = $2 AND c_id = $3","parameters: $1 = '1', $2 = '1', $3 = '20'",,,,,,,,"","client backend"
2024-06-16 19:00:10.920 CST,"raingage","benchmark",54595,"127.0.0.1:48950",666ec5b9.d543,7,"SELECT",2024-06-16 19:00:09 CST,4/2,0,LOG,00000,"execute S_1: SELECT c_discount, c_last, c_credit, w_tax     FROM bmsql_customer     JOIN bmsql_warehouse ON (w_id = c_w_id)     WHERE c_w_id = $1 AND c_d_id = $2 AND c_id = $3","parameters: $1 = '1', $2 = '1', $3 = '57'",,,,,,,,"","client backend"
2024-06-16 19:00:10.954 CST,"raingage","benchmark",54596,"127.0.0.1:48952",666ec5b9.d544,20,"SELECT",2024-06-16 19:00:09 CST,5/3,0,LOG,00000,"execute S_1: SELECT c_discount, c_last, c_credit, w_tax     FROM bmsql_customer     JOIN bmsql_warehouse ON (w_id = c_w_id)     WHERE c_w_id = $1 AND c_d_id = $2 AND c_id = $3","parameters: $1 = '1', $2 = '2', $3 = '97'",,,,,,,,"","client backend"
2024-06-16 19:00:10.954 CST,"raingage","benchmark",54597,"127.0.0.1:48954",666ec5b9.d545,20,"SELECT",2024-06-16 19:00:09 CST,6/3,0,LOG,00000,"execute S_1: SELECT c_discount, c_last, c_credit, w_tax     FROM bmsql_customer     JOIN bmsql_warehouse ON (w_id = c_w_id)     WHERE c_w_id = $1 AND c_d_id = $2 AND c_id = $3","parameters: $1 = '1', $2 = '2', $3 = '86'",,,,,,,,"","client backend"
2024-06-16 19:00:10.973 CST,"raingage","benchmark",54599,"127.0.0.1:48958",666ec5b9.d547,8,"SELECT",2024-06-16 19:00:09 CST,8/2,0,LOG,00000,"execute S_1: SELECT c_discount, c_last, c_credit, w_tax     FROM bmsql_customer     JOIN bmsql_warehouse ON (w_id = c_w_id)     WHERE c_w_id = $1 AND c_d_id = $2 AND c_id = $3","parameters: $1 = '1', $2 = '1', $3 = '20'",,,,,,,,"","client backend"
2024-06-16 19:00:10.987 CST,"raingage","benchmark",54595,"127.0.0.1:48950",666ec5b9.d543,8,"SELECT",2024-06-16 19:00:09 CST,4/2,0,LOG,00000,"execute S_1: SELECT c_discount, c_last, c_credit, w_tax     FROM bmsql_customer     JOIN bmsql_warehouse ON (w_id = c_w_id)     WHERE c_w_id = $1 AND c_d_id = $2 AND c_id = $3","parameters: $1 = '1', $2 = '1', $3 = '57'",,,,,,,,"","client backend"
2024-06-16 19:00:11.016 CST,"raingage","benchmark",54597,"127.0.0.1:48954",666ec5b9.d545,21,"SELECT",2024-06-16 19:00:09 CST,6/3,0,LOG,00000,"execute S_1: SELECT c_discount, c_last, c_credit, w_tax     FROM bmsql_customer     JOIN bmsql_warehouse ON (w_id = c_w_id)     WHERE c_w_id = $1 AND c_d_id = $2 AND c_id = $3","parameters: $1 = '1', $2 = '2', $3 = '86'",,,,,,,,"","client backend"
2024-06-16 19:00:11.025 CST,"raingage","benchmark",54596,"127.0.0.1:48952",666ec5b9.d544,21,"SELECT",2024-06-16 19:00:09 CST,5/3,0,LOG,00000,"execute S_1: SELECT c_discount, c_last, c_credit, w_tax     FROM bmsql_customer     JOIN bmsql_warehouse ON (w_id = c_w_id)     WHERE c_w_id = $1 AND c_d_id = $2 AND c_id = $3","parameters: $1 = '1', $2 = '2', $3 = '97'",,,,,,,,"","client backend"
2024-06-16 19:00:11.036 CST,"raingage","benchmark",54599,"127.0.0.1:48958",666ec5b9.d547,9,"SELECT",2024-06-16 19:00:09 CST,8/2,0,LOG,00000,"execute S_1: SELECT c_discount, c_last, c_credit, w_tax     FROM bmsql_customer     JOIN bmsql_warehouse ON (w_id = c_w_id)     WHERE c_w_id = $1 AND c_d_id = $2 AND c_id = $3","parameters: $1 = '1', $2 = '1', $3 = '20'",,,,,,,,"","client backend"
2024-06-16 19:00:11.055 CST,"raingage","benchmark",54595,"127.0.0.1:48950",666ec5b9.d543,9,"SELECT",2024-06-16 19:00:09 CST,4/2,0,LOG,00000,"execute S_1: SELECT c_discount, c_last, c_credit, w_tax     FROM bmsql_customer     JOIN bmsql_warehouse ON (w_id = c_w_id)     WHERE c_w_id = $1 AND c_d_id = $2 AND c_id = $3","parameters: $1 = '1', $2 = '1', $3 = '57'",,,,,,,,"","client backend"
2024-06-16 19:00:11.084 CST,"raingage","benchmark",54597,"127.0.0.1:48954",666ec5b9.d545,22,"SELECT",2024-06-16 19:00:09 CST,6/3,0,LOG,00000,"execute S_1: SELECT c_discount, c_last, c_credit, w_tax     FROM bmsql_customer     JOIN bmsql_warehouse ON (w_id = c_w_id)     WHERE c_w_id = $1 AND c_d_id = $2 AND c_id = $3","parameters: $1 = '1', $2 = '2', $3 = '86'",,,,,,,,"","client backend"
2024-06-16 19:00:11.087 CST,"raingage","benchmark",54596,"127.0.0.1:48952",666ec5b9.d544,22,"SELECT",2024-06-16 19:00:09 CST,5/3,0,LOG,00000,"execute S_1: SELECT c_discount, c_last, c_credit, w_tax     FROM bmsql_customer     JOIN bmsql_warehouse ON (w_id = c_w_id)     WHERE c_w_id = $1 AND c_d_id = $2 AND c_id = $3","parameters: $1 = '1', $2 = '2', $3 = '97'",,,,,,,,"","client backend"
2024-06-16 19:00:11.103 CST,"raingage","benchmark",54599,"127.0.0.1:48958",666ec5b9.d547,10,"SELECT",2024-06-16 19:00:09 CST,8/2,0,LOG,00000,"execute S_1: SELECT c_discount, c_last, c_credit, w_tax     FROM bmsql_customer     JOIN bmsql_warehouse ON (w_id = c_w_id)     WHERE c_w_id = $1 AND c_d_id = $2 AND c_id = $3","parameters: $1 = '1', $2 = '1', $3 = '20'",,,,,,,,"","client backend"
2024-06-16 19:00:11.118 CST,"raingage","benchmark",54599,"127.0.0.1:48958",666ec5b9.d547,11,"SELECT",2024-06-16 19:00:09 CST,8/2,0,LOG,00000,"execute <unnamed>: SELECT i_price, i_name, i_data     FROM bmsql_item     WHERE i_id = $1","parameters: $1 = '100'",,,,,,,,"","client backend"
2024-06-16 19:00:11.120 CST,"raingage","benchmark",54595,"127.0.0.1:48950",666ec5b9.d543,10,"SELECT",2024-06-16 19:00:09 CST,4/2,0,LOG,00000,"execute S_1: SELECT c_discount, c_last, c_credit, w_tax     FROM bmsql_customer     JOIN bmsql_warehouse ON (w_id = c_w_id)     WHERE c_w_id = $1 AND c_d_id = $2 AND c_id = $3","parameters: $1 = '1', $2 = '1', $3 = '57'",,,,,,,,"","client backend"
2024-06-16 19:00:11.133 CST,"raingage","benchmark",54599,"127.0.0.1:48958",666ec5b9.d547,12,"SELECT",2024-06-16 19:00:09 CST,8/2,0,LOG,00000,"execute <unnamed>: SELECT s_quantity, s_data,        s_dist_01, s_dist_02, s_dist_03, s_dist_04,        s_dist_05, s_dist_06, s_dist_07, s_dist_08,        s_dist_09, s_dist_10     FROM bmsql_stock     WHERE s_w_id = $1 AND s_i_id = $2 ","parameters: $1 = '1', $2 = '100'",,,,,,,,"","client backend"
2024-06-16 19:00:11.136 CST,"raingage","benchmark",54595,"127.0.0.1:48950",666ec5b9.d543,11,"SELECT",2024-06-16 19:00:09 CST,4/2,0,LOG,00000,"execute <unnamed>: SELECT i_price, i_name, i_data     FROM bmsql_item     WHERE i_id = $1","parameters: $1 = '61'",,,,,,,,"","client backend"
2024-06-16 19:00:11.151 CST,"raingage","benchmark",54597,"127.0.0.1:48954",666ec5b9.d545,23,"SELECT",2024-06-16 19:00:09 CST,6/3,0,LOG,00000,"execute S_1: SELECT c_discount, c_last, c_credit, w_tax     FROM bmsql_customer     JOIN bmsql_warehouse ON (w_id = c_w_id)     WHERE c_w_id = $1 AND c_d_id = $2 AND c_id = $3","parameters: $1 = '1', $2 = '2', $3 = '86'",,,,,,,,"","client backend"
2024-06-16 19:00:11.153 CST,"raingage","benchmark",54599,"127.0.0.1:48958",666ec5b9.d547,13,"UPDATE",2024-06-16 19:00:09 CST,8/2,0,LOG,00000,"execute <unnamed>: UPDATE bmsql_stock     SET s_quantity = $1, s_ytd = s_ytd + $2,         s_order_cnt = s_order_cnt + 1,         s_remote_cnt = s_remote_cnt + $3     WHERE s_w_id = $4 AND s_i_id = $5","parameters: $1 = '86', $2 = '3', $3 = '0', $4 = '1', $5 = '100'",,,,,,,,"","client backend"
2024-06-16 19:00:11.153 CST,"raingage","benchmark",54595,"127.0.0.1:48950",666ec5b9.d543,12,"SELECT",2024-06-16 19:00:09 CST,4/2,0,LOG,00000,"execute <unnamed>: SELECT s_quantity, s_data,        s_dist_01, s_dist_02, s_dist_03, s_dist_04,        s_dist_05, s_dist_06, s_dist_07, s_dist_08,        s_dist_09, s_dist_10     FROM bmsql_stock     WHERE s_w_id = $1 AND s_i_id = $2 ","parameters: $1 = '1', $2 = '61'",,,,,,,,"","client backend"
2024-06-16 19:00:11.155 CST,"raingage","benchmark",54596,"127.0.0.1:48952",666ec5b9.d544,23,"SELECT",2024-06-16 19:00:09 CST,5/3,0,LOG,00000,"execute S_1: SELECT c_discount, c_last, c_credit, w_tax     FROM bmsql_customer     JOIN bmsql_warehouse ON (w_id = c_w_id)     WHERE c_w_id = $1 AND c_d_id = $2 AND c_id = $3","parameters: $1 = '1', $2 = '2', $3 = '97'",,,,,,,,"","client backend"
2024-06-16 19:00:11.169 CST,"raingage","benchmark",54599,"127.0.0.1:48958",666ec5b9.d547,14,"COMMIT",2024-06-16 19:00:09 CST,8/2,115212,LOG,00000,"execute S_2: COMMIT",,,,,,,,,"","client backend"
2024-06-16 19:00:11.171 CST,"raingage","benchmark",54599,"127.0.0.1:48958",666ec5b9.d547,15,"COMMIT",2024-06-16 19:00:09 CST,8/0,115212,WARNING,01000,"registered snapshots seem to remain after cleanup",,,,,,,,,"","client backend"
2024-06-16 19:00:11.172 CST,"raingage","benchmark",54595,"127.0.0.1:48950",666ec5b9.d543,13,"UPDATE",2024-06-16 19:00:09 CST,4/2,0,LOG,00000,"execute <unnamed>: UPDATE bmsql_stock     SET s_quantity = $1, s_ytd = s_ytd + $2,         s_order_cnt = s_order_cnt + 1,         s_remote_cnt = s_remote_cnt + $3     WHERE s_w_id = $4 AND s_i_id = $5","parameters: $1 = '73', $2 = '3', $3 = '0', $4 = '1', $5 = '61'",,,,,,,,"","client backend"
2024-06-16 19:00:11.185 CST,"raingage","benchmark",54595,"127.0.0.1:48950",666ec5b9.d543,14,"COMMIT",2024-06-16 19:00:09 CST,4/2,115213,LOG,00000,"execute S_2: COMMIT",,,,,,,,,"","client backend"
2024-06-16 19:00:11.186 CST,"raingage","benchmark",54595,"127.0.0.1:48950",666ec5b9.d543,15,"COMMIT",2024-06-16 19:00:09 CST,4/0,115213,WARNING,01000,"registered snapshots seem to remain after cleanup",,,,,,,,,"","client backend"
2024-06-16 19:00:11.190 CST,"raingage","benchmark",54599,"127.0.0.1:48958",666ec5b9.d547,16,"BEGIN",2024-06-16 19:00:09 CST,8/3,0,LOG,00000,"execute <unnamed>: BEGIN",,,,,,,,,"","client backend"
2024-06-16 19:00:11.201 CST,"raingage","benchmark",54599,"127.0.0.1:48958",666ec5b9.d547,17,"SELECT",2024-06-16 19:00:09 CST,8/3,0,LOG,00000,"execute <unnamed>: SELECT d_tax, d_next_o_id     FROM bmsql_district     WHERE d_w_id = $1 AND d_id = $2 ","parameters: $1 = '1', $2 = '2'",,,,,,,,"","client backend"
2024-06-16 19:00:11.206 CST,"raingage","benchmark",54595,"127.0.0.1:48950",666ec5b9.d543,16,"BEGIN",2024-06-16 19:00:09 CST,4/3,0,LOG,00000,"execute <unnamed>: BEGIN",,,,,,,,,"","client backend"
2024-06-16 19:00:11.220 CST,"raingage","benchmark",54597,"127.0.0.1:48954",666ec5b9.d545,24,"SELECT",2024-06-16 19:00:09 CST,6/3,0,LOG,00000,"execute S_1: SELECT c_discount, c_last, c_credit, w_tax     FROM bmsql_customer     JOIN bmsql_warehouse ON (w_id = c_w_id)     WHERE c_w_id = $1 AND c_d_id = $2 AND c_id = $3","parameters: $1 = '1', $2 = '2', $3 = '86'",,,,,,,,"","client backend"
2024-06-16 19:00:11.221 CST,"raingage","benchmark",54595,"127.0.0.1:48950",666ec5b9.d543,17,"SELECT",2024-06-16 19:00:09 CST,4/3,0,LOG,00000,"execute <unnamed>: SELECT d_tax, d_next_o_id     FROM bmsql_district     WHERE d_w_id = $1 AND d_id = $2 ","parameters: $1 = '1', $2 = '2'",,,,,,,,"","client backend"
2024-06-16 19:00:11.224 CST,"raingage","benchmark",54596,"127.0.0.1:48952",666ec5b9.d544,24,"SELECT",2024-06-16 19:00:09 CST,5/3,0,LOG,00000,"execute S_1: SELECT c_discount, c_last, c_credit, w_tax     FROM bmsql_customer     JOIN bmsql_warehouse ON (w_id = c_w_id)     WHERE c_w_id = $1 AND c_d_id = $2 AND c_id = $3","parameters: $1 = '1', $2 = '2', $3 = '97'",,,,,,,,"","client backend"
2024-06-16 19:00:11.240 CST,"raingage","benchmark",54596,"127.0.0.1:48952",666ec5b9.d544,25,"SELECT",2024-06-16 19:00:09 CST,5/3,0,LOG,00000,"execute <unnamed>: SELECT i_price, i_name, i_data     FROM bmsql_item     WHERE i_id = $1","parameters: $1 = '77'",,,,,,,,"","client backend"
2024-06-16 19:00:11.240 CST,"raingage","benchmark",54597,"127.0.0.1:48954",666ec5b9.d545,25,"SELECT",2024-06-16 19:00:09 CST,6/3,0,LOG,00000,"execute <unnamed>: SELECT i_price, i_name, i_data     FROM bmsql_item     WHERE i_id = $1","parameters: $1 = '74'",,,,,,,,"","client backend"
2024-06-16 19:00:11.256 CST,"raingage","benchmark",54596,"127.0.0.1:48952",666ec5b9.d544,26,"SELECT",2024-06-16 19:00:09 CST,5/3,0,LOG,00000,"execute <unnamed>: SELECT s_quantity, s_data,        s_dist_01, s_dist_02, s_dist_03, s_dist_04,        s_dist_05, s_dist_06, s_dist_07, s_dist_08,        s_dist_09, s_dist_10     FROM bmsql_stock     WHERE s_w_id = $1 AND s_i_id = $2 ","parameters: $1 = '1', $2 = '77'",,,,,,,,"","client backend"
2024-06-16 19:00:11.260 CST,"raingage","benchmark",54597,"127.0.0.1:48954",666ec5b9.d545,26,"SELECT",2024-06-16 19:00:09 CST,6/3,0,LOG,00000,"execute <unnamed>: SELECT s_quantity, s_data,        s_dist_01, s_dist_02, s_dist_03, s_dist_04,        s_dist_05, s_dist_06, s_dist_07, s_dist_08,        s_dist_09, s_dist_10     FROM bmsql_stock     WHERE s_w_id = $1 AND s_i_id = $2 ","parameters: $1 = '1', $2 = '74'",,,,,,,,"","client backend"
2024-06-16 19:00:11.272 CST,"raingage","benchmark",54596,"127.0.0.1:48952",666ec5b9.d544,27,"UPDATE",2024-06-16 19:00:09 CST,5/3,0,LOG,00000,"execute <unnamed>: UPDATE bmsql_stock     SET s_quantity = $1, s_ytd = s_ytd + $2,         s_order_cnt = s_order_cnt + 1,         s_remote_cnt = s_remote_cnt + $3     WHERE s_w_id = $4 AND s_i_id = $5","parameters: $1 = '65', $2 = '3', $3 = '0', $4 = '1', $5 = '77'",,,,,,,,"","client backend"
2024-06-16 19:00:11.276 CST,"raingage","benchmark",54597,"127.0.0.1:48954",666ec5b9.d545,27,"UPDATE",2024-06-16 19:00:09 CST,6/3,0,LOG,00000,"execute <unnamed>: UPDATE bmsql_stock     SET s_quantity = $1, s_ytd = s_ytd + $2,         s_order_cnt = s_order_cnt + 1,         s_remote_cnt = s_remote_cnt + $3     WHERE s_w_id = $4 AND s_i_id = $5","parameters: $1 = '94', $2 = '5', $3 = '0', $4 = '1', $5 = '74'",,,,,,,,"","client backend"
2024-06-16 19:00:11.287 CST,"raingage","benchmark",54595,"127.0.0.1:48950",666ec5b9.d543,18,"SELECT",2024-06-16 19:00:09 CST,4/3,0,LOG,00000,"execute S_1: SELECT c_discount, c_last, c_credit, w_tax     FROM bmsql_customer     JOIN bmsql_warehouse ON (w_id = c_w_id)     WHERE c_w_id = $1 AND c_d_id = $2 AND c_id = $3","parameters: $1 = '1', $2 = '2', $3 = '90'",,,,,,,,"","client backend"
2024-06-16 19:00:11.293 CST,"raingage","benchmark",54596,"127.0.0.1:48952",666ec5b9.d544,28,"COMMIT",2024-06-16 19:00:09 CST,5/3,115214,LOG,00000,"execute S_2: COMMIT",,,,,,,,,"","client backend"
2024-06-16 19:00:11.295 CST,"raingage","benchmark",54597,"127.0.0.1:48954",666ec5b9.d545,28,"COMMIT",2024-06-16 19:00:09 CST,6/3,115215,LOG,00000,"execute S_2: COMMIT",,,,,,,,,"","client backend"
2024-06-16 19:00:11.296 CST,"raingage","benchmark",54599,"127.0.0.1:48958",666ec5b9.d547,18,"SELECT",2024-06-16 19:00:09 CST,8/3,0,LOG,00000,"execute S_1: SELECT c_discount, c_last, c_credit, w_tax     FROM bmsql_customer     JOIN bmsql_warehouse ON (w_id = c_w_id)     WHERE c_w_id = $1 AND c_d_id = $2 AND c_id = $3","parameters: $1 = '1', $2 = '2', $3 = '86'",,,,,,,,"","client backend"
2024-06-16 19:00:11.309 CST,"raingage","benchmark",54596,"127.0.0.1:48952",666ec5b9.d544,29,"BEGIN",2024-06-16 19:00:09 CST,5/4,0,LOG,00000,"execute <unnamed>: BEGIN",,,,,,,,,"","client backend"
2024-06-16 19:00:11.318 CST,"raingage","benchmark",54597,"127.0.0.1:48954",666ec5b9.d545,29,"BEGIN",2024-06-16 19:00:09 CST,6/4,0,LOG,00000,"execute <unnamed>: BEGIN",,,,,,,,,"","client backend"
2024-06-16 19:00:11.324 CST,"raingage","benchmark",54596,"127.0.0.1:48952",666ec5b9.d544,30,"SELECT",2024-06-16 19:00:09 CST,5/4,0,LOG,00000,"execute <unnamed>: SELECT d_tax, d_next_o_id     FROM bmsql_district     WHERE d_w_id = $1 AND d_id = $2 ","parameters: $1 = '1', $2 = '2'",,,,,,,,"","client backend"
2024-06-16 19:00:11.332 CST,"raingage","benchmark",54597,"127.0.0.1:48954",666ec5b9.d545,30,"SELECT",2024-06-16 19:00:09 CST,6/4,0,LOG,00000,"execute <unnamed>: SELECT d_tax, d_next_o_id     FROM bmsql_district     WHERE d_w_id = $1 AND d_id = $2 ","parameters: $1 = '1', $2 = '2'",,,,,,,,"","client backend"
2024-06-16 19:00:11.354 CST,"raingage","benchmark",54595,"127.0.0.1:48950",666ec5b9.d543,19,"SELECT",2024-06-16 19:00:09 CST,4/3,0,LOG,00000,"execute S_1: SELECT c_discount, c_last, c_credit, w_tax     FROM bmsql_customer     JOIN bmsql_warehouse ON (w_id = c_w_id)     WHERE c_w_id = $1 AND c_d_id = $2 AND c_id = $3","parameters: $1 = '1', $2 = '2', $3 = '90'",,,,,,,,"","client backend"
2024-06-16 19:00:11.362 CST,"raingage","benchmark",54599,"127.0.0.1:48958",666ec5b9.d547,19,"SELECT",2024-06-16 19:00:09 CST,8/3,0,LOG,00000,"execute S_1: SELECT c_discount, c_last, c_credit, w_tax     FROM bmsql_customer     JOIN bmsql_warehouse ON (w_id = c_w_id)     WHERE c_w_id = $1 AND c_d_id = $2 AND c_id = $3","parameters: $1 = '1', $2 = '2', $3 = '86'",,,,,,,,"","client backend"
2024-06-16 19:00:11.404 CST,"raingage","benchmark",54597,"127.0.0.1:48954",666ec5b9.d545,31,"SELECT",2024-06-16 19:00:09 CST,6/4,0,LOG,00000,"execute S_1: SELECT c_discount, c_last, c_credit, w_tax     FROM bmsql_customer     JOIN bmsql_warehouse ON (w_id = c_w_id)     WHERE c_w_id = $1 AND c_d_id = $2 AND c_id = $3","parameters: $1 = '1', $2 = '2', $3 = '77'",,,,,,,,"","client backend"
2024-06-16 19:00:11.419 CST,"raingage","benchmark",54595,"127.0.0.1:48950",666ec5b9.d543,20,"SELECT",2024-06-16 19:00:09 CST,4/3,0,LOG,00000,"execute S_1: SELECT c_discount, c_last, c_credit, w_tax     FROM bmsql_customer     JOIN bmsql_warehouse ON (w_id = c_w_id)     WHERE c_w_id = $1 AND c_d_id = $2 AND c_id = $3","parameters: $1 = '1', $2 = '2', $3 = '90'",,,,,,,,"","client backend"
2024-06-16 19:00:11.425 CST,"raingage","benchmark",54599,"127.0.0.1:48958",666ec5b9.d547,20,"SELECT",2024-06-16 19:00:09 CST,8/3,0,LOG,00000,"execute S_1: SELECT c_discount, c_last, c_credit, w_tax     FROM bmsql_customer     JOIN bmsql_warehouse ON (w_id = c_w_id)     WHERE c_w_id = $1 AND c_d_id = $2 AND c_id = $3","parameters: $1 = '1', $2 = '2', $3 = '86'",,,,,,,,"","client backend"
2024-06-16 19:00:11.474 CST,"raingage","benchmark",54597,"127.0.0.1:48954",666ec5b9.d545,32,"SELECT",2024-06-16 19:00:09 CST,6/4,0,LOG,00000,"execute S_1: SELECT c_discount, c_last, c_credit, w_tax     FROM bmsql_customer     JOIN bmsql_warehouse ON (w_id = c_w_id)     WHERE c_w_id = $1 AND c_d_id = $2 AND c_id = $3","parameters: $1 = '1', $2 = '2', $3 = '77'",,,,,,,,"","client backend"
2024-06-16 19:00:11.490 CST,"raingage","benchmark",54595,"127.0.0.1:48950",666ec5b9.d543,21,"SELECT",2024-06-16 19:00:09 CST,4/3,0,LOG,00000,"execute S_1: SELECT c_discount, c_last, c_credit, w_tax     FROM bmsql_customer     JOIN bmsql_warehouse ON (w_id = c_w_id)     WHERE c_w_id = $1 AND c_d_id = $2 AND c_id = $3","parameters: $1 = '1', $2 = '2', $3 = '90'",,,,,,,,"","client backend"
2024-06-16 19:00:11.493 CST,"raingage","benchmark",54599,"127.0.0.1:48958",666ec5b9.d547,21,"SELECT",2024-06-16 19:00:09 CST,8/3,0,LOG,00000,"execute S_1: SELECT c_discount, c_last, c_credit, w_tax     FROM bmsql_customer     JOIN bmsql_warehouse ON (w_id = c_w_id)     WHERE c_w_id = $1 AND c_d_id = $2 AND c_id = $3","parameters: $1 = '1', $2 = '2', $3 = '86'",,,,,,,,"","client backend"
2024-06-16 19:00:11.538 CST,"raingage","benchmark",54597,"127.0.0.1:48954",666ec5b9.d545,33,"SELECT",2024-06-16 19:00:09 CST,6/4,0,LOG,00000,"execute S_1: SELECT c_discount, c_last, c_credit, w_tax     FROM bmsql_customer     JOIN bmsql_warehouse ON (w_id = c_w_id)     WHERE c_w_id = $1 AND c_d_id = $2 AND c_id = $3","parameters: $1 = '1', $2 = '2', $3 = '77'",,,,,,,,"","client backend"
2024-06-16 19:00:11.558 CST,"raingage","benchmark",54595,"127.0.0.1:48950",666ec5b9.d543,22,"SELECT",2024-06-16 19:00:09 CST,4/3,0,LOG,00000,"execute S_1: SELECT c_discount, c_last, c_credit, w_tax     FROM bmsql_customer     JOIN bmsql_warehouse ON (w_id = c_w_id)     WHERE c_w_id = $1 AND c_d_id = $2 AND c_id = $3","parameters: $1 = '1', $2 = '2', $3 = '90'",,,,,,,,"","client backend"
2024-06-16 19:00:11.564 CST,"raingage","benchmark",54599,"127.0.0.1:48958",666ec5b9.d547,22,"SELECT",2024-06-16 19:00:09 CST,8/3,0,LOG,00000,"execute S_1: SELECT c_discount, c_last, c_credit, w_tax     FROM bmsql_customer     JOIN bmsql_warehouse ON (w_id = c_w_id)     WHERE c_w_id = $1 AND c_d_id = $2 AND c_id = $3","parameters: $1 = '1', $2 = '2', $3 = '86'",,,,,,,,"","client backend"
2024-06-16 19:00:11.608 CST,"raingage","benchmark",54597,"127.0.0.1:48954",666ec5b9.d545,34,"SELECT",2024-06-16 19:00:09 CST,6/4,0,LOG,00000,"execute S_1: SELECT c_discount, c_last, c_credit, w_tax     FROM bmsql_customer     JOIN bmsql_warehouse ON (w_id = c_w_id)     WHERE c_w_id = $1 AND c_d_id = $2 AND c_id = $3","parameters: $1 = '1', $2 = '2', $3 = '77'",,,,,,,,"","client backend"
2024-06-16 19:00:11.626 CST,"raingage","benchmark",54595,"127.0.0.1:48950",666ec5b9.d543,23,"SELECT",2024-06-16 19:00:09 CST,4/3,0,LOG,00000,"execute S_1: SELECT c_discount, c_last, c_credit, w_tax     FROM bmsql_customer     JOIN bmsql_warehouse ON (w_id = c_w_id)     WHERE c_w_id = $1 AND c_d_id = $2 AND c_id = $3","parameters: $1 = '1', $2 = '2', $3 = '90'",,,,,,,,"","client backend"
2024-06-16 19:00:11.634 CST,"raingage","benchmark",54599,"127.0.0.1:48958",666ec5b9.d547,23,"SELECT",2024-06-16 19:00:09 CST,8/3,0,LOG,00000,"execute S_1: SELECT c_discount, c_last, c_credit, w_tax     FROM bmsql_customer     JOIN bmsql_warehouse ON (w_id = c_w_id)     WHERE c_w_id = $1 AND c_d_id = $2 AND c_id = $3","parameters: $1 = '1', $2 = '2', $3 = '86'",,,,,,,,"","client backend"
2024-06-16 19:00:11.672 CST,"raingage","benchmark",54597,"127.0.0.1:48954",666ec5b9.d545,35,"SELECT",2024-06-16 19:00:09 CST,6/4,0,LOG,00000,"execute S_1: SELECT c_discount, c_last, c_credit, w_tax     FROM bmsql_customer     JOIN bmsql_warehouse ON (w_id = c_w_id)     WHERE c_w_id = $1 AND c_d_id = $2 AND c_id = $3","parameters: $1 = '1', $2 = '2', $3 = '77'",,,,,,,,"","client backend"
2024-06-16 19:00:11.690 CST,"raingage","benchmark",54595,"127.0.0.1:48950",666ec5b9.d543,24,"SELECT",2024-06-16 19:00:09 CST,4/3,0,LOG,00000,"execute S_1: SELECT c_discount, c_last, c_credit, w_tax     FROM bmsql_customer     JOIN bmsql_warehouse ON (w_id = c_w_id)     WHERE c_w_id = $1 AND c_d_id = $2 AND c_id = $3","parameters: $1 = '1', $2 = '2', $3 = '90'",,,,,,,,"","client backend"
2024-06-16 19:00:11.698 CST,"raingage","benchmark",54599,"127.0.0.1:48958",666ec5b9.d547,24,"SELECT",2024-06-16 19:00:09 CST,8/3,0,LOG,00000,"execute S_1: SELECT c_discount, c_last, c_credit, w_tax     FROM bmsql_customer     JOIN bmsql_warehouse ON (w_id = c_w_id)     WHERE c_w_id = $1 AND c_d_id = $2 AND c_id = $3","parameters: $1 = '1', $2 = '2', $3 = '86'",,,,,,,,"","client backend"
2024-06-16 19:00:11.742 CST,"raingage","benchmark",54597,"127.0.0.1:48954",666ec5b9.d545,36,"SELECT",2024-06-16 19:00:09 CST,6/4,0,LOG,00000,"execute S_1: SELECT c_discount, c_last, c_credit, w_tax     FROM bmsql_customer     JOIN bmsql_warehouse ON (w_id = c_w_id)     WHERE c_w_id = $1 AND c_d_id = $2 AND c_id = $3","parameters: $1 = '1', $2 = '2', $3 = '77'",,,,,,,,"","client backend"
2024-06-16 19:00:11.754 CST,"raingage","benchmark",54595,"127.0.0.1:48950",666ec5b9.d543,25,"SELECT",2024-06-16 19:00:09 CST,4/3,0,LOG,00000,"execute S_1: SELECT c_discount, c_last, c_credit, w_tax     FROM bmsql_customer     JOIN bmsql_warehouse ON (w_id = c_w_id)     WHERE c_w_id = $1 AND c_d_id = $2 AND c_id = $3","parameters: $1 = '1', $2 = '2', $3 = '90'",,,,,,,,"","client backend"
2024-06-16 19:00:11.762 CST,"raingage","benchmark",54599,"127.0.0.1:48958",666ec5b9.d547,25,"SELECT",2024-06-16 19:00:09 CST,8/3,0,LOG,00000,"execute S_1: SELECT c_discount, c_last, c_credit, w_tax     FROM bmsql_customer     JOIN bmsql_warehouse ON (w_id = c_w_id)     WHERE c_w_id = $1 AND c_d_id = $2 AND c_id = $3","parameters: $1 = '1', $2 = '2', $3 = '86'",,,,,,,,"","client backend"
2024-06-16 19:00:11.776 CST,"raingage","benchmark",54595,"127.0.0.1:48950",666ec5b9.d543,26,"SELECT",2024-06-16 19:00:09 CST,4/3,0,LOG,00000,"execute <unnamed>: SELECT i_price, i_name, i_data     FROM bmsql_item     WHERE i_id = $1","parameters: $1 = '56'",,,,,,,,"","client backend"
2024-06-16 19:00:11.780 CST,"raingage","benchmark",54599,"127.0.0.1:48958",666ec5b9.d547,26,"SELECT",2024-06-16 19:00:09 CST,8/3,0,LOG,00000,"execute <unnamed>: SELECT i_price, i_name, i_data     FROM bmsql_item     WHERE i_id = $1","parameters: $1 = '74'",,,,,,,,"","client backend"
2024-06-16 19:00:11.795 CST,"raingage","benchmark",54595,"127.0.0.1:48950",666ec5b9.d543,27,"SELECT",2024-06-16 19:00:09 CST,4/3,0,LOG,00000,"execute <unnamed>: SELECT s_quantity, s_data,        s_dist_01, s_dist_02, s_dist_03, s_dist_04,        s_dist_05, s_dist_06, s_dist_07, s_dist_08,        s_dist_09, s_dist_10     FROM bmsql_stock     WHERE s_w_id = $1 AND s_i_id = $2 ","parameters: $1 = '1', $2 = '56'",,,,,,,,"","client backend"
2024-06-16 19:00:11.797 CST,"raingage","benchmark",54599,"127.0.0.1:48958",666ec5b9.d547,27,"SELECT",2024-06-16 19:00:09 CST,8/3,0,LOG,00000,"execute <unnamed>: SELECT s_quantity, s_data,        s_dist_01, s_dist_02, s_dist_03, s_dist_04,        s_dist_05, s_dist_06, s_dist_07, s_dist_08,        s_dist_09, s_dist_10     FROM bmsql_stock     WHERE s_w_id = $1 AND s_i_id = $2 ","parameters: $1 = '1', $2 = '74'",,,,,,,,"","client backend"
2024-06-16 19:00:11.808 CST,"raingage","benchmark",54597,"127.0.0.1:48954",666ec5b9.d545,37,"SELECT",2024-06-16 19:00:09 CST,6/4,0,LOG,00000,"execute S_1: SELECT c_discount, c_last, c_credit, w_tax     FROM bmsql_customer     JOIN bmsql_warehouse ON (w_id = c_w_id)     WHERE c_w_id = $1 AND c_d_id = $2 AND c_id = $3","parameters: $1 = '1', $2 = '2', $3 = '77'",,,,,,,,"","client backend"
2024-06-16 19:00:11.809 CST,"raingage","benchmark",54599,"127.0.0.1:48958",666ec5b9.d547,28,"UPDATE",2024-06-16 19:00:09 CST,8/3,0,LOG,00000,"execute <unnamed>: UPDATE bmsql_stock     SET s_quantity = $1, s_ytd = s_ytd + $2,         s_order_cnt = s_order_cnt + 1,         s_remote_cnt = s_remote_cnt + $3     WHERE s_w_id = $4 AND s_i_id = $5","parameters: $1 = '94', $2 = '5', $3 = '0', $4 = '1', $5 = '74'",,,,,,,,"","client backend"
2024-06-16 19:00:11.812 CST,"raingage","benchmark",54595,"127.0.0.1:48950",666ec5b9.d543,28,"UPDATE",2024-06-16 19:00:09 CST,4/3,0,LOG,00000,"execute <unnamed>: UPDATE bmsql_stock     SET s_quantity = $1, s_ytd = s_ytd + $2,         s_order_cnt = s_order_cnt + 1,         s_remote_cnt = s_remote_cnt + $3     WHERE s_w_id = $4 AND s_i_id = $5","parameters: $1 = '65', $2 = '3', $3 = '0', $4 = '1', $5 = '56'",,,,,,,,"","client backend"
2024-06-16 19:00:11.821 CST,"raingage","benchmark",54599,"127.0.0.1:48958",666ec5b9.d547,29,"COMMIT",2024-06-16 19:00:09 CST,8/3,115216,LOG,00000,"execute S_2: COMMIT",,,,,,,,,"","client backend"
2024-06-16 19:00:11.823 CST,"raingage","benchmark",54599,"127.0.0.1:48958",666ec5b9.d547,30,"COMMIT",2024-06-16 19:00:09 CST,8/0,115216,WARNING,01000,"registered snapshots seem to remain after cleanup",,,,,,,,,"","client backend"
2024-06-16 19:00:11.825 CST,"raingage","benchmark",54595,"127.0.0.1:48950",666ec5b9.d543,29,"COMMIT",2024-06-16 19:00:09 CST,4/3,115217,LOG,00000,"execute S_2: COMMIT",,,,,,,,,"","client backend"
2024-06-16 19:00:11.825 CST,"raingage","benchmark",54596,"127.0.0.1:48952",666ec5b9.d544,31,"SELECT",2024-06-16 19:00:09 CST,5/4,0,LOG,00000,"execute S_1: SELECT c_discount, c_last, c_credit, w_tax     FROM bmsql_customer     JOIN bmsql_warehouse ON (w_id = c_w_id)     WHERE c_w_id = $1 AND c_d_id = $2 AND c_id = $3","parameters: $1 = '1', $2 = '2', $3 = '90'",,,,,,,,"","client backend"
2024-06-16 19:00:11.835 CST,"raingage","benchmark",54599,"127.0.0.1:48958",666ec5b9.d547,31,"BEGIN",2024-06-16 19:00:09 CST,8/4,0,LOG,00000,"execute <unnamed>: BEGIN",,,,,,,,,"","client backend"
2024-06-16 19:00:11.845 CST,"raingage","benchmark",54595,"127.0.0.1:48950",666ec5b9.d543,30,"BEGIN",2024-06-16 19:00:09 CST,4/4,0,LOG,00000,"execute <unnamed>: BEGIN",,,,,,,,,"","client backend"
2024-06-16 19:00:11.847 CST,"raingage","benchmark",54599,"127.0.0.1:48958",666ec5b9.d547,32,"SELECT",2024-06-16 19:00:09 CST,8/4,0,LOG,00000,"execute <unnamed>: SELECT d_tax, d_next_o_id     FROM bmsql_district     WHERE d_w_id = $1 AND d_id = $2 ","parameters: $1 = '1', $2 = '2'",,,,,,,,"","client backend"
2024-06-16 19:00:11.865 CST,"raingage","benchmark",54595,"127.0.0.1:48950",666ec5b9.d543,31,"SELECT",2024-06-16 19:00:09 CST,4/4,0,LOG,00000,"execute <unnamed>: SELECT d_tax, d_next_o_id     FROM bmsql_district     WHERE d_w_id = $1 AND d_id = $2 ","parameters: $1 = '1', $2 = '2'",,,,,,,,"","client backend"
2024-06-16 19:00:11.876 CST,"raingage","benchmark",54597,"127.0.0.1:48954",666ec5b9.d545,38,"SELECT",2024-06-16 19:00:09 CST,6/4,0,LOG,00000,"execute S_1: SELECT c_discount, c_last, c_credit, w_tax     FROM bmsql_customer     JOIN bmsql_warehouse ON (w_id = c_w_id)     WHERE c_w_id = $1 AND c_d_id = $2 AND c_id = $3","parameters: $1 = '1', $2 = '2', $3 = '77'",,,,,,,,"","client backend"
2024-06-16 19:00:11.891 CST,"raingage","benchmark",54597,"127.0.0.1:48954",666ec5b9.d545,39,"SELECT",2024-06-16 19:00:09 CST,6/4,0,LOG,00000,"execute <unnamed>: SELECT i_price, i_name, i_data     FROM bmsql_item     WHERE i_id = $1","parameters: $1 = '38'",,,,,,,,"","client backend"
2024-06-16 19:00:11.892 CST,"raingage","benchmark",54596,"127.0.0.1:48952",666ec5b9.d544,32,"SELECT",2024-06-16 19:00:09 CST,5/4,0,LOG,00000,"execute S_1: SELECT c_discount, c_last, c_credit, w_tax     FROM bmsql_customer     JOIN bmsql_warehouse ON (w_id = c_w_id)     WHERE c_w_id = $1 AND c_d_id = $2 AND c_id = $3","parameters: $1 = '1', $2 = '2', $3 = '90'",,,,,,,,"","client backend"
2024-06-16 19:00:11.905 CST,"raingage","benchmark",54597,"127.0.0.1:48954",666ec5b9.d545,40,"SELECT",2024-06-16 19:00:09 CST,6/4,0,LOG,00000,"execute <unnamed>: SELECT s_quantity, s_data,        s_dist_01, s_dist_02, s_dist_03, s_dist_04,        s_dist_05, s_dist_06, s_dist_07, s_dist_08,        s_dist_09, s_dist_10     FROM bmsql_stock     WHERE s_w_id = $1 AND s_i_id = $2 ","parameters: $1 = '1', $2 = '38'",,,,,,,,"","client backend"
2024-06-16 19:00:11.922 CST,"raingage","benchmark",54597,"127.0.0.1:48954",666ec5b9.d545,41,"UPDATE",2024-06-16 19:00:09 CST,6/4,0,LOG,00000,"execute <unnamed>: UPDATE bmsql_stock     SET s_quantity = $1, s_ytd = s_ytd + $2,         s_order_cnt = s_order_cnt + 1,         s_remote_cnt = s_remote_cnt + $3     WHERE s_w_id = $4 AND s_i_id = $5","parameters: $1 = '15', $2 = '8', $3 = '0', $4 = '1', $5 = '38'",,,,,,,,"","client backend"
2024-06-16 19:00:11.927 CST,"raingage","benchmark",54595,"127.0.0.1:48950",666ec5b9.d543,32,"SELECT",2024-06-16 19:00:09 CST,4/4,0,LOG,00000,"execute S_1: SELECT c_discount, c_last, c_credit, w_tax     FROM bmsql_customer     JOIN bmsql_warehouse ON (w_id = c_w_id)     WHERE c_w_id = $1 AND c_d_id = $2 AND c_id = $3","parameters: $1 = '1', $2 = '2', $3 = '72'",,,,,,,,"","client backend"
2024-06-16 19:00:11.942 CST,"raingage","benchmark",54597,"127.0.0.1:48954",666ec5b9.d545,42,"COMMIT",2024-06-16 19:00:09 CST,6/4,115218,LOG,00000,"execute S_2: COMMIT",,,,,,,,,"","client backend"
2024-06-16 19:00:11.942 CST,"raingage","benchmark",54599,"127.0.0.1:48958",666ec5b9.d547,33,"SELECT",2024-06-16 19:00:09 CST,8/4,0,LOG,00000,"execute S_1: SELECT c_discount, c_last, c_credit, w_tax     FROM bmsql_customer     JOIN bmsql_warehouse ON (w_id = c_w_id)     WHERE c_w_id = $1 AND c_d_id = $2 AND c_id = $3","parameters: $1 = '1', $2 = '2', $3 = '77'",,,,,,,,"","client backend"
2024-06-16 19:00:11.960 CST,"raingage","benchmark",54597,"127.0.0.1:48954",666ec5b9.d545,43,"BEGIN",2024-06-16 19:00:09 CST,6/5,0,LOG,00000,"execute <unnamed>: BEGIN",,,,,,,,,"","client backend"
2024-06-16 19:00:11.962 CST,"raingage","benchmark",54596,"127.0.0.1:48952",666ec5b9.d544,33,"SELECT",2024-06-16 19:00:09 CST,5/4,0,LOG,00000,"execute S_1: SELECT c_discount, c_last, c_credit, w_tax     FROM bmsql_customer     JOIN bmsql_warehouse ON (w_id = c_w_id)     WHERE c_w_id = $1 AND c_d_id = $2 AND c_id = $3","parameters: $1 = '1', $2 = '2', $3 = '90'",,,,,,,,"","client backend"
2024-06-16 19:00:11.975 CST,"raingage","benchmark",54597,"127.0.0.1:48954",666ec5b9.d545,44,"SELECT",2024-06-16 19:00:09 CST,6/5,0,LOG,00000,"execute <unnamed>: SELECT d_tax, d_next_o_id     FROM bmsql_district     WHERE d_w_id = $1 AND d_id = $2 ","parameters: $1 = '1', $2 = '2'",,,,,,,,"","client backend"
2024-06-16 19:00:11.999 CST,"raingage","benchmark",54595,"127.0.0.1:48950",666ec5b9.d543,33,"SELECT",2024-06-16 19:00:09 CST,4/4,0,LOG,00000,"execute S_1: SELECT c_discount, c_last, c_credit, w_tax     FROM bmsql_customer     JOIN bmsql_warehouse ON (w_id = c_w_id)     WHERE c_w_id = $1 AND c_d_id = $2 AND c_id = $3","parameters: $1 = '1', $2 = '2', $3 = '72'",,,,,,,,"","client backend"
2024-06-16 19:00:12.006 CST,"raingage","benchmark",54599,"127.0.0.1:48958",666ec5b9.d547,34,"SELECT",2024-06-16 19:00:09 CST,8/4,0,LOG,00000,"execute S_1: SELECT c_discount, c_last, c_credit, w_tax     FROM bmsql_customer     JOIN bmsql_warehouse ON (w_id = c_w_id)     WHERE c_w_id = $1 AND c_d_id = $2 AND c_id = $3","parameters: $1 = '1', $2 = '2', $3 = '77'",,,,,,,,"","client backend"
2024-06-16 19:00:12.026 CST,"raingage","benchmark",54596,"127.0.0.1:48952",666ec5b9.d544,34,"SELECT",2024-06-16 19:00:09 CST,5/4,0,LOG,00000,"execute S_1: SELECT c_discount, c_last, c_credit, w_tax     FROM bmsql_customer     JOIN bmsql_warehouse ON (w_id = c_w_id)     WHERE c_w_id = $1 AND c_d_id = $2 AND c_id = $3","parameters: $1 = '1', $2 = '2', $3 = '90'",,,,,,,,"","client backend"
2024-06-16 19:00:12.070 CST,"raingage","benchmark",54595,"127.0.0.1:48950",666ec5b9.d543,34,"SELECT",2024-06-16 19:00:09 CST,4/4,0,LOG,00000,"execute S_1: SELECT c_discount, c_last, c_credit, w_tax     FROM bmsql_customer     JOIN bmsql_warehouse ON (w_id = c_w_id)     WHERE c_w_id = $1 AND c_d_id = $2 AND c_id = $3","parameters: $1 = '1', $2 = '2', $3 = '72'",,,,,,,,"","client backend"
2024-06-16 19:00:12.072 CST,"raingage","benchmark",54599,"127.0.0.1:48958",666ec5b9.d547,35,"SELECT",2024-06-16 19:00:09 CST,8/4,0,LOG,00000,"execute S_1: SELECT c_discount, c_last, c_credit, w_tax     FROM bmsql_customer     JOIN bmsql_warehouse ON (w_id = c_w_id)     WHERE c_w_id = $1 AND c_d_id = $2 AND c_id = $3","parameters: $1 = '1', $2 = '2', $3 = '77'",,,,,,,,"","client backend"
2024-06-16 19:00:12.089 CST,"raingage","benchmark",54596,"127.0.0.1:48952",666ec5b9.d544,35,"SELECT",2024-06-16 19:00:09 CST,5/4,0,LOG,00000,"execute S_1: SELECT c_discount, c_last, c_credit, w_tax     FROM bmsql_customer     JOIN bmsql_warehouse ON (w_id = c_w_id)     WHERE c_w_id = $1 AND c_d_id = $2 AND c_id = $3","parameters: $1 = '1', $2 = '2', $3 = '90'",,,,,,,,"","client backend"
2024-06-16 19:00:12.136 CST,"raingage","benchmark",54599,"127.0.0.1:48958",666ec5b9.d547,36,"SELECT",2024-06-16 19:00:09 CST,8/4,0,LOG,00000,"execute S_1: SELECT c_discount, c_last, c_credit, w_tax     FROM bmsql_customer     JOIN bmsql_warehouse ON (w_id = c_w_id)     WHERE c_w_id = $1 AND c_d_id = $2 AND c_id = $3","parameters: $1 = '1', $2 = '2', $3 = '77'",,,,,,,,"","client backend"
2024-06-16 19:00:12.139 CST,"raingage","benchmark",54595,"127.0.0.1:48950",666ec5b9.d543,35,"SELECT",2024-06-16 19:00:09 CST,4/4,0,LOG,00000,"execute S_1: SELECT c_discount, c_last, c_credit, w_tax     FROM bmsql_customer     JOIN bmsql_warehouse ON (w_id = c_w_id)     WHERE c_w_id = $1 AND c_d_id = $2 AND c_id = $3","parameters: $1 = '1', $2 = '2', $3 = '72'",,,,,,,,"","client backend"
2024-06-16 19:00:12.155 CST,"raingage","benchmark",54596,"127.0.0.1:48952",666ec5b9.d544,36,"SELECT",2024-06-16 19:00:09 CST,5/4,0,LOG,00000,"execute S_1: SELECT c_discount, c_last, c_credit, w_tax     FROM bmsql_customer     JOIN bmsql_warehouse ON (w_id = c_w_id)     WHERE c_w_id = $1 AND c_d_id = $2 AND c_id = $3","parameters: $1 = '1', $2 = '2', $3 = '90'",,,,,,,,"","client backend"
2024-06-16 19:00:12.202 CST,"raingage","benchmark",54599,"127.0.0.1:48958",666ec5b9.d547,37,"SELECT",2024-06-16 19:00:09 CST,8/4,0,LOG,00000,"execute S_1: SELECT c_discount, c_last, c_credit, w_tax     FROM bmsql_customer     JOIN bmsql_warehouse ON (w_id = c_w_id)     WHERE c_w_id = $1 AND c_d_id = $2 AND c_id = $3","parameters: $1 = '1', $2 = '2', $3 = '77'",,,,,,,,"","client backend"
2024-06-16 19:00:12.205 CST,"raingage","benchmark",54595,"127.0.0.1:48950",666ec5b9.d543,36,"SELECT",2024-06-16 19:00:09 CST,4/4,0,LOG,00000,"execute S_1: SELECT c_discount, c_last, c_credit, w_tax     FROM bmsql_customer     JOIN bmsql_warehouse ON (w_id = c_w_id)     WHERE c_w_id = $1 AND c_d_id = $2 AND c_id = $3","parameters: $1 = '1', $2 = '2', $3 = '72'",,,,,,,,"","client backend"
2024-06-16 19:00:12.219 CST,"raingage","benchmark",54596,"127.0.0.1:48952",666ec5b9.d544,37,"SELECT",2024-06-16 19:00:09 CST,5/4,0,LOG,00000,"execute S_1: SELECT c_discount, c_last, c_credit, w_tax     FROM bmsql_customer     JOIN bmsql_warehouse ON (w_id = c_w_id)     WHERE c_w_id = $1 AND c_d_id = $2 AND c_id = $3","parameters: $1 = '1', $2 = '2', $3 = '90'",,,,,,,,"","client backend"
2024-06-16 19:00:12.269 CST,"raingage","benchmark",54599,"127.0.0.1:48958",666ec5b9.d547,38,"SELECT",2024-06-16 19:00:09 CST,8/4,0,LOG,00000,"execute S_1: SELECT c_discount, c_last, c_credit, w_tax     FROM bmsql_customer     JOIN bmsql_warehouse ON (w_id = c_w_id)     WHERE c_w_id = $1 AND c_d_id = $2 AND c_id = $3","parameters: $1 = '1', $2 = '2', $3 = '77'",,,,,,,,"","client backend"
2024-06-16 19:00:12.272 CST,"raingage","benchmark",54595,"127.0.0.1:48950",666ec5b9.d543,37,"SELECT",2024-06-16 19:00:09 CST,4/4,0,LOG,00000,"execute S_1: SELECT c_discount, c_last, c_credit, w_tax     FROM bmsql_customer     JOIN bmsql_warehouse ON (w_id = c_w_id)     WHERE c_w_id = $1 AND c_d_id = $2 AND c_id = $3","parameters: $1 = '1', $2 = '2', $3 = '72'",,,,,,,,"","client backend"
2024-06-16 19:00:12.284 CST,"raingage","benchmark",54596,"127.0.0.1:48952",666ec5b9.d544,38,"SELECT",2024-06-16 19:00:09 CST,5/4,0,LOG,00000,"execute S_1: SELECT c_discount, c_last, c_credit, w_tax     FROM bmsql_customer     JOIN bmsql_warehouse ON (w_id = c_w_id)     WHERE c_w_id = $1 AND c_d_id = $2 AND c_id = $3","parameters: $1 = '1', $2 = '2', $3 = '90'",,,,,,,,"","client backend"
2024-06-16 19:00:12.299 CST,"raingage","benchmark",54596,"127.0.0.1:48952",666ec5b9.d544,39,"SELECT",2024-06-16 19:00:09 CST,5/4,0,LOG,00000,"execute <unnamed>: SELECT i_price, i_name, i_data     FROM bmsql_item     WHERE i_id = $1","parameters: $1 = '56'",,,,,,,,"","client backend"
2024-06-16 19:00:12.315 CST,"raingage","benchmark",54596,"127.0.0.1:48952",666ec5b9.d544,40,"SELECT",2024-06-16 19:00:09 CST,5/4,0,LOG,00000,"execute <unnamed>: SELECT s_quantity, s_data,        s_dist_01, s_dist_02, s_dist_03, s_dist_04,        s_dist_05, s_dist_06, s_dist_07, s_dist_08,        s_dist_09, s_dist_10     FROM bmsql_stock     WHERE s_w_id = $1 AND s_i_id = $2 ","parameters: $1 = '1', $2 = '56'",,,,,,,,"","client backend"
2024-06-16 19:00:12.329 CST,"raingage","benchmark",54596,"127.0.0.1:48952",666ec5b9.d544,41,"UPDATE",2024-06-16 19:00:09 CST,5/4,0,LOG,00000,"execute <unnamed>: UPDATE bmsql_stock     SET s_quantity = $1, s_ytd = s_ytd + $2,         s_order_cnt = s_order_cnt + 1,         s_remote_cnt = s_remote_cnt + $3     WHERE s_w_id = $4 AND s_i_id = $5","parameters: $1 = '65', $2 = '3', $3 = '0', $4 = '1', $5 = '56'",,,,,,,,"","client backend"
2024-06-16 19:00:12.336 CST,"raingage","benchmark",54599,"127.0.0.1:48958",666ec5b9.d547,39,"SELECT",2024-06-16 19:00:09 CST,8/4,0,LOG,00000,"execute S_1: SELECT c_discount, c_last, c_credit, w_tax     FROM bmsql_customer     JOIN bmsql_warehouse ON (w_id = c_w_id)     WHERE c_w_id = $1 AND c_d_id = $2 AND c_id = $3","parameters: $1 = '1', $2 = '2', $3 = '77'",,,,,,,,"","client backend"
2024-06-16 19:00:12.340 CST,"raingage","benchmark",54595,"127.0.0.1:48950",666ec5b9.d543,38,"SELECT",2024-06-16 19:00:09 CST,4/4,0,LOG,00000,"execute S_1: SELECT c_discount, c_last, c_credit, w_tax     FROM bmsql_customer     JOIN bmsql_warehouse ON (w_id = c_w_id)     WHERE c_w_id = $1 AND c_d_id = $2 AND c_id = $3","parameters: $1 = '1', $2 = '2', $3 = '72'",,,,,,,,"","client backend"
2024-06-16 19:00:12.348 CST,"raingage","benchmark",54596,"127.0.0.1:48952",666ec5b9.d544,42,"COMMIT",2024-06-16 19:00:09 CST,5/4,115219,LOG,00000,"execute S_2: COMMIT",,,,,,,,,"","client backend"
2024-06-16 19:00:12.349 CST,"raingage","benchmark",54596,"127.0.0.1:48952",666ec5b9.d544,43,"COMMIT",2024-06-16 19:00:09 CST,5/0,115219,WARNING,01000,"registered snapshots seem to remain after cleanup",,,,,,,,,"","client backend"
2024-06-16 19:00:12.367 CST,"raingage","benchmark",54596,"127.0.0.1:48952",666ec5b9.d544,44,"BEGIN",2024-06-16 19:00:09 CST,5/5,0,LOG,00000,"execute <unnamed>: BEGIN",,,,,,,,,"","client backend"
2024-06-16 19:00:12.383 CST,"raingage","benchmark",54596,"127.0.0.1:48952",666ec5b9.d544,45,"SELECT",2024-06-16 19:00:09 CST,5/5,0,LOG,00000,"execute <unnamed>: SELECT d_tax, d_next_o_id     FROM bmsql_district     WHERE d_w_id = $1 AND d_id = $2 ","parameters: $1 = '1', $2 = '2'",,,,,,,,"","client backend"
2024-06-16 19:00:12.401 CST,"raingage","benchmark",54599,"127.0.0.1:48958",666ec5b9.d547,40,"SELECT",2024-06-16 19:00:09 CST,8/4,0,LOG,00000,"execute S_1: SELECT c_discount, c_last, c_credit, w_tax     FROM bmsql_customer     JOIN bmsql_warehouse ON (w_id = c_w_id)     WHERE c_w_id = $1 AND c_d_id = $2 AND c_id = $3","parameters: $1 = '1', $2 = '2', $3 = '77'",,,,,,,,"","client backend"
2024-06-16 19:00:12.411 CST,"raingage","benchmark",54595,"127.0.0.1:48950",666ec5b9.d543,39,"SELECT",2024-06-16 19:00:09 CST,4/4,0,LOG,00000,"execute S_1: SELECT c_discount, c_last, c_credit, w_tax     FROM bmsql_customer     JOIN bmsql_warehouse ON (w_id = c_w_id)     WHERE c_w_id = $1 AND c_d_id = $2 AND c_id = $3","parameters: $1 = '1', $2 = '2', $3 = '72'",,,,,,,,"","client backend"
2024-06-16 19:00:12.414 CST,"raingage","benchmark",54599,"127.0.0.1:48958",666ec5b9.d547,41,"SELECT",2024-06-16 19:00:09 CST,8/4,0,LOG,00000,"execute <unnamed>: SELECT i_price, i_name, i_data     FROM bmsql_item     WHERE i_id = $1","parameters: $1 = '38'",,,,,,,,"","client backend"
2024-06-16 19:00:12.430 CST,"raingage","benchmark",54599,"127.0.0.1:48958",666ec5b9.d547,42,"SELECT",2024-06-16 19:00:09 CST,8/4,0,LOG,00000,"execute <unnamed>: SELECT s_quantity, s_data,        s_dist_01, s_dist_02, s_dist_03, s_dist_04,        s_dist_05, s_dist_06, s_dist_07, s_dist_08,        s_dist_09, s_dist_10     FROM bmsql_stock     WHERE s_w_id = $1 AND s_i_id = $2 ","parameters: $1 = '1', $2 = '38'",,,,,,,,"","client backend"
2024-06-16 19:00:12.431 CST,"raingage","benchmark",54595,"127.0.0.1:48950",666ec5b9.d543,40,"SELECT",2024-06-16 19:00:09 CST,4/4,0,LOG,00000,"execute <unnamed>: SELECT i_price, i_name, i_data     FROM bmsql_item     WHERE i_id = $1","parameters: $1 = '30'",,,,,,,,"","client backend"
2024-06-16 19:00:12.445 CST,"raingage","benchmark",54595,"127.0.0.1:48950",666ec5b9.d543,41,"SELECT",2024-06-16 19:00:09 CST,4/4,0,LOG,00000,"execute <unnamed>: SELECT s_quantity, s_data,        s_dist_01, s_dist_02, s_dist_03, s_dist_04,        s_dist_05, s_dist_06, s_dist_07, s_dist_08,        s_dist_09, s_dist_10     FROM bmsql_stock     WHERE s_w_id = $1 AND s_i_id = $2 ","parameters: $1 = '1', $2 = '30'",,,,,,,,"","client backend"
2024-06-16 19:00:12.448 CST,"raingage","benchmark",54596,"127.0.0.1:48952",666ec5b9.d544,46,"SELECT",2024-06-16 19:00:09 CST,5/5,0,LOG,00000,"execute S_1: SELECT c_discount, c_last, c_credit, w_tax     FROM bmsql_customer     JOIN bmsql_warehouse ON (w_id = c_w_id)     WHERE c_w_id = $1 AND c_d_id = $2 AND c_id = $3","parameters: $1 = '1', $2 = '2', $3 = '59'",,,,,,,,"","client backend"
2024-06-16 19:00:12.450 CST,"raingage","benchmark",54599,"127.0.0.1:48958",666ec5b9.d547,43,"UPDATE",2024-06-16 19:00:09 CST,8/4,0,LOG,00000,"execute <unnamed>: UPDATE bmsql_stock     SET s_quantity = $1, s_ytd = s_ytd + $2,         s_order_cnt = s_order_cnt + 1,         s_remote_cnt = s_remote_cnt + $3     WHERE s_w_id = $4 AND s_i_id = $5","parameters: $1 = '15', $2 = '8', $3 = '0', $4 = '1', $5 = '38'",,,,,,,,"","client backend"
2024-06-16 19:00:12.458 CST,"raingage","benchmark",54595,"127.0.0.1:48950",666ec5b9.d543,42,"UPDATE",2024-06-16 19:00:09 CST,4/4,0,LOG,00000,"execute <unnamed>: UPDATE bmsql_stock     SET s_quantity = $1, s_ytd = s_ytd + $2,         s_order_cnt = s_order_cnt + 1,         s_remote_cnt = s_remote_cnt + $3     WHERE s_w_id = $4 AND s_i_id = $5","parameters: $1 = '93', $2 = '1', $3 = '0', $4 = '1', $5 = '30'",,,,,,,,"","client backend"
2024-06-16 19:00:12.466 CST,"raingage","benchmark",54599,"127.0.0.1:48958",666ec5b9.d547,44,"COMMIT",2024-06-16 19:00:09 CST,8/4,115220,LOG,00000,"execute S_2: COMMIT",,,,,,,,,"","client backend"
2024-06-16 19:00:12.467 CST,"raingage","benchmark",54599,"127.0.0.1:48958",666ec5b9.d547,45,"COMMIT",2024-06-16 19:00:09 CST,8/0,115220,WARNING,01000,"registered snapshots seem to remain after cleanup",,,,,,,,,"","client backend"
2024-06-16 19:00:12.472 CST,"raingage","benchmark",54595,"127.0.0.1:48950",666ec5b9.d543,43,"COMMIT",2024-06-16 19:00:09 CST,4/4,115221,LOG,00000,"execute S_2: COMMIT",,,,,,,,,"","client backend"
2024-06-16 19:00:12.473 CST,"raingage","benchmark",54597,"127.0.0.1:48954",666ec5b9.d545,45,"SELECT",2024-06-16 19:00:09 CST,6/5,0,LOG,00000,"execute S_1: SELECT c_discount, c_last, c_credit, w_tax     FROM bmsql_customer     JOIN bmsql_warehouse ON (w_id = c_w_id)     WHERE c_w_id = $1 AND c_d_id = $2 AND c_id = $3","parameters: $1 = '1', $2 = '2', $3 = '72'",,,,,,,,"","client backend"
2024-06-16 19:00:12.488 CST,"raingage","benchmark",54599,"127.0.0.1:48958",666ec5b9.d547,46,"BEGIN",2024-06-16 19:00:09 CST,8/5,0,LOG,00000,"execute <unnamed>: BEGIN",,,,,,,,,"","client backend"
2024-06-16 19:00:12.491 CST,"raingage","benchmark",54595,"127.0.0.1:48950",666ec5b9.d543,44,"BEGIN",2024-06-16 19:00:09 CST,4/5,0,LOG,00000,"execute <unnamed>: BEGIN",,,,,,,,,"","client backend"
2024-06-16 19:00:12.503 CST,"raingage","benchmark",54599,"127.0.0.1:48958",666ec5b9.d547,47,"SELECT",2024-06-16 19:00:09 CST,8/5,0,LOG,00000,"execute <unnamed>: SELECT d_tax, d_next_o_id     FROM bmsql_district     WHERE d_w_id = $1 AND d_id = $2 ","parameters: $1 = '1', $2 = '2'",,,,,,,,"","client backend"
2024-06-16 19:00:12.510 CST,"raingage","benchmark",54595,"127.0.0.1:48950",666ec5b9.d543,45,"SELECT",2024-06-16 19:00:09 CST,4/5,0,LOG,00000,"execute <unnamed>: SELECT d_tax, d_next_o_id     FROM bmsql_district     WHERE d_w_id = $1 AND d_id = $2 ","parameters: $1 = '1', $2 = '2'",,,,,,,,"","client backend"
2024-06-16 19:00:12.515 CST,"raingage","benchmark",54596,"127.0.0.1:48952",666ec5b9.d544,47,"SELECT",2024-06-16 19:00:09 CST,5/5,0,LOG,00000,"execute S_1: SELECT c_discount, c_last, c_credit, w_tax     FROM bmsql_customer     JOIN bmsql_warehouse ON (w_id = c_w_id)     WHERE c_w_id = $1 AND c_d_id = $2 AND c_id = $3","parameters: $1 = '1', $2 = '2', $3 = '59'",,,,,,,,"","client backend"
2024-06-16 19:00:12.541 CST,"raingage","benchmark",54597,"127.0.0.1:48954",666ec5b9.d545,46,"SELECT",2024-06-16 19:00:09 CST,6/5,0,LOG,00000,"execute S_1: SELECT c_discount, c_last, c_credit, w_tax     FROM bmsql_customer     JOIN bmsql_warehouse ON (w_id = c_w_id)     WHERE c_w_id = $1 AND c_d_id = $2 AND c_id = $3","parameters: $1 = '1', $2 = '2', $3 = '72'",,,,,,,,"","client backend"
2024-06-16 19:00:12.576 CST,"raingage","benchmark",54595,"127.0.0.1:48950",666ec5b9.d543,46,"SELECT",2024-06-16 19:00:09 CST,4/5,0,LOG,00000,"execute S_1: SELECT c_discount, c_last, c_credit, w_tax     FROM bmsql_customer     JOIN bmsql_warehouse ON (w_id = c_w_id)     WHERE c_w_id = $1 AND c_d_id = $2 AND c_id = $3","parameters: $1 = '1', $2 = '2', $3 = '8'",,,,,,,,"","client backend"
2024-06-16 19:00:12.581 CST,"raingage","benchmark",54596,"127.0.0.1:48952",666ec5b9.d544,48,"SELECT",2024-06-16 19:00:09 CST,5/5,0,LOG,00000,"execute S_1: SELECT c_discount, c_last, c_credit, w_tax     FROM bmsql_customer     JOIN bmsql_warehouse ON (w_id = c_w_id)     WHERE c_w_id = $1 AND c_d_id = $2 AND c_id = $3","parameters: $1 = '1', $2 = '2', $3 = '59'",,,,,,,,"","client backend"
2024-06-16 19:00:12.604 CST,"raingage","benchmark",54597,"127.0.0.1:48954",666ec5b9.d545,47,"SELECT",2024-06-16 19:00:09 CST,6/5,0,LOG,00000,"execute S_1: SELECT c_discount, c_last, c_credit, w_tax     FROM bmsql_customer     JOIN bmsql_warehouse ON (w_id = c_w_id)     WHERE c_w_id = $1 AND c_d_id = $2 AND c_id = $3","parameters: $1 = '1', $2 = '2', $3 = '72'",,,,,,,,"","client backend"
2024-06-16 19:00:12.643 CST,"raingage","benchmark",54595,"127.0.0.1:48950",666ec5b9.d543,47,"SELECT",2024-06-16 19:00:09 CST,4/5,0,LOG,00000,"execute S_1: SELECT c_discount, c_last, c_credit, w_tax     FROM bmsql_customer     JOIN bmsql_warehouse ON (w_id = c_w_id)     WHERE c_w_id = $1 AND c_d_id = $2 AND c_id = $3","parameters: $1 = '1', $2 = '2', $3 = '8'",,,,,,,,"","client backend"
2024-06-16 19:00:12.653 CST,"raingage","benchmark",54596,"127.0.0.1:48952",666ec5b9.d544,49,"SELECT",2024-06-16 19:00:09 CST,5/5,0,LOG,00000,"execute S_1: SELECT c_discount, c_last, c_credit, w_tax     FROM bmsql_customer     JOIN bmsql_warehouse ON (w_id = c_w_id)     WHERE c_w_id = $1 AND c_d_id = $2 AND c_id = $3","parameters: $1 = '1', $2 = '2', $3 = '59'",,,,,,,,"","client backend"
2024-06-16 19:00:12.673 CST,"raingage","benchmark",54597,"127.0.0.1:48954",666ec5b9.d545,48,"SELECT",2024-06-16 19:00:09 CST,6/5,0,LOG,00000,"execute S_1: SELECT c_discount, c_last, c_credit, w_tax     FROM bmsql_customer     JOIN bmsql_warehouse ON (w_id = c_w_id)     WHERE c_w_id = $1 AND c_d_id = $2 AND c_id = $3","parameters: $1 = '1', $2 = '2', $3 = '72'",,,,,,,,"","client backend"
2024-06-16 19:00:12.710 CST,"raingage","benchmark",54595,"127.0.0.1:48950",666ec5b9.d543,48,"SELECT",2024-06-16 19:00:09 CST,4/5,0,LOG,00000,"execute S_1: SELECT c_discount, c_last, c_credit, w_tax     FROM bmsql_customer     JOIN bmsql_warehouse ON (w_id = c_w_id)     WHERE c_w_id = $1 AND c_d_id = $2 AND c_id = $3","parameters: $1 = '1', $2 = '2', $3 = '8'",,,,,,,,"","client backend"
2024-06-16 19:00:12.716 CST,"raingage","benchmark",54596,"127.0.0.1:48952",666ec5b9.d544,50,"SELECT",2024-06-16 19:00:09 CST,5/5,0,LOG,00000,"execute S_1: SELECT c_discount, c_last, c_credit, w_tax     FROM bmsql_customer     JOIN bmsql_warehouse ON (w_id = c_w_id)     WHERE c_w_id = $1 AND c_d_id = $2 AND c_id = $3","parameters: $1 = '1', $2 = '2', $3 = '59'",,,,,,,,"","client backend"
2024-06-16 19:00:12.744 CST,"raingage","benchmark",54597,"127.0.0.1:48954",666ec5b9.d545,49,"SELECT",2024-06-16 19:00:09 CST,6/5,0,LOG,00000,"execute S_1: SELECT c_discount, c_last, c_credit, w_tax     FROM bmsql_customer     JOIN bmsql_warehouse ON (w_id = c_w_id)     WHERE c_w_id = $1 AND c_d_id = $2 AND c_id = $3","parameters: $1 = '1', $2 = '2', $3 = '72'",,,,,,,,"","client backend"
2024-06-16 19:00:12.781 CST,"raingage","benchmark",54595,"127.0.0.1:48950",666ec5b9.d543,49,"SELECT",2024-06-16 19:00:09 CST,4/5,0,LOG,00000,"execute S_1: SELECT c_discount, c_last, c_credit, w_tax     FROM bmsql_customer     JOIN bmsql_warehouse ON (w_id = c_w_id)     WHERE c_w_id = $1 AND c_d_id = $2 AND c_id = $3","parameters: $1 = '1', $2 = '2', $3 = '8'",,,,,,,,"","client backend"
2024-06-16 19:00:12.788 CST,"raingage","benchmark",54596,"127.0.0.1:48952",666ec5b9.d544,51,"SELECT",2024-06-16 19:00:09 CST,5/5,0,LOG,00000,"execute S_1: SELECT c_discount, c_last, c_credit, w_tax     FROM bmsql_customer     JOIN bmsql_warehouse ON (w_id = c_w_id)     WHERE c_w_id = $1 AND c_d_id = $2 AND c_id = $3","parameters: $1 = '1', $2 = '2', $3 = '59'",,,,,,,,"","client backend"
2024-06-16 19:00:12.808 CST,"raingage","benchmark",54597,"127.0.0.1:48954",666ec5b9.d545,50,"SELECT",2024-06-16 19:00:09 CST,6/5,0,LOG,00000,"execute S_1: SELECT c_discount, c_last, c_credit, w_tax     FROM bmsql_customer     JOIN bmsql_warehouse ON (w_id = c_w_id)     WHERE c_w_id = $1 AND c_d_id = $2 AND c_id = $3","parameters: $1 = '1', $2 = '2', $3 = '72'",,,,,,,,"","client backend"
2024-06-16 19:00:12.851 CST,"raingage","benchmark",54595,"127.0.0.1:48950",666ec5b9.d543,50,"SELECT",2024-06-16 19:00:09 CST,4/5,0,LOG,00000,"execute S_1: SELECT c_discount, c_last, c_credit, w_tax     FROM bmsql_customer     JOIN bmsql_warehouse ON (w_id = c_w_id)     WHERE c_w_id = $1 AND c_d_id = $2 AND c_id = $3","parameters: $1 = '1', $2 = '2', $3 = '8'",,,,,,,,"","client backend"
2024-06-16 19:00:12.855 CST,"raingage","benchmark",54596,"127.0.0.1:48952",666ec5b9.d544,52,"SELECT",2024-06-16 19:00:09 CST,5/5,0,LOG,00000,"execute S_1: SELECT c_discount, c_last, c_credit, w_tax     FROM bmsql_customer     JOIN bmsql_warehouse ON (w_id = c_w_id)     WHERE c_w_id = $1 AND c_d_id = $2 AND c_id = $3","parameters: $1 = '1', $2 = '2', $3 = '59'",,,,,,,,"","client backend"
2024-06-16 19:00:12.874 CST,"raingage","benchmark",54597,"127.0.0.1:48954",666ec5b9.d545,51,"SELECT",2024-06-16 19:00:09 CST,6/5,0,LOG,00000,"execute S_1: SELECT c_discount, c_last, c_credit, w_tax     FROM bmsql_customer     JOIN bmsql_warehouse ON (w_id = c_w_id)     WHERE c_w_id = $1 AND c_d_id = $2 AND c_id = $3","parameters: $1 = '1', $2 = '2', $3 = '72'",,,,,,,,"","client backend"
2024-06-16 19:00:12.918 CST,"raingage","benchmark",54596,"127.0.0.1:48952",666ec5b9.d544,53,"SELECT",2024-06-16 19:00:09 CST,5/5,0,LOG,00000,"execute S_1: SELECT c_discount, c_last, c_credit, w_tax     FROM bmsql_customer     JOIN bmsql_warehouse ON (w_id = c_w_id)     WHERE c_w_id = $1 AND c_d_id = $2 AND c_id = $3","parameters: $1 = '1', $2 = '2', $3 = '59'",,,,,,,,"","client backend"
2024-06-16 19:00:12.922 CST,"raingage","benchmark",54595,"127.0.0.1:48950",666ec5b9.d543,51,"SELECT",2024-06-16 19:00:09 CST,4/5,0,LOG,00000,"execute S_1: SELECT c_discount, c_last, c_credit, w_tax     FROM bmsql_customer     JOIN bmsql_warehouse ON (w_id = c_w_id)     WHERE c_w_id = $1 AND c_d_id = $2 AND c_id = $3","parameters: $1 = '1', $2 = '2', $3 = '8'",,,,,,,,"","client backend"
2024-06-16 19:00:12.931 CST,"raingage","benchmark",54596,"127.0.0.1:48952",666ec5b9.d544,54,"SELECT",2024-06-16 19:00:09 CST,5/5,0,LOG,00000,"execute <unnamed>: SELECT i_price, i_name, i_data     FROM bmsql_item     WHERE i_id = $1","parameters: $1 = '1'",,,,,,,,"","client backend"
2024-06-16 19:00:12.938 CST,"raingage","benchmark",54597,"127.0.0.1:48954",666ec5b9.d545,52,"SELECT",2024-06-16 19:00:09 CST,6/5,0,LOG,00000,"execute S_1: SELECT c_discount, c_last, c_credit, w_tax     FROM bmsql_customer     JOIN bmsql_warehouse ON (w_id = c_w_id)     WHERE c_w_id = $1 AND c_d_id = $2 AND c_id = $3","parameters: $1 = '1', $2 = '2', $3 = '72'",,,,,,,,"","client backend"
2024-06-16 19:00:12.944 CST,"raingage","benchmark",54596,"127.0.0.1:48952",666ec5b9.d544,55,"SELECT",2024-06-16 19:00:09 CST,5/5,0,LOG,00000,"execute <unnamed>: SELECT s_quantity, s_data,        s_dist_01, s_dist_02, s_dist_03, s_dist_04,        s_dist_05, s_dist_06, s_dist_07, s_dist_08,        s_dist_09, s_dist_10     FROM bmsql_stock     WHERE s_w_id = $1 AND s_i_id = $2 ","parameters: $1 = '1', $2 = '1'",,,,,,,,"","client backend"
2024-06-16 19:00:12.958 CST,"raingage","benchmark",54597,"127.0.0.1:48954",666ec5b9.d545,53,"SELECT",2024-06-16 19:00:09 CST,6/5,0,LOG,00000,"execute <unnamed>: SELECT i_price, i_name, i_data     FROM bmsql_item     WHERE i_id = $1","parameters: $1 = '30'",,,,,,,,"","client backend"
2024-06-16 19:00:12.966 CST,"raingage","benchmark",54596,"127.0.0.1:48952",666ec5b9.d544,56,"UPDATE",2024-06-16 19:00:09 CST,5/5,0,LOG,00000,"execute <unnamed>: UPDATE bmsql_stock     SET s_quantity = $1, s_ytd = s_ytd + $2,         s_order_cnt = s_order_cnt + 1,         s_remote_cnt = s_remote_cnt + $3     WHERE s_w_id = $4 AND s_i_id = $5","parameters: $1 = '86', $2 = '2', $3 = '0', $4 = '1', $5 = '1'",,,,,,,,"","client backend"
2024-06-16 19:00:12.972 CST,"raingage","benchmark",54597,"127.0.0.1:48954",666ec5b9.d545,54,"SELECT",2024-06-16 19:00:09 CST,6/5,0,LOG,00000,"execute <unnamed>: SELECT s_quantity, s_data,        s_dist_01, s_dist_02, s_dist_03, s_dist_04,        s_dist_05, s_dist_06, s_dist_07, s_dist_08,        s_dist_09, s_dist_10     FROM bmsql_stock     WHERE s_w_id = $1 AND s_i_id = $2 ","parameters: $1 = '1', $2 = '30'",,,,,,,,"","client backend"
2024-06-16 19:00:12.985 CST,"raingage","benchmark",54596,"127.0.0.1:48952",666ec5b9.d544,57,"COMMIT",2024-06-16 19:00:09 CST,5/5,115222,LOG,00000,"execute S_2: COMMIT",,,,,,,,,"","client backend"
2024-06-16 19:00:12.985 CST,"raingage","benchmark",54597,"127.0.0.1:48954",666ec5b9.d545,55,"UPDATE",2024-06-16 19:00:09 CST,6/5,0,LOG,00000,"execute <unnamed>: UPDATE bmsql_stock     SET s_quantity = $1, s_ytd = s_ytd + $2,         s_order_cnt = s_order_cnt + 1,         s_remote_cnt = s_remote_cnt + $3     WHERE s_w_id = $4 AND s_i_id = $5","parameters: $1 = '93', $2 = '1', $3 = '0', $4 = '1', $5 = '30'",,,,,,,,"","client backend"
2024-06-16 19:00:12.986 CST,"raingage","benchmark",54599,"127.0.0.1:48958",666ec5b9.d547,48,"SELECT",2024-06-16 19:00:09 CST,8/5,0,LOG,00000,"execute S_1: SELECT c_discount, c_last, c_credit, w_tax     FROM bmsql_customer     JOIN bmsql_warehouse ON (w_id = c_w_id)     WHERE c_w_id = $1 AND c_d_id = $2 AND c_id = $3","parameters: $1 = '1', $2 = '2', $3 = '59'",,,,,,,,"","client backend"
2024-06-16 19:00:12.994 CST,"raingage","benchmark",54595,"127.0.0.1:48950",666ec5b9.d543,52,"SELECT",2024-06-16 19:00:09 CST,4/5,0,LOG,00000,"execute S_1: SELECT c_discount, c_last, c_credit, w_tax     FROM bmsql_customer     JOIN bmsql_warehouse ON (w_id = c_w_id)     WHERE c_w_id = $1 AND c_d_id = $2 AND c_id = $3","parameters: $1 = '1', $2 = '2', $3 = '8'",,,,,,,,"","client backend"
2024-06-16 19:00:13.003 CST,"raingage","benchmark",54597,"127.0.0.1:48954",666ec5b9.d545,56,"COMMIT",2024-06-16 19:00:09 CST,6/5,115223,LOG,00000,"execute S_2: COMMIT",,,,,,,,,"","client backend"
2024-06-16 19:00:13.003 CST,"raingage","benchmark",54596,"127.0.0.1:48952",666ec5b9.d544,58,"BEGIN",2024-06-16 19:00:09 CST,5/6,0,LOG,00000,"execute S_3: BEGIN",,,,,,,,,"","client backend"
2024-06-16 19:00:13.004 CST,"raingage","benchmark",54597,"127.0.0.1:48954",666ec5b9.d545,57,"COMMIT",2024-06-16 19:00:09 CST,6/0,115223,WARNING,01000,"registered snapshots seem to remain after cleanup",,,,,,,,,"","client backend"
2024-06-16 19:00:13.017 CST,"raingage","benchmark",54596,"127.0.0.1:48952",666ec5b9.d544,59,"SELECT",2024-06-16 19:00:09 CST,5/6,0,LOG,00000,"execute S_4: SELECT d_tax, d_next_o_id     FROM bmsql_district     WHERE d_w_id = $1 AND d_id = $2 ","parameters: $1 = '1', $2 = '2'",,,,,,,,"","client backend"
2024-06-16 19:00:13.051 CST,"raingage","benchmark",54599,"127.0.0.1:48958",666ec5b9.d547,49,"SELECT",2024-06-16 19:00:09 CST,8/5,0,LOG,00000,"execute S_1: SELECT c_discount, c_last, c_credit, w_tax     FROM bmsql_customer     JOIN bmsql_warehouse ON (w_id = c_w_id)     WHERE c_w_id = $1 AND c_d_id = $2 AND c_id = $3","parameters: $1 = '1', $2 = '2', $3 = '59'",,,,,,,,"","client backend"
2024-06-16 19:00:13.063 CST,"raingage","benchmark",54595,"127.0.0.1:48950",666ec5b9.d543,53,"SELECT",2024-06-16 19:00:09 CST,4/5,0,LOG,00000,"execute S_1: SELECT c_discount, c_last, c_credit, w_tax     FROM bmsql_customer     JOIN bmsql_warehouse ON (w_id = c_w_id)     WHERE c_w_id = $1 AND c_d_id = $2 AND c_id = $3","parameters: $1 = '1', $2 = '2', $3 = '8'",,,,,,,,"","client backend"
2024-06-16 19:00:13.080 CST,"raingage","benchmark",54595,"127.0.0.1:48950",666ec5b9.d543,54,"SELECT",2024-06-16 19:00:09 CST,4/5,0,LOG,00000,"execute <unnamed>: SELECT i_price, i_name, i_data     FROM bmsql_item     WHERE i_id = $1","parameters: $1 = '107'",,,,,,,,"","client backend"
2024-06-16 19:00:13.094 CST,"raingage","benchmark",54595,"127.0.0.1:48950",666ec5b9.d543,55,"SELECT",2024-06-16 19:00:09 CST,4/5,0,LOG,00000,"execute <unnamed>: SELECT s_quantity, s_data,        s_dist_01, s_dist_02, s_dist_03, s_dist_04,        s_dist_05, s_dist_06, s_dist_07, s_dist_08,        s_dist_09, s_dist_10     FROM bmsql_stock     WHERE s_w_id = $1 AND s_i_id = $2 ","parameters: $1 = '1', $2 = '107'",,,,,,,,"","client backend"
2024-06-16 19:00:13.113 CST,"raingage","benchmark",54595,"127.0.0.1:48950",666ec5b9.d543,56,"UPDATE",2024-06-16 19:00:09 CST,4/5,0,LOG,00000,"execute <unnamed>: UPDATE bmsql_stock     SET s_quantity = $1, s_ytd = s_ytd + $2,         s_order_cnt = s_order_cnt + 1,         s_remote_cnt = s_remote_cnt + $3     WHERE s_w_id = $4 AND s_i_id = $5","parameters: $1 = '23', $2 = '3', $3 = '0', $4 = '1', $5 = '107'",,,,,,,,"","client backend"
2024-06-16 19:00:13.120 CST,"raingage","benchmark",54599,"127.0.0.1:48958",666ec5b9.d547,50,"SELECT",2024-06-16 19:00:09 CST,8/5,0,LOG,00000,"execute S_1: SELECT c_discount, c_last, c_credit, w_tax     FROM bmsql_customer     JOIN bmsql_warehouse ON (w_id = c_w_id)     WHERE c_w_id = $1 AND c_d_id = $2 AND c_id = $3","parameters: $1 = '1', $2 = '2', $3 = '59'",,,,,,,,"","client backend"
2024-06-16 19:00:13.132 CST,"raingage","benchmark",54595,"127.0.0.1:48950",666ec5b9.d543,57,"COMMIT",2024-06-16 19:00:09 CST,4/5,115224,LOG,00000,"execute S_2: COMMIT",,,,,,,,,"","client backend"
2024-06-16 19:00:13.132 CST,"raingage","benchmark",54596,"127.0.0.1:48952",666ec5b9.d544,60,"SELECT",2024-06-16 19:00:09 CST,5/6,0,LOG,00000,"execute S_1: SELECT c_discount, c_last, c_credit, w_tax     FROM bmsql_customer     JOIN bmsql_warehouse ON (w_id = c_w_id)     WHERE c_w_id = $1 AND c_d_id = $2 AND c_id = $3","parameters: $1 = '1', $2 = '2', $3 = '8'",,,,,,,,"","client backend"
2024-06-16 19:00:13.165 CST,"raingage","benchmark",54595,"127.0.0.1:48950",666ec5b9.d543,58,"BEGIN",2024-06-16 19:00:09 CST,4/6,0,LOG,00000,"execute S_3: BEGIN",,,,,,,,,"","client backend"
2024-06-16 19:00:13.177 CST,"raingage","benchmark",54595,"127.0.0.1:48950",666ec5b9.d543,59,"SELECT",2024-06-16 19:00:09 CST,4/6,0,LOG,00000,"execute S_4: SELECT d_tax, d_next_o_id     FROM bmsql_district     WHERE d_w_id = $1 AND d_id = $2 ","parameters: $1 = '1', $2 = '1'",,,,,,,,"","client backend"
2024-06-16 19:00:13.187 CST,"raingage","benchmark",54599,"127.0.0.1:48958",666ec5b9.d547,51,"SELECT",2024-06-16 19:00:09 CST,8/5,0,LOG,00000,"execute S_1: SELECT c_discount, c_last, c_credit, w_tax     FROM bmsql_customer     JOIN bmsql_warehouse ON (w_id = c_w_id)     WHERE c_w_id = $1 AND c_d_id = $2 AND c_id = $3","parameters: $1 = '1', $2 = '2', $3 = '59'",,,,,,,,"","client backend"
2024-06-16 19:00:13.195 CST,"raingage","benchmark",54596,"127.0.0.1:48952",666ec5b9.d544,61,"SELECT",2024-06-16 19:00:09 CST,5/6,0,LOG,00000,"execute S_1: SELECT c_discount, c_last, c_credit, w_tax     FROM bmsql_customer     JOIN bmsql_warehouse ON (w_id = c_w_id)     WHERE c_w_id = $1 AND c_d_id = $2 AND c_id = $3","parameters: $1 = '1', $2 = '2', $3 = '8'",,,,,,,,"","client backend"
2024-06-16 19:00:13.245 CST,"raingage","benchmark",54595,"127.0.0.1:48950",666ec5b9.d543,60,"SELECT",2024-06-16 19:00:09 CST,4/6,0,LOG,00000,"execute S_1: SELECT c_discount, c_last, c_credit, w_tax     FROM bmsql_customer     JOIN bmsql_warehouse ON (w_id = c_w_id)     WHERE c_w_id = $1 AND c_d_id = $2 AND c_id = $3","parameters: $1 = '1', $2 = '1', $3 = '49'",,,,,,,,"","client backend"
2024-06-16 19:00:13.253 CST,"raingage","benchmark",54599,"127.0.0.1:48958",666ec5b9.d547,52,"SELECT",2024-06-16 19:00:09 CST,8/5,0,LOG,00000,"execute S_1: SELECT c_discount, c_last, c_credit, w_tax     FROM bmsql_customer     JOIN bmsql_warehouse ON (w_id = c_w_id)     WHERE c_w_id = $1 AND c_d_id = $2 AND c_id = $3","parameters: $1 = '1', $2 = '2', $3 = '59'",,,,,,,,"","client backend"
2024-06-16 19:00:13.265 CST,"raingage","benchmark",54596,"127.0.0.1:48952",666ec5b9.d544,62,"SELECT",2024-06-16 19:00:09 CST,5/6,0,LOG,00000,"execute S_1: SELECT c_discount, c_last, c_credit, w_tax     FROM bmsql_customer     JOIN bmsql_warehouse ON (w_id = c_w_id)     WHERE c_w_id = $1 AND c_d_id = $2 AND c_id = $3","parameters: $1 = '1', $2 = '2', $3 = '8'",,,,,,,,"","client backend"
2024-06-16 19:00:13.315 CST,"raingage","benchmark",54595,"127.0.0.1:48950",666ec5b9.d543,61,"SELECT",2024-06-16 19:00:09 CST,4/6,0,LOG,00000,"execute S_1: SELECT c_discount, c_last, c_credit, w_tax     FROM bmsql_customer     JOIN bmsql_warehouse ON (w_id = c_w_id)     WHERE c_w_id = $1 AND c_d_id = $2 AND c_id = $3","parameters: $1 = '1', $2 = '1', $3 = '49'",,,,,,,,"","client backend"
2024-06-16 19:00:13.325 CST,"raingage","benchmark",54599,"127.0.0.1:48958",666ec5b9.d547,53,"SELECT",2024-06-16 19:00:09 CST,8/5,0,LOG,00000,"execute S_1: SELECT c_discount, c_last, c_credit, w_tax     FROM bmsql_customer     JOIN bmsql_warehouse ON (w_id = c_w_id)     WHERE c_w_id = $1 AND c_d_id = $2 AND c_id = $3","parameters: $1 = '1', $2 = '2', $3 = '59'",,,,,,,,"","client backend"
2024-06-16 19:00:13.330 CST,"raingage","benchmark",54596,"127.0.0.1:48952",666ec5b9.d544,63,"SELECT",2024-06-16 19:00:09 CST,5/6,0,LOG,00000,"execute S_1: SELECT c_discount, c_last, c_credit, w_tax     FROM bmsql_customer     JOIN bmsql_warehouse ON (w_id = c_w_id)     WHERE c_w_id = $1 AND c_d_id = $2 AND c_id = $3","parameters: $1 = '1', $2 = '2', $3 = '8'",,,,,,,,"","client backend"
2024-06-16 19:00:13.378 CST,"raingage","benchmark",54595,"127.0.0.1:48950",666ec5b9.d543,62,"SELECT",2024-06-16 19:00:09 CST,4/6,0,LOG,00000,"execute S_1: SELECT c_discount, c_last, c_credit, w_tax     FROM bmsql_customer     JOIN bmsql_warehouse ON (w_id = c_w_id)     WHERE c_w_id = $1 AND c_d_id = $2 AND c_id = $3","parameters: $1 = '1', $2 = '1', $3 = '49'",,,,,,,,"","client backend"
2024-06-16 19:00:13.388 CST,"raingage","benchmark",54599,"127.0.0.1:48958",666ec5b9.d547,54,"SELECT",2024-06-16 19:00:09 CST,8/5,0,LOG,00000,"execute S_1: SELECT c_discount, c_last, c_credit, w_tax     FROM bmsql_customer     JOIN bmsql_warehouse ON (w_id = c_w_id)     WHERE c_w_id = $1 AND c_d_id = $2 AND c_id = $3","parameters: $1 = '1', $2 = '2', $3 = '59'",,,,,,,,"","client backend"
2024-06-16 19:00:13.396 CST,"raingage","benchmark",54596,"127.0.0.1:48952",666ec5b9.d544,64,"SELECT",2024-06-16 19:00:09 CST,5/6,0,LOG,00000,"execute S_1: SELECT c_discount, c_last, c_credit, w_tax     FROM bmsql_customer     JOIN bmsql_warehouse ON (w_id = c_w_id)     WHERE c_w_id = $1 AND c_d_id = $2 AND c_id = $3","parameters: $1 = '1', $2 = '2', $3 = '8'",,,,,,,,"","client backend"
2024-06-16 19:00:13.448 CST,"raingage","benchmark",54595,"127.0.0.1:48950",666ec5b9.d543,63,"SELECT",2024-06-16 19:00:09 CST,4/6,0,LOG,00000,"execute S_1: SELECT c_discount, c_last, c_credit, w_tax     FROM bmsql_customer     JOIN bmsql_warehouse ON (w_id = c_w_id)     WHERE c_w_id = $1 AND c_d_id = $2 AND c_id = $3","parameters: $1 = '1', $2 = '1', $3 = '49'",,,,,,,,"","client backend"
2024-06-16 19:00:13.454 CST,"raingage","benchmark",54599,"127.0.0.1:48958",666ec5b9.d547,55,"SELECT",2024-06-16 19:00:09 CST,8/5,0,LOG,00000,"execute S_1: SELECT c_discount, c_last, c_credit, w_tax     FROM bmsql_customer     JOIN bmsql_warehouse ON (w_id = c_w_id)     WHERE c_w_id = $1 AND c_d_id = $2 AND c_id = $3","parameters: $1 = '1', $2 = '2', $3 = '59'",,,,,,,,"","client backend"
2024-06-16 19:00:13.464 CST,"raingage","benchmark",54596,"127.0.0.1:48952",666ec5b9.d544,65,"SELECT",2024-06-16 19:00:09 CST,5/6,0,LOG,00000,"execute S_1: SELECT c_discount, c_last, c_credit, w_tax     FROM bmsql_customer     JOIN bmsql_warehouse ON (w_id = c_w_id)     WHERE c_w_id = $1 AND c_d_id = $2 AND c_id = $3","parameters: $1 = '1', $2 = '2', $3 = '8'",,,,,,,,"","client backend"
2024-06-16 19:00:13.474 CST,"raingage","benchmark",54599,"127.0.0.1:48958",666ec5b9.d547,56,"SELECT",2024-06-16 19:00:09 CST,8/5,0,LOG,00000,"execute <unnamed>: SELECT i_price, i_name, i_data     FROM bmsql_item     WHERE i_id = $1","parameters: $1 = '1'",,,,,,,,"","client backend"
2024-06-16 19:00:13.488 CST,"raingage","benchmark",54599,"127.0.0.1:48958",666ec5b9.d547,57,"SELECT",2024-06-16 19:00:09 CST,8/5,0,LOG,00000,"execute <unnamed>: SELECT s_quantity, s_data,        s_dist_01, s_dist_02, s_dist_03, s_dist_04,        s_dist_05, s_dist_06, s_dist_07, s_dist_08,        s_dist_09, s_dist_10     FROM bmsql_stock     WHERE s_w_id = $1 AND s_i_id = $2 ","parameters: $1 = '1', $2 = '1'",,,,,,,,"","client backend"
2024-06-16 19:00:13.507 CST,"raingage","benchmark",54599,"127.0.0.1:48958",666ec5b9.d547,58,"UPDATE",2024-06-16 19:00:09 CST,8/5,0,LOG,00000,"execute <unnamed>: UPDATE bmsql_stock     SET s_quantity = $1, s_ytd = s_ytd + $2,         s_order_cnt = s_order_cnt + 1,         s_remote_cnt = s_remote_cnt + $3     WHERE s_w_id = $4 AND s_i_id = $5","parameters: $1 = '86', $2 = '2', $3 = '0', $4 = '1', $5 = '1'",,,,,,,,"","client backend"
2024-06-16 19:00:13.516 CST,"raingage","benchmark",54595,"127.0.0.1:48950",666ec5b9.d543,64,"SELECT",2024-06-16 19:00:09 CST,4/6,0,LOG,00000,"execute S_1: SELECT c_discount, c_last, c_credit, w_tax     FROM bmsql_customer     JOIN bmsql_warehouse ON (w_id = c_w_id)     WHERE c_w_id = $1 AND c_d_id = $2 AND c_id = $3","parameters: $1 = '1', $2 = '1', $3 = '49'",,,,,,,,"","client backend"
2024-06-16 19:00:13.524 CST,"raingage","benchmark",54599,"127.0.0.1:48958",666ec5b9.d547,59,"COMMIT",2024-06-16 19:00:09 CST,8/5,115225,LOG,00000,"execute S_2: COMMIT",,,,,,,,,"","client backend"
2024-06-16 19:00:13.525 CST,"raingage","benchmark",54599,"127.0.0.1:48958",666ec5b9.d547,60,"COMMIT",2024-06-16 19:00:09 CST,8/0,115225,WARNING,01000,"registered snapshots seem to remain after cleanup",,,,,,,,,"","client backend"
2024-06-16 19:00:13.529 CST,"raingage","benchmark",54596,"127.0.0.1:48952",666ec5b9.d544,66,"SELECT",2024-06-16 19:00:09 CST,5/6,0,LOG,00000,"execute S_1: SELECT c_discount, c_last, c_credit, w_tax     FROM bmsql_customer     JOIN bmsql_warehouse ON (w_id = c_w_id)     WHERE c_w_id = $1 AND c_d_id = $2 AND c_id = $3","parameters: $1 = '1', $2 = '2', $3 = '8'",,,,,,,,"","client backend"
2024-06-16 19:00:13.544 CST,"raingage","benchmark",54599,"127.0.0.1:48958",666ec5b9.d547,61,"BEGIN",2024-06-16 19:00:09 CST,8/6,0,LOG,00000,"execute S_3: BEGIN",,,,,,,,,"","client backend"
2024-06-16 19:00:13.563 CST,"raingage","benchmark",54599,"127.0.0.1:48958",666ec5b9.d547,62,"SELECT",2024-06-16 19:00:09 CST,8/6,0,LOG,00000,"execute S_4: SELECT d_tax, d_next_o_id     FROM bmsql_district     WHERE d_w_id = $1 AND d_id = $2 ","parameters: $1 = '1', $2 = '1'",,,,,,,,"","client backend"
2024-06-16 19:00:13.579 CST,"raingage","benchmark",54595,"127.0.0.1:48950",666ec5b9.d543,65,"SELECT",2024-06-16 19:00:09 CST,4/6,0,LOG,00000,"execute S_1: SELECT c_discount, c_last, c_credit, w_tax     FROM bmsql_customer     JOIN bmsql_warehouse ON (w_id = c_w_id)     WHERE c_w_id = $1 AND c_d_id = $2 AND c_id = $3","parameters: $1 = '1', $2 = '1', $3 = '49'",,,,,,,,"","client backend"
2024-06-16 19:00:13.597 CST,"raingage","benchmark",54596,"127.0.0.1:48952",666ec5b9.d544,67,"SELECT",2024-06-16 19:00:09 CST,5/6,0,LOG,00000,"execute S_1: SELECT c_discount, c_last, c_credit, w_tax     FROM bmsql_customer     JOIN bmsql_warehouse ON (w_id = c_w_id)     WHERE c_w_id = $1 AND c_d_id = $2 AND c_id = $3","parameters: $1 = '1', $2 = '2', $3 = '8'",,,,,,,,"","client backend"
2024-06-16 19:00:13.611 CST,"raingage","benchmark",54596,"127.0.0.1:48952",666ec5b9.d544,68,"SELECT",2024-06-16 19:00:09 CST,5/6,0,LOG,00000,"execute S_5: SELECT i_price, i_name, i_data     FROM bmsql_item     WHERE i_id = $1","parameters: $1 = '107'",,,,,,,,"","client backend"
2024-06-16 19:00:13.628 CST,"raingage","benchmark",54596,"127.0.0.1:48952",666ec5b9.d544,69,"SELECT",2024-06-16 19:00:09 CST,5/6,0,LOG,00000,"execute S_6: SELECT s_quantity, s_data,        s_dist_01, s_dist_02, s_dist_03, s_dist_04,        s_dist_05, s_dist_06, s_dist_07, s_dist_08,        s_dist_09, s_dist_10     FROM bmsql_stock     WHERE s_w_id = $1 AND s_i_id = $2 ","parameters: $1 = '1', $2 = '107'",,,,,,,,"","client backend"
2024-06-16 19:00:13.631 CST,"raingage","benchmark",54599,"127.0.0.1:48958",666ec5b9.d547,63,"SELECT",2024-06-16 19:00:09 CST,8/6,0,LOG,00000,"execute S_1: SELECT c_discount, c_last, c_credit, w_tax     FROM bmsql_customer     JOIN bmsql_warehouse ON (w_id = c_w_id)     WHERE c_w_id = $1 AND c_d_id = $2 AND c_id = $3","parameters: $1 = '1', $2 = '1', $3 = '1'",,,,,,,,"","client backend"
2024-06-16 19:00:13.647 CST,"raingage","benchmark",54595,"127.0.0.1:48950",666ec5b9.d543,66,"SELECT",2024-06-16 19:00:09 CST,4/6,0,LOG,00000,"execute S_1: SELECT c_discount, c_last, c_credit, w_tax     FROM bmsql_customer     JOIN bmsql_warehouse ON (w_id = c_w_id)     WHERE c_w_id = $1 AND c_d_id = $2 AND c_id = $3","parameters: $1 = '1', $2 = '1', $3 = '49'",,,,,,,,"","client backend"
2024-06-16 19:00:13.650 CST,"raingage","benchmark",54596,"127.0.0.1:48952",666ec5b9.d544,70,"UPDATE",2024-06-16 19:00:09 CST,5/6,0,LOG,00000,"execute S_7: UPDATE bmsql_stock     SET s_quantity = $1, s_ytd = s_ytd + $2,         s_order_cnt = s_order_cnt + 1,         s_remote_cnt = s_remote_cnt + $3     WHERE s_w_id = $4 AND s_i_id = $5","parameters: $1 = '23', $2 = '3', $3 = '0', $4 = '1', $5 = '107'",,,,,,,,"","client backend"
2024-06-16 19:00:13.668 CST,"raingage","benchmark",54596,"127.0.0.1:48952",666ec5b9.d544,71,"COMMIT",2024-06-16 19:00:09 CST,5/6,115226,LOG,00000,"execute S_2: COMMIT",,,,,,,,,"","client backend"
2024-06-16 19:00:13.669 CST,"raingage","benchmark",54596,"127.0.0.1:48952",666ec5b9.d544,72,"COMMIT",2024-06-16 19:00:09 CST,5/0,115226,WARNING,01000,"registered snapshots seem to remain after cleanup",,,,,,,,,"","client backend"
2024-06-16 19:00:13.689 CST,"raingage","benchmark",54596,"127.0.0.1:48952",666ec5b9.d544,73,"BEGIN",2024-06-16 19:00:09 CST,5/7,0,LOG,00000,"execute S_3: BEGIN",,,,,,,,,"","client backend"
2024-06-16 19:00:13.702 CST,"raingage","benchmark",54596,"127.0.0.1:48952",666ec5b9.d544,74,"SELECT",2024-06-16 19:00:09 CST,5/7,0,LOG,00000,"execute S_4: SELECT d_tax, d_next_o_id     FROM bmsql_district     WHERE d_w_id = $1 AND d_id = $2 ","parameters: $1 = '1', $2 = '1'",,,,,,,,"","client backend"
2024-06-16 19:00:13.702 CST,"raingage","benchmark",54599,"127.0.0.1:48958",666ec5b9.d547,64,"SELECT",2024-06-16 19:00:09 CST,8/6,0,LOG,00000,"execute S_1: SELECT c_discount, c_last, c_credit, w_tax     FROM bmsql_customer     JOIN bmsql_warehouse ON (w_id = c_w_id)     WHERE c_w_id = $1 AND c_d_id = $2 AND c_id = $3","parameters: $1 = '1', $2 = '1', $3 = '1'",,,,,,,,"","client backend"
2024-06-16 19:00:13.710 CST,"raingage","benchmark",54595,"127.0.0.1:48950",666ec5b9.d543,67,"SELECT",2024-06-16 19:00:09 CST,4/6,0,LOG,00000,"execute S_1: SELECT c_discount, c_last, c_credit, w_tax     FROM bmsql_customer     JOIN bmsql_warehouse ON (w_id = c_w_id)     WHERE c_w_id = $1 AND c_d_id = $2 AND c_id = $3","parameters: $1 = '1', $2 = '1', $3 = '49'",,,,,,,,"","client backend"
2024-06-16 19:00:13.729 CST,"raingage","benchmark",54595,"127.0.0.1:48950",666ec5b9.d543,68,"SELECT",2024-06-16 19:00:09 CST,4/6,0,LOG,00000,"execute S_5: SELECT i_price, i_name, i_data     FROM bmsql_item     WHERE i_id = $1","parameters: $1 = '27'",,,,,,,,"","client backend"
2024-06-16 19:00:13.742 CST,"raingage","benchmark",54595,"127.0.0.1:48950",666ec5b9.d543,69,"SELECT",2024-06-16 19:00:09 CST,4/6,0,LOG,00000,"execute S_6: SELECT s_quantity, s_data,        s_dist_01, s_dist_02, s_dist_03, s_dist_04,        s_dist_05, s_dist_06, s_dist_07, s_dist_08,        s_dist_09, s_dist_10     FROM bmsql_stock     WHERE s_w_id = $1 AND s_i_id = $2 ","parameters: $1 = '1', $2 = '27'",,,,,,,,"","client backend"
2024-06-16 19:00:13.758 CST,"raingage","benchmark",54595,"127.0.0.1:48950",666ec5b9.d543,70,"UPDATE",2024-06-16 19:00:09 CST,4/6,0,LOG,00000,"execute S_7: UPDATE bmsql_stock     SET s_quantity = $1, s_ytd = s_ytd + $2,         s_order_cnt = s_order_cnt + 1,         s_remote_cnt = s_remote_cnt + $3     WHERE s_w_id = $4 AND s_i_id = $5","parameters: $1 = '46', $2 = '7', $3 = '0', $4 = '1', $5 = '27'",,,,,,,,"","client backend"
2024-06-16 19:00:13.765 CST,"raingage","benchmark",54599,"127.0.0.1:48958",666ec5b9.d547,65,"SELECT",2024-06-16 19:00:09 CST,8/6,0,LOG,00000,"execute S_1: SELECT c_discount, c_last, c_credit, w_tax     FROM bmsql_customer     JOIN bmsql_warehouse ON (w_id = c_w_id)     WHERE c_w_id = $1 AND c_d_id = $2 AND c_id = $3","parameters: $1 = '1', $2 = '1', $3 = '1'",,,,,,,,"","client backend"
2024-06-16 19:00:13.768 CST,"raingage","benchmark",54596,"127.0.0.1:48952",666ec5b9.d544,75,"SELECT",2024-06-16 19:00:09 CST,5/7,0,LOG,00000,"execute S_1: SELECT c_discount, c_last, c_credit, w_tax     FROM bmsql_customer     JOIN bmsql_warehouse ON (w_id = c_w_id)     WHERE c_w_id = $1 AND c_d_id = $2 AND c_id = $3","parameters: $1 = '1', $2 = '1', $3 = '40'",,,,,,,,"","client backend"
2024-06-16 19:00:13.775 CST,"raingage","benchmark",54595,"127.0.0.1:48950",666ec5b9.d543,71,"COMMIT",2024-06-16 19:00:09 CST,4/6,115227,LOG,00000,"execute S_2: COMMIT",,,,,,,,,"","client backend"
2024-06-16 19:00:13.793 CST,"raingage","benchmark",54595,"127.0.0.1:48950",666ec5b9.d543,72,"BEGIN",2024-06-16 19:00:09 CST,4/7,0,LOG,00000,"execute S_3: BEGIN",,,,,,,,,"","client backend"
2024-06-16 19:00:13.810 CST,"raingage","benchmark",54595,"127.0.0.1:48950",666ec5b9.d543,73,"SELECT",2024-06-16 19:00:09 CST,4/7,0,LOG,00000,"execute S_4: SELECT d_tax, d_next_o_id     FROM bmsql_district     WHERE d_w_id = $1 AND d_id = $2 ","parameters: $1 = '1', $2 = '1'",,,,,,,,"","client backend"
2024-06-16 19:00:13.835 CST,"raingage","benchmark",54596,"127.0.0.1:48952",666ec5b9.d544,76,"SELECT",2024-06-16 19:00:09 CST,5/7,0,LOG,00000,"execute S_1: SELECT c_discount, c_last, c_credit, w_tax     FROM bmsql_customer     JOIN bmsql_warehouse ON (w_id = c_w_id)     WHERE c_w_id = $1 AND c_d_id = $2 AND c_id = $3","parameters: $1 = '1', $2 = '1', $3 = '40'",,,,,,,,"","client backend"
2024-06-16 19:00:13.837 CST,"raingage","benchmark",54599,"127.0.0.1:48958",666ec5b9.d547,66,"SELECT",2024-06-16 19:00:09 CST,8/6,0,LOG,00000,"execute S_1: SELECT c_discount, c_last, c_credit, w_tax     FROM bmsql_customer     JOIN bmsql_warehouse ON (w_id = c_w_id)     WHERE c_w_id = $1 AND c_d_id = $2 AND c_id = $3","parameters: $1 = '1', $2 = '1', $3 = '1'",,,,,,,,"","client backend"
2024-06-16 19:00:13.879 CST,"raingage","benchmark",54595,"127.0.0.1:48950",666ec5b9.d543,74,"SELECT",2024-06-16 19:00:09 CST,4/7,0,LOG,00000,"execute S_1: SELECT c_discount, c_last, c_credit, w_tax     FROM bmsql_customer     JOIN bmsql_warehouse ON (w_id = c_w_id)     WHERE c_w_id = $1 AND c_d_id = $2 AND c_id = $3","parameters: $1 = '1', $2 = '1', $3 = '22'",,,,,,,,"","client backend"
2024-06-16 19:00:13.902 CST,"raingage","benchmark",54599,"127.0.0.1:48958",666ec5b9.d547,67,"SELECT",2024-06-16 19:00:09 CST,8/6,0,LOG,00000,"execute S_1: SELECT c_discount, c_last, c_credit, w_tax     FROM bmsql_customer     JOIN bmsql_warehouse ON (w_id = c_w_id)     WHERE c_w_id = $1 AND c_d_id = $2 AND c_id = $3","parameters: $1 = '1', $2 = '1', $3 = '1'",,,,,,,,"","client backend"
2024-06-16 19:00:13.905 CST,"raingage","benchmark",54596,"127.0.0.1:48952",666ec5b9.d544,77,"SELECT",2024-06-16 19:00:09 CST,5/7,0,LOG,00000,"execute S_1: SELECT c_discount, c_last, c_credit, w_tax     FROM bmsql_customer     JOIN bmsql_warehouse ON (w_id = c_w_id)     WHERE c_w_id = $1 AND c_d_id = $2 AND c_id = $3","parameters: $1 = '1', $2 = '1', $3 = '40'",,,,,,,,"","client backend"
2024-06-16 19:00:13.941 CST,"raingage","benchmark",54595,"127.0.0.1:48950",666ec5b9.d543,75,"SELECT",2024-06-16 19:00:09 CST,4/7,0,LOG,00000,"execute S_1: SELECT c_discount, c_last, c_credit, w_tax     FROM bmsql_customer     JOIN bmsql_warehouse ON (w_id = c_w_id)     WHERE c_w_id = $1 AND c_d_id = $2 AND c_id = $3","parameters: $1 = '1', $2 = '1', $3 = '22'",,,,,,,,"","client backend"
2024-06-16 19:00:13.967 CST,"raingage","benchmark",54599,"127.0.0.1:48958",666ec5b9.d547,68,"SELECT",2024-06-16 19:00:09 CST,8/6,0,LOG,00000,"execute S_1: SELECT c_discount, c_last, c_credit, w_tax     FROM bmsql_customer     JOIN bmsql_warehouse ON (w_id = c_w_id)     WHERE c_w_id = $1 AND c_d_id = $2 AND c_id = $3","parameters: $1 = '1', $2 = '1', $3 = '1'",,,,,,,,"","client backend"
2024-06-16 19:00:13.974 CST,"raingage","benchmark",54596,"127.0.0.1:48952",666ec5b9.d544,78,"SELECT",2024-06-16 19:00:09 CST,5/7,0,LOG,00000,"execute S_1: SELECT c_discount, c_last, c_credit, w_tax     FROM bmsql_customer     JOIN bmsql_warehouse ON (w_id = c_w_id)     WHERE c_w_id = $1 AND c_d_id = $2 AND c_id = $3","parameters: $1 = '1', $2 = '1', $3 = '40'",,,,,,,,"","client backend"
2024-06-16 19:00:14.009 CST,"raingage","benchmark",54595,"127.0.0.1:48950",666ec5b9.d543,76,"SELECT",2024-06-16 19:00:09 CST,4/7,0,LOG,00000,"execute S_1: SELECT c_discount, c_last, c_credit, w_tax     FROM bmsql_customer     JOIN bmsql_warehouse ON (w_id = c_w_id)     WHERE c_w_id = $1 AND c_d_id = $2 AND c_id = $3","parameters: $1 = '1', $2 = '1', $3 = '22'",,,,,,,,"","client backend"
2024-06-16 19:00:14.034 CST,"raingage","benchmark",54599,"127.0.0.1:48958",666ec5b9.d547,69,"SELECT",2024-06-16 19:00:09 CST,8/6,0,LOG,00000,"execute S_1: SELECT c_discount, c_last, c_credit, w_tax     FROM bmsql_customer     JOIN bmsql_warehouse ON (w_id = c_w_id)     WHERE c_w_id = $1 AND c_d_id = $2 AND c_id = $3","parameters: $1 = '1', $2 = '1', $3 = '1'",,,,,,,,"","client backend"
2024-06-16 19:00:14.045 CST,"raingage","benchmark",54596,"127.0.0.1:48952",666ec5b9.d544,79,"SELECT",2024-06-16 19:00:09 CST,5/7,0,LOG,00000,"execute S_1: SELECT c_discount, c_last, c_credit, w_tax     FROM bmsql_customer     JOIN bmsql_warehouse ON (w_id = c_w_id)     WHERE c_w_id = $1 AND c_d_id = $2 AND c_id = $3","parameters: $1 = '1', $2 = '1', $3 = '40'",,,,,,,,"","client backend"
2024-06-16 19:00:14.073 CST,"raingage","benchmark",54595,"127.0.0.1:48950",666ec5b9.d543,77,"SELECT",2024-06-16 19:00:09 CST,4/7,0,LOG,00000,"execute S_1: SELECT c_discount, c_last, c_credit, w_tax     FROM bmsql_customer     JOIN bmsql_warehouse ON (w_id = c_w_id)     WHERE c_w_id = $1 AND c_d_id = $2 AND c_id = $3","parameters: $1 = '1', $2 = '1', $3 = '22'",,,,,,,,"","client backend"
2024-06-16 19:00:14.103 CST,"raingage","benchmark",54599,"127.0.0.1:48958",666ec5b9.d547,70,"SELECT",2024-06-16 19:00:09 CST,8/6,0,LOG,00000,"execute S_1: SELECT c_discount, c_last, c_credit, w_tax     FROM bmsql_customer     JOIN bmsql_warehouse ON (w_id = c_w_id)     WHERE c_w_id = $1 AND c_d_id = $2 AND c_id = $3","parameters: $1 = '1', $2 = '1', $3 = '1'",,,,,,,,"","client backend"
2024-06-16 19:00:14.112 CST,"raingage","benchmark",54596,"127.0.0.1:48952",666ec5b9.d544,80,"SELECT",2024-06-16 19:00:09 CST,5/7,0,LOG,00000,"execute S_1: SELECT c_discount, c_last, c_credit, w_tax     FROM bmsql_customer     JOIN bmsql_warehouse ON (w_id = c_w_id)     WHERE c_w_id = $1 AND c_d_id = $2 AND c_id = $3","parameters: $1 = '1', $2 = '1', $3 = '40'",,,,,,,,"","client backend"
2024-06-16 19:00:14.116 CST,"raingage","benchmark",54599,"127.0.0.1:48958",666ec5b9.d547,71,"SELECT",2024-06-16 19:00:09 CST,8/6,0,LOG,00000,"execute S_5: SELECT i_price, i_name, i_data     FROM bmsql_item     WHERE i_id = $1","parameters: $1 = '15'",,,,,,,,"","client backend"
2024-06-16 19:00:14.136 CST,"raingage","benchmark",54599,"127.0.0.1:48958",666ec5b9.d547,72,"SELECT",2024-06-16 19:00:09 CST,8/6,0,LOG,00000,"execute S_6: SELECT s_quantity, s_data,        s_dist_01, s_dist_02, s_dist_03, s_dist_04,        s_dist_05, s_dist_06, s_dist_07, s_dist_08,        s_dist_09, s_dist_10     FROM bmsql_stock     WHERE s_w_id = $1 AND s_i_id = $2 ","parameters: $1 = '1', $2 = '15'",,,,,,,,"","client backend"
2024-06-16 19:00:14.141 CST,"raingage","benchmark",54595,"127.0.0.1:48950",666ec5b9.d543,78,"SELECT",2024-06-16 19:00:09 CST,4/7,0,LOG,00000,"execute S_1: SELECT c_discount, c_last, c_credit, w_tax     FROM bmsql_customer     JOIN bmsql_warehouse ON (w_id = c_w_id)     WHERE c_w_id = $1 AND c_d_id = $2 AND c_id = $3","parameters: $1 = '1', $2 = '1', $3 = '22'",,,,,,,,"","client backend"
2024-06-16 19:00:14.158 CST,"raingage","benchmark",54599,"127.0.0.1:48958",666ec5b9.d547,73,"UPDATE",2024-06-16 19:00:09 CST,8/6,0,LOG,00000,"execute S_7: UPDATE bmsql_stock     SET s_quantity = $1, s_ytd = s_ytd + $2,         s_order_cnt = s_order_cnt + 1,         s_remote_cnt = s_remote_cnt + $3     WHERE s_w_id = $4 AND s_i_id = $5","parameters: $1 = '97', $2 = '4', $3 = '0', $4 = '1', $5 = '15'",,,,,,,,"","client backend"
2024-06-16 19:00:14.173 CST,"raingage","benchmark",54599,"127.0.0.1:48958",666ec5b9.d547,74,"COMMIT",2024-06-16 19:00:09 CST,8/6,115228,LOG,00000,"execute S_2: COMMIT",,,,,,,,,"","client backend"
2024-06-16 19:00:14.183 CST,"raingage","benchmark",54596,"127.0.0.1:48952",666ec5b9.d544,81,"SELECT",2024-06-16 19:00:09 CST,5/7,0,LOG,00000,"execute S_1: SELECT c_discount, c_last, c_credit, w_tax     FROM bmsql_customer     JOIN bmsql_warehouse ON (w_id = c_w_id)     WHERE c_w_id = $1 AND c_d_id = $2 AND c_id = $3","parameters: $1 = '1', $2 = '1', $3 = '40'",,,,,,,,"","client backend"
2024-06-16 19:00:14.193 CST,"raingage","benchmark",54599,"127.0.0.1:48958",666ec5b9.d547,75,"BEGIN",2024-06-16 19:00:09 CST,8/7,0,LOG,00000,"execute S_3: BEGIN",,,,,,,,,"","client backend"
2024-06-16 19:00:14.203 CST,"raingage","benchmark",54595,"127.0.0.1:48950",666ec5b9.d543,79,"SELECT",2024-06-16 19:00:09 CST,4/7,0,LOG,00000,"execute S_1: SELECT c_discount, c_last, c_credit, w_tax     FROM bmsql_customer     JOIN bmsql_warehouse ON (w_id = c_w_id)     WHERE c_w_id = $1 AND c_d_id = $2 AND c_id = $3","parameters: $1 = '1', $2 = '1', $3 = '22'",,,,,,,,"","client backend"
2024-06-16 19:00:14.214 CST,"raingage","benchmark",54599,"127.0.0.1:48958",666ec5b9.d547,76,"SELECT",2024-06-16 19:00:09 CST,8/7,0,LOG,00000,"execute S_4: SELECT d_tax, d_next_o_id     FROM bmsql_district     WHERE d_w_id = $1 AND d_id = $2 ","parameters: $1 = '1', $2 = '1'",,,,,,,,"","client backend"
2024-06-16 19:00:14.252 CST,"raingage","benchmark",54596,"127.0.0.1:48952",666ec5b9.d544,82,"SELECT",2024-06-16 19:00:09 CST,5/7,0,LOG,00000,"execute S_1: SELECT c_discount, c_last, c_credit, w_tax     FROM bmsql_customer     JOIN bmsql_warehouse ON (w_id = c_w_id)     WHERE c_w_id = $1 AND c_d_id = $2 AND c_id = $3","parameters: $1 = '1', $2 = '1', $3 = '40'",,,,,,,,"","client backend"
2024-06-16 19:00:14.268 CST,"raingage","benchmark",54595,"127.0.0.1:48950",666ec5b9.d543,80,"SELECT",2024-06-16 19:00:09 CST,4/7,0,LOG,00000,"execute S_1: SELECT c_discount, c_last, c_credit, w_tax     FROM bmsql_customer     JOIN bmsql_warehouse ON (w_id = c_w_id)     WHERE c_w_id = $1 AND c_d_id = $2 AND c_id = $3","parameters: $1 = '1', $2 = '1', $3 = '22'",,,,,,,,"","client backend"
2024-06-16 19:00:14.268 CST,"raingage","benchmark",54596,"127.0.0.1:48952",666ec5b9.d544,83,"SELECT",2024-06-16 19:00:09 CST,5/7,0,LOG,00000,"execute S_5: SELECT i_price, i_name, i_data     FROM bmsql_item     WHERE i_id = $1","parameters: $1 = '34'",,,,,,,,"","client backend"
2024-06-16 19:00:14.283 CST,"raingage","benchmark",54596,"127.0.0.1:48952",666ec5b9.d544,84,"SELECT",2024-06-16 19:00:09 CST,5/7,0,LOG,00000,"execute S_6: SELECT s_quantity, s_data,        s_dist_01, s_dist_02, s_dist_03, s_dist_04,        s_dist_05, s_dist_06, s_dist_07, s_dist_08,        s_dist_09, s_dist_10     FROM bmsql_stock     WHERE s_w_id = $1 AND s_i_id = $2 ","parameters: $1 = '1', $2 = '34'",,,,,,,,"","client backend"
2024-06-16 19:00:14.295 CST,"raingage","benchmark",54596,"127.0.0.1:48952",666ec5b9.d544,85,"UPDATE",2024-06-16 19:00:09 CST,5/7,0,LOG,00000,"execute S_7: UPDATE bmsql_stock     SET s_quantity = $1, s_ytd = s_ytd + $2,         s_order_cnt = s_order_cnt + 1,         s_remote_cnt = s_remote_cnt + $3     WHERE s_w_id = $4 AND s_i_id = $5","parameters: $1 = '83', $2 = '4', $3 = '0', $4 = '1', $5 = '34'",,,,,,,,"","client backend"
2024-06-16 19:00:14.312 CST,"raingage","benchmark",54596,"127.0.0.1:48952",666ec5b9.d544,86,"COMMIT",2024-06-16 19:00:09 CST,5/7,115229,LOG,00000,"execute S_2: COMMIT",,,,,,,,,"","client backend"
2024-06-16 19:00:14.330 CST,"raingage","benchmark",54596,"127.0.0.1:48952",666ec5b9.d544,87,"BEGIN",2024-06-16 19:00:09 CST,5/8,0,LOG,00000,"execute S_3: BEGIN",,,,,,,,,"","client backend"
2024-06-16 19:00:14.337 CST,"raingage","benchmark",54595,"127.0.0.1:48950",666ec5b9.d543,81,"SELECT",2024-06-16 19:00:09 CST,4/7,0,LOG,00000,"execute S_1: SELECT c_discount, c_last, c_credit, w_tax     FROM bmsql_customer     JOIN bmsql_warehouse ON (w_id = c_w_id)     WHERE c_w_id = $1 AND c_d_id = $2 AND c_id = $3","parameters: $1 = '1', $2 = '1', $3 = '22'",,,,,,,,"","client backend"
2024-06-16 19:00:14.343 CST,"raingage","benchmark",54596,"127.0.0.1:48952",666ec5b9.d544,88,"SELECT",2024-06-16 19:00:09 CST,5/8,0,LOG,00000,"execute S_4: SELECT d_tax, d_next_o_id     FROM bmsql_district     WHERE d_w_id = $1 AND d_id = $2 ","parameters: $1 = '1', $2 = '1'",,,,,,,,"","client backend"
2024-06-16 19:00:14.357 CST,"raingage","benchmark",54595,"127.0.0.1:48950",666ec5b9.d543,82,"SELECT",2024-06-16 19:00:09 CST,4/7,0,LOG,00000,"execute S_5: SELECT i_price, i_name, i_data     FROM bmsql_item     WHERE i_id = $1","parameters: $1 = '2'",,,,,,,,"","client backend"
2024-06-16 19:00:14.370 CST,"raingage","benchmark",54595,"127.0.0.1:48950",666ec5b9.d543,83,"SELECT",2024-06-16 19:00:09 CST,4/7,0,LOG,00000,"execute S_6: SELECT s_quantity, s_data,        s_dist_01, s_dist_02, s_dist_03, s_dist_04,        s_dist_05, s_dist_06, s_dist_07, s_dist_08,        s_dist_09, s_dist_10     FROM bmsql_stock     WHERE s_w_id = $1 AND s_i_id = $2 ","parameters: $1 = '1', $2 = '2'",,,,,,,,"","client backend"
2024-06-16 19:00:14.385 CST,"raingage","benchmark",54595,"127.0.0.1:48950",666ec5b9.d543,84,"UPDATE",2024-06-16 19:00:09 CST,4/7,0,LOG,00000,"execute S_7: UPDATE bmsql_stock     SET s_quantity = $1, s_ytd = s_ytd + $2,         s_order_cnt = s_order_cnt + 1,         s_remote_cnt = s_remote_cnt + $3     WHERE s_w_id = $4 AND s_i_id = $5","parameters: $1 = '98', $2 = '2', $3 = '0', $4 = '1', $5 = '2'",,,,,,,,"","client backend"
2024-06-16 19:00:14.400 CST,"raingage","benchmark",54595,"127.0.0.1:48950",666ec5b9.d543,85,"COMMIT",2024-06-16 19:00:09 CST,4/7,115230,LOG,00000,"execute S_2: COMMIT",,,,,,,,,"","client backend"
2024-06-16 19:00:14.401 CST,"raingage","benchmark",54599,"127.0.0.1:48958",666ec5b9.d547,77,"SELECT",2024-06-16 19:00:09 CST,8/7,0,LOG,00000,"execute S_1: SELECT c_discount, c_last, c_credit, w_tax     FROM bmsql_customer     JOIN bmsql_warehouse ON (w_id = c_w_id)     WHERE c_w_id = $1 AND c_d_id = $2 AND c_id = $3","parameters: $1 = '1', $2 = '1', $3 = '22'",,,,,,,,"","client backend"
2024-06-16 19:00:14.410 CST,"raingage","benchmark",54596,"127.0.0.1:48952",666ec5b9.d544,89,"SELECT",2024-06-16 19:00:09 CST,5/8,0,LOG,00000,"execute S_1: SELECT c_discount, c_last, c_credit, w_tax     FROM bmsql_customer     JOIN bmsql_warehouse ON (w_id = c_w_id)     WHERE c_w_id = $1 AND c_d_id = $2 AND c_id = $3","parameters: $1 = '1', $2 = '1', $3 = '18'",,,,,,,,"","client backend"
2024-06-16 19:00:14.418 CST,"raingage","benchmark",54595,"127.0.0.1:48950",666ec5b9.d543,86,"BEGIN",2024-06-16 19:00:09 CST,4/8,0,LOG,00000,"execute S_3: BEGIN",,,,,,,,,"","client backend"
2024-06-16 19:00:14.428 CST,"raingage","benchmark",54595,"127.0.0.1:48950",666ec5b9.d543,87,"SELECT",2024-06-16 19:00:09 CST,4/8,0,LOG,00000,"execute S_4: SELECT d_tax, d_next_o_id     FROM bmsql_district     WHERE d_w_id = $1 AND d_id = $2 ","parameters: $1 = '1', $2 = '1'",,,,,,,,"","client backend"
2024-06-16 19:00:14.465 CST,"raingage","benchmark",54599,"127.0.0.1:48958",666ec5b9.d547,78,"SELECT",2024-06-16 19:00:09 CST,8/7,0,LOG,00000,"execute S_1: SELECT c_discount, c_last, c_credit, w_tax     FROM bmsql_customer     JOIN bmsql_warehouse ON (w_id = c_w_id)     WHERE c_w_id = $1 AND c_d_id = $2 AND c_id = $3","parameters: $1 = '1', $2 = '1', $3 = '22'",,,,,,,,"","client backend"
2024-06-16 19:00:14.474 CST,"raingage","benchmark",54596,"127.0.0.1:48952",666ec5b9.d544,90,"SELECT",2024-06-16 19:00:09 CST,5/8,0,LOG,00000,"execute S_1: SELECT c_discount, c_last, c_credit, w_tax     FROM bmsql_customer     JOIN bmsql_warehouse ON (w_id = c_w_id)     WHERE c_w_id = $1 AND c_d_id = $2 AND c_id = $3","parameters: $1 = '1', $2 = '1', $3 = '18'",,,,,,,,"","client backend"
2024-06-16 19:00:14.533 CST,"raingage","benchmark",54599,"127.0.0.1:48958",666ec5b9.d547,79,"SELECT",2024-06-16 19:00:09 CST,8/7,0,LOG,00000,"execute S_1: SELECT c_discount, c_last, c_credit, w_tax     FROM bmsql_customer     JOIN bmsql_warehouse ON (w_id = c_w_id)     WHERE c_w_id = $1 AND c_d_id = $2 AND c_id = $3","parameters: $1 = '1', $2 = '1', $3 = '22'",,,,,,,,"","client backend"
2024-06-16 19:00:14.541 CST,"raingage","benchmark",54596,"127.0.0.1:48952",666ec5b9.d544,91,"SELECT",2024-06-16 19:00:09 CST,5/8,0,LOG,00000,"execute S_1: SELECT c_discount, c_last, c_credit, w_tax     FROM bmsql_customer     JOIN bmsql_warehouse ON (w_id = c_w_id)     WHERE c_w_id = $1 AND c_d_id = $2 AND c_id = $3","parameters: $1 = '1', $2 = '1', $3 = '18'",,,,,,,,"","client backend"
2024-06-16 19:00:14.601 CST,"raingage","benchmark",54599,"127.0.0.1:48958",666ec5b9.d547,80,"SELECT",2024-06-16 19:00:09 CST,8/7,0,LOG,00000,"execute S_1: SELECT c_discount, c_last, c_credit, w_tax     FROM bmsql_customer     JOIN bmsql_warehouse ON (w_id = c_w_id)     WHERE c_w_id = $1 AND c_d_id = $2 AND c_id = $3","parameters: $1 = '1', $2 = '1', $3 = '22'",,,,,,,,"","client backend"
2024-06-16 19:00:14.604 CST,"raingage","benchmark",54596,"127.0.0.1:48952",666ec5b9.d544,92,"SELECT",2024-06-16 19:00:09 CST,5/8,0,LOG,00000,"execute S_1: SELECT c_discount, c_last, c_credit, w_tax     FROM bmsql_customer     JOIN bmsql_warehouse ON (w_id = c_w_id)     WHERE c_w_id = $1 AND c_d_id = $2 AND c_id = $3","parameters: $1 = '1', $2 = '1', $3 = '18'",,,,,,,,"","client backend"
2024-06-16 19:00:14.668 CST,"raingage","benchmark",54599,"127.0.0.1:48958",666ec5b9.d547,81,"SELECT",2024-06-16 19:00:09 CST,8/7,0,LOG,00000,"execute S_1: SELECT c_discount, c_last, c_credit, w_tax     FROM bmsql_customer     JOIN bmsql_warehouse ON (w_id = c_w_id)     WHERE c_w_id = $1 AND c_d_id = $2 AND c_id = $3","parameters: $1 = '1', $2 = '1', $3 = '22'",,,,,,,,"","client backend"
2024-06-16 19:00:14.668 CST,"raingage","benchmark",54596,"127.0.0.1:48952",666ec5b9.d544,93,"SELECT",2024-06-16 19:00:09 CST,5/8,0,LOG,00000,"execute S_1: SELECT c_discount, c_last, c_credit, w_tax     FROM bmsql_customer     JOIN bmsql_warehouse ON (w_id = c_w_id)     WHERE c_w_id = $1 AND c_d_id = $2 AND c_id = $3","parameters: $1 = '1', $2 = '1', $3 = '18'",,,,,,,,"","client backend"
2024-06-16 19:00:14.733 CST,"raingage","benchmark",54599,"127.0.0.1:48958",666ec5b9.d547,82,"SELECT",2024-06-16 19:00:09 CST,8/7,0,LOG,00000,"execute S_1: SELECT c_discount, c_last, c_credit, w_tax     FROM bmsql_customer     JOIN bmsql_warehouse ON (w_id = c_w_id)     WHERE c_w_id = $1 AND c_d_id = $2 AND c_id = $3","parameters: $1 = '1', $2 = '1', $3 = '22'",,,,,,,,"","client backend"
2024-06-16 19:00:14.735 CST,"raingage","benchmark",54596,"127.0.0.1:48952",666ec5b9.d544,94,"SELECT",2024-06-16 19:00:09 CST,5/8,0,LOG,00000,"execute S_1: SELECT c_discount, c_last, c_credit, w_tax     FROM bmsql_customer     JOIN bmsql_warehouse ON (w_id = c_w_id)     WHERE c_w_id = $1 AND c_d_id = $2 AND c_id = $3","parameters: $1 = '1', $2 = '1', $3 = '18'",,,,,,,,"","client backend"
2024-06-16 19:00:14.798 CST,"raingage","benchmark",54599,"127.0.0.1:48958",666ec5b9.d547,83,"SELECT",2024-06-16 19:00:09 CST,8/7,0,LOG,00000,"execute S_1: SELECT c_discount, c_last, c_credit, w_tax     FROM bmsql_customer     JOIN bmsql_warehouse ON (w_id = c_w_id)     WHERE c_w_id = $1 AND c_d_id = $2 AND c_id = $3","parameters: $1 = '1', $2 = '1', $3 = '22'",,,,,,,,"","client backend"
2024-06-16 19:00:14.801 CST,"raingage","benchmark",54596,"127.0.0.1:48952",666ec5b9.d544,95,"SELECT",2024-06-16 19:00:09 CST,5/8,0,LOG,00000,"execute S_1: SELECT c_discount, c_last, c_credit, w_tax     FROM bmsql_customer     JOIN bmsql_warehouse ON (w_id = c_w_id)     WHERE c_w_id = $1 AND c_d_id = $2 AND c_id = $3","parameters: $1 = '1', $2 = '1', $3 = '18'",,,,,,,,"","client backend"
2024-06-16 19:00:14.861 CST,"raingage","benchmark",54599,"127.0.0.1:48958",666ec5b9.d547,84,"SELECT",2024-06-16 19:00:09 CST,8/7,0,LOG,00000,"execute S_1: SELECT c_discount, c_last, c_credit, w_tax     FROM bmsql_customer     JOIN bmsql_warehouse ON (w_id = c_w_id)     WHERE c_w_id = $1 AND c_d_id = $2 AND c_id = $3","parameters: $1 = '1', $2 = '1', $3 = '22'",,,,,,,,"","client backend"
2024-06-16 19:00:14.870 CST,"raingage","benchmark",54596,"127.0.0.1:48952",666ec5b9.d544,96,"SELECT",2024-06-16 19:00:09 CST,5/8,0,LOG,00000,"execute S_1: SELECT c_discount, c_last, c_credit, w_tax     FROM bmsql_customer     JOIN bmsql_warehouse ON (w_id = c_w_id)     WHERE c_w_id = $1 AND c_d_id = $2 AND c_id = $3","parameters: $1 = '1', $2 = '1', $3 = '18'",,,,,,,,"","client backend"
2024-06-16 19:00:14.874 CST,"raingage","benchmark",54599,"127.0.0.1:48958",666ec5b9.d547,85,"SELECT",2024-06-16 19:00:09 CST,8/7,0,LOG,00000,"execute S_5: SELECT i_price, i_name, i_data     FROM bmsql_item     WHERE i_id = $1","parameters: $1 = '2'",,,,,,,,"","client backend"
2024-06-16 19:00:14.884 CST,"raingage","benchmark",54596,"127.0.0.1:48952",666ec5b9.d544,97,"SELECT",2024-06-16 19:00:09 CST,5/8,0,LOG,00000,"execute S_5: SELECT i_price, i_name, i_data     FROM bmsql_item     WHERE i_id = $1","parameters: $1 = '31'",,,,,,,,"","client backend"
2024-06-16 19:00:14.889 CST,"raingage","benchmark",54599,"127.0.0.1:48958",666ec5b9.d547,86,"SELECT",2024-06-16 19:00:09 CST,8/7,0,LOG,00000,"execute S_6: SELECT s_quantity, s_data,        s_dist_01, s_dist_02, s_dist_03, s_dist_04,        s_dist_05, s_dist_06, s_dist_07, s_dist_08,        s_dist_09, s_dist_10     FROM bmsql_stock     WHERE s_w_id = $1 AND s_i_id = $2 ","parameters: $1 = '1', $2 = '2'",,,,,,,,"","client backend"
2024-06-16 19:00:14.902 CST,"raingage","benchmark",54596,"127.0.0.1:48952",666ec5b9.d544,98,"SELECT",2024-06-16 19:00:09 CST,5/8,0,LOG,00000,"execute S_6: SELECT s_quantity, s_data,        s_dist_01, s_dist_02, s_dist_03, s_dist_04,        s_dist_05, s_dist_06, s_dist_07, s_dist_08,        s_dist_09, s_dist_10     FROM bmsql_stock     WHERE s_w_id = $1 AND s_i_id = $2 ","parameters: $1 = '1', $2 = '31'",,,,,,,,"","client backend"
2024-06-16 19:00:14.906 CST,"raingage","benchmark",54599,"127.0.0.1:48958",666ec5b9.d547,87,"UPDATE",2024-06-16 19:00:09 CST,8/7,0,LOG,00000,"execute S_7: UPDATE bmsql_stock     SET s_quantity = $1, s_ytd = s_ytd + $2,         s_order_cnt = s_order_cnt + 1,         s_remote_cnt = s_remote_cnt + $3     WHERE s_w_id = $4 AND s_i_id = $5","parameters: $1 = '99', $2 = '1', $3 = '0', $4 = '1', $5 = '2'",,,,,,,,"","client backend"
2024-06-16 19:00:14.917 CST,"raingage","benchmark",54596,"127.0.0.1:48952",666ec5b9.d544,99,"UPDATE",2024-06-16 19:00:09 CST,5/8,0,LOG,00000,"execute S_7: UPDATE bmsql_stock     SET s_quantity = $1, s_ytd = s_ytd + $2,         s_order_cnt = s_order_cnt + 1,         s_remote_cnt = s_remote_cnt + $3     WHERE s_w_id = $4 AND s_i_id = $5","parameters: $1 = '18', $2 = '7', $3 = '0', $4 = '1', $5 = '31'",,,,,,,,"","client backend"
2024-06-16 19:00:14.926 CST,"raingage","benchmark",54599,"127.0.0.1:48958",666ec5b9.d547,88,"COMMIT",2024-06-16 19:00:09 CST,8/7,115231,LOG,00000,"execute S_2: COMMIT",,,,,,,,,"","client backend"
2024-06-16 19:00:14.928 CST,"raingage","benchmark",54599,"127.0.0.1:48958",666ec5b9.d547,89,"COMMIT",2024-06-16 19:00:09 CST,8/0,115231,WARNING,01000,"registered snapshots seem to remain after cleanup",,,,,,,,,"","client backend"
2024-06-16 19:00:14.931 CST,"raingage","benchmark",54596,"127.0.0.1:48952",666ec5b9.d544,100,"COMMIT",2024-06-16 19:00:09 CST,5/8,115232,LOG,00000,"execute S_2: COMMIT",,,,,,,,,"","client backend"
2024-06-16 19:00:14.932 CST,"raingage","benchmark",54595,"127.0.0.1:48950",666ec5b9.d543,88,"SELECT",2024-06-16 19:00:09 CST,4/8,0,LOG,00000,"execute S_1: SELECT c_discount, c_last, c_credit, w_tax     FROM bmsql_customer     JOIN bmsql_warehouse ON (w_id = c_w_id)     WHERE c_w_id = $1 AND c_d_id = $2 AND c_id = $3","parameters: $1 = '1', $2 = '1', $3 = '18'",,,,,,,,"","client backend"
2024-06-16 19:00:14.947 CST,"raingage","benchmark",54596,"127.0.0.1:48952",666ec5b9.d544,101,"BEGIN",2024-06-16 19:00:09 CST,5/9,0,LOG,00000,"execute S_3: BEGIN",,,,,,,,,"","client backend"
2024-06-16 19:00:14.962 CST,"raingage","benchmark",54596,"127.0.0.1:48952",666ec5b9.d544,102,"SELECT",2024-06-16 19:00:09 CST,5/9,0,LOG,00000,"execute S_4: SELECT d_tax, d_next_o_id     FROM bmsql_district     WHERE d_w_id = $1 AND d_id = $2 ","parameters: $1 = '1', $2 = '2'",,,,,,,,"","client backend"
2024-06-16 19:00:14.997 CST,"raingage","benchmark",54595,"127.0.0.1:48950",666ec5b9.d543,89,"SELECT",2024-06-16 19:00:09 CST,4/8,0,LOG,00000,"execute S_1: SELECT c_discount, c_last, c_credit, w_tax     FROM bmsql_customer     JOIN bmsql_warehouse ON (w_id = c_w_id)     WHERE c_w_id = $1 AND c_d_id = $2 AND c_id = $3","parameters: $1 = '1', $2 = '1', $3 = '18'",,,,,,,,"","client backend"
2024-06-16 19:00:15.034 CST,"raingage","benchmark",54596,"127.0.0.1:48952",666ec5b9.d544,103,"SELECT",2024-06-16 19:00:09 CST,5/9,0,LOG,00000,"execute S_1: SELECT c_discount, c_last, c_credit, w_tax     FROM bmsql_customer     JOIN bmsql_warehouse ON (w_id = c_w_id)     WHERE c_w_id = $1 AND c_d_id = $2 AND c_id = $3","parameters: $1 = '1', $2 = '2', $3 = '92'",,,,,,,,"","client backend"
2024-06-16 19:00:15.064 CST,"raingage","benchmark",54595,"127.0.0.1:48950",666ec5b9.d543,90,"SELECT",2024-06-16 19:00:09 CST,4/8,0,LOG,00000,"execute S_1: SELECT c_discount, c_last, c_credit, w_tax     FROM bmsql_customer     JOIN bmsql_warehouse ON (w_id = c_w_id)     WHERE c_w_id = $1 AND c_d_id = $2 AND c_id = $3","parameters: $1 = '1', $2 = '1', $3 = '18'",,,,,,,,"","client backend"
2024-06-16 19:00:15.099 CST,"raingage","benchmark",54596,"127.0.0.1:48952",666ec5b9.d544,104,"SELECT",2024-06-16 19:00:09 CST,5/9,0,LOG,00000,"execute S_1: SELECT c_discount, c_last, c_credit, w_tax     FROM bmsql_customer     JOIN bmsql_warehouse ON (w_id = c_w_id)     WHERE c_w_id = $1 AND c_d_id = $2 AND c_id = $3","parameters: $1 = '1', $2 = '2', $3 = '92'",,,,,,,,"","client backend"
2024-06-16 19:00:15.133 CST,"raingage","benchmark",54595,"127.0.0.1:48950",666ec5b9.d543,91,"SELECT",2024-06-16 19:00:09 CST,4/8,0,LOG,00000,"execute S_1: SELECT c_discount, c_last, c_credit, w_tax     FROM bmsql_customer     JOIN bmsql_warehouse ON (w_id = c_w_id)     WHERE c_w_id = $1 AND c_d_id = $2 AND c_id = $3","parameters: $1 = '1', $2 = '1', $3 = '18'",,,,,,,,"","client backend"
2024-06-16 19:00:15.169 CST,"raingage","benchmark",54596,"127.0.0.1:48952",666ec5b9.d544,105,"SELECT",2024-06-16 19:00:09 CST,5/9,0,LOG,00000,"execute S_1: SELECT c_discount, c_last, c_credit, w_tax     FROM bmsql_customer     JOIN bmsql_warehouse ON (w_id = c_w_id)     WHERE c_w_id = $1 AND c_d_id = $2 AND c_id = $3","parameters: $1 = '1', $2 = '2', $3 = '92'",,,,,,,,"","client backend"
2024-06-16 19:00:15.205 CST,"raingage","benchmark",54595,"127.0.0.1:48950",666ec5b9.d543,92,"SELECT",2024-06-16 19:00:09 CST,4/8,0,LOG,00000,"execute S_1: SELECT c_discount, c_last, c_credit, w_tax     FROM bmsql_customer     JOIN bmsql_warehouse ON (w_id = c_w_id)     WHERE c_w_id = $1 AND c_d_id = $2 AND c_id = $3","parameters: $1 = '1', $2 = '1', $3 = '18'",,,,,,,,"","client backend"
2024-06-16 19:00:15.234 CST,"raingage","benchmark",54596,"127.0.0.1:48952",666ec5b9.d544,106,"SELECT",2024-06-16 19:00:09 CST,5/9,0,LOG,00000,"execute S_1: SELECT c_discount, c_last, c_credit, w_tax     FROM bmsql_customer     JOIN bmsql_warehouse ON (w_id = c_w_id)     WHERE c_w_id = $1 AND c_d_id = $2 AND c_id = $3","parameters: $1 = '1', $2 = '2', $3 = '92'",,,,,,,,"","client backend"
2024-06-16 19:00:15.274 CST,"raingage","benchmark",54595,"127.0.0.1:48950",666ec5b9.d543,93,"SELECT",2024-06-16 19:00:09 CST,4/8,0,LOG,00000,"execute S_1: SELECT c_discount, c_last, c_credit, w_tax     FROM bmsql_customer     JOIN bmsql_warehouse ON (w_id = c_w_id)     WHERE c_w_id = $1 AND c_d_id = $2 AND c_id = $3","parameters: $1 = '1', $2 = '1', $3 = '18'",,,,,,,,"","client backend"
2024-06-16 19:00:15.303 CST,"raingage","benchmark",54596,"127.0.0.1:48952",666ec5b9.d544,107,"SELECT",2024-06-16 19:00:09 CST,5/9,0,LOG,00000,"execute S_1: SELECT c_discount, c_last, c_credit, w_tax     FROM bmsql_customer     JOIN bmsql_warehouse ON (w_id = c_w_id)     WHERE c_w_id = $1 AND c_d_id = $2 AND c_id = $3","parameters: $1 = '1', $2 = '2', $3 = '92'",,,,,,,,"","client backend"
2024-06-16 19:00:15.342 CST,"raingage","benchmark",54595,"127.0.0.1:48950",666ec5b9.d543,94,"SELECT",2024-06-16 19:00:09 CST,4/8,0,LOG,00000,"execute S_1: SELECT c_discount, c_last, c_credit, w_tax     FROM bmsql_customer     JOIN bmsql_warehouse ON (w_id = c_w_id)     WHERE c_w_id = $1 AND c_d_id = $2 AND c_id = $3","parameters: $1 = '1', $2 = '1', $3 = '18'",,,,,,,,"","client backend"
2024-06-16 19:00:15.370 CST,"raingage","benchmark",54596,"127.0.0.1:48952",666ec5b9.d544,108,"SELECT",2024-06-16 19:00:09 CST,5/9,0,LOG,00000,"execute S_1: SELECT c_discount, c_last, c_credit, w_tax     FROM bmsql_customer     JOIN bmsql_warehouse ON (w_id = c_w_id)     WHERE c_w_id = $1 AND c_d_id = $2 AND c_id = $3","parameters: $1 = '1', $2 = '2', $3 = '92'",,,,,,,,"","client backend"
2024-06-16 19:00:15.412 CST,"raingage","benchmark",54595,"127.0.0.1:48950",666ec5b9.d543,95,"SELECT",2024-06-16 19:00:09 CST,4/8,0,LOG,00000,"execute S_1: SELECT c_discount, c_last, c_credit, w_tax     FROM bmsql_customer     JOIN bmsql_warehouse ON (w_id = c_w_id)     WHERE c_w_id = $1 AND c_d_id = $2 AND c_id = $3","parameters: $1 = '1', $2 = '1', $3 = '18'",,,,,,,,"","client backend"
2024-06-16 19:00:15.433 CST,"raingage","benchmark",54595,"127.0.0.1:48950",666ec5b9.d543,96,"SELECT",2024-06-16 19:00:09 CST,4/8,0,LOG,00000,"execute S_5: SELECT i_price, i_name, i_data     FROM bmsql_item     WHERE i_id = $1","parameters: $1 = '31'",,,,,,,,"","client backend"
2024-06-16 19:00:15.433 CST,"raingage","benchmark",54596,"127.0.0.1:48952",666ec5b9.d544,109,"SELECT",2024-06-16 19:00:09 CST,5/9,0,LOG,00000,"execute S_1: SELECT c_discount, c_last, c_credit, w_tax     FROM bmsql_customer     JOIN bmsql_warehouse ON (w_id = c_w_id)     WHERE c_w_id = $1 AND c_d_id = $2 AND c_id = $3","parameters: $1 = '1', $2 = '2', $3 = '92'",,,,,,,,"","client backend"
2024-06-16 19:00:15.446 CST,"raingage","benchmark",54595,"127.0.0.1:48950",666ec5b9.d543,97,"SELECT",2024-06-16 19:00:09 CST,4/8,0,LOG,00000,"execute S_6: SELECT s_quantity, s_data,        s_dist_01, s_dist_02, s_dist_03, s_dist_04,        s_dist_05, s_dist_06, s_dist_07, s_dist_08,        s_dist_09, s_dist_10     FROM bmsql_stock     WHERE s_w_id = $1 AND s_i_id = $2 ","parameters: $1 = '1', $2 = '31'",,,,,,,,"","client backend"
2024-06-16 19:00:15.459 CST,"raingage","benchmark",54595,"127.0.0.1:48950",666ec5b9.d543,98,"UPDATE",2024-06-16 19:00:09 CST,4/8,0,LOG,00000,"execute S_7: UPDATE bmsql_stock     SET s_quantity = $1, s_ytd = s_ytd + $2,         s_order_cnt = s_order_cnt + 1,         s_remote_cnt = s_remote_cnt + $3     WHERE s_w_id = $4 AND s_i_id = $5","parameters: $1 = '23', $2 = '2', $3 = '0', $4 = '1', $5 = '31'",,,,,,,,"","client backend"
2024-06-16 19:00:15.477 CST,"raingage","benchmark",54595,"127.0.0.1:48950",666ec5b9.d543,99,"COMMIT",2024-06-16 19:00:09 CST,4/8,115233,LOG,00000,"execute S_2: COMMIT",,,,,,,,,"","client backend"
2024-06-16 19:00:15.478 CST,"raingage","benchmark",54595,"127.0.0.1:48950",666ec5b9.d543,100,"COMMIT",2024-06-16 19:00:09 CST,4/0,115233,WARNING,01000,"registered snapshots seem to remain after cleanup",,,,,,,,,"","client backend"
2024-06-16 19:00:15.495 CST,"raingage","benchmark",54595,"127.0.0.1:48950",666ec5b9.d543,101,"BEGIN",2024-06-16 19:00:09 CST,4/9,0,LOG,00000,"execute S_3: BEGIN",,,,,,,,,"","client backend"
2024-06-16 19:00:15.501 CST,"raingage","benchmark",54596,"127.0.0.1:48952",666ec5b9.d544,110,"SELECT",2024-06-16 19:00:09 CST,5/9,0,LOG,00000,"execute S_1: SELECT c_discount, c_last, c_credit, w_tax     FROM bmsql_customer     JOIN bmsql_warehouse ON (w_id = c_w_id)     WHERE c_w_id = $1 AND c_d_id = $2 AND c_id = $3","parameters: $1 = '1', $2 = '2', $3 = '92'",,,,,,,,"","client backend"
2024-06-16 19:00:15.511 CST,"raingage","benchmark",54595,"127.0.0.1:48950",666ec5b9.d543,102,"SELECT",2024-06-16 19:00:09 CST,4/9,0,LOG,00000,"execute S_4: SELECT d_tax, d_next_o_id     FROM bmsql_district     WHERE d_w_id = $1 AND d_id = $2 ","parameters: $1 = '1', $2 = '2'",,,,,,,,"","client backend"
2024-06-16 19:00:15.513 CST,"raingage","benchmark",54596,"127.0.0.1:48952",666ec5b9.d544,111,"SELECT",2024-06-16 19:00:09 CST,5/9,0,LOG,00000,"execute S_5: SELECT i_price, i_name, i_data     FROM bmsql_item     WHERE i_id = $1","parameters: $1 = '89'",,,,,,,,"","client backend"
2024-06-16 19:00:15.534 CST,"raingage","benchmark",54596,"127.0.0.1:48952",666ec5b9.d544,112,"SELECT",2024-06-16 19:00:09 CST,5/9,0,LOG,00000,"execute S_6: SELECT s_quantity, s_data,        s_dist_01, s_dist_02, s_dist_03, s_dist_04,        s_dist_05, s_dist_06, s_dist_07, s_dist_08,        s_dist_09, s_dist_10     FROM bmsql_stock     WHERE s_w_id = $1 AND s_i_id = $2 ","parameters: $1 = '1', $2 = '89'",,,,,,,,"","client backend"
2024-06-16 19:00:15.551 CST,"raingage","benchmark",54596,"127.0.0.1:48952",666ec5b9.d544,113,"UPDATE",2024-06-16 19:00:09 CST,5/9,0,LOG,00000,"execute S_7: UPDATE bmsql_stock     SET s_quantity = $1, s_ytd = s_ytd + $2,         s_order_cnt = s_order_cnt + 1,         s_remote_cnt = s_remote_cnt + $3     WHERE s_w_id = $4 AND s_i_id = $5","parameters: $1 = '45', $2 = '2', $3 = '0', $4 = '1', $5 = '89'",,,,,,,,"","client backend"
2024-06-16 19:00:15.569 CST,"raingage","benchmark",54596,"127.0.0.1:48952",666ec5b9.d544,114,"COMMIT",2024-06-16 19:00:09 CST,5/9,115234,LOG,00000,"execute S_2: COMMIT",,,,,,,,,"","client backend"
2024-06-16 19:00:15.573 CST,"raingage","benchmark",54595,"127.0.0.1:48950",666ec5b9.d543,103,"SELECT",2024-06-16 19:00:09 CST,4/9,0,LOG,00000,"execute S_1: SELECT c_discount, c_last, c_credit, w_tax     FROM bmsql_customer     JOIN bmsql_warehouse ON (w_id = c_w_id)     WHERE c_w_id = $1 AND c_d_id = $2 AND c_id = $3","parameters: $1 = '1', $2 = '2', $3 = '7'",,,,,,,,"","client backend"
2024-06-16 19:00:15.585 CST,"raingage","benchmark",54596,"127.0.0.1:48952",666ec5b9.d544,115,"BEGIN",2024-06-16 19:00:09 CST,5/10,0,LOG,00000,"execute S_3: BEGIN",,,,,,,,,"","client backend"
2024-06-16 19:00:15.605 CST,"raingage","benchmark",54596,"127.0.0.1:48952",666ec5b9.d544,116,"SELECT",2024-06-16 19:00:09 CST,5/10,0,LOG,00000,"execute S_4: SELECT d_tax, d_next_o_id     FROM bmsql_district     WHERE d_w_id = $1 AND d_id = $2 ","parameters: $1 = '1', $2 = '2'",,,,,,,,"","client backend"
2024-06-16 19:00:15.644 CST,"raingage","benchmark",54595,"127.0.0.1:48950",666ec5b9.d543,104,"SELECT",2024-06-16 19:00:09 CST,4/9,0,LOG,00000,"execute S_1: SELECT c_discount, c_last, c_credit, w_tax     FROM bmsql_customer     JOIN bmsql_warehouse ON (w_id = c_w_id)     WHERE c_w_id = $1 AND c_d_id = $2 AND c_id = $3","parameters: $1 = '1', $2 = '2', $3 = '7'",,,,,,,,"","client backend"
2024-06-16 19:00:15.668 CST,"raingage","benchmark",54596,"127.0.0.1:48952",666ec5b9.d544,117,"SELECT",2024-06-16 19:00:09 CST,5/10,0,LOG,00000,"execute S_1: SELECT c_discount, c_last, c_credit, w_tax     FROM bmsql_customer     JOIN bmsql_warehouse ON (w_id = c_w_id)     WHERE c_w_id = $1 AND c_d_id = $2 AND c_id = $3","parameters: $1 = '1', $2 = '2', $3 = '62'",,,,,,,,"","client backend"
2024-06-16 19:00:15.715 CST,"raingage","benchmark",54595,"127.0.0.1:48950",666ec5b9.d543,105,"SELECT",2024-06-16 19:00:09 CST,4/9,0,LOG,00000,"execute S_1: SELECT c_discount, c_last, c_credit, w_tax     FROM bmsql_customer     JOIN bmsql_warehouse ON (w_id = c_w_id)     WHERE c_w_id = $1 AND c_d_id = $2 AND c_id = $3","parameters: $1 = '1', $2 = '2', $3 = '7'",,,,,,,,"","client backend"
2024-06-16 19:00:15.739 CST,"raingage","benchmark",54596,"127.0.0.1:48952",666ec5b9.d544,118,"SELECT",2024-06-16 19:00:09 CST,5/10,0,LOG,00000,"execute S_1: SELECT c_discount, c_last, c_credit, w_tax     FROM bmsql_customer     JOIN bmsql_warehouse ON (w_id = c_w_id)     WHERE c_w_id = $1 AND c_d_id = $2 AND c_id = $3","parameters: $1 = '1', $2 = '2', $3 = '62'",,,,,,,,"","client backend"
2024-06-16 19:00:15.786 CST,"raingage","benchmark",54595,"127.0.0.1:48950",666ec5b9.d543,106,"SELECT",2024-06-16 19:00:09 CST,4/9,0,LOG,00000,"execute S_1: SELECT c_discount, c_last, c_credit, w_tax     FROM bmsql_customer     JOIN bmsql_warehouse ON (w_id = c_w_id)     WHERE c_w_id = $1 AND c_d_id = $2 AND c_id = $3","parameters: $1 = '1', $2 = '2', $3 = '7'",,,,,,,,"","client backend"
2024-06-16 19:00:15.801 CST,"raingage","benchmark",54596,"127.0.0.1:48952",666ec5b9.d544,119,"SELECT",2024-06-16 19:00:09 CST,5/10,0,LOG,00000,"execute S_1: SELECT c_discount, c_last, c_credit, w_tax     FROM bmsql_customer     JOIN bmsql_warehouse ON (w_id = c_w_id)     WHERE c_w_id = $1 AND c_d_id = $2 AND c_id = $3","parameters: $1 = '1', $2 = '2', $3 = '62'",,,,,,,,"","client backend"
2024-06-16 19:00:15.849 CST,"raingage","benchmark",54595,"127.0.0.1:48950",666ec5b9.d543,107,"SELECT",2024-06-16 19:00:09 CST,4/9,0,LOG,00000,"execute S_1: SELECT c_discount, c_last, c_credit, w_tax     FROM bmsql_customer     JOIN bmsql_warehouse ON (w_id = c_w_id)     WHERE c_w_id = $1 AND c_d_id = $2 AND c_id = $3","parameters: $1 = '1', $2 = '2', $3 = '7'",,,,,,,,"","client backend"
2024-06-16 19:00:15.870 CST,"raingage","benchmark",54596,"127.0.0.1:48952",666ec5b9.d544,120,"SELECT",2024-06-16 19:00:09 CST,5/10,0,LOG,00000,"execute S_1: SELECT c_discount, c_last, c_credit, w_tax     FROM bmsql_customer     JOIN bmsql_warehouse ON (w_id = c_w_id)     WHERE c_w_id = $1 AND c_d_id = $2 AND c_id = $3","parameters: $1 = '1', $2 = '2', $3 = '62'",,,,,,,,"","client backend"
2024-06-16 19:00:15.918 CST,"raingage","benchmark",54595,"127.0.0.1:48950",666ec5b9.d543,108,"SELECT",2024-06-16 19:00:09 CST,4/9,0,LOG,00000,"execute S_1: SELECT c_discount, c_last, c_credit, w_tax     FROM bmsql_customer     JOIN bmsql_warehouse ON (w_id = c_w_id)     WHERE c_w_id = $1 AND c_d_id = $2 AND c_id = $3","parameters: $1 = '1', $2 = '2', $3 = '7'",,,,,,,,"","client backend"
2024-06-16 19:00:15.936 CST,"raingage","benchmark",54596,"127.0.0.1:48952",666ec5b9.d544,121,"SELECT",2024-06-16 19:00:09 CST,5/10,0,LOG,00000,"execute S_1: SELECT c_discount, c_last, c_credit, w_tax     FROM bmsql_customer     JOIN bmsql_warehouse ON (w_id = c_w_id)     WHERE c_w_id = $1 AND c_d_id = $2 AND c_id = $3","parameters: $1 = '1', $2 = '2', $3 = '62'",,,,,,,,"","client backend"
2024-06-16 19:00:15.985 CST,"raingage","benchmark",54595,"127.0.0.1:48950",666ec5b9.d543,109,"SELECT",2024-06-16 19:00:09 CST,4/9,0,LOG,00000,"execute S_1: SELECT c_discount, c_last, c_credit, w_tax     FROM bmsql_customer     JOIN bmsql_warehouse ON (w_id = c_w_id)     WHERE c_w_id = $1 AND c_d_id = $2 AND c_id = $3","parameters: $1 = '1', $2 = '2', $3 = '7'",,,,,,,,"","client backend"
2024-06-16 19:00:16.004 CST,"raingage","benchmark",54596,"127.0.0.1:48952",666ec5b9.d544,122,"SELECT",2024-06-16 19:00:09 CST,5/10,0,LOG,00000,"execute S_1: SELECT c_discount, c_last, c_credit, w_tax     FROM bmsql_customer     JOIN bmsql_warehouse ON (w_id = c_w_id)     WHERE c_w_id = $1 AND c_d_id = $2 AND c_id = $3","parameters: $1 = '1', $2 = '2', $3 = '62'",,,,,,,,"","client backend"
2024-06-16 19:00:16.055 CST,"raingage","benchmark",54595,"127.0.0.1:48950",666ec5b9.d543,110,"SELECT",2024-06-16 19:00:09 CST,4/9,0,LOG,00000,"execute S_1: SELECT c_discount, c_last, c_credit, w_tax     FROM bmsql_customer     JOIN bmsql_warehouse ON (w_id = c_w_id)     WHERE c_w_id = $1 AND c_d_id = $2 AND c_id = $3","parameters: $1 = '1', $2 = '2', $3 = '7'",,,,,,,,"","client backend"
2024-06-16 19:00:16.074 CST,"raingage","benchmark",54595,"127.0.0.1:48950",666ec5b9.d543,111,"SELECT",2024-06-16 19:00:09 CST,4/9,0,LOG,00000,"execute S_5: SELECT i_price, i_name, i_data     FROM bmsql_item     WHERE i_id = $1","parameters: $1 = '103'",,,,,,,,"","client backend"
2024-06-16 19:00:16.075 CST,"raingage","benchmark",54596,"127.0.0.1:48952",666ec5b9.d544,123,"SELECT",2024-06-16 19:00:09 CST,5/10,0,LOG,00000,"execute S_1: SELECT c_discount, c_last, c_credit, w_tax     FROM bmsql_customer     JOIN bmsql_warehouse ON (w_id = c_w_id)     WHERE c_w_id = $1 AND c_d_id = $2 AND c_id = $3","parameters: $1 = '1', $2 = '2', $3 = '62'",,,,,,,,"","client backend"
2024-06-16 19:00:16.092 CST,"raingage","benchmark",54595,"127.0.0.1:48950",666ec5b9.d543,112,"SELECT",2024-06-16 19:00:09 CST,4/9,0,LOG,00000,"execute S_6: SELECT s_quantity, s_data,        s_dist_01, s_dist_02, s_dist_03, s_dist_04,        s_dist_05, s_dist_06, s_dist_07, s_dist_08,        s_dist_09, s_dist_10     FROM bmsql_stock     WHERE s_w_id = $1 AND s_i_id = $2 ","parameters: $1 = '1', $2 = '103'",,,,,,,,"","client backend"
2024-06-16 19:00:16.109 CST,"raingage","benchmark",54595,"127.0.0.1:48950",666ec5b9.d543,113,"UPDATE",2024-06-16 19:00:09 CST,4/9,0,LOG,00000,"execute S_7: UPDATE bmsql_stock     SET s_quantity = $1, s_ytd = s_ytd + $2,         s_order_cnt = s_order_cnt + 1,         s_remote_cnt = s_remote_cnt + $3     WHERE s_w_id = $4 AND s_i_id = $5","parameters: $1 = '12', $2 = '5', $3 = '0', $4 = '1', $5 = '103'",,,,,,,,"","client backend"
2024-06-16 19:00:16.127 CST,"raingage","benchmark",54595,"127.0.0.1:48950",666ec5b9.d543,114,"COMMIT",2024-06-16 19:00:09 CST,4/9,115235,LOG,00000,"execute S_2: COMMIT",,,,,,,,,"","client backend"
2024-06-16 19:00:16.143 CST,"raingage","benchmark",54596,"127.0.0.1:48952",666ec5b9.d544,124,"SELECT",2024-06-16 19:00:09 CST,5/10,0,LOG,00000,"execute S_1: SELECT c_discount, c_last, c_credit, w_tax     FROM bmsql_customer     JOIN bmsql_warehouse ON (w_id = c_w_id)     WHERE c_w_id = $1 AND c_d_id = $2 AND c_id = $3","parameters: $1 = '1', $2 = '2', $3 = '62'",,,,,,,,"","client backend"
2024-06-16 19:00:16.155 CST,"raingage","benchmark",54596,"127.0.0.1:48952",666ec5b9.d544,125,"SELECT",2024-06-16 19:00:09 CST,5/10,0,LOG,00000,"execute S_5: SELECT i_price, i_name, i_data     FROM bmsql_item     WHERE i_id = $1","parameters: $1 = '99'",,,,,,,,"","client backend"
2024-06-16 19:00:16.159 CST,"raingage","benchmark",54595,"127.0.0.1:48950",666ec5b9.d543,115,"BEGIN",2024-06-16 19:00:09 CST,4/10,0,LOG,00000,"execute S_3: BEGIN",,,,,,,,,"","client backend"
2024-06-16 19:00:16.171 CST,"raingage","benchmark",54596,"127.0.0.1:48952",666ec5b9.d544,126,"SELECT",2024-06-16 19:00:09 CST,5/10,0,LOG,00000,"execute S_6: SELECT s_quantity, s_data,        s_dist_01, s_dist_02, s_dist_03, s_dist_04,        s_dist_05, s_dist_06, s_dist_07, s_dist_08,        s_dist_09, s_dist_10     FROM bmsql_stock     WHERE s_w_id = $1 AND s_i_id = $2 ","parameters: $1 = '1', $2 = '99'",,,,,,,,"","client backend"
2024-06-16 19:00:16.171 CST,"raingage","benchmark",54595,"127.0.0.1:48950",666ec5b9.d543,116,"SELECT",2024-06-16 19:00:09 CST,4/10,0,LOG,00000,"execute S_4: SELECT d_tax, d_next_o_id     FROM bmsql_district     WHERE d_w_id = $1 AND d_id = $2 ","parameters: $1 = '1', $2 = '2'",,,,,,,,"","client backend"
2024-06-16 19:00:16.188 CST,"raingage","benchmark",54596,"127.0.0.1:48952",666ec5b9.d544,127,"UPDATE",2024-06-16 19:00:09 CST,5/10,0,LOG,00000,"execute S_7: UPDATE bmsql_stock     SET s_quantity = $1, s_ytd = s_ytd + $2,         s_order_cnt = s_order_cnt + 1,         s_remote_cnt = s_remote_cnt + $3     WHERE s_w_id = $4 AND s_i_id = $5","parameters: $1 = '31', $2 = '5', $3 = '0', $4 = '1', $5 = '99'",,,,,,,,"","client backend"
2024-06-16 19:00:16.202 CST,"raingage","benchmark",54596,"127.0.0.1:48952",666ec5b9.d544,128,"COMMIT",2024-06-16 19:00:09 CST,5/10,115236,LOG,00000,"execute S_2: COMMIT",,,,,,,,,"","client backend"
2024-06-16 19:00:16.217 CST,"raingage","benchmark",54596,"127.0.0.1:48952",666ec5b9.d544,129,"BEGIN",2024-06-16 19:00:09 CST,5/11,0,LOG,00000,"execute S_3: BEGIN",,,,,,,,,"","client backend"
2024-06-16 19:00:16.235 CST,"raingage","benchmark",54595,"127.0.0.1:48950",666ec5b9.d543,117,"SELECT",2024-06-16 19:00:09 CST,4/10,0,LOG,00000,"execute S_1: SELECT c_discount, c_last, c_credit, w_tax     FROM bmsql_customer     JOIN bmsql_warehouse ON (w_id = c_w_id)     WHERE c_w_id = $1 AND c_d_id = $2 AND c_id = $3","parameters: $1 = '1', $2 = '2', $3 = '62'",,,,,,,,"","client backend"
2024-06-16 19:00:16.238 CST,"raingage","benchmark",54596,"127.0.0.1:48952",666ec5b9.d544,130,"SELECT",2024-06-16 19:00:09 CST,5/11,0,LOG,00000,"execute S_4: SELECT d_tax, d_next_o_id     FROM bmsql_district     WHERE d_w_id = $1 AND d_id = $2 ","parameters: $1 = '1', $2 = '1'",,,,,,,,"","client backend"
2024-06-16 19:00:16.299 CST,"raingage","benchmark",54595,"127.0.0.1:48950",666ec5b9.d543,118,"SELECT",2024-06-16 19:00:09 CST,4/10,0,LOG,00000,"execute S_1: SELECT c_discount, c_last, c_credit, w_tax     FROM bmsql_customer     JOIN bmsql_warehouse ON (w_id = c_w_id)     WHERE c_w_id = $1 AND c_d_id = $2 AND c_id = $3","parameters: $1 = '1', $2 = '2', $3 = '62'",,,,,,,,"","client backend"
2024-06-16 19:00:16.307 CST,"raingage","benchmark",54596,"127.0.0.1:48952",666ec5b9.d544,131,"SELECT",2024-06-16 19:00:09 CST,5/11,0,LOG,00000,"execute S_1: SELECT c_discount, c_last, c_credit, w_tax     FROM bmsql_customer     JOIN bmsql_warehouse ON (w_id = c_w_id)     WHERE c_w_id = $1 AND c_d_id = $2 AND c_id = $3","parameters: $1 = '1', $2 = '1', $3 = '8'",,,,,,,,"","client backend"
2024-06-16 19:00:16.362 CST,"raingage","benchmark",54595,"127.0.0.1:48950",666ec5b9.d543,119,"SELECT",2024-06-16 19:00:09 CST,4/10,0,LOG,00000,"execute S_1: SELECT c_discount, c_last, c_credit, w_tax     FROM bmsql_customer     JOIN bmsql_warehouse ON (w_id = c_w_id)     WHERE c_w_id = $1 AND c_d_id = $2 AND c_id = $3","parameters: $1 = '1', $2 = '2', $3 = '62'",,,,,,,,"","client backend"
2024-06-16 19:00:16.374 CST,"raingage","benchmark",54596,"127.0.0.1:48952",666ec5b9.d544,132,"SELECT",2024-06-16 19:00:09 CST,5/11,0,LOG,00000,"execute S_1: SELECT c_discount, c_last, c_credit, w_tax     FROM bmsql_customer     JOIN bmsql_warehouse ON (w_id = c_w_id)     WHERE c_w_id = $1 AND c_d_id = $2 AND c_id = $3","parameters: $1 = '1', $2 = '1', $3 = '8'",,,,,,,,"","client backend"
2024-06-16 19:00:16.427 CST,"raingage","benchmark",54595,"127.0.0.1:48950",666ec5b9.d543,120,"SELECT",2024-06-16 19:00:09 CST,4/10,0,LOG,00000,"execute S_1: SELECT c_discount, c_last, c_credit, w_tax     FROM bmsql_customer     JOIN bmsql_warehouse ON (w_id = c_w_id)     WHERE c_w_id = $1 AND c_d_id = $2 AND c_id = $3","parameters: $1 = '1', $2 = '2', $3 = '62'",,,,,,,,"","client backend"
2024-06-16 19:00:16.440 CST,"raingage","benchmark",54596,"127.0.0.1:48952",666ec5b9.d544,133,"SELECT",2024-06-16 19:00:09 CST,5/11,0,LOG,00000,"execute S_1: SELECT c_discount, c_last, c_credit, w_tax     FROM bmsql_customer     JOIN bmsql_warehouse ON (w_id = c_w_id)     WHERE c_w_id = $1 AND c_d_id = $2 AND c_id = $3","parameters: $1 = '1', $2 = '1', $3 = '8'",,,,,,,,"","client backend"
2024-06-16 19:00:16.495 CST,"raingage","benchmark",54595,"127.0.0.1:48950",666ec5b9.d543,121,"SELECT",2024-06-16 19:00:09 CST,4/10,0,LOG,00000,"execute S_1: SELECT c_discount, c_last, c_credit, w_tax     FROM bmsql_customer     JOIN bmsql_warehouse ON (w_id = c_w_id)     WHERE c_w_id = $1 AND c_d_id = $2 AND c_id = $3","parameters: $1 = '1', $2 = '2', $3 = '62'",,,,,,,,"","client backend"
2024-06-16 19:00:16.508 CST,"raingage","benchmark",54596,"127.0.0.1:48952",666ec5b9.d544,134,"SELECT",2024-06-16 19:00:09 CST,5/11,0,LOG,00000,"execute S_1: SELECT c_discount, c_last, c_credit, w_tax     FROM bmsql_customer     JOIN bmsql_warehouse ON (w_id = c_w_id)     WHERE c_w_id = $1 AND c_d_id = $2 AND c_id = $3","parameters: $1 = '1', $2 = '1', $3 = '8'",,,,,,,,"","client backend"
2024-06-16 19:00:16.565 CST,"raingage","benchmark",54595,"127.0.0.1:48950",666ec5b9.d543,122,"SELECT",2024-06-16 19:00:09 CST,4/10,0,LOG,00000,"execute S_1: SELECT c_discount, c_last, c_credit, w_tax     FROM bmsql_customer     JOIN bmsql_warehouse ON (w_id = c_w_id)     WHERE c_w_id = $1 AND c_d_id = $2 AND c_id = $3","parameters: $1 = '1', $2 = '2', $3 = '62'",,,,,,,,"","client backend"
2024-06-16 19:00:16.578 CST,"raingage","benchmark",54596,"127.0.0.1:48952",666ec5b9.d544,135,"SELECT",2024-06-16 19:00:09 CST,5/11,0,LOG,00000,"execute S_1: SELECT c_discount, c_last, c_credit, w_tax     FROM bmsql_customer     JOIN bmsql_warehouse ON (w_id = c_w_id)     WHERE c_w_id = $1 AND c_d_id = $2 AND c_id = $3","parameters: $1 = '1', $2 = '1', $3 = '8'",,,,,,,,"","client backend"
2024-06-16 19:00:16.628 CST,"raingage","benchmark",54595,"127.0.0.1:48950",666ec5b9.d543,123,"SELECT",2024-06-16 19:00:09 CST,4/10,0,LOG,00000,"execute S_1: SELECT c_discount, c_last, c_credit, w_tax     FROM bmsql_customer     JOIN bmsql_warehouse ON (w_id = c_w_id)     WHERE c_w_id = $1 AND c_d_id = $2 AND c_id = $3","parameters: $1 = '1', $2 = '2', $3 = '62'",,,,,,,,"","client backend"
2024-06-16 19:00:16.642 CST,"raingage","benchmark",54596,"127.0.0.1:48952",666ec5b9.d544,136,"SELECT",2024-06-16 19:00:09 CST,5/11,0,LOG,00000,"execute S_1: SELECT c_discount, c_last, c_credit, w_tax     FROM bmsql_customer     JOIN bmsql_warehouse ON (w_id = c_w_id)     WHERE c_w_id = $1 AND c_d_id = $2 AND c_id = $3","parameters: $1 = '1', $2 = '1', $3 = '8'",,,,,,,,"","client backend"
2024-06-16 19:00:16.696 CST,"raingage","benchmark",54595,"127.0.0.1:48950",666ec5b9.d543,124,"SELECT",2024-06-16 19:00:09 CST,4/10,0,LOG,00000,"execute S_1: SELECT c_discount, c_last, c_credit, w_tax     FROM bmsql_customer     JOIN bmsql_warehouse ON (w_id = c_w_id)     WHERE c_w_id = $1 AND c_d_id = $2 AND c_id = $3","parameters: $1 = '1', $2 = '2', $3 = '62'",,,,,,,,"","client backend"
2024-06-16 19:00:16.703 CST,"raingage","benchmark",54596,"127.0.0.1:48952",666ec5b9.d544,137,"SELECT",2024-06-16 19:00:09 CST,5/11,0,LOG,00000,"execute S_1: SELECT c_discount, c_last, c_credit, w_tax     FROM bmsql_customer     JOIN bmsql_warehouse ON (w_id = c_w_id)     WHERE c_w_id = $1 AND c_d_id = $2 AND c_id = $3","parameters: $1 = '1', $2 = '1', $3 = '8'",,,,,,,,"","client backend"
2024-06-16 19:00:16.712 CST,"raingage","benchmark",54595,"127.0.0.1:48950",666ec5b9.d543,125,"SELECT",2024-06-16 19:00:09 CST,4/10,0,LOG,00000,"execute S_5: SELECT i_price, i_name, i_data     FROM bmsql_item     WHERE i_id = $1","parameters: $1 = '99'",,,,,,,,"","client backend"
2024-06-16 19:00:16.730 CST,"raingage","benchmark",54595,"127.0.0.1:48950",666ec5b9.d543,126,"SELECT",2024-06-16 19:00:09 CST,4/10,0,LOG,00000,"execute S_6: SELECT s_quantity, s_data,        s_dist_01, s_dist_02, s_dist_03, s_dist_04,        s_dist_05, s_dist_06, s_dist_07, s_dist_08,        s_dist_09, s_dist_10     FROM bmsql_stock     WHERE s_w_id = $1 AND s_i_id = $2 ","parameters: $1 = '1', $2 = '99'",,,,,,,,"","client backend"
2024-06-16 19:00:16.747 CST,"raingage","benchmark",54595,"127.0.0.1:48950",666ec5b9.d543,127,"UPDATE",2024-06-16 19:00:09 CST,4/10,0,LOG,00000,"execute S_7: UPDATE bmsql_stock     SET s_quantity = $1, s_ytd = s_ytd + $2,         s_order_cnt = s_order_cnt + 1,         s_remote_cnt = s_remote_cnt + $3     WHERE s_w_id = $4 AND s_i_id = $5","parameters: $1 = '31', $2 = '5', $3 = '0', $4 = '1', $5 = '99'",,,,,,,,"","client backend"
2024-06-16 19:00:16.763 CST,"raingage","benchmark",54595,"127.0.0.1:48950",666ec5b9.d543,128,"COMMIT",2024-06-16 19:00:09 CST,4/10,115237,LOG,00000,"execute S_2: COMMIT",,,,,,,,,"","client backend"
2024-06-16 19:00:16.771 CST,"raingage","benchmark",54596,"127.0.0.1:48952",666ec5b9.d544,138,"SELECT",2024-06-16 19:00:09 CST,5/11,0,LOG,00000,"execute S_1: SELECT c_discount, c_last, c_credit, w_tax     FROM bmsql_customer     JOIN bmsql_warehouse ON (w_id = c_w_id)     WHERE c_w_id = $1 AND c_d_id = $2 AND c_id = $3","parameters: $1 = '1', $2 = '1', $3 = '8'",,,,,,,,"","client backend"
2024-06-16 19:00:16.775 CST,"raingage","benchmark",54595,"127.0.0.1:48950",666ec5b9.d543,129,"BEGIN",2024-06-16 19:00:09 CST,4/11,0,LOG,00000,"execute S_3: BEGIN",,,,,,,,,"","client backend"
2024-06-16 19:00:16.789 CST,"raingage","benchmark",54596,"127.0.0.1:48952",666ec5b9.d544,139,"SELECT",2024-06-16 19:00:09 CST,5/11,0,LOG,00000,"execute S_5: SELECT i_price, i_name, i_data     FROM bmsql_item     WHERE i_id = $1","parameters: $1 = '106'",,,,,,,,"","client backend"
2024-06-16 19:00:16.792 CST,"raingage","benchmark",54595,"127.0.0.1:48950",666ec5b9.d543,130,"SELECT",2024-06-16 19:00:09 CST,4/11,0,LOG,00000,"execute S_4: SELECT d_tax, d_next_o_id     FROM bmsql_district     WHERE d_w_id = $1 AND d_id = $2 ","parameters: $1 = '1', $2 = '1'",,,,,,,,"","client backend"
2024-06-16 19:00:16.803 CST,"raingage","benchmark",54596,"127.0.0.1:48952",666ec5b9.d544,140,"SELECT",2024-06-16 19:00:09 CST,5/11,0,LOG,00000,"execute S_6: SELECT s_quantity, s_data,        s_dist_01, s_dist_02, s_dist_03, s_dist_04,        s_dist_05, s_dist_06, s_dist_07, s_dist_08,        s_dist_09, s_dist_10     FROM bmsql_stock     WHERE s_w_id = $1 AND s_i_id = $2 ","parameters: $1 = '1', $2 = '106'",,,,,,,,"","client backend"
2024-06-16 19:00:16.819 CST,"raingage","benchmark",54596,"127.0.0.1:48952",666ec5b9.d544,141,"UPDATE",2024-06-16 19:00:09 CST,5/11,0,LOG,00000,"execute S_7: UPDATE bmsql_stock     SET s_quantity = $1, s_ytd = s_ytd + $2,         s_order_cnt = s_order_cnt + 1,         s_remote_cnt = s_remote_cnt + $3     WHERE s_w_id = $4 AND s_i_id = $5","parameters: $1 = '48', $2 = '5', $3 = '0', $4 = '1', $5 = '106'",,,,,,,,"","client backend"
2024-06-16 19:00:16.840 CST,"raingage","benchmark",54596,"127.0.0.1:48952",666ec5b9.d544,142,"COMMIT",2024-06-16 19:00:09 CST,5/11,115238,LOG,00000,"execute S_2: COMMIT",,,,,,,,,"","client backend"
2024-06-16 19:00:16.857 CST,"raingage","benchmark",54595,"127.0.0.1:48950",666ec5b9.d543,131,"SELECT",2024-06-16 19:00:09 CST,4/11,0,LOG,00000,"execute S_1: SELECT c_discount, c_last, c_credit, w_tax     FROM bmsql_customer     JOIN bmsql_warehouse ON (w_id = c_w_id)     WHERE c_w_id = $1 AND c_d_id = $2 AND c_id = $3","parameters: $1 = '1', $2 = '1', $3 = '8'",,,,,,,,"","client backend"
2024-06-16 19:00:16.858 CST,"raingage","benchmark",54596,"127.0.0.1:48952",666ec5b9.d544,143,"BEGIN",2024-06-16 19:00:09 CST,5/12,0,LOG,00000,"execute S_3: BEGIN",,,,,,,,,"","client backend"
2024-06-16 19:00:16.869 CST,"raingage","benchmark",54596,"127.0.0.1:48952",666ec5b9.d544,144,"SELECT",2024-06-16 19:00:09 CST,5/12,0,LOG,00000,"execute S_4: SELECT d_tax, d_next_o_id     FROM bmsql_district     WHERE d_w_id = $1 AND d_id = $2 ","parameters: $1 = '1', $2 = '1'",,,,,,,,"","client backend"
2024-06-16 19:00:16.924 CST,"raingage","benchmark",54595,"127.0.0.1:48950",666ec5b9.d543,132,"SELECT",2024-06-16 19:00:09 CST,4/11,0,LOG,00000,"execute S_1: SELECT c_discount, c_last, c_credit, w_tax     FROM bmsql_customer     JOIN bmsql_warehouse ON (w_id = c_w_id)     WHERE c_w_id = $1 AND c_d_id = $2 AND c_id = $3","parameters: $1 = '1', $2 = '1', $3 = '8'",,,,,,,,"","client backend"
2024-06-16 19:00:16.936 CST,"raingage","benchmark",54596,"127.0.0.1:48952",666ec5b9.d544,145,"SELECT",2024-06-16 19:00:09 CST,5/12,0,LOG,00000,"execute S_1: SELECT c_discount, c_last, c_credit, w_tax     FROM bmsql_customer     JOIN bmsql_warehouse ON (w_id = c_w_id)     WHERE c_w_id = $1 AND c_d_id = $2 AND c_id = $3","parameters: $1 = '1', $2 = '1', $3 = '29'",,,,,,,,"","client backend"
2024-06-16 19:00:16.989 CST,"raingage","benchmark",54595,"127.0.0.1:48950",666ec5b9.d543,133,"SELECT",2024-06-16 19:00:09 CST,4/11,0,LOG,00000,"execute S_1: SELECT c_discount, c_last, c_credit, w_tax     FROM bmsql_customer     JOIN bmsql_warehouse ON (w_id = c_w_id)     WHERE c_w_id = $1 AND c_d_id = $2 AND c_id = $3","parameters: $1 = '1', $2 = '1', $3 = '8'",,,,,,,,"","client backend"
2024-06-16 19:00:17.007 CST,"raingage","benchmark",54596,"127.0.0.1:48952",666ec5b9.d544,146,"SELECT",2024-06-16 19:00:09 CST,5/12,0,LOG,00000,"execute S_1: SELECT c_discount, c_last, c_credit, w_tax     FROM bmsql_customer     JOIN bmsql_warehouse ON (w_id = c_w_id)     WHERE c_w_id = $1 AND c_d_id = $2 AND c_id = $3","parameters: $1 = '1', $2 = '1', $3 = '29'",,,,,,,,"","client backend"
2024-06-16 19:00:17.058 CST,"raingage","benchmark",54595,"127.0.0.1:48950",666ec5b9.d543,134,"SELECT",2024-06-16 19:00:09 CST,4/11,0,LOG,00000,"execute S_1: SELECT c_discount, c_last, c_credit, w_tax     FROM bmsql_customer     JOIN bmsql_warehouse ON (w_id = c_w_id)     WHERE c_w_id = $1 AND c_d_id = $2 AND c_id = $3","parameters: $1 = '1', $2 = '1', $3 = '8'",,,,,,,,"","client backend"
2024-06-16 19:00:17.078 CST,"raingage","benchmark",54596,"127.0.0.1:48952",666ec5b9.d544,147,"SELECT",2024-06-16 19:00:09 CST,5/12,0,LOG,00000,"execute S_1: SELECT c_discount, c_last, c_credit, w_tax     FROM bmsql_customer     JOIN bmsql_warehouse ON (w_id = c_w_id)     WHERE c_w_id = $1 AND c_d_id = $2 AND c_id = $3","parameters: $1 = '1', $2 = '1', $3 = '29'",,,,,,,,"","client backend"
2024-06-16 19:00:17.123 CST,"raingage","benchmark",54595,"127.0.0.1:48950",666ec5b9.d543,135,"SELECT",2024-06-16 19:00:09 CST,4/11,0,LOG,00000,"execute S_1: SELECT c_discount, c_last, c_credit, w_tax     FROM bmsql_customer     JOIN bmsql_warehouse ON (w_id = c_w_id)     WHERE c_w_id = $1 AND c_d_id = $2 AND c_id = $3","parameters: $1 = '1', $2 = '1', $3 = '8'",,,,,,,,"","client backend"
2024-06-16 19:00:17.149 CST,"raingage","benchmark",54596,"127.0.0.1:48952",666ec5b9.d544,148,"SELECT",2024-06-16 19:00:09 CST,5/12,0,LOG,00000,"execute S_1: SELECT c_discount, c_last, c_credit, w_tax     FROM bmsql_customer     JOIN bmsql_warehouse ON (w_id = c_w_id)     WHERE c_w_id = $1 AND c_d_id = $2 AND c_id = $3","parameters: $1 = '1', $2 = '1', $3 = '29'",,,,,,,,"","client backend"
2024-06-16 19:00:17.189 CST,"raingage","benchmark",54595,"127.0.0.1:48950",666ec5b9.d543,136,"SELECT",2024-06-16 19:00:09 CST,4/11,0,LOG,00000,"execute S_1: SELECT c_discount, c_last, c_credit, w_tax     FROM bmsql_customer     JOIN bmsql_warehouse ON (w_id = c_w_id)     WHERE c_w_id = $1 AND c_d_id = $2 AND c_id = $3","parameters: $1 = '1', $2 = '1', $3 = '8'",,,,,,,,"","client backend"
2024-06-16 19:00:17.212 CST,"raingage","benchmark",54596,"127.0.0.1:48952",666ec5b9.d544,149,"SELECT",2024-06-16 19:00:09 CST,5/12,0,LOG,00000,"execute S_1: SELECT c_discount, c_last, c_credit, w_tax     FROM bmsql_customer     JOIN bmsql_warehouse ON (w_id = c_w_id)     WHERE c_w_id = $1 AND c_d_id = $2 AND c_id = $3","parameters: $1 = '1', $2 = '1', $3 = '29'",,,,,,,,"","client backend"
2024-06-16 19:00:17.256 CST,"raingage","benchmark",54595,"127.0.0.1:48950",666ec5b9.d543,137,"SELECT",2024-06-16 19:00:09 CST,4/11,0,LOG,00000,"execute S_1: SELECT c_discount, c_last, c_credit, w_tax     FROM bmsql_customer     JOIN bmsql_warehouse ON (w_id = c_w_id)     WHERE c_w_id = $1 AND c_d_id = $2 AND c_id = $3","parameters: $1 = '1', $2 = '1', $3 = '8'",,,,,,,,"","client backend"
2024-06-16 19:00:17.275 CST,"raingage","benchmark",54596,"127.0.0.1:48952",666ec5b9.d544,150,"SELECT",2024-06-16 19:00:09 CST,5/12,0,LOG,00000,"execute S_1: SELECT c_discount, c_last, c_credit, w_tax     FROM bmsql_customer     JOIN bmsql_warehouse ON (w_id = c_w_id)     WHERE c_w_id = $1 AND c_d_id = $2 AND c_id = $3","parameters: $1 = '1', $2 = '1', $3 = '29'",,,,,,,,"","client backend"
2024-06-16 19:00:17.326 CST,"raingage","benchmark",54595,"127.0.0.1:48950",666ec5b9.d543,138,"SELECT",2024-06-16 19:00:09 CST,4/11,0,LOG,00000,"execute S_1: SELECT c_discount, c_last, c_credit, w_tax     FROM bmsql_customer     JOIN bmsql_warehouse ON (w_id = c_w_id)     WHERE c_w_id = $1 AND c_d_id = $2 AND c_id = $3","parameters: $1 = '1', $2 = '1', $3 = '8'",,,,,,,,"","client backend"
2024-06-16 19:00:17.338 CST,"raingage","benchmark",54595,"127.0.0.1:48950",666ec5b9.d543,139,"SELECT",2024-06-16 19:00:09 CST,4/11,0,LOG,00000,"execute S_5: SELECT i_price, i_name, i_data     FROM bmsql_item     WHERE i_id = $1","parameters: $1 = '106'",,,,,,,,"","client backend"
2024-06-16 19:00:17.344 CST,"raingage","benchmark",54596,"127.0.0.1:48952",666ec5b9.d544,151,"SELECT",2024-06-16 19:00:09 CST,5/12,0,LOG,00000,"execute S_1: SELECT c_discount, c_last, c_credit, w_tax     FROM bmsql_customer     JOIN bmsql_warehouse ON (w_id = c_w_id)     WHERE c_w_id = $1 AND c_d_id = $2 AND c_id = $3","parameters: $1 = '1', $2 = '1', $3 = '29'",,,,,,,,"","client backend"
2024-06-16 19:00:17.349 CST,"raingage","benchmark",54595,"127.0.0.1:48950",666ec5b9.d543,140,"SELECT",2024-06-16 19:00:09 CST,4/11,0,LOG,00000,"execute S_6: SELECT s_quantity, s_data,        s_dist_01, s_dist_02, s_dist_03, s_dist_04,        s_dist_05, s_dist_06, s_dist_07, s_dist_08,        s_dist_09, s_dist_10     FROM bmsql_stock     WHERE s_w_id = $1 AND s_i_id = $2 ","parameters: $1 = '1', $2 = '106'",,,,,,,,"","client backend"
2024-06-16 19:00:17.366 CST,"raingage","benchmark",54595,"127.0.0.1:48950",666ec5b9.d543,141,"UPDATE",2024-06-16 19:00:09 CST,4/11,0,LOG,00000,"execute S_7: UPDATE bmsql_stock     SET s_quantity = $1, s_ytd = s_ytd + $2,         s_order_cnt = s_order_cnt + 1,         s_remote_cnt = s_remote_cnt + $3     WHERE s_w_id = $4 AND s_i_id = $5","parameters: $1 = '44', $2 = '9', $3 = '0', $4 = '1', $5 = '106'",,,,,,,,"","client backend"
2024-06-16 19:00:17.385 CST,"raingage","benchmark",54595,"127.0.0.1:48950",666ec5b9.d543,142,"COMMIT",2024-06-16 19:00:09 CST,4/11,115239,LOG,00000,"execute S_2: COMMIT",,,,,,,,,"","client backend"
2024-06-16 19:00:17.410 CST,"raingage","benchmark",54596,"127.0.0.1:48952",666ec5b9.d544,152,"SELECT",2024-06-16 19:00:09 CST,5/12,0,LOG,00000,"execute S_1: SELECT c_discount, c_last, c_credit, w_tax     FROM bmsql_customer     JOIN bmsql_warehouse ON (w_id = c_w_id)     WHERE c_w_id = $1 AND c_d_id = $2 AND c_id = $3","parameters: $1 = '1', $2 = '1', $3 = '29'",,,,,,,,"","client backend"
2024-06-16 19:00:17.430 CST,"raingage","benchmark",54596,"127.0.0.1:48952",666ec5b9.d544,153,"SELECT",2024-06-16 19:00:09 CST,5/12,0,LOG,00000,"execute S_5: SELECT i_price, i_name, i_data     FROM bmsql_item     WHERE i_id = $1","parameters: $1 = '63'",,,,,,,,"","client backend"
2024-06-16 19:00:17.451 CST,"raingage","benchmark",54596,"127.0.0.1:48952",666ec5b9.d544,154,"SELECT",2024-06-16 19:00:09 CST,5/12,0,LOG,00000,"execute S_6: SELECT s_quantity, s_data,        s_dist_01, s_dist_02, s_dist_03, s_dist_04,        s_dist_05, s_dist_06, s_dist_07, s_dist_08,        s_dist_09, s_dist_10     FROM bmsql_stock     WHERE s_w_id = $1 AND s_i_id = $2 ","parameters: $1 = '1', $2 = '63'",,,,,,,,"","client backend"
2024-06-16 19:00:17.466 CST,"raingage","benchmark",54596,"127.0.0.1:48952",666ec5b9.d544,155,"UPDATE",2024-06-16 19:00:09 CST,5/12,0,LOG,00000,"execute S_7: UPDATE bmsql_stock     SET s_quantity = $1, s_ytd = s_ytd + $2,         s_order_cnt = s_order_cnt + 1,         s_remote_cnt = s_remote_cnt + $3     WHERE s_w_id = $4 AND s_i_id = $5","parameters: $1 = '27', $2 = '3', $3 = '0', $4 = '1', $5 = '63'",,,,,,,,"","client backend"
2024-06-16 19:00:17.485 CST,"raingage","benchmark",54596,"127.0.0.1:48952",666ec5b9.d544,156,"COMMIT",2024-06-16 19:00:09 CST,5/12,115240,LOG,00000,"execute S_2: COMMIT",,,,,,,,,"","client backend"
2024-06-16 19:00:17.500 CST,"raingage","benchmark",54596,"127.0.0.1:48952",666ec5b9.d544,157,"BEGIN",2024-06-16 19:00:09 CST,5/13,0,LOG,00000,"execute S_3: BEGIN",,,,,,,,,"","client backend"
2024-06-16 19:00:17.511 CST,"raingage","benchmark",54596,"127.0.0.1:48952",666ec5b9.d544,158,"SELECT",2024-06-16 19:00:09 CST,5/13,0,LOG,00000,"execute S_4: SELECT d_tax, d_next_o_id     FROM bmsql_district     WHERE d_w_id = $1 AND d_id = $2 ","parameters: $1 = '1', $2 = '2'",,,,,,,,"","client backend"
2024-06-16 19:00:17.576 CST,"raingage","benchmark",54596,"127.0.0.1:48952",666ec5b9.d544,159,"SELECT",2024-06-16 19:00:09 CST,5/13,0,LOG,00000,"execute S_1: SELECT c_discount, c_last, c_credit, w_tax     FROM bmsql_customer     JOIN bmsql_warehouse ON (w_id = c_w_id)     WHERE c_w_id = $1 AND c_d_id = $2 AND c_id = $3","parameters: $1 = '1', $2 = '2', $3 = '35'",,,,,,,,"","client backend"
2024-06-16 19:00:17.642 CST,"raingage","benchmark",54596,"127.0.0.1:48952",666ec5b9.d544,160,"SELECT",2024-06-16 19:00:09 CST,5/13,0,LOG,00000,"execute S_1: SELECT c_discount, c_last, c_credit, w_tax     FROM bmsql_customer     JOIN bmsql_warehouse ON (w_id = c_w_id)     WHERE c_w_id = $1 AND c_d_id = $2 AND c_id = $3","parameters: $1 = '1', $2 = '2', $3 = '35'",,,,,,,,"","client backend"
2024-06-16 19:00:17.715 CST,"raingage","benchmark",54596,"127.0.0.1:48952",666ec5b9.d544,161,"SELECT",2024-06-16 19:00:09 CST,5/13,0,LOG,00000,"execute S_1: SELECT c_discount, c_last, c_credit, w_tax     FROM bmsql_customer     JOIN bmsql_warehouse ON (w_id = c_w_id)     WHERE c_w_id = $1 AND c_d_id = $2 AND c_id = $3","parameters: $1 = '1', $2 = '2', $3 = '35'",,,,,,,,"","client backend"
2024-06-16 19:00:17.786 CST,"raingage","benchmark",54596,"127.0.0.1:48952",666ec5b9.d544,162,"SELECT",2024-06-16 19:00:09 CST,5/13,0,LOG,00000,"execute S_1: SELECT c_discount, c_last, c_credit, w_tax     FROM bmsql_customer     JOIN bmsql_warehouse ON (w_id = c_w_id)     WHERE c_w_id = $1 AND c_d_id = $2 AND c_id = $3","parameters: $1 = '1', $2 = '2', $3 = '35'",,,,,,,,"","client backend"
2024-06-16 19:00:17.850 CST,"raingage","benchmark",54596,"127.0.0.1:48952",666ec5b9.d544,163,"SELECT",2024-06-16 19:00:09 CST,5/13,0,LOG,00000,"execute S_1: SELECT c_discount, c_last, c_credit, w_tax     FROM bmsql_customer     JOIN bmsql_warehouse ON (w_id = c_w_id)     WHERE c_w_id = $1 AND c_d_id = $2 AND c_id = $3","parameters: $1 = '1', $2 = '2', $3 = '35'",,,,,,,,"","client backend"
2024-06-16 19:00:17.916 CST,"raingage","benchmark",54596,"127.0.0.1:48952",666ec5b9.d544,164,"SELECT",2024-06-16 19:00:09 CST,5/13,0,LOG,00000,"execute S_1: SELECT c_discount, c_last, c_credit, w_tax     FROM bmsql_customer     JOIN bmsql_warehouse ON (w_id = c_w_id)     WHERE c_w_id = $1 AND c_d_id = $2 AND c_id = $3","parameters: $1 = '1', $2 = '2', $3 = '35'",,,,,,,,"","client backend"
2024-06-16 19:00:17.984 CST,"raingage","benchmark",54596,"127.0.0.1:48952",666ec5b9.d544,165,"SELECT",2024-06-16 19:00:09 CST,5/13,0,LOG,00000,"execute S_1: SELECT c_discount, c_last, c_credit, w_tax     FROM bmsql_customer     JOIN bmsql_warehouse ON (w_id = c_w_id)     WHERE c_w_id = $1 AND c_d_id = $2 AND c_id = $3","parameters: $1 = '1', $2 = '2', $3 = '35'",,,,,,,,"","client backend"
2024-06-16 19:00:18.046 CST,"raingage","benchmark",54596,"127.0.0.1:48952",666ec5b9.d544,166,"SELECT",2024-06-16 19:00:09 CST,5/13,0,LOG,00000,"execute S_1: SELECT c_discount, c_last, c_credit, w_tax     FROM bmsql_customer     JOIN bmsql_warehouse ON (w_id = c_w_id)     WHERE c_w_id = $1 AND c_d_id = $2 AND c_id = $3","parameters: $1 = '1', $2 = '2', $3 = '35'",,,,,,,,"","client backend"
2024-06-16 19:00:18.064 CST,"raingage","benchmark",54596,"127.0.0.1:48952",666ec5b9.d544,167,"SELECT",2024-06-16 19:00:09 CST,5/13,0,LOG,00000,"execute S_5: SELECT i_price, i_name, i_data     FROM bmsql_item     WHERE i_id = $1","parameters: $1 = '11'",,,,,,,,"","client backend"
2024-06-16 19:00:18.084 CST,"raingage","benchmark",54596,"127.0.0.1:48952",666ec5b9.d544,168,"SELECT",2024-06-16 19:00:09 CST,5/13,0,LOG,00000,"execute S_6: SELECT s_quantity, s_data,        s_dist_01, s_dist_02, s_dist_03, s_dist_04,        s_dist_05, s_dist_06, s_dist_07, s_dist_08,        s_dist_09, s_dist_10     FROM bmsql_stock     WHERE s_w_id = $1 AND s_i_id = $2 ","parameters: $1 = '1', $2 = '11'",,,,,,,,"","client backend"
2024-06-16 19:00:18.102 CST,"raingage","benchmark",54596,"127.0.0.1:48952",666ec5b9.d544,169,"UPDATE",2024-06-16 19:00:09 CST,5/13,0,LOG,00000,"execute S_7: UPDATE bmsql_stock     SET s_quantity = $1, s_ytd = s_ytd + $2,         s_order_cnt = s_order_cnt + 1,         s_remote_cnt = s_remote_cnt + $3     WHERE s_w_id = $4 AND s_i_id = $5","parameters: $1 = '11', $2 = '14', $3 = '0', $4 = '1', $5 = '11'",,,,,,,,"","client backend"
2024-06-16 19:00:18.115 CST,"raingage","benchmark",54596,"127.0.0.1:48952",666ec5b9.d544,170,"COMMIT",2024-06-16 19:00:09 CST,5/13,115241,LOG,00000,"execute S_2: COMMIT",,,,,,,,,"","client backend"
2024-06-16 19:00:18.130 CST,"raingage","benchmark",54596,"127.0.0.1:48952",666ec5b9.d544,171,"BEGIN",2024-06-16 19:00:09 CST,5/14,0,LOG,00000,"execute S_3: BEGIN",,,,,,,,,"","client backend"
2024-06-16 19:00:18.150 CST,"raingage","benchmark",54596,"127.0.0.1:48952",666ec5b9.d544,172,"SELECT",2024-06-16 19:00:09 CST,5/14,0,LOG,00000,"execute S_4: SELECT d_tax, d_next_o_id     FROM bmsql_district     WHERE d_w_id = $1 AND d_id = $2 ","parameters: $1 = '1', $2 = '2'",,,,,,,,"","client backend"
2024-06-16 19:00:18.216 CST,"raingage","benchmark",54596,"127.0.0.1:48952",666ec5b9.d544,173,"SELECT",2024-06-16 19:00:09 CST,5/14,0,LOG,00000,"execute S_1: SELECT c_discount, c_last, c_credit, w_tax     FROM bmsql_customer     JOIN bmsql_warehouse ON (w_id = c_w_id)     WHERE c_w_id = $1 AND c_d_id = $2 AND c_id = $3","parameters: $1 = '1', $2 = '2', $3 = '35'",,,,,,,,"","client backend"
2024-06-16 19:00:18.285 CST,"raingage","benchmark",54596,"127.0.0.1:48952",666ec5b9.d544,174,"SELECT",2024-06-16 19:00:09 CST,5/14,0,LOG,00000,"execute S_1: SELECT c_discount, c_last, c_credit, w_tax     FROM bmsql_customer     JOIN bmsql_warehouse ON (w_id = c_w_id)     WHERE c_w_id = $1 AND c_d_id = $2 AND c_id = $3","parameters: $1 = '1', $2 = '2', $3 = '35'",,,,,,,,"","client backend"
2024-06-16 19:00:18.349 CST,"raingage","benchmark",54596,"127.0.0.1:48952",666ec5b9.d544,175,"SELECT",2024-06-16 19:00:09 CST,5/14,0,LOG,00000,"execute S_1: SELECT c_discount, c_last, c_credit, w_tax     FROM bmsql_customer     JOIN bmsql_warehouse ON (w_id = c_w_id)     WHERE c_w_id = $1 AND c_d_id = $2 AND c_id = $3","parameters: $1 = '1', $2 = '2', $3 = '35'",,,,,,,,"","client backend"
2024-06-16 19:00:18.420 CST,"raingage","benchmark",54596,"127.0.0.1:48952",666ec5b9.d544,176,"SELECT",2024-06-16 19:00:09 CST,5/14,0,LOG,00000,"execute S_1: SELECT c_discount, c_last, c_credit, w_tax     FROM bmsql_customer     JOIN bmsql_warehouse ON (w_id = c_w_id)     WHERE c_w_id = $1 AND c_d_id = $2 AND c_id = $3","parameters: $1 = '1', $2 = '2', $3 = '35'",,,,,,,,"","client backend"
2024-06-16 19:00:18.490 CST,"raingage","benchmark",54596,"127.0.0.1:48952",666ec5b9.d544,177,"SELECT",2024-06-16 19:00:09 CST,5/14,0,LOG,00000,"execute S_1: SELECT c_discount, c_last, c_credit, w_tax     FROM bmsql_customer     JOIN bmsql_warehouse ON (w_id = c_w_id)     WHERE c_w_id = $1 AND c_d_id = $2 AND c_id = $3","parameters: $1 = '1', $2 = '2', $3 = '35'",,,,,,,,"","client backend"
2024-06-16 19:00:18.554 CST,"raingage","benchmark",54596,"127.0.0.1:48952",666ec5b9.d544,178,"SELECT",2024-06-16 19:00:09 CST,5/14,0,LOG,00000,"execute S_1: SELECT c_discount, c_last, c_credit, w_tax     FROM bmsql_customer     JOIN bmsql_warehouse ON (w_id = c_w_id)     WHERE c_w_id = $1 AND c_d_id = $2 AND c_id = $3","parameters: $1 = '1', $2 = '2', $3 = '35'",,,,,,,,"","client backend"
2024-06-16 19:00:18.625 CST,"raingage","benchmark",54596,"127.0.0.1:48952",666ec5b9.d544,179,"SELECT",2024-06-16 19:00:09 CST,5/14,0,LOG,00000,"execute S_1: SELECT c_discount, c_last, c_credit, w_tax     FROM bmsql_customer     JOIN bmsql_warehouse ON (w_id = c_w_id)     WHERE c_w_id = $1 AND c_d_id = $2 AND c_id = $3","parameters: $1 = '1', $2 = '2', $3 = '35'",,,,,,,,"","client backend"
2024-06-16 19:00:18.688 CST,"raingage","benchmark",54596,"127.0.0.1:48952",666ec5b9.d544,180,"SELECT",2024-06-16 19:00:09 CST,5/14,0,LOG,00000,"execute S_1: SELECT c_discount, c_last, c_credit, w_tax     FROM bmsql_customer     JOIN bmsql_warehouse ON (w_id = c_w_id)     WHERE c_w_id = $1 AND c_d_id = $2 AND c_id = $3","parameters: $1 = '1', $2 = '2', $3 = '35'",,,,,,,,"","client backend"
2024-06-16 19:00:18.699 CST,"raingage","benchmark",54596,"127.0.0.1:48952",666ec5b9.d544,181,"SELECT",2024-06-16 19:00:09 CST,5/14,0,LOG,00000,"execute S_5: SELECT i_price, i_name, i_data     FROM bmsql_item     WHERE i_id = $1","parameters: $1 = '11'",,,,,,,,"","client backend"
2024-06-16 19:00:18.715 CST,"raingage","benchmark",54596,"127.0.0.1:48952",666ec5b9.d544,182,"SELECT",2024-06-16 19:00:09 CST,5/14,0,LOG,00000,"execute S_6: SELECT s_quantity, s_data,        s_dist_01, s_dist_02, s_dist_03, s_dist_04,        s_dist_05, s_dist_06, s_dist_07, s_dist_08,        s_dist_09, s_dist_10     FROM bmsql_stock     WHERE s_w_id = $1 AND s_i_id = $2 ","parameters: $1 = '1', $2 = '11'",,,,,,,,"","client backend"
2024-06-16 19:00:18.732 CST,"raingage","benchmark",54596,"127.0.0.1:48952",666ec5b9.d544,183,"UPDATE",2024-06-16 19:00:09 CST,5/14,0,LOG,00000,"execute S_7: UPDATE bmsql_stock     SET s_quantity = $1, s_ytd = s_ytd + $2,         s_order_cnt = s_order_cnt + 1,         s_remote_cnt = s_remote_cnt + $3     WHERE s_w_id = $4 AND s_i_id = $5","parameters: $1 = '102', $2 = '14', $3 = '0', $4 = '1', $5 = '11'",,,,,,,,"","client backend"
2024-06-16 19:00:18.753 CST,"raingage","benchmark",54596,"127.0.0.1:48952",666ec5b9.d544,184,"COMMIT",2024-06-16 19:00:09 CST,5/14,115242,LOG,00000,"execute S_2: COMMIT",,,,,,,,,"","client backend"
2024-06-16 19:00:18.769 CST,"raingage","benchmark",54596,"127.0.0.1:48952",666ec5b9.d544,185,"BEGIN",2024-06-16 19:00:09 CST,5/15,0,LOG,00000,"execute S_3: BEGIN",,,,,,,,,"","client backend"
2024-06-16 19:00:18.780 CST,"raingage","benchmark",54596,"127.0.0.1:48952",666ec5b9.d544,186,"SELECT",2024-06-16 19:00:09 CST,5/15,0,LOG,00000,"execute S_4: SELECT d_tax, d_next_o_id     FROM bmsql_district     WHERE d_w_id = $1 AND d_id = $2 ","parameters: $1 = '1', $2 = '3'",,,,,,,,"","client backend"
2024-06-16 19:00:18.849 CST,"raingage","benchmark",54596,"127.0.0.1:48952",666ec5b9.d544,187,"SELECT",2024-06-16 19:00:09 CST,5/15,0,LOG,00000,"execute S_1: SELECT c_discount, c_last, c_credit, w_tax     FROM bmsql_customer     JOIN bmsql_warehouse ON (w_id = c_w_id)     WHERE c_w_id = $1 AND c_d_id = $2 AND c_id = $3","parameters: $1 = '1', $2 = '3', $3 = '72'",,,,,,,,"","client backend"
2024-06-16 19:00:18.919 CST,"raingage","benchmark",54596,"127.0.0.1:48952",666ec5b9.d544,188,"SELECT",2024-06-16 19:00:09 CST,5/15,0,LOG,00000,"execute S_1: SELECT c_discount, c_last, c_credit, w_tax     FROM bmsql_customer     JOIN bmsql_warehouse ON (w_id = c_w_id)     WHERE c_w_id = $1 AND c_d_id = $2 AND c_id = $3","parameters: $1 = '1', $2 = '3', $3 = '72'",,,,,,,,"","client backend"
2024-06-16 19:00:18.982 CST,"raingage","benchmark",54596,"127.0.0.1:48952",666ec5b9.d544,189,"SELECT",2024-06-16 19:00:09 CST,5/15,0,LOG,00000,"execute S_1: SELECT c_discount, c_last, c_credit, w_tax     FROM bmsql_customer     JOIN bmsql_warehouse ON (w_id = c_w_id)     WHERE c_w_id = $1 AND c_d_id = $2 AND c_id = $3","parameters: $1 = '1', $2 = '3', $3 = '72'",,,,,,,,"","client backend"
2024-06-16 19:00:19.053 CST,"raingage","benchmark",54596,"127.0.0.1:48952",666ec5b9.d544,190,"SELECT",2024-06-16 19:00:09 CST,5/15,0,LOG,00000,"execute S_1: SELECT c_discount, c_last, c_credit, w_tax     FROM bmsql_customer     JOIN bmsql_warehouse ON (w_id = c_w_id)     WHERE c_w_id = $1 AND c_d_id = $2 AND c_id = $3","parameters: $1 = '1', $2 = '3', $3 = '72'",,,,,,,,"","client backend"
2024-06-16 19:00:19.118 CST,"raingage","benchmark",54596,"127.0.0.1:48952",666ec5b9.d544,191,"SELECT",2024-06-16 19:00:09 CST,5/15,0,LOG,00000,"execute S_1: SELECT c_discount, c_last, c_credit, w_tax     FROM bmsql_customer     JOIN bmsql_warehouse ON (w_id = c_w_id)     WHERE c_w_id = $1 AND c_d_id = $2 AND c_id = $3","parameters: $1 = '1', $2 = '3', $3 = '72'",,,,,,,,"","client backend"
2024-06-16 19:00:19.183 CST,"raingage","benchmark",54596,"127.0.0.1:48952",666ec5b9.d544,192,"SELECT",2024-06-16 19:00:09 CST,5/15,0,LOG,00000,"execute S_1: SELECT c_discount, c_last, c_credit, w_tax     FROM bmsql_customer     JOIN bmsql_warehouse ON (w_id = c_w_id)     WHERE c_w_id = $1 AND c_d_id = $2 AND c_id = $3","parameters: $1 = '1', $2 = '3', $3 = '72'",,,,,,,,"","client backend"
2024-06-16 19:00:19.254 CST,"raingage","benchmark",54596,"127.0.0.1:48952",666ec5b9.d544,193,"SELECT",2024-06-16 19:00:09 CST,5/15,0,LOG,00000,"execute S_1: SELECT c_discount, c_last, c_credit, w_tax     FROM bmsql_customer     JOIN bmsql_warehouse ON (w_id = c_w_id)     WHERE c_w_id = $1 AND c_d_id = $2 AND c_id = $3","parameters: $1 = '1', $2 = '3', $3 = '72'",,,,,,,,"","client backend"
2024-06-16 19:00:19.321 CST,"raingage","benchmark",54596,"127.0.0.1:48952",666ec5b9.d544,194,"SELECT",2024-06-16 19:00:09 CST,5/15,0,LOG,00000,"execute S_1: SELECT c_discount, c_last, c_credit, w_tax     FROM bmsql_customer     JOIN bmsql_warehouse ON (w_id = c_w_id)     WHERE c_w_id = $1 AND c_d_id = $2 AND c_id = $3","parameters: $1 = '1', $2 = '3', $3 = '72'",,,,,,,,"","client backend"
2024-06-16 19:00:19.340 CST,"raingage","benchmark",54596,"127.0.0.1:48952",666ec5b9.d544,195,"SELECT",2024-06-16 19:00:09 CST,5/15,0,LOG,00000,"execute S_5: SELECT i_price, i_name, i_data     FROM bmsql_item     WHERE i_id = $1","parameters: $1 = '30'",,,,,,,,"","client backend"
2024-06-16 19:00:19.356 CST,"raingage","benchmark",54596,"127.0.0.1:48952",666ec5b9.d544,196,"SELECT",2024-06-16 19:00:09 CST,5/15,0,LOG,00000,"execute S_6: SELECT s_quantity, s_data,        s_dist_01, s_dist_02, s_dist_03, s_dist_04,        s_dist_05, s_dist_06, s_dist_07, s_dist_08,        s_dist_09, s_dist_10     FROM bmsql_stock     WHERE s_w_id = $1 AND s_i_id = $2 ","parameters: $1 = '1', $2 = '30'",,,,,,,,"","client backend"
2024-06-16 19:00:19.372 CST,"raingage","benchmark",54596,"127.0.0.1:48952",666ec5b9.d544,197,"UPDATE",2024-06-16 19:00:09 CST,5/15,0,LOG,00000,"execute S_7: UPDATE bmsql_stock     SET s_quantity = $1, s_ytd = s_ytd + $2,         s_order_cnt = s_order_cnt + 1,         s_remote_cnt = s_remote_cnt + $3     WHERE s_w_id = $4 AND s_i_id = $5","parameters: $1 = '91', $2 = '2', $3 = '0', $4 = '1', $5 = '30'",,,,,,,,"","client backend"
2024-06-16 19:00:19.387 CST,"raingage","benchmark",54596,"127.0.0.1:48952",666ec5b9.d544,198,"COMMIT",2024-06-16 19:00:09 CST,5/15,115243,LOG,00000,"execute S_2: COMMIT",,,,,,,,,"","client backend"
2024-06-16 19:00:19.404 CST,"raingage","benchmark",54596,"127.0.0.1:48952",666ec5b9.d544,199,"BEGIN",2024-06-16 19:00:09 CST,5/16,0,LOG,00000,"execute S_3: BEGIN",,,,,,,,,"","client backend"
2024-06-16 19:00:19.416 CST,"raingage","benchmark",54596,"127.0.0.1:48952",666ec5b9.d544,200,"SELECT",2024-06-16 19:00:09 CST,5/16,0,LOG,00000,"execute S_4: SELECT d_tax, d_next_o_id     FROM bmsql_district     WHERE d_w_id = $1 AND d_id = $2 ","parameters: $1 = '1', $2 = '3'",,,,,,,,"","client backend"
2024-06-16 19:00:19.488 CST,"raingage","benchmark",54596,"127.0.0.1:48952",666ec5b9.d544,201,"SELECT",2024-06-16 19:00:09 CST,5/16,0,LOG,00000,"execute S_1: SELECT c_discount, c_last, c_credit, w_tax     FROM bmsql_customer     JOIN bmsql_warehouse ON (w_id = c_w_id)     WHERE c_w_id = $1 AND c_d_id = $2 AND c_id = $3","parameters: $1 = '1', $2 = '3', $3 = '70'",,,,,,,,"","client backend"
2024-06-16 19:00:19.559 CST,"raingage","benchmark",54596,"127.0.0.1:48952",666ec5b9.d544,202,"SELECT",2024-06-16 19:00:09 CST,5/16,0,LOG,00000,"execute S_1: SELECT c_discount, c_last, c_credit, w_tax     FROM bmsql_customer     JOIN bmsql_warehouse ON (w_id = c_w_id)     WHERE c_w_id = $1 AND c_d_id = $2 AND c_id = $3","parameters: $1 = '1', $2 = '3', $3 = '70'",,,,,,,,"","client backend"
2024-06-16 19:00:19.606 CST,"raingage","benchmark",54598,"127.0.0.1:48956",666ec5b9.d546,15,"BEGIN",2024-06-16 19:00:09 CST,7/3,0,LOG,00000,"execute <unnamed>: BEGIN",,,,,,,,,"","client backend"
2024-06-16 19:00:19.622 CST,"raingage","benchmark",54596,"127.0.0.1:48952",666ec5b9.d544,203,"SELECT",2024-06-16 19:00:09 CST,5/16,0,LOG,00000,"execute S_1: SELECT c_discount, c_last, c_credit, w_tax     FROM bmsql_customer     JOIN bmsql_warehouse ON (w_id = c_w_id)     WHERE c_w_id = $1 AND c_d_id = $2 AND c_id = $3","parameters: $1 = '1', $2 = '3', $3 = '70'",,,,,,,,"","client backend"
2024-06-16 19:00:19.624 CST,"raingage","benchmark",54598,"127.0.0.1:48956",666ec5b9.d546,16,"SELECT",2024-06-16 19:00:09 CST,7/3,0,LOG,00000,"execute <unnamed>: SELECT d_tax, d_next_o_id     FROM bmsql_district     WHERE d_w_id = $1 AND d_id = $2 ","parameters: $1 = '1', $2 = '2'",,,,,,,,"","client backend"
2024-06-16 19:00:19.686 CST,"raingage","benchmark",54596,"127.0.0.1:48952",666ec5b9.d544,204,"SELECT",2024-06-16 19:00:09 CST,5/16,0,LOG,00000,"execute S_1: SELECT c_discount, c_last, c_credit, w_tax     FROM bmsql_customer     JOIN bmsql_warehouse ON (w_id = c_w_id)     WHERE c_w_id = $1 AND c_d_id = $2 AND c_id = $3","parameters: $1 = '1', $2 = '3', $3 = '70'",,,,,,,,"","client backend"
2024-06-16 19:00:19.691 CST,"raingage","benchmark",54598,"127.0.0.1:48956",666ec5b9.d546,17,"SELECT",2024-06-16 19:00:09 CST,7/3,0,LOG,00000,"execute S_1: SELECT c_discount, c_last, c_credit, w_tax     FROM bmsql_customer     JOIN bmsql_warehouse ON (w_id = c_w_id)     WHERE c_w_id = $1 AND c_d_id = $2 AND c_id = $3","parameters: $1 = '1', $2 = '2', $3 = '97'",,,,,,,,"","client backend"
2024-06-16 19:00:19.756 CST,"raingage","benchmark",54596,"127.0.0.1:48952",666ec5b9.d544,205,"SELECT",2024-06-16 19:00:09 CST,5/16,0,LOG,00000,"execute S_1: SELECT c_discount, c_last, c_credit, w_tax     FROM bmsql_customer     JOIN bmsql_warehouse ON (w_id = c_w_id)     WHERE c_w_id = $1 AND c_d_id = $2 AND c_id = $3","parameters: $1 = '1', $2 = '3', $3 = '70'",,,,,,,,"","client backend"
2024-06-16 19:00:19.756 CST,"raingage","benchmark",54598,"127.0.0.1:48956",666ec5b9.d546,18,"SELECT",2024-06-16 19:00:09 CST,7/3,0,LOG,00000,"execute S_1: SELECT c_discount, c_last, c_credit, w_tax     FROM bmsql_customer     JOIN bmsql_warehouse ON (w_id = c_w_id)     WHERE c_w_id = $1 AND c_d_id = $2 AND c_id = $3","parameters: $1 = '1', $2 = '2', $3 = '97'",,,,,,,,"","client backend"
2024-06-16 19:00:19.820 CST,"raingage","benchmark",54598,"127.0.0.1:48956",666ec5b9.d546,19,"SELECT",2024-06-16 19:00:09 CST,7/3,0,LOG,00000,"execute S_1: SELECT c_discount, c_last, c_credit, w_tax     FROM bmsql_customer     JOIN bmsql_warehouse ON (w_id = c_w_id)     WHERE c_w_id = $1 AND c_d_id = $2 AND c_id = $3","parameters: $1 = '1', $2 = '2', $3 = '97'",,,,,,,,"","client backend"
2024-06-16 19:00:19.824 CST,"raingage","benchmark",54596,"127.0.0.1:48952",666ec5b9.d544,206,"SELECT",2024-06-16 19:00:09 CST,5/16,0,LOG,00000,"execute S_1: SELECT c_discount, c_last, c_credit, w_tax     FROM bmsql_customer     JOIN bmsql_warehouse ON (w_id = c_w_id)     WHERE c_w_id = $1 AND c_d_id = $2 AND c_id = $3","parameters: $1 = '1', $2 = '3', $3 = '70'",,,,,,,,"","client backend"
2024-06-16 19:00:19.886 CST,"raingage","benchmark",54596,"127.0.0.1:48952",666ec5b9.d544,207,"SELECT",2024-06-16 19:00:09 CST,5/16,0,LOG,00000,"execute S_1: SELECT c_discount, c_last, c_credit, w_tax     FROM bmsql_customer     JOIN bmsql_warehouse ON (w_id = c_w_id)     WHERE c_w_id = $1 AND c_d_id = $2 AND c_id = $3","parameters: $1 = '1', $2 = '3', $3 = '70'",,,,,,,,"","client backend"
2024-06-16 19:00:19.890 CST,"raingage","benchmark",54598,"127.0.0.1:48956",666ec5b9.d546,20,"SELECT",2024-06-16 19:00:09 CST,7/3,0,LOG,00000,"execute S_1: SELECT c_discount, c_last, c_credit, w_tax     FROM bmsql_customer     JOIN bmsql_warehouse ON (w_id = c_w_id)     WHERE c_w_id = $1 AND c_d_id = $2 AND c_id = $3","parameters: $1 = '1', $2 = '2', $3 = '97'",,,,,,,,"","client backend"
2024-06-16 19:00:19.954 CST,"raingage","benchmark",54596,"127.0.0.1:48952",666ec5b9.d544,208,"SELECT",2024-06-16 19:00:09 CST,5/16,0,LOG,00000,"execute S_1: SELECT c_discount, c_last, c_credit, w_tax     FROM bmsql_customer     JOIN bmsql_warehouse ON (w_id = c_w_id)     WHERE c_w_id = $1 AND c_d_id = $2 AND c_id = $3","parameters: $1 = '1', $2 = '3', $3 = '70'",,,,,,,,"","client backend"
2024-06-16 19:00:19.956 CST,"raingage","benchmark",54598,"127.0.0.1:48956",666ec5b9.d546,21,"SELECT",2024-06-16 19:00:09 CST,7/3,0,LOG,00000,"execute S_1: SELECT c_discount, c_last, c_credit, w_tax     FROM bmsql_customer     JOIN bmsql_warehouse ON (w_id = c_w_id)     WHERE c_w_id = $1 AND c_d_id = $2 AND c_id = $3","parameters: $1 = '1', $2 = '2', $3 = '97'",,,,,,,,"","client backend"
2024-06-16 19:00:19.971 CST,"raingage","benchmark",54596,"127.0.0.1:48952",666ec5b9.d544,209,"SELECT",2024-06-16 19:00:09 CST,5/16,0,LOG,00000,"execute S_5: SELECT i_price, i_name, i_data     FROM bmsql_item     WHERE i_id = $1","parameters: $1 = '51'",,,,,,,,"","client backend"
2024-06-16 19:00:19.984 CST,"raingage","benchmark",54596,"127.0.0.1:48952",666ec5b9.d544,210,"SELECT",2024-06-16 19:00:09 CST,5/16,0,LOG,00000,"execute S_6: SELECT s_quantity, s_data,        s_dist_01, s_dist_02, s_dist_03, s_dist_04,        s_dist_05, s_dist_06, s_dist_07, s_dist_08,        s_dist_09, s_dist_10     FROM bmsql_stock     WHERE s_w_id = $1 AND s_i_id = $2 ","parameters: $1 = '1', $2 = '51'",,,,,,,,"","client backend"
2024-06-16 19:00:20.002 CST,"raingage","benchmark",54596,"127.0.0.1:48952",666ec5b9.d544,211,"UPDATE",2024-06-16 19:00:09 CST,5/16,0,LOG,00000,"execute S_7: UPDATE bmsql_stock     SET s_quantity = $1, s_ytd = s_ytd + $2,         s_order_cnt = s_order_cnt + 1,         s_remote_cnt = s_remote_cnt + $3     WHERE s_w_id = $4 AND s_i_id = $5","parameters: $1 = '16', $2 = '5', $3 = '0', $4 = '1', $5 = '51'",,,,,,,,"","client backend"
2024-06-16 19:00:20.022 CST,"raingage","benchmark",54596,"127.0.0.1:48952",666ec5b9.d544,212,"COMMIT",2024-06-16 19:00:09 CST,5/16,115244,LOG,00000,"execute S_2: COMMIT",,,,,,,,,"","client backend"
2024-06-16 19:00:20.025 CST,"raingage","benchmark",54598,"127.0.0.1:48956",666ec5b9.d546,22,"SELECT",2024-06-16 19:00:09 CST,7/3,0,LOG,00000,"execute S_1: SELECT c_discount, c_last, c_credit, w_tax     FROM bmsql_customer     JOIN bmsql_warehouse ON (w_id = c_w_id)     WHERE c_w_id = $1 AND c_d_id = $2 AND c_id = $3","parameters: $1 = '1', $2 = '2', $3 = '97'",,,,,,,,"","client backend"
2024-06-16 19:00:20.043 CST,"raingage","benchmark",54596,"127.0.0.1:48952",666ec5b9.d544,213,"BEGIN",2024-06-16 19:00:09 CST,5/17,0,LOG,00000,"execute S_3: BEGIN",,,,,,,,,"","client backend"
2024-06-16 19:00:20.057 CST,"raingage","benchmark",54596,"127.0.0.1:48952",666ec5b9.d544,214,"SELECT",2024-06-16 19:00:09 CST,5/17,0,LOG,00000,"execute S_4: SELECT d_tax, d_next_o_id     FROM bmsql_district     WHERE d_w_id = $1 AND d_id = $2 ","parameters: $1 = '1', $2 = '3'",,,,,,,,"","client backend"
2024-06-16 19:00:20.095 CST,"raingage","benchmark",54598,"127.0.0.1:48956",666ec5b9.d546,23,"SELECT",2024-06-16 19:00:09 CST,7/3,0,LOG,00000,"execute S_1: SELECT c_discount, c_last, c_credit, w_tax     FROM bmsql_customer     JOIN bmsql_warehouse ON (w_id = c_w_id)     WHERE c_w_id = $1 AND c_d_id = $2 AND c_id = $3","parameters: $1 = '1', $2 = '2', $3 = '97'",,,,,,,,"","client backend"
2024-06-16 19:00:20.127 CST,"raingage","benchmark",54596,"127.0.0.1:48952",666ec5b9.d544,215,"SELECT",2024-06-16 19:00:09 CST,5/17,0,LOG,00000,"execute S_1: SELECT c_discount, c_last, c_credit, w_tax     FROM bmsql_customer     JOIN bmsql_warehouse ON (w_id = c_w_id)     WHERE c_w_id = $1 AND c_d_id = $2 AND c_id = $3","parameters: $1 = '1', $2 = '3', $3 = '70'",,,,,,,,"","client backend"
2024-06-16 19:00:20.163 CST,"raingage","benchmark",54598,"127.0.0.1:48956",666ec5b9.d546,24,"SELECT",2024-06-16 19:00:09 CST,7/3,0,LOG,00000,"execute S_1: SELECT c_discount, c_last, c_credit, w_tax     FROM bmsql_customer     JOIN bmsql_warehouse ON (w_id = c_w_id)     WHERE c_w_id = $1 AND c_d_id = $2 AND c_id = $3","parameters: $1 = '1', $2 = '2', $3 = '97'",,,,,,,,"","client backend"
2024-06-16 19:00:20.183 CST,"raingage","benchmark",54598,"127.0.0.1:48956",666ec5b9.d546,25,"SELECT",2024-06-16 19:00:09 CST,7/3,0,LOG,00000,"execute <unnamed>: SELECT i_price, i_name, i_data     FROM bmsql_item     WHERE i_id = $1","parameters: $1 = '77'",,,,,,,,"","client backend"
2024-06-16 19:00:20.192 CST,"raingage","benchmark",54596,"127.0.0.1:48952",666ec5b9.d544,216,"SELECT",2024-06-16 19:00:09 CST,5/17,0,LOG,00000,"execute S_1: SELECT c_discount, c_last, c_credit, w_tax     FROM bmsql_customer     JOIN bmsql_warehouse ON (w_id = c_w_id)     WHERE c_w_id = $1 AND c_d_id = $2 AND c_id = $3","parameters: $1 = '1', $2 = '3', $3 = '70'",,,,,,,,"","client backend"
2024-06-16 19:00:20.197 CST,"raingage","benchmark",54598,"127.0.0.1:48956",666ec5b9.d546,26,"SELECT",2024-06-16 19:00:09 CST,7/3,0,LOG,00000,"execute <unnamed>: SELECT s_quantity, s_data,        s_dist_01, s_dist_02, s_dist_03, s_dist_04,        s_dist_05, s_dist_06, s_dist_07, s_dist_08,        s_dist_09, s_dist_10     FROM bmsql_stock     WHERE s_w_id = $1 AND s_i_id = $2 ","parameters: $1 = '1', $2 = '77'",,,,,,,,"","client backend"
2024-06-16 19:00:20.209 CST,"raingage","benchmark",54598,"127.0.0.1:48956",666ec5b9.d546,27,"UPDATE",2024-06-16 19:00:09 CST,7/3,0,LOG,00000,"execute <unnamed>: UPDATE bmsql_stock     SET s_quantity = $1, s_ytd = s_ytd + $2,         s_order_cnt = s_order_cnt + 1,         s_remote_cnt = s_remote_cnt + $3     WHERE s_w_id = $4 AND s_i_id = $5","parameters: $1 = '60', $2 = '5', $3 = '0', $4 = '1', $5 = '77'",,,,,,,,"","client backend"
2024-06-16 19:00:20.229 CST,"raingage","benchmark",54598,"127.0.0.1:48956",666ec5b9.d546,28,"COMMIT",2024-06-16 19:00:09 CST,7/3,115245,LOG,00000,"execute S_2: COMMIT",,,,,,,,,"","client backend"
2024-06-16 19:00:20.246 CST,"raingage","benchmark",54598,"127.0.0.1:48956",666ec5b9.d546,29,"BEGIN",2024-06-16 19:00:09 CST,7/4,0,LOG,00000,"execute <unnamed>: BEGIN",,,,,,,,,"","client backend"
2024-06-16 19:00:20.258 CST,"raingage","benchmark",54598,"127.0.0.1:48956",666ec5b9.d546,30,"SELECT",2024-06-16 19:00:09 CST,7/4,0,LOG,00000,"execute <unnamed>: SELECT d_tax, d_next_o_id     FROM bmsql_district     WHERE d_w_id = $1 AND d_id = $2 ","parameters: $1 = '1', $2 = '3'",,,,,,,,"","client backend"
2024-06-16 19:00:20.259 CST,"raingage","benchmark",54596,"127.0.0.1:48952",666ec5b9.d544,217,"SELECT",2024-06-16 19:00:09 CST,5/17,0,LOG,00000,"execute S_1: SELECT c_discount, c_last, c_credit, w_tax     FROM bmsql_customer     JOIN bmsql_warehouse ON (w_id = c_w_id)     WHERE c_w_id = $1 AND c_d_id = $2 AND c_id = $3","parameters: $1 = '1', $2 = '3', $3 = '70'",,,,,,,,"","client backend"
2024-06-16 19:00:20.326 CST,"raingage","benchmark",54598,"127.0.0.1:48956",666ec5b9.d546,31,"SELECT",2024-06-16 19:00:09 CST,7/4,0,LOG,00000,"execute S_1: SELECT c_discount, c_last, c_credit, w_tax     FROM bmsql_customer     JOIN bmsql_warehouse ON (w_id = c_w_id)     WHERE c_w_id = $1 AND c_d_id = $2 AND c_id = $3","parameters: $1 = '1', $2 = '3', $3 = '83'",,,,,,,,"","client backend"
2024-06-16 19:00:20.329 CST,"raingage","benchmark",54596,"127.0.0.1:48952",666ec5b9.d544,218,"SELECT",2024-06-16 19:00:09 CST,5/17,0,LOG,00000,"execute S_1: SELECT c_discount, c_last, c_credit, w_tax     FROM bmsql_customer     JOIN bmsql_warehouse ON (w_id = c_w_id)     WHERE c_w_id = $1 AND c_d_id = $2 AND c_id = $3","parameters: $1 = '1', $2 = '3', $3 = '70'",,,,,,,,"","client backend"
2024-06-16 19:00:20.391 CST,"raingage","benchmark",54598,"127.0.0.1:48956",666ec5b9.d546,32,"SELECT",2024-06-16 19:00:09 CST,7/4,0,LOG,00000,"execute S_1: SELECT c_discount, c_last, c_credit, w_tax     FROM bmsql_customer     JOIN bmsql_warehouse ON (w_id = c_w_id)     WHERE c_w_id = $1 AND c_d_id = $2 AND c_id = $3","parameters: $1 = '1', $2 = '3', $3 = '83'",,,,,,,,"","client backend"
2024-06-16 19:00:20.400 CST,"raingage","benchmark",54596,"127.0.0.1:48952",666ec5b9.d544,219,"SELECT",2024-06-16 19:00:09 CST,5/17,0,LOG,00000,"execute S_1: SELECT c_discount, c_last, c_credit, w_tax     FROM bmsql_customer     JOIN bmsql_warehouse ON (w_id = c_w_id)     WHERE c_w_id = $1 AND c_d_id = $2 AND c_id = $3","parameters: $1 = '1', $2 = '3', $3 = '70'",,,,,,,,"","client backend"
2024-06-16 19:00:20.456 CST,"raingage","benchmark",54598,"127.0.0.1:48956",666ec5b9.d546,33,"SELECT",2024-06-16 19:00:09 CST,7/4,0,LOG,00000,"execute S_1: SELECT c_discount, c_last, c_credit, w_tax     FROM bmsql_customer     JOIN bmsql_warehouse ON (w_id = c_w_id)     WHERE c_w_id = $1 AND c_d_id = $2 AND c_id = $3","parameters: $1 = '1', $2 = '3', $3 = '83'",,,,,,,,"","client backend"
2024-06-16 19:00:20.468 CST,"raingage","benchmark",54596,"127.0.0.1:48952",666ec5b9.d544,220,"SELECT",2024-06-16 19:00:09 CST,5/17,0,LOG,00000,"execute S_1: SELECT c_discount, c_last, c_credit, w_tax     FROM bmsql_customer     JOIN bmsql_warehouse ON (w_id = c_w_id)     WHERE c_w_id = $1 AND c_d_id = $2 AND c_id = $3","parameters: $1 = '1', $2 = '3', $3 = '70'",,,,,,,,"","client backend"
2024-06-16 19:00:20.526 CST,"raingage","benchmark",54598,"127.0.0.1:48956",666ec5b9.d546,34,"SELECT",2024-06-16 19:00:09 CST,7/4,0,LOG,00000,"execute S_1: SELECT c_discount, c_last, c_credit, w_tax     FROM bmsql_customer     JOIN bmsql_warehouse ON (w_id = c_w_id)     WHERE c_w_id = $1 AND c_d_id = $2 AND c_id = $3","parameters: $1 = '1', $2 = '3', $3 = '83'",,,,,,,,"","client backend"
2024-06-16 19:00:20.536 CST,"raingage","benchmark",54596,"127.0.0.1:48952",666ec5b9.d544,221,"SELECT",2024-06-16 19:00:09 CST,5/17,0,LOG,00000,"execute S_1: SELECT c_discount, c_last, c_credit, w_tax     FROM bmsql_customer     JOIN bmsql_warehouse ON (w_id = c_w_id)     WHERE c_w_id = $1 AND c_d_id = $2 AND c_id = $3","parameters: $1 = '1', $2 = '3', $3 = '70'",,,,,,,,"","client backend"
2024-06-16 19:00:20.595 CST,"raingage","benchmark",54598,"127.0.0.1:48956",666ec5b9.d546,35,"SELECT",2024-06-16 19:00:09 CST,7/4,0,LOG,00000,"execute S_1: SELECT c_discount, c_last, c_credit, w_tax     FROM bmsql_customer     JOIN bmsql_warehouse ON (w_id = c_w_id)     WHERE c_w_id = $1 AND c_d_id = $2 AND c_id = $3","parameters: $1 = '1', $2 = '3', $3 = '83'",,,,,,,,"","client backend"
2024-06-16 19:00:20.602 CST,"raingage","benchmark",54596,"127.0.0.1:48952",666ec5b9.d544,222,"SELECT",2024-06-16 19:00:09 CST,5/17,0,LOG,00000,"execute S_1: SELECT c_discount, c_last, c_credit, w_tax     FROM bmsql_customer     JOIN bmsql_warehouse ON (w_id = c_w_id)     WHERE c_w_id = $1 AND c_d_id = $2 AND c_id = $3","parameters: $1 = '1', $2 = '3', $3 = '70'",,,,,,,,"","client backend"
2024-06-16 19:00:20.613 CST,"raingage","benchmark",54596,"127.0.0.1:48952",666ec5b9.d544,223,"SELECT",2024-06-16 19:00:09 CST,5/17,0,LOG,00000,"execute S_5: SELECT i_price, i_name, i_data     FROM bmsql_item     WHERE i_id = $1","parameters: $1 = '51'",,,,,,,,"","client backend"
2024-06-16 19:00:20.630 CST,"raingage","benchmark",54596,"127.0.0.1:48952",666ec5b9.d544,224,"SELECT",2024-06-16 19:00:09 CST,5/17,0,LOG,00000,"execute S_6: SELECT s_quantity, s_data,        s_dist_01, s_dist_02, s_dist_03, s_dist_04,        s_dist_05, s_dist_06, s_dist_07, s_dist_08,        s_dist_09, s_dist_10     FROM bmsql_stock     WHERE s_w_id = $1 AND s_i_id = $2 ","parameters: $1 = '1', $2 = '51'",,,,,,,,"","client backend"
2024-06-16 19:00:20.652 CST,"raingage","benchmark",54596,"127.0.0.1:48952",666ec5b9.d544,225,"UPDATE",2024-06-16 19:00:09 CST,5/17,0,LOG,00000,"execute S_7: UPDATE bmsql_stock     SET s_quantity = $1, s_ytd = s_ytd + $2,         s_order_cnt = s_order_cnt + 1,         s_remote_cnt = s_remote_cnt + $3     WHERE s_w_id = $4 AND s_i_id = $5","parameters: $1 = '13', $2 = '3', $3 = '0', $4 = '1', $5 = '51'",,,,,,,,"","client backend"
2024-06-16 19:00:20.664 CST,"raingage","benchmark",54598,"127.0.0.1:48956",666ec5b9.d546,36,"SELECT",2024-06-16 19:00:09 CST,7/4,0,LOG,00000,"execute S_1: SELECT c_discount, c_last, c_credit, w_tax     FROM bmsql_customer     JOIN bmsql_warehouse ON (w_id = c_w_id)     WHERE c_w_id = $1 AND c_d_id = $2 AND c_id = $3","parameters: $1 = '1', $2 = '3', $3 = '83'",,,,,,,,"","client backend"
2024-06-16 19:00:20.672 CST,"raingage","benchmark",54596,"127.0.0.1:48952",666ec5b9.d544,226,"COMMIT",2024-06-16 19:00:09 CST,5/17,115246,LOG,00000,"execute S_2: COMMIT",,,,,,,,,"","client backend"
2024-06-16 19:00:20.687 CST,"raingage","benchmark",54596,"127.0.0.1:48952",666ec5b9.d544,227,"BEGIN",2024-06-16 19:00:09 CST,5/18,0,LOG,00000,"execute S_3: BEGIN",,,,,,,,,"","client backend"
2024-06-16 19:00:20.704 CST,"raingage","benchmark",54596,"127.0.0.1:48952",666ec5b9.d544,228,"SELECT",2024-06-16 19:00:09 CST,5/18,0,LOG,00000,"execute S_4: SELECT d_tax, d_next_o_id     FROM bmsql_district     WHERE d_w_id = $1 AND d_id = $2 ","parameters: $1 = '1', $2 = '3'",,,,,,,,"","client backend"
2024-06-16 19:00:20.732 CST,"raingage","benchmark",54598,"127.0.0.1:48956",666ec5b9.d546,37,"SELECT",2024-06-16 19:00:09 CST,7/4,0,LOG,00000,"execute S_1: SELECT c_discount, c_last, c_credit, w_tax     FROM bmsql_customer     JOIN bmsql_warehouse ON (w_id = c_w_id)     WHERE c_w_id = $1 AND c_d_id = $2 AND c_id = $3","parameters: $1 = '1', $2 = '3', $3 = '83'",,,,,,,,"","client backend"
2024-06-16 19:00:20.795 CST,"raingage","benchmark",54598,"127.0.0.1:48956",666ec5b9.d546,38,"SELECT",2024-06-16 19:00:09 CST,7/4,0,LOG,00000,"execute S_1: SELECT c_discount, c_last, c_credit, w_tax     FROM bmsql_customer     JOIN bmsql_warehouse ON (w_id = c_w_id)     WHERE c_w_id = $1 AND c_d_id = $2 AND c_id = $3","parameters: $1 = '1', $2 = '3', $3 = '83'",,,,,,,,"","client backend"
2024-06-16 19:00:20.807 CST,"raingage","benchmark",54598,"127.0.0.1:48956",666ec5b9.d546,39,"SELECT",2024-06-16 19:00:09 CST,7/4,0,LOG,00000,"execute <unnamed>: SELECT i_price, i_name, i_data     FROM bmsql_item     WHERE i_id = $1","parameters: $1 = '59'",,,,,,,,"","client backend"
2024-06-16 19:00:20.825 CST,"raingage","benchmark",54598,"127.0.0.1:48956",666ec5b9.d546,40,"SELECT",2024-06-16 19:00:09 CST,7/4,0,LOG,00000,"execute <unnamed>: SELECT s_quantity, s_data,        s_dist_01, s_dist_02, s_dist_03, s_dist_04,        s_dist_05, s_dist_06, s_dist_07, s_dist_08,        s_dist_09, s_dist_10     FROM bmsql_stock     WHERE s_w_id = $1 AND s_i_id = $2 ","parameters: $1 = '1', $2 = '59'",,,,,,,,"","client backend"
2024-06-16 19:00:20.847 CST,"raingage","benchmark",54598,"127.0.0.1:48956",666ec5b9.d546,41,"UPDATE",2024-06-16 19:00:09 CST,7/4,0,LOG,00000,"execute <unnamed>: UPDATE bmsql_stock     SET s_quantity = $1, s_ytd = s_ytd + $2,         s_order_cnt = s_order_cnt + 1,         s_remote_cnt = s_remote_cnt + $3     WHERE s_w_id = $4 AND s_i_id = $5","parameters: $1 = '25', $2 = '3', $3 = '0', $4 = '1', $5 = '59'",,,,,,,,"","client backend"
2024-06-16 19:00:20.865 CST,"raingage","benchmark",54598,"127.0.0.1:48956",666ec5b9.d546,42,"COMMIT",2024-06-16 19:00:09 CST,7/4,115247,LOG,00000,"execute S_2: COMMIT",,,,,,,,,"","client backend"
2024-06-16 19:00:20.866 CST,"raingage","benchmark",54596,"127.0.0.1:48952",666ec5b9.d544,229,"SELECT",2024-06-16 19:00:09 CST,5/18,0,LOG,00000,"execute S_1: SELECT c_discount, c_last, c_credit, w_tax     FROM bmsql_customer     JOIN bmsql_warehouse ON (w_id = c_w_id)     WHERE c_w_id = $1 AND c_d_id = $2 AND c_id = $3","parameters: $1 = '1', $2 = '3', $3 = '83'",,,,,,,,"","client backend"
2024-06-16 19:00:20.887 CST,"raingage","benchmark",54598,"127.0.0.1:48956",666ec5b9.d546,43,"BEGIN",2024-06-16 19:00:09 CST,7/5,0,LOG,00000,"execute <unnamed>: BEGIN",,,,,,,,,"","client backend"
2024-06-16 19:00:20.900 CST,"raingage","benchmark",54598,"127.0.0.1:48956",666ec5b9.d546,44,"SELECT",2024-06-16 19:00:09 CST,7/5,0,LOG,00000,"execute <unnamed>: SELECT d_tax, d_next_o_id     FROM bmsql_district     WHERE d_w_id = $1 AND d_id = $2 ","parameters: $1 = '1', $2 = '2'",,,,,,,,"","client backend"
2024-06-16 19:00:20.936 CST,"raingage","benchmark",54596,"127.0.0.1:48952",666ec5b9.d544,230,"SELECT",2024-06-16 19:00:09 CST,5/18,0,LOG,00000,"execute S_1: SELECT c_discount, c_last, c_credit, w_tax     FROM bmsql_customer     JOIN bmsql_warehouse ON (w_id = c_w_id)     WHERE c_w_id = $1 AND c_d_id = $2 AND c_id = $3","parameters: $1 = '1', $2 = '3', $3 = '83'",,,,,,,,"","client backend"
2024-06-16 19:00:20.970 CST,"raingage","benchmark",54598,"127.0.0.1:48956",666ec5b9.d546,45,"SELECT",2024-06-16 19:00:09 CST,7/5,0,LOG,00000,"execute S_1: SELECT c_discount, c_last, c_credit, w_tax     FROM bmsql_customer     JOIN bmsql_warehouse ON (w_id = c_w_id)     WHERE c_w_id = $1 AND c_d_id = $2 AND c_id = $3","parameters: $1 = '1', $2 = '2', $3 = '3'",,,,,,,,"","client backend"
2024-06-16 19:00:21.007 CST,"raingage","benchmark",54596,"127.0.0.1:48952",666ec5b9.d544,231,"SELECT",2024-06-16 19:00:09 CST,5/18,0,LOG,00000,"execute S_1: SELECT c_discount, c_last, c_credit, w_tax     FROM bmsql_customer     JOIN bmsql_warehouse ON (w_id = c_w_id)     WHERE c_w_id = $1 AND c_d_id = $2 AND c_id = $3","parameters: $1 = '1', $2 = '3', $3 = '83'",,,,,,,,"","client backend"
2024-06-16 19:00:21.035 CST,"raingage","benchmark",54598,"127.0.0.1:48956",666ec5b9.d546,46,"SELECT",2024-06-16 19:00:09 CST,7/5,0,LOG,00000,"execute S_1: SELECT c_discount, c_last, c_credit, w_tax     FROM bmsql_customer     JOIN bmsql_warehouse ON (w_id = c_w_id)     WHERE c_w_id = $1 AND c_d_id = $2 AND c_id = $3","parameters: $1 = '1', $2 = '2', $3 = '3'",,,,,,,,"","client backend"
2024-06-16 19:00:21.071 CST,"raingage","benchmark",54596,"127.0.0.1:48952",666ec5b9.d544,232,"SELECT",2024-06-16 19:00:09 CST,5/18,0,LOG,00000,"execute S_1: SELECT c_discount, c_last, c_credit, w_tax     FROM bmsql_customer     JOIN bmsql_warehouse ON (w_id = c_w_id)     WHERE c_w_id = $1 AND c_d_id = $2 AND c_id = $3","parameters: $1 = '1', $2 = '3', $3 = '83'",,,,,,,,"","client backend"
2024-06-16 19:00:21.106 CST,"raingage","benchmark",54598,"127.0.0.1:48956",666ec5b9.d546,47,"SELECT",2024-06-16 19:00:09 CST,7/5,0,LOG,00000,"execute S_1: SELECT c_discount, c_last, c_credit, w_tax     FROM bmsql_customer     JOIN bmsql_warehouse ON (w_id = c_w_id)     WHERE c_w_id = $1 AND c_d_id = $2 AND c_id = $3","parameters: $1 = '1', $2 = '2', $3 = '3'",,,,,,,,"","client backend"
2024-06-16 19:00:21.140 CST,"raingage","benchmark",54596,"127.0.0.1:48952",666ec5b9.d544,233,"SELECT",2024-06-16 19:00:09 CST,5/18,0,LOG,00000,"execute S_1: SELECT c_discount, c_last, c_credit, w_tax     FROM bmsql_customer     JOIN bmsql_warehouse ON (w_id = c_w_id)     WHERE c_w_id = $1 AND c_d_id = $2 AND c_id = $3","parameters: $1 = '1', $2 = '3', $3 = '83'",,,,,,,,"","client backend"
2024-06-16 19:00:21.172 CST,"raingage","benchmark",54598,"127.0.0.1:48956",666ec5b9.d546,48,"SELECT",2024-06-16 19:00:09 CST,7/5,0,LOG,00000,"execute S_1: SELECT c_discount, c_last, c_credit, w_tax     FROM bmsql_customer     JOIN bmsql_warehouse ON (w_id = c_w_id)     WHERE c_w_id = $1 AND c_d_id = $2 AND c_id = $3","parameters: $1 = '1', $2 = '2', $3 = '3'",,,,,,,,"","client backend"
2024-06-16 19:00:21.204 CST,"raingage","benchmark",54596,"127.0.0.1:48952",666ec5b9.d544,234,"SELECT",2024-06-16 19:00:09 CST,5/18,0,LOG,00000,"execute S_1: SELECT c_discount, c_last, c_credit, w_tax     FROM bmsql_customer     JOIN bmsql_warehouse ON (w_id = c_w_id)     WHERE c_w_id = $1 AND c_d_id = $2 AND c_id = $3","parameters: $1 = '1', $2 = '3', $3 = '83'",,,,,,,,"","client backend"
2024-06-16 19:00:21.239 CST,"raingage","benchmark",54598,"127.0.0.1:48956",666ec5b9.d546,49,"SELECT",2024-06-16 19:00:09 CST,7/5,0,LOG,00000,"execute S_1: SELECT c_discount, c_last, c_credit, w_tax     FROM bmsql_customer     JOIN bmsql_warehouse ON (w_id = c_w_id)     WHERE c_w_id = $1 AND c_d_id = $2 AND c_id = $3","parameters: $1 = '1', $2 = '2', $3 = '3'",,,,,,,,"","client backend"
2024-06-16 19:00:21.272 CST,"raingage","benchmark",54596,"127.0.0.1:48952",666ec5b9.d544,235,"SELECT",2024-06-16 19:00:09 CST,5/18,0,LOG,00000,"execute S_1: SELECT c_discount, c_last, c_credit, w_tax     FROM bmsql_customer     JOIN bmsql_warehouse ON (w_id = c_w_id)     WHERE c_w_id = $1 AND c_d_id = $2 AND c_id = $3","parameters: $1 = '1', $2 = '3', $3 = '83'",,,,,,,,"","client backend"
2024-06-16 19:00:21.305 CST,"raingage","benchmark",54598,"127.0.0.1:48956",666ec5b9.d546,50,"SELECT",2024-06-16 19:00:09 CST,7/5,0,LOG,00000,"execute S_1: SELECT c_discount, c_last, c_credit, w_tax     FROM bmsql_customer     JOIN bmsql_warehouse ON (w_id = c_w_id)     WHERE c_w_id = $1 AND c_d_id = $2 AND c_id = $3","parameters: $1 = '1', $2 = '2', $3 = '3'",,,,,,,,"","client backend"
2024-06-16 19:00:21.340 CST,"raingage","benchmark",54596,"127.0.0.1:48952",666ec5b9.d544,236,"SELECT",2024-06-16 19:00:09 CST,5/18,0,LOG,00000,"execute S_1: SELECT c_discount, c_last, c_credit, w_tax     FROM bmsql_customer     JOIN bmsql_warehouse ON (w_id = c_w_id)     WHERE c_w_id = $1 AND c_d_id = $2 AND c_id = $3","parameters: $1 = '1', $2 = '3', $3 = '83'",,,,,,,,"","client backend"
2024-06-16 19:00:21.358 CST,"raingage","benchmark",54596,"127.0.0.1:48952",666ec5b9.d544,237,"SELECT",2024-06-16 19:00:09 CST,5/18,0,LOG,00000,"execute S_5: SELECT i_price, i_name, i_data     FROM bmsql_item     WHERE i_id = $1","parameters: $1 = '59'",,,,,,,,"","client backend"
2024-06-16 19:00:21.370 CST,"raingage","benchmark",54598,"127.0.0.1:48956",666ec5b9.d546,51,"SELECT",2024-06-16 19:00:09 CST,7/5,0,LOG,00000,"execute S_1: SELECT c_discount, c_last, c_credit, w_tax     FROM bmsql_customer     JOIN bmsql_warehouse ON (w_id = c_w_id)     WHERE c_w_id = $1 AND c_d_id = $2 AND c_id = $3","parameters: $1 = '1', $2 = '2', $3 = '3'",,,,,,,,"","client backend"
2024-06-16 19:00:21.378 CST,"raingage","benchmark",54596,"127.0.0.1:48952",666ec5b9.d544,238,"SELECT",2024-06-16 19:00:09 CST,5/18,0,LOG,00000,"execute S_6: SELECT s_quantity, s_data,        s_dist_01, s_dist_02, s_dist_03, s_dist_04,        s_dist_05, s_dist_06, s_dist_07, s_dist_08,        s_dist_09, s_dist_10     FROM bmsql_stock     WHERE s_w_id = $1 AND s_i_id = $2 ","parameters: $1 = '1', $2 = '59'",,,,,,,,"","client backend"
2024-06-16 19:00:21.391 CST,"raingage","benchmark",54596,"127.0.0.1:48952",666ec5b9.d544,239,"UPDATE",2024-06-16 19:00:09 CST,5/18,0,LOG,00000,"execute S_7: UPDATE bmsql_stock     SET s_quantity = $1, s_ytd = s_ytd + $2,         s_order_cnt = s_order_cnt + 1,         s_remote_cnt = s_remote_cnt + $3     WHERE s_w_id = $4 AND s_i_id = $5","parameters: $1 = '21', $2 = '7', $3 = '0', $4 = '1', $5 = '59'",,,,,,,,"","client backend"
2024-06-16 19:00:21.407 CST,"raingage","benchmark",54596,"127.0.0.1:48952",666ec5b9.d544,240,"COMMIT",2024-06-16 19:00:09 CST,5/18,115248,LOG,00000,"execute S_2: COMMIT",,,,,,,,,"","client backend"
2024-06-16 19:00:21.408 CST,"raingage","benchmark",54596,"127.0.0.1:48952",666ec5b9.d544,241,"COMMIT",2024-06-16 19:00:09 CST,5/0,115248,WARNING,01000,"registered snapshots seem to remain after cleanup",,,,,,,,,"","client backend"
2024-06-16 19:00:21.432 CST,"raingage","benchmark",54596,"127.0.0.1:48952",666ec5b9.d544,242,"BEGIN",2024-06-16 19:00:09 CST,5/19,0,LOG,00000,"execute S_3: BEGIN",,,,,,,,,"","client backend"
2024-06-16 19:00:21.434 CST,"raingage","benchmark",54598,"127.0.0.1:48956",666ec5b9.d546,52,"SELECT",2024-06-16 19:00:09 CST,7/5,0,LOG,00000,"execute S_1: SELECT c_discount, c_last, c_credit, w_tax     FROM bmsql_customer     JOIN bmsql_warehouse ON (w_id = c_w_id)     WHERE c_w_id = $1 AND c_d_id = $2 AND c_id = $3","parameters: $1 = '1', $2 = '2', $3 = '3'",,,,,,,,"","client backend"
2024-06-16 19:00:21.445 CST,"raingage","benchmark",54598,"127.0.0.1:48956",666ec5b9.d546,53,"SELECT",2024-06-16 19:00:09 CST,7/5,0,LOG,00000,"execute <unnamed>: SELECT i_price, i_name, i_data     FROM bmsql_item     WHERE i_id = $1","parameters: $1 = '23'",,,,,,,,"","client backend"
2024-06-16 19:00:21.452 CST,"raingage","benchmark",54596,"127.0.0.1:48952",666ec5b9.d544,243,"SELECT",2024-06-16 19:00:09 CST,5/19,0,LOG,00000,"execute S_4: SELECT d_tax, d_next_o_id     FROM bmsql_district     WHERE d_w_id = $1 AND d_id = $2 ","parameters: $1 = '1', $2 = '2'",,,,,,,,"","client backend"
2024-06-16 19:00:21.461 CST,"raingage","benchmark",54598,"127.0.0.1:48956",666ec5b9.d546,54,"SELECT",2024-06-16 19:00:09 CST,7/5,0,LOG,00000,"execute <unnamed>: SELECT s_quantity, s_data,        s_dist_01, s_dist_02, s_dist_03, s_dist_04,        s_dist_05, s_dist_06, s_dist_07, s_dist_08,        s_dist_09, s_dist_10     FROM bmsql_stock     WHERE s_w_id = $1 AND s_i_id = $2 ","parameters: $1 = '1', $2 = '23'",,,,,,,,"","client backend"
2024-06-16 19:00:21.480 CST,"raingage","benchmark",54598,"127.0.0.1:48956",666ec5b9.d546,55,"UPDATE",2024-06-16 19:00:09 CST,7/5,0,LOG,00000,"execute <unnamed>: UPDATE bmsql_stock     SET s_quantity = $1, s_ytd = s_ytd + $2,         s_order_cnt = s_order_cnt + 1,         s_remote_cnt = s_remote_cnt + $3     WHERE s_w_id = $4 AND s_i_id = $5","parameters: $1 = '99', $2 = '5', $3 = '0', $4 = '1', $5 = '23'",,,,,,,,"","client backend"
2024-06-16 19:00:21.502 CST,"raingage","benchmark",54598,"127.0.0.1:48956",666ec5b9.d546,56,"COMMIT",2024-06-16 19:00:09 CST,7/5,115249,LOG,00000,"execute S_2: COMMIT",,,,,,,,,"","client backend"
2024-06-16 19:00:21.515 CST,"raingage","benchmark",54596,"127.0.0.1:48952",666ec5b9.d544,244,"SELECT",2024-06-16 19:00:09 CST,5/19,0,LOG,00000,"execute S_1: SELECT c_discount, c_last, c_credit, w_tax     FROM bmsql_customer     JOIN bmsql_warehouse ON (w_id = c_w_id)     WHERE c_w_id = $1 AND c_d_id = $2 AND c_id = $3","parameters: $1 = '1', $2 = '2', $3 = '3'",,,,,,,,"","client backend"
2024-06-16 19:00:21.586 CST,"raingage","benchmark",54596,"127.0.0.1:48952",666ec5b9.d544,245,"SELECT",2024-06-16 19:00:09 CST,5/19,0,LOG,00000,"execute S_1: SELECT c_discount, c_last, c_credit, w_tax     FROM bmsql_customer     JOIN bmsql_warehouse ON (w_id = c_w_id)     WHERE c_w_id = $1 AND c_d_id = $2 AND c_id = $3","parameters: $1 = '1', $2 = '2', $3 = '3'",,,,,,,,"","client backend"
2024-06-16 19:00:21.653 CST,"raingage","benchmark",54596,"127.0.0.1:48952",666ec5b9.d544,246,"SELECT",2024-06-16 19:00:09 CST,5/19,0,LOG,00000,"execute S_1: SELECT c_discount, c_last, c_credit, w_tax     FROM bmsql_customer     JOIN bmsql_warehouse ON (w_id = c_w_id)     WHERE c_w_id = $1 AND c_d_id = $2 AND c_id = $3","parameters: $1 = '1', $2 = '2', $3 = '3'",,,,,,,,"","client backend"
2024-06-16 19:00:21.717 CST,"raingage","benchmark",54596,"127.0.0.1:48952",666ec5b9.d544,247,"SELECT",2024-06-16 19:00:09 CST,5/19,0,LOG,00000,"execute S_1: SELECT c_discount, c_last, c_credit, w_tax     FROM bmsql_customer     JOIN bmsql_warehouse ON (w_id = c_w_id)     WHERE c_w_id = $1 AND c_d_id = $2 AND c_id = $3","parameters: $1 = '1', $2 = '2', $3 = '3'",,,,,,,,"","client backend"
2024-06-16 19:00:21.781 CST,"raingage","benchmark",54596,"127.0.0.1:48952",666ec5b9.d544,248,"SELECT",2024-06-16 19:00:09 CST,5/19,0,LOG,00000,"execute S_1: SELECT c_discount, c_last, c_credit, w_tax     FROM bmsql_customer     JOIN bmsql_warehouse ON (w_id = c_w_id)     WHERE c_w_id = $1 AND c_d_id = $2 AND c_id = $3","parameters: $1 = '1', $2 = '2', $3 = '3'",,,,,,,,"","client backend"
2024-06-16 19:00:21.845 CST,"raingage","benchmark",54596,"127.0.0.1:48952",666ec5b9.d544,249,"SELECT",2024-06-16 19:00:09 CST,5/19,0,LOG,00000,"execute S_1: SELECT c_discount, c_last, c_credit, w_tax     FROM bmsql_customer     JOIN bmsql_warehouse ON (w_id = c_w_id)     WHERE c_w_id = $1 AND c_d_id = $2 AND c_id = $3","parameters: $1 = '1', $2 = '2', $3 = '3'",,,,,,,,"","client backend"
2024-06-16 19:00:21.914 CST,"raingage","benchmark",54596,"127.0.0.1:48952",666ec5b9.d544,250,"SELECT",2024-06-16 19:00:09 CST,5/19,0,LOG,00000,"execute S_1: SELECT c_discount, c_last, c_credit, w_tax     FROM bmsql_customer     JOIN bmsql_warehouse ON (w_id = c_w_id)     WHERE c_w_id = $1 AND c_d_id = $2 AND c_id = $3","parameters: $1 = '1', $2 = '2', $3 = '3'",,,,,,,,"","client backend"
2024-06-16 19:00:21.979 CST,"raingage","benchmark",54596,"127.0.0.1:48952",666ec5b9.d544,251,"SELECT",2024-06-16 19:00:09 CST,5/19,0,LOG,00000,"execute S_1: SELECT c_discount, c_last, c_credit, w_tax     FROM bmsql_customer     JOIN bmsql_warehouse ON (w_id = c_w_id)     WHERE c_w_id = $1 AND c_d_id = $2 AND c_id = $3","parameters: $1 = '1', $2 = '2', $3 = '3'",,,,,,,,"","client backend"
2024-06-16 19:00:21.984 CST,"raingage","benchmark",54597,"127.0.0.1:48954",666ec5b9.d545,58,"BEGIN",2024-06-16 19:00:09 CST,6/6,0,LOG,00000,"execute S_3: BEGIN",,,,,,,,,"","client backend"
2024-06-16 19:00:22.000 CST,"raingage","benchmark",54596,"127.0.0.1:48952",666ec5b9.d544,252,"SELECT",2024-06-16 19:00:09 CST,5/19,0,LOG,00000,"execute S_5: SELECT i_price, i_name, i_data     FROM bmsql_item     WHERE i_id = $1","parameters: $1 = '23'",,,,,,,,"","client backend"
2024-06-16 19:00:22.000 CST,"raingage","benchmark",54597,"127.0.0.1:48954",666ec5b9.d545,59,"SELECT",2024-06-16 19:00:09 CST,6/6,0,LOG,00000,"execute S_4: SELECT d_tax, d_next_o_id     FROM bmsql_district     WHERE d_w_id = $1 AND d_id = $2 ","parameters: $1 = '1', $2 = '1'",,,,,,,,"","client backend"
2024-06-16 19:00:22.014 CST,"raingage","benchmark",54596,"127.0.0.1:48952",666ec5b9.d544,253,"SELECT",2024-06-16 19:00:09 CST,5/19,0,LOG,00000,"execute S_6: SELECT s_quantity, s_data,        s_dist_01, s_dist_02, s_dist_03, s_dist_04,        s_dist_05, s_dist_06, s_dist_07, s_dist_08,        s_dist_09, s_dist_10     FROM bmsql_stock     WHERE s_w_id = $1 AND s_i_id = $2 ","parameters: $1 = '1', $2 = '23'",,,,,,,,"","client backend"
2024-06-16 19:00:22.033 CST,"raingage","benchmark",54596,"127.0.0.1:48952",666ec5b9.d544,254,"UPDATE",2024-06-16 19:00:09 CST,5/19,0,LOG,00000,"execute S_7: UPDATE bmsql_stock     SET s_quantity = $1, s_ytd = s_ytd + $2,         s_order_cnt = s_order_cnt + 1,         s_remote_cnt = s_remote_cnt + $3     WHERE s_w_id = $4 AND s_i_id = $5","parameters: $1 = '99', $2 = '5', $3 = '0', $4 = '1', $5 = '23'",,,,,,,,"","client backend"
2024-06-16 19:00:22.053 CST,"raingage","benchmark",54596,"127.0.0.1:48952",666ec5b9.d544,255,"COMMIT",2024-06-16 19:00:09 CST,5/19,115250,LOG,00000,"execute S_2: COMMIT",,,,,,,,,"","client backend"
2024-06-16 19:00:22.068 CST,"raingage","benchmark",54597,"127.0.0.1:48954",666ec5b9.d545,60,"SELECT",2024-06-16 19:00:09 CST,6/6,0,LOG,00000,"execute S_1: SELECT c_discount, c_last, c_credit, w_tax     FROM bmsql_customer     JOIN bmsql_warehouse ON (w_id = c_w_id)     WHERE c_w_id = $1 AND c_d_id = $2 AND c_id = $3","parameters: $1 = '1', $2 = '1', $3 = '12'",,,,,,,,"","client backend"
2024-06-16 19:00:22.075 CST,"raingage","benchmark",54596,"127.0.0.1:48952",666ec5b9.d544,256,"BEGIN",2024-06-16 19:00:09 CST,5/20,0,LOG,00000,"execute S_3: BEGIN",,,,,,,,,"","client backend"
2024-06-16 19:00:22.093 CST,"raingage","benchmark",54596,"127.0.0.1:48952",666ec5b9.d544,257,"SELECT",2024-06-16 19:00:09 CST,5/20,0,LOG,00000,"execute S_4: SELECT d_tax, d_next_o_id     FROM bmsql_district     WHERE d_w_id = $1 AND d_id = $2 ","parameters: $1 = '1', $2 = '1'",,,,,,,,"","client backend"
2024-06-16 19:00:22.140 CST,"raingage","benchmark",54597,"127.0.0.1:48954",666ec5b9.d545,61,"SELECT",2024-06-16 19:00:09 CST,6/6,0,LOG,00000,"execute S_1: SELECT c_discount, c_last, c_credit, w_tax     FROM bmsql_customer     JOIN bmsql_warehouse ON (w_id = c_w_id)     WHERE c_w_id = $1 AND c_d_id = $2 AND c_id = $3","parameters: $1 = '1', $2 = '1', $3 = '12'",,,,,,,,"","client backend"
2024-06-16 19:00:22.164 CST,"raingage","benchmark",54596,"127.0.0.1:48952",666ec5b9.d544,258,"SELECT",2024-06-16 19:00:09 CST,5/20,0,LOG,00000,"execute S_1: SELECT c_discount, c_last, c_credit, w_tax     FROM bmsql_customer     JOIN bmsql_warehouse ON (w_id = c_w_id)     WHERE c_w_id = $1 AND c_d_id = $2 AND c_id = $3","parameters: $1 = '1', $2 = '1', $3 = '34'",,,,,,,,"","client backend"
2024-06-16 19:00:22.202 CST,"raingage","benchmark",54597,"127.0.0.1:48954",666ec5b9.d545,62,"SELECT",2024-06-16 19:00:09 CST,6/6,0,LOG,00000,"execute S_1: SELECT c_discount, c_last, c_credit, w_tax     FROM bmsql_customer     JOIN bmsql_warehouse ON (w_id = c_w_id)     WHERE c_w_id = $1 AND c_d_id = $2 AND c_id = $3","parameters: $1 = '1', $2 = '1', $3 = '12'",,,,,,,,"","client backend"
2024-06-16 19:00:22.228 CST,"raingage","benchmark",54596,"127.0.0.1:48952",666ec5b9.d544,259,"SELECT",2024-06-16 19:00:09 CST,5/20,0,LOG,00000,"execute S_1: SELECT c_discount, c_last, c_credit, w_tax     FROM bmsql_customer     JOIN bmsql_warehouse ON (w_id = c_w_id)     WHERE c_w_id = $1 AND c_d_id = $2 AND c_id = $3","parameters: $1 = '1', $2 = '1', $3 = '34'",,,,,,,,"","client backend"
2024-06-16 19:00:22.268 CST,"raingage","benchmark",54597,"127.0.0.1:48954",666ec5b9.d545,63,"SELECT",2024-06-16 19:00:09 CST,6/6,0,LOG,00000,"execute S_1: SELECT c_discount, c_last, c_credit, w_tax     FROM bmsql_customer     JOIN bmsql_warehouse ON (w_id = c_w_id)     WHERE c_w_id = $1 AND c_d_id = $2 AND c_id = $3","parameters: $1 = '1', $2 = '1', $3 = '12'",,,,,,,,"","client backend"
2024-06-16 19:00:22.294 CST,"raingage","benchmark",54596,"127.0.0.1:48952",666ec5b9.d544,260,"SELECT",2024-06-16 19:00:09 CST,5/20,0,LOG,00000,"execute S_1: SELECT c_discount, c_last, c_credit, w_tax     FROM bmsql_customer     JOIN bmsql_warehouse ON (w_id = c_w_id)     WHERE c_w_id = $1 AND c_d_id = $2 AND c_id = $3","parameters: $1 = '1', $2 = '1', $3 = '34'",,,,,,,,"","client backend"
2024-06-16 19:00:22.337 CST,"raingage","benchmark",54597,"127.0.0.1:48954",666ec5b9.d545,64,"SELECT",2024-06-16 19:00:09 CST,6/6,0,LOG,00000,"execute S_1: SELECT c_discount, c_last, c_credit, w_tax     FROM bmsql_customer     JOIN bmsql_warehouse ON (w_id = c_w_id)     WHERE c_w_id = $1 AND c_d_id = $2 AND c_id = $3","parameters: $1 = '1', $2 = '1', $3 = '12'",,,,,,,,"","client backend"
2024-06-16 19:00:22.359 CST,"raingage","benchmark",54596,"127.0.0.1:48952",666ec5b9.d544,261,"SELECT",2024-06-16 19:00:09 CST,5/20,0,LOG,00000,"execute S_1: SELECT c_discount, c_last, c_credit, w_tax     FROM bmsql_customer     JOIN bmsql_warehouse ON (w_id = c_w_id)     WHERE c_w_id = $1 AND c_d_id = $2 AND c_id = $3","parameters: $1 = '1', $2 = '1', $3 = '34'",,,,,,,,"","client backend"
2024-06-16 19:00:22.401 CST,"raingage","benchmark",54597,"127.0.0.1:48954",666ec5b9.d545,65,"SELECT",2024-06-16 19:00:09 CST,6/6,0,LOG,00000,"execute S_1: SELECT c_discount, c_last, c_credit, w_tax     FROM bmsql_customer     JOIN bmsql_warehouse ON (w_id = c_w_id)     WHERE c_w_id = $1 AND c_d_id = $2 AND c_id = $3","parameters: $1 = '1', $2 = '1', $3 = '12'",,,,,,,,"","client backend"
2024-06-16 19:00:22.422 CST,"raingage","benchmark",54596,"127.0.0.1:48952",666ec5b9.d544,262,"SELECT",2024-06-16 19:00:09 CST,5/20,0,LOG,00000,"execute S_1: SELECT c_discount, c_last, c_credit, w_tax     FROM bmsql_customer     JOIN bmsql_warehouse ON (w_id = c_w_id)     WHERE c_w_id = $1 AND c_d_id = $2 AND c_id = $3","parameters: $1 = '1', $2 = '1', $3 = '34'",,,,,,,,"","client backend"
2024-06-16 19:00:22.464 CST,"raingage","benchmark",54597,"127.0.0.1:48954",666ec5b9.d545,66,"SELECT",2024-06-16 19:00:09 CST,6/6,0,LOG,00000,"execute S_1: SELECT c_discount, c_last, c_credit, w_tax     FROM bmsql_customer     JOIN bmsql_warehouse ON (w_id = c_w_id)     WHERE c_w_id = $1 AND c_d_id = $2 AND c_id = $3","parameters: $1 = '1', $2 = '1', $3 = '12'",,,,,,,,"","client backend"
2024-06-16 19:00:22.489 CST,"raingage","benchmark",54596,"127.0.0.1:48952",666ec5b9.d544,263,"SELECT",2024-06-16 19:00:09 CST,5/20,0,LOG,00000,"execute S_1: SELECT c_discount, c_last, c_credit, w_tax     FROM bmsql_customer     JOIN bmsql_warehouse ON (w_id = c_w_id)     WHERE c_w_id = $1 AND c_d_id = $2 AND c_id = $3","parameters: $1 = '1', $2 = '1', $3 = '34'",,,,,,,,"","client backend"
2024-06-16 19:00:22.533 CST,"raingage","benchmark",54597,"127.0.0.1:48954",666ec5b9.d545,67,"SELECT",2024-06-16 19:00:09 CST,6/6,0,LOG,00000,"execute S_1: SELECT c_discount, c_last, c_credit, w_tax     FROM bmsql_customer     JOIN bmsql_warehouse ON (w_id = c_w_id)     WHERE c_w_id = $1 AND c_d_id = $2 AND c_id = $3","parameters: $1 = '1', $2 = '1', $3 = '12'",,,,,,,,"","client backend"
2024-06-16 19:00:22.547 CST,"raingage","benchmark",54597,"127.0.0.1:48954",666ec5b9.d545,68,"SELECT",2024-06-16 19:00:09 CST,6/6,0,LOG,00000,"execute S_5: SELECT i_price, i_name, i_data     FROM bmsql_item     WHERE i_id = $1","parameters: $1 = '22'",,,,,,,,"","client backend"
2024-06-16 19:00:22.559 CST,"raingage","benchmark",54596,"127.0.0.1:48952",666ec5b9.d544,264,"SELECT",2024-06-16 19:00:09 CST,5/20,0,LOG,00000,"execute S_1: SELECT c_discount, c_last, c_credit, w_tax     FROM bmsql_customer     JOIN bmsql_warehouse ON (w_id = c_w_id)     WHERE c_w_id = $1 AND c_d_id = $2 AND c_id = $3","parameters: $1 = '1', $2 = '1', $3 = '34'",,,,,,,,"","client backend"
2024-06-16 19:00:22.565 CST,"raingage","benchmark",54597,"127.0.0.1:48954",666ec5b9.d545,69,"SELECT",2024-06-16 19:00:09 CST,6/6,0,LOG,00000,"execute S_6: SELECT s_quantity, s_data,        s_dist_01, s_dist_02, s_dist_03, s_dist_04,        s_dist_05, s_dist_06, s_dist_07, s_dist_08,        s_dist_09, s_dist_10     FROM bmsql_stock     WHERE s_w_id = $1 AND s_i_id = $2 ","parameters: $1 = '1', $2 = '22'",,,,,,,,"","client backend"
2024-06-16 19:00:22.582 CST,"raingage","benchmark",54597,"127.0.0.1:48954",666ec5b9.d545,70,"UPDATE",2024-06-16 19:00:09 CST,6/6,0,LOG,00000,"execute S_7: UPDATE bmsql_stock     SET s_quantity = $1, s_ytd = s_ytd + $2,         s_order_cnt = s_order_cnt + 1,         s_remote_cnt = s_remote_cnt + $3     WHERE s_w_id = $4 AND s_i_id = $5","parameters: $1 = '22', $2 = '4', $3 = '0', $4 = '1', $5 = '22'",,,,,,,,"","client backend"
2024-06-16 19:00:22.601 CST,"raingage","benchmark",54597,"127.0.0.1:48954",666ec5b9.d545,71,"COMMIT",2024-06-16 19:00:09 CST,6/6,115251,LOG,00000,"execute S_2: COMMIT",,,,,,,,,"","client backend"
2024-06-16 19:00:22.614 CST,"raingage","benchmark",54597,"127.0.0.1:48954",666ec5b9.d545,72,"BEGIN",2024-06-16 19:00:09 CST,6/7,0,LOG,00000,"execute S_3: BEGIN",,,,,,,,,"","client backend"
2024-06-16 19:00:22.627 CST,"raingage","benchmark",54597,"127.0.0.1:48954",666ec5b9.d545,73,"SELECT",2024-06-16 19:00:09 CST,6/7,0,LOG,00000,"execute S_4: SELECT d_tax, d_next_o_id     FROM bmsql_district     WHERE d_w_id = $1 AND d_id = $2 ","parameters: $1 = '1', $2 = '1'",,,,,,,,"","client backend"
2024-06-16 19:00:22.628 CST,"raingage","benchmark",54596,"127.0.0.1:48952",666ec5b9.d544,265,"SELECT",2024-06-16 19:00:09 CST,5/20,0,LOG,00000,"execute S_1: SELECT c_discount, c_last, c_credit, w_tax     FROM bmsql_customer     JOIN bmsql_warehouse ON (w_id = c_w_id)     WHERE c_w_id = $1 AND c_d_id = $2 AND c_id = $3","parameters: $1 = '1', $2 = '1', $3 = '34'",,,,,,,,"","client backend"
2024-06-16 19:00:22.646 CST,"raingage","benchmark",54596,"127.0.0.1:48952",666ec5b9.d544,266,"SELECT",2024-06-16 19:00:09 CST,5/20,0,LOG,00000,"execute S_5: SELECT i_price, i_name, i_data     FROM bmsql_item     WHERE i_id = $1","parameters: $1 = '69'",,,,,,,,"","client backend"
2024-06-16 19:00:22.663 CST,"raingage","benchmark",54596,"127.0.0.1:48952",666ec5b9.d544,267,"SELECT",2024-06-16 19:00:09 CST,5/20,0,LOG,00000,"execute S_6: SELECT s_quantity, s_data,        s_dist_01, s_dist_02, s_dist_03, s_dist_04,        s_dist_05, s_dist_06, s_dist_07, s_dist_08,        s_dist_09, s_dist_10     FROM bmsql_stock     WHERE s_w_id = $1 AND s_i_id = $2 ","parameters: $1 = '1', $2 = '69'",,,,,,,,"","client backend"
2024-06-16 19:00:22.678 CST,"raingage","benchmark",54596,"127.0.0.1:48952",666ec5b9.d544,268,"UPDATE",2024-06-16 19:00:09 CST,5/20,0,LOG,00000,"execute S_7: UPDATE bmsql_stock     SET s_quantity = $1, s_ytd = s_ytd + $2,         s_order_cnt = s_order_cnt + 1,         s_remote_cnt = s_remote_cnt + $3     WHERE s_w_id = $4 AND s_i_id = $5","parameters: $1 = '91', $2 = '4', $3 = '0', $4 = '1', $5 = '69'",,,,,,,,"","client backend"
2024-06-16 19:00:22.695 CST,"raingage","benchmark",54596,"127.0.0.1:48952",666ec5b9.d544,269,"COMMIT",2024-06-16 19:00:09 CST,5/20,115252,LOG,00000,"execute S_2: COMMIT",,,,,,,,,"","client backend"
2024-06-16 19:00:22.695 CST,"raingage","benchmark",54597,"127.0.0.1:48954",666ec5b9.d545,74,"SELECT",2024-06-16 19:00:09 CST,6/7,0,LOG,00000,"execute S_1: SELECT c_discount, c_last, c_credit, w_tax     FROM bmsql_customer     JOIN bmsql_warehouse ON (w_id = c_w_id)     WHERE c_w_id = $1 AND c_d_id = $2 AND c_id = $3","parameters: $1 = '1', $2 = '1', $3 = '79'",,,,,,,,"","client backend"
2024-06-16 19:00:22.714 CST,"raingage","benchmark",54596,"127.0.0.1:48952",666ec5b9.d544,270,"BEGIN",2024-06-16 19:00:09 CST,5/21,0,LOG,00000,"execute S_3: BEGIN",,,,,,,,,"","client backend"
2024-06-16 19:00:22.730 CST,"raingage","benchmark",54596,"127.0.0.1:48952",666ec5b9.d544,271,"SELECT",2024-06-16 19:00:09 CST,5/21,0,LOG,00000,"execute S_4: SELECT d_tax, d_next_o_id     FROM bmsql_district     WHERE d_w_id = $1 AND d_id = $2 ","parameters: $1 = '1', $2 = '1'",,,,,,,,"","client backend"
2024-06-16 19:00:22.763 CST,"raingage","benchmark",54597,"127.0.0.1:48954",666ec5b9.d545,75,"SELECT",2024-06-16 19:00:09 CST,6/7,0,LOG,00000,"execute S_1: SELECT c_discount, c_last, c_credit, w_tax     FROM bmsql_customer     JOIN bmsql_warehouse ON (w_id = c_w_id)     WHERE c_w_id = $1 AND c_d_id = $2 AND c_id = $3","parameters: $1 = '1', $2 = '1', $3 = '79'",,,,,,,,"","client backend"
2024-06-16 19:00:22.832 CST,"raingage","benchmark",54597,"127.0.0.1:48954",666ec5b9.d545,76,"SELECT",2024-06-16 19:00:09 CST,6/7,0,LOG,00000,"execute S_1: SELECT c_discount, c_last, c_credit, w_tax     FROM bmsql_customer     JOIN bmsql_warehouse ON (w_id = c_w_id)     WHERE c_w_id = $1 AND c_d_id = $2 AND c_id = $3","parameters: $1 = '1', $2 = '1', $3 = '79'",,,,,,,,"","client backend"
2024-06-16 19:00:22.898 CST,"raingage","benchmark",54597,"127.0.0.1:48954",666ec5b9.d545,77,"SELECT",2024-06-16 19:00:09 CST,6/7,0,LOG,00000,"execute S_1: SELECT c_discount, c_last, c_credit, w_tax     FROM bmsql_customer     JOIN bmsql_warehouse ON (w_id = c_w_id)     WHERE c_w_id = $1 AND c_d_id = $2 AND c_id = $3","parameters: $1 = '1', $2 = '1', $3 = '79'",,,,,,,,"","client backend"
2024-06-16 19:00:22.965 CST,"raingage","benchmark",54597,"127.0.0.1:48954",666ec5b9.d545,78,"SELECT",2024-06-16 19:00:09 CST,6/7,0,LOG,00000,"execute S_1: SELECT c_discount, c_last, c_credit, w_tax     FROM bmsql_customer     JOIN bmsql_warehouse ON (w_id = c_w_id)     WHERE c_w_id = $1 AND c_d_id = $2 AND c_id = $3","parameters: $1 = '1', $2 = '1', $3 = '79'",,,,,,,,"","client backend"
2024-06-16 19:00:23.035 CST,"raingage","benchmark",54597,"127.0.0.1:48954",666ec5b9.d545,79,"SELECT",2024-06-16 19:00:09 CST,6/7,0,LOG,00000,"execute S_1: SELECT c_discount, c_last, c_credit, w_tax     FROM bmsql_customer     JOIN bmsql_warehouse ON (w_id = c_w_id)     WHERE c_w_id = $1 AND c_d_id = $2 AND c_id = $3","parameters: $1 = '1', $2 = '1', $3 = '79'",,,,,,,,"","client backend"
2024-06-16 19:00:23.100 CST,"raingage","benchmark",54597,"127.0.0.1:48954",666ec5b9.d545,80,"SELECT",2024-06-16 19:00:09 CST,6/7,0,LOG,00000,"execute S_1: SELECT c_discount, c_last, c_credit, w_tax     FROM bmsql_customer     JOIN bmsql_warehouse ON (w_id = c_w_id)     WHERE c_w_id = $1 AND c_d_id = $2 AND c_id = $3","parameters: $1 = '1', $2 = '1', $3 = '79'",,,,,,,,"","client backend"
2024-06-16 19:00:23.167 CST,"raingage","benchmark",54597,"127.0.0.1:48954",666ec5b9.d545,81,"SELECT",2024-06-16 19:00:09 CST,6/7,0,LOG,00000,"execute S_1: SELECT c_discount, c_last, c_credit, w_tax     FROM bmsql_customer     JOIN bmsql_warehouse ON (w_id = c_w_id)     WHERE c_w_id = $1 AND c_d_id = $2 AND c_id = $3","parameters: $1 = '1', $2 = '1', $3 = '79'",,,,,,,,"","client backend"
2024-06-16 19:00:23.187 CST,"raingage","benchmark",54597,"127.0.0.1:48954",666ec5b9.d545,82,"SELECT",2024-06-16 19:00:09 CST,6/7,0,LOG,00000,"execute S_5: SELECT i_price, i_name, i_data     FROM bmsql_item     WHERE i_id = $1","parameters: $1 = '53'",,,,,,,,"","client backend"
2024-06-16 19:00:23.206 CST,"raingage","benchmark",54597,"127.0.0.1:48954",666ec5b9.d545,83,"SELECT",2024-06-16 19:00:09 CST,6/7,0,LOG,00000,"execute S_6: SELECT s_quantity, s_data,        s_dist_01, s_dist_02, s_dist_03, s_dist_04,        s_dist_05, s_dist_06, s_dist_07, s_dist_08,        s_dist_09, s_dist_10     FROM bmsql_stock     WHERE s_w_id = $1 AND s_i_id = $2 ","parameters: $1 = '1', $2 = '53'",,,,,,,,"","client backend"
2024-06-16 19:00:23.225 CST,"raingage","benchmark",54597,"127.0.0.1:48954",666ec5b9.d545,84,"UPDATE",2024-06-16 19:00:09 CST,6/7,0,LOG,00000,"execute S_7: UPDATE bmsql_stock     SET s_quantity = $1, s_ytd = s_ytd + $2,         s_order_cnt = s_order_cnt + 1,         s_remote_cnt = s_remote_cnt + $3     WHERE s_w_id = $4 AND s_i_id = $5","parameters: $1 = '15', $2 = '6', $3 = '0', $4 = '1', $5 = '53'",,,,,,,,"","client backend"
2024-06-16 19:00:23.247 CST,"raingage","benchmark",54597,"127.0.0.1:48954",666ec5b9.d545,85,"COMMIT",2024-06-16 19:00:09 CST,6/7,115253,LOG,00000,"execute S_2: COMMIT",,,,,,,,,"","client backend"
2024-06-16 19:00:23.247 CST,"raingage","benchmark",54596,"127.0.0.1:48952",666ec5b9.d544,272,"SELECT",2024-06-16 19:00:09 CST,5/21,0,LOG,00000,"execute S_1: SELECT c_discount, c_last, c_credit, w_tax     FROM bmsql_customer     JOIN bmsql_warehouse ON (w_id = c_w_id)     WHERE c_w_id = $1 AND c_d_id = $2 AND c_id = $3","parameters: $1 = '1', $2 = '1', $3 = '79'",,,,,,,,"","client backend"
2024-06-16 19:00:23.317 CST,"raingage","benchmark",54596,"127.0.0.1:48952",666ec5b9.d544,273,"SELECT",2024-06-16 19:00:09 CST,5/21,0,LOG,00000,"execute S_1: SELECT c_discount, c_last, c_credit, w_tax     FROM bmsql_customer     JOIN bmsql_warehouse ON (w_id = c_w_id)     WHERE c_w_id = $1 AND c_d_id = $2 AND c_id = $3","parameters: $1 = '1', $2 = '1', $3 = '79'",,,,,,,,"","client backend"
2024-06-16 19:00:23.384 CST,"raingage","benchmark",54596,"127.0.0.1:48952",666ec5b9.d544,274,"SELECT",2024-06-16 19:00:09 CST,5/21,0,LOG,00000,"execute S_1: SELECT c_discount, c_last, c_credit, w_tax     FROM bmsql_customer     JOIN bmsql_warehouse ON (w_id = c_w_id)     WHERE c_w_id = $1 AND c_d_id = $2 AND c_id = $3","parameters: $1 = '1', $2 = '1', $3 = '79'",,,,,,,,"","client backend"
2024-06-16 19:00:23.449 CST,"raingage","benchmark",54596,"127.0.0.1:48952",666ec5b9.d544,275,"SELECT",2024-06-16 19:00:09 CST,5/21,0,LOG,00000,"execute S_1: SELECT c_discount, c_last, c_credit, w_tax     FROM bmsql_customer     JOIN bmsql_warehouse ON (w_id = c_w_id)     WHERE c_w_id = $1 AND c_d_id = $2 AND c_id = $3","parameters: $1 = '1', $2 = '1', $3 = '79'",,,,,,,,"","client backend"
2024-06-16 19:00:23.517 CST,"raingage","benchmark",54596,"127.0.0.1:48952",666ec5b9.d544,276,"SELECT",2024-06-16 19:00:09 CST,5/21,0,LOG,00000,"execute S_1: SELECT c_discount, c_last, c_credit, w_tax     FROM bmsql_customer     JOIN bmsql_warehouse ON (w_id = c_w_id)     WHERE c_w_id = $1 AND c_d_id = $2 AND c_id = $3","parameters: $1 = '1', $2 = '1', $3 = '79'",,,,,,,,"","client backend"
2024-06-16 19:00:23.580 CST,"raingage","benchmark",54596,"127.0.0.1:48952",666ec5b9.d544,277,"SELECT",2024-06-16 19:00:09 CST,5/21,0,LOG,00000,"execute S_1: SELECT c_discount, c_last, c_credit, w_tax     FROM bmsql_customer     JOIN bmsql_warehouse ON (w_id = c_w_id)     WHERE c_w_id = $1 AND c_d_id = $2 AND c_id = $3","parameters: $1 = '1', $2 = '1', $3 = '79'",,,,,,,,"","client backend"
2024-06-16 19:00:23.646 CST,"raingage","benchmark",54596,"127.0.0.1:48952",666ec5b9.d544,278,"SELECT",2024-06-16 19:00:09 CST,5/21,0,LOG,00000,"execute S_1: SELECT c_discount, c_last, c_credit, w_tax     FROM bmsql_customer     JOIN bmsql_warehouse ON (w_id = c_w_id)     WHERE c_w_id = $1 AND c_d_id = $2 AND c_id = $3","parameters: $1 = '1', $2 = '1', $3 = '79'",,,,,,,,"","client backend"
2024-06-16 19:00:23.715 CST,"raingage","benchmark",54596,"127.0.0.1:48952",666ec5b9.d544,279,"SELECT",2024-06-16 19:00:09 CST,5/21,0,LOG,00000,"execute S_1: SELECT c_discount, c_last, c_credit, w_tax     FROM bmsql_customer     JOIN bmsql_warehouse ON (w_id = c_w_id)     WHERE c_w_id = $1 AND c_d_id = $2 AND c_id = $3","parameters: $1 = '1', $2 = '1', $3 = '79'",,,,,,,,"","client backend"
2024-06-16 19:00:23.729 CST,"raingage","benchmark",54596,"127.0.0.1:48952",666ec5b9.d544,280,"SELECT",2024-06-16 19:00:09 CST,5/21,0,LOG,00000,"execute S_5: SELECT i_price, i_name, i_data     FROM bmsql_item     WHERE i_id = $1","parameters: $1 = '53'",,,,,,,,"","client backend"
2024-06-16 19:00:23.750 CST,"raingage","benchmark",54596,"127.0.0.1:48952",666ec5b9.d544,281,"SELECT",2024-06-16 19:00:09 CST,5/21,0,LOG,00000,"execute S_6: SELECT s_quantity, s_data,        s_dist_01, s_dist_02, s_dist_03, s_dist_04,        s_dist_05, s_dist_06, s_dist_07, s_dist_08,        s_dist_09, s_dist_10     FROM bmsql_stock     WHERE s_w_id = $1 AND s_i_id = $2 ","parameters: $1 = '1', $2 = '53'",,,,,,,,"","client backend"
2024-06-16 19:00:23.761 CST,"raingage","benchmark",54596,"127.0.0.1:48952",666ec5b9.d544,282,"UPDATE",2024-06-16 19:00:09 CST,5/21,0,LOG,00000,"execute S_7: UPDATE bmsql_stock     SET s_quantity = $1, s_ytd = s_ytd + $2,         s_order_cnt = s_order_cnt + 1,         s_remote_cnt = s_remote_cnt + $3     WHERE s_w_id = $4 AND s_i_id = $5","parameters: $1 = '15', $2 = '6', $3 = '0', $4 = '1', $5 = '53'",,,,,,,,"","client backend"
2024-06-16 19:00:23.772 CST,"raingage","benchmark",54596,"127.0.0.1:48952",666ec5b9.d544,283,"COMMIT",2024-06-16 19:00:09 CST,5/21,115254,LOG,00000,"execute S_2: COMMIT",,,,,,,,,"","client backend"
2024-06-16 19:00:23.773 CST,"raingage","benchmark",54596,"127.0.0.1:48952",666ec5b9.d544,284,"COMMIT",2024-06-16 19:00:09 CST,5/0,115254,WARNING,01000,"registered snapshots seem to remain after cleanup",,,,,,,,,"","client backend"
2024-06-16 19:00:23.789 CST,"raingage","benchmark",54596,"127.0.0.1:48952",666ec5b9.d544,285,"BEGIN",2024-06-16 19:00:09 CST,5/22,0,LOG,00000,"execute S_3: BEGIN",,,,,,,,,"","client backend"
2024-06-16 19:00:23.808 CST,"raingage","benchmark",54596,"127.0.0.1:48952",666ec5b9.d544,286,"SELECT",2024-06-16 19:00:09 CST,5/22,0,LOG,00000,"execute S_4: SELECT d_tax, d_next_o_id     FROM bmsql_district     WHERE d_w_id = $1 AND d_id = $2 ","parameters: $1 = '1', $2 = '1'",,,,,,,,"","client backend"
2024-06-16 19:00:23.872 CST,"raingage","benchmark",54596,"127.0.0.1:48952",666ec5b9.d544,287,"SELECT",2024-06-16 19:00:09 CST,5/22,0,LOG,00000,"execute S_1: SELECT c_discount, c_last, c_credit, w_tax     FROM bmsql_customer     JOIN bmsql_warehouse ON (w_id = c_w_id)     WHERE c_w_id = $1 AND c_d_id = $2 AND c_id = $3","parameters: $1 = '1', $2 = '1', $3 = '17'",,,,,,,,"","client backend"
2024-06-16 19:00:23.902 CST,"raingage","benchmark",54599,"127.0.0.1:48958",666ec5b9.d547,90,"BEGIN",2024-06-16 19:00:09 CST,8/8,0,LOG,00000,"execute S_3: BEGIN",,,,,,,,,"","client backend"
2024-06-16 19:00:23.917 CST,"raingage","benchmark",54599,"127.0.0.1:48958",666ec5b9.d547,91,"SELECT",2024-06-16 19:00:09 CST,8/8,0,LOG,00000,"execute S_4: SELECT d_tax, d_next_o_id     FROM bmsql_district     WHERE d_w_id = $1 AND d_id = $2 ","parameters: $1 = '1', $2 = '2'",,,,,,,,"","client backend"
2024-06-16 19:00:23.937 CST,"raingage","benchmark",54596,"127.0.0.1:48952",666ec5b9.d544,288,"SELECT",2024-06-16 19:00:09 CST,5/22,0,LOG,00000,"execute S_1: SELECT c_discount, c_last, c_credit, w_tax     FROM bmsql_customer     JOIN bmsql_warehouse ON (w_id = c_w_id)     WHERE c_w_id = $1 AND c_d_id = $2 AND c_id = $3","parameters: $1 = '1', $2 = '1', $3 = '17'",,,,,,,,"","client backend"
2024-06-16 19:00:23.984 CST,"raingage","benchmark",54599,"127.0.0.1:48958",666ec5b9.d547,92,"SELECT",2024-06-16 19:00:09 CST,8/8,0,LOG,00000,"execute S_1: SELECT c_discount, c_last, c_credit, w_tax     FROM bmsql_customer     JOIN bmsql_warehouse ON (w_id = c_w_id)     WHERE c_w_id = $1 AND c_d_id = $2 AND c_id = $3","parameters: $1 = '1', $2 = '2', $3 = '92'",,,,,,,,"","client backend"
2024-06-16 19:00:24.006 CST,"raingage","benchmark",54596,"127.0.0.1:48952",666ec5b9.d544,289,"SELECT",2024-06-16 19:00:09 CST,5/22,0,LOG,00000,"execute S_1: SELECT c_discount, c_last, c_credit, w_tax     FROM bmsql_customer     JOIN bmsql_warehouse ON (w_id = c_w_id)     WHERE c_w_id = $1 AND c_d_id = $2 AND c_id = $3","parameters: $1 = '1', $2 = '1', $3 = '17'",,,,,,,,"","client backend"
2024-06-16 19:00:24.050 CST,"raingage","benchmark",54599,"127.0.0.1:48958",666ec5b9.d547,93,"SELECT",2024-06-16 19:00:09 CST,8/8,0,LOG,00000,"execute S_1: SELECT c_discount, c_last, c_credit, w_tax     FROM bmsql_customer     JOIN bmsql_warehouse ON (w_id = c_w_id)     WHERE c_w_id = $1 AND c_d_id = $2 AND c_id = $3","parameters: $1 = '1', $2 = '2', $3 = '92'",,,,,,,,"","client backend"
2024-06-16 19:00:24.077 CST,"raingage","benchmark",54596,"127.0.0.1:48952",666ec5b9.d544,290,"SELECT",2024-06-16 19:00:09 CST,5/22,0,LOG,00000,"execute S_1: SELECT c_discount, c_last, c_credit, w_tax     FROM bmsql_customer     JOIN bmsql_warehouse ON (w_id = c_w_id)     WHERE c_w_id = $1 AND c_d_id = $2 AND c_id = $3","parameters: $1 = '1', $2 = '1', $3 = '17'",,,,,,,,"","client backend"
2024-06-16 19:00:24.116 CST,"raingage","benchmark",54599,"127.0.0.1:48958",666ec5b9.d547,94,"SELECT",2024-06-16 19:00:09 CST,8/8,0,LOG,00000,"execute S_1: SELECT c_discount, c_last, c_credit, w_tax     FROM bmsql_customer     JOIN bmsql_warehouse ON (w_id = c_w_id)     WHERE c_w_id = $1 AND c_d_id = $2 AND c_id = $3","parameters: $1 = '1', $2 = '2', $3 = '92'",,,,,,,,"","client backend"
2024-06-16 19:00:24.146 CST,"raingage","benchmark",54596,"127.0.0.1:48952",666ec5b9.d544,291,"SELECT",2024-06-16 19:00:09 CST,5/22,0,LOG,00000,"execute S_1: SELECT c_discount, c_last, c_credit, w_tax     FROM bmsql_customer     JOIN bmsql_warehouse ON (w_id = c_w_id)     WHERE c_w_id = $1 AND c_d_id = $2 AND c_id = $3","parameters: $1 = '1', $2 = '1', $3 = '17'",,,,,,,,"","client backend"
2024-06-16 19:00:24.180 CST,"raingage","benchmark",54599,"127.0.0.1:48958",666ec5b9.d547,95,"SELECT",2024-06-16 19:00:09 CST,8/8,0,LOG,00000,"execute S_1: SELECT c_discount, c_last, c_credit, w_tax     FROM bmsql_customer     JOIN bmsql_warehouse ON (w_id = c_w_id)     WHERE c_w_id = $1 AND c_d_id = $2 AND c_id = $3","parameters: $1 = '1', $2 = '2', $3 = '92'",,,,,,,,"","client backend"
2024-06-16 19:00:24.212 CST,"raingage","benchmark",54596,"127.0.0.1:48952",666ec5b9.d544,292,"SELECT",2024-06-16 19:00:09 CST,5/22,0,LOG,00000,"execute S_1: SELECT c_discount, c_last, c_credit, w_tax     FROM bmsql_customer     JOIN bmsql_warehouse ON (w_id = c_w_id)     WHERE c_w_id = $1 AND c_d_id = $2 AND c_id = $3","parameters: $1 = '1', $2 = '1', $3 = '17'",,,,,,,,"","client backend"
2024-06-16 19:00:24.245 CST,"raingage","benchmark",54599,"127.0.0.1:48958",666ec5b9.d547,96,"SELECT",2024-06-16 19:00:09 CST,8/8,0,LOG,00000,"execute S_1: SELECT c_discount, c_last, c_credit, w_tax     FROM bmsql_customer     JOIN bmsql_warehouse ON (w_id = c_w_id)     WHERE c_w_id = $1 AND c_d_id = $2 AND c_id = $3","parameters: $1 = '1', $2 = '2', $3 = '92'",,,,,,,,"","client backend"
2024-06-16 19:00:24.278 CST,"raingage","benchmark",54596,"127.0.0.1:48952",666ec5b9.d544,293,"SELECT",2024-06-16 19:00:09 CST,5/22,0,LOG,00000,"execute S_1: SELECT c_discount, c_last, c_credit, w_tax     FROM bmsql_customer     JOIN bmsql_warehouse ON (w_id = c_w_id)     WHERE c_w_id = $1 AND c_d_id = $2 AND c_id = $3","parameters: $1 = '1', $2 = '1', $3 = '17'",,,,,,,,"","client backend"
2024-06-16 19:00:24.312 CST,"raingage","benchmark",54599,"127.0.0.1:48958",666ec5b9.d547,97,"SELECT",2024-06-16 19:00:09 CST,8/8,0,LOG,00000,"execute S_1: SELECT c_discount, c_last, c_credit, w_tax     FROM bmsql_customer     JOIN bmsql_warehouse ON (w_id = c_w_id)     WHERE c_w_id = $1 AND c_d_id = $2 AND c_id = $3","parameters: $1 = '1', $2 = '2', $3 = '92'",,,,,,,,"","client backend"
2024-06-16 19:00:24.347 CST,"raingage","benchmark",54596,"127.0.0.1:48952",666ec5b9.d544,294,"SELECT",2024-06-16 19:00:09 CST,5/22,0,LOG,00000,"execute S_1: SELECT c_discount, c_last, c_credit, w_tax     FROM bmsql_customer     JOIN bmsql_warehouse ON (w_id = c_w_id)     WHERE c_w_id = $1 AND c_d_id = $2 AND c_id = $3","parameters: $1 = '1', $2 = '1', $3 = '17'",,,,,,,,"","client backend"
2024-06-16 19:00:24.366 CST,"raingage","benchmark",54596,"127.0.0.1:48952",666ec5b9.d544,295,"SELECT",2024-06-16 19:00:09 CST,5/22,0,LOG,00000,"execute S_5: SELECT i_price, i_name, i_data     FROM bmsql_item     WHERE i_id = $1","parameters: $1 = '18'",,,,,,,,"","client backend"
2024-06-16 19:00:24.378 CST,"raingage","benchmark",54599,"127.0.0.1:48958",666ec5b9.d547,98,"SELECT",2024-06-16 19:00:09 CST,8/8,0,LOG,00000,"execute S_1: SELECT c_discount, c_last, c_credit, w_tax     FROM bmsql_customer     JOIN bmsql_warehouse ON (w_id = c_w_id)     WHERE c_w_id = $1 AND c_d_id = $2 AND c_id = $3","parameters: $1 = '1', $2 = '2', $3 = '92'",,,,,,,,"","client backend"
2024-06-16 19:00:24.380 CST,"raingage","benchmark",54596,"127.0.0.1:48952",666ec5b9.d544,296,"SELECT",2024-06-16 19:00:09 CST,5/22,0,LOG,00000,"execute S_6: SELECT s_quantity, s_data,        s_dist_01, s_dist_02, s_dist_03, s_dist_04,        s_dist_05, s_dist_06, s_dist_07, s_dist_08,        s_dist_09, s_dist_10     FROM bmsql_stock     WHERE s_w_id = $1 AND s_i_id = $2 ","parameters: $1 = '1', $2 = '18'",,,,,,,,"","client backend"
2024-06-16 19:00:24.399 CST,"raingage","benchmark",54596,"127.0.0.1:48952",666ec5b9.d544,297,"UPDATE",2024-06-16 19:00:09 CST,5/22,0,LOG,00000,"execute S_7: UPDATE bmsql_stock     SET s_quantity = $1, s_ytd = s_ytd + $2,         s_order_cnt = s_order_cnt + 1,         s_remote_cnt = s_remote_cnt + $3     WHERE s_w_id = $4 AND s_i_id = $5","parameters: $1 = '69', $2 = '2', $3 = '0', $4 = '1', $5 = '18'",,,,,,,,"","client backend"
2024-06-16 19:00:24.416 CST,"raingage","benchmark",54596,"127.0.0.1:48952",666ec5b9.d544,298,"COMMIT",2024-06-16 19:00:09 CST,5/22,115255,LOG,00000,"execute S_2: COMMIT",,,,,,,,,"","client backend"
2024-06-16 19:00:24.440 CST,"raingage","benchmark",54596,"127.0.0.1:48952",666ec5b9.d544,299,"BEGIN",2024-06-16 19:00:09 CST,5/23,0,LOG,00000,"execute S_3: BEGIN",,,,,,,,,"","client backend"
2024-06-16 19:00:24.450 CST,"raingage","benchmark",54599,"127.0.0.1:48958",666ec5b9.d547,99,"SELECT",2024-06-16 19:00:09 CST,8/8,0,LOG,00000,"execute S_1: SELECT c_discount, c_last, c_credit, w_tax     FROM bmsql_customer     JOIN bmsql_warehouse ON (w_id = c_w_id)     WHERE c_w_id = $1 AND c_d_id = $2 AND c_id = $3","parameters: $1 = '1', $2 = '2', $3 = '92'",,,,,,,,"","client backend"
2024-06-16 19:00:24.452 CST,"raingage","benchmark",54596,"127.0.0.1:48952",666ec5b9.d544,300,"SELECT",2024-06-16 19:00:09 CST,5/23,0,LOG,00000,"execute S_4: SELECT d_tax, d_next_o_id     FROM bmsql_district     WHERE d_w_id = $1 AND d_id = $2 ","parameters: $1 = '1', $2 = '1'",,,,,,,,"","client backend"
2024-06-16 19:00:24.470 CST,"raingage","benchmark",54599,"127.0.0.1:48958",666ec5b9.d547,100,"SELECT",2024-06-16 19:00:09 CST,8/8,0,LOG,00000,"execute S_5: SELECT i_price, i_name, i_data     FROM bmsql_item     WHERE i_id = $1","parameters: $1 = '89'",,,,,,,,"","client backend"
2024-06-16 19:00:24.489 CST,"raingage","benchmark",54599,"127.0.0.1:48958",666ec5b9.d547,101,"SELECT",2024-06-16 19:00:09 CST,8/8,0,LOG,00000,"execute S_6: SELECT s_quantity, s_data,        s_dist_01, s_dist_02, s_dist_03, s_dist_04,        s_dist_05, s_dist_06, s_dist_07, s_dist_08,        s_dist_09, s_dist_10     FROM bmsql_stock     WHERE s_w_id = $1 AND s_i_id = $2 ","parameters: $1 = '1', $2 = '89'",,,,,,,,"","client backend"
2024-06-16 19:00:24.508 CST,"raingage","benchmark",54599,"127.0.0.1:48958",666ec5b9.d547,102,"UPDATE",2024-06-16 19:00:09 CST,8/8,0,LOG,00000,"execute S_7: UPDATE bmsql_stock     SET s_quantity = $1, s_ytd = s_ytd + $2,         s_order_cnt = s_order_cnt + 1,         s_remote_cnt = s_remote_cnt + $3     WHERE s_w_id = $4 AND s_i_id = $5","parameters: $1 = '43', $2 = '2', $3 = '0', $4 = '1', $5 = '89'",,,,,,,,"","client backend"
2024-06-16 19:00:24.515 CST,"raingage","benchmark",54596,"127.0.0.1:48952",666ec5b9.d544,301,"SELECT",2024-06-16 19:00:09 CST,5/23,0,LOG,00000,"execute S_1: SELECT c_discount, c_last, c_credit, w_tax     FROM bmsql_customer     JOIN bmsql_warehouse ON (w_id = c_w_id)     WHERE c_w_id = $1 AND c_d_id = $2 AND c_id = $3","parameters: $1 = '1', $2 = '1', $3 = '36'",,,,,,,,"","client backend"
2024-06-16 19:00:24.521 CST,"raingage","benchmark",54599,"127.0.0.1:48958",666ec5b9.d547,103,"COMMIT",2024-06-16 19:00:09 CST,8/8,115256,LOG,00000,"execute S_2: COMMIT",,,,,,,,,"","client backend"
2024-06-16 19:00:24.538 CST,"raingage","benchmark",54599,"127.0.0.1:48958",666ec5b9.d547,104,"BEGIN",2024-06-16 19:00:09 CST,8/9,0,LOG,00000,"execute S_3: BEGIN",,,,,,,,,"","client backend"
2024-06-16 19:00:24.557 CST,"raingage","benchmark",54599,"127.0.0.1:48958",666ec5b9.d547,105,"SELECT",2024-06-16 19:00:09 CST,8/9,0,LOG,00000,"execute S_4: SELECT d_tax, d_next_o_id     FROM bmsql_district     WHERE d_w_id = $1 AND d_id = $2 ","parameters: $1 = '1', $2 = '1'",,,,,,,,"","client backend"
2024-06-16 19:00:24.581 CST,"raingage","benchmark",54596,"127.0.0.1:48952",666ec5b9.d544,302,"SELECT",2024-06-16 19:00:09 CST,5/23,0,LOG,00000,"execute S_1: SELECT c_discount, c_last, c_credit, w_tax     FROM bmsql_customer     JOIN bmsql_warehouse ON (w_id = c_w_id)     WHERE c_w_id = $1 AND c_d_id = $2 AND c_id = $3","parameters: $1 = '1', $2 = '1', $3 = '36'",,,,,,,,"","client backend"
2024-06-16 19:00:24.621 CST,"raingage","benchmark",54599,"127.0.0.1:48958",666ec5b9.d547,106,"SELECT",2024-06-16 19:00:09 CST,8/9,0,LOG,00000,"execute S_1: SELECT c_discount, c_last, c_credit, w_tax     FROM bmsql_customer     JOIN bmsql_warehouse ON (w_id = c_w_id)     WHERE c_w_id = $1 AND c_d_id = $2 AND c_id = $3","parameters: $1 = '1', $2 = '1', $3 = '84'",,,,,,,,"","client backend"
2024-06-16 19:00:24.651 CST,"raingage","benchmark",54596,"127.0.0.1:48952",666ec5b9.d544,303,"SELECT",2024-06-16 19:00:09 CST,5/23,0,LOG,00000,"execute S_1: SELECT c_discount, c_last, c_credit, w_tax     FROM bmsql_customer     JOIN bmsql_warehouse ON (w_id = c_w_id)     WHERE c_w_id = $1 AND c_d_id = $2 AND c_id = $3","parameters: $1 = '1', $2 = '1', $3 = '36'",,,,,,,,"","client backend"
2024-06-16 19:00:24.685 CST,"raingage","benchmark",54599,"127.0.0.1:48958",666ec5b9.d547,107,"SELECT",2024-06-16 19:00:09 CST,8/9,0,LOG,00000,"execute S_1: SELECT c_discount, c_last, c_credit, w_tax     FROM bmsql_customer     JOIN bmsql_warehouse ON (w_id = c_w_id)     WHERE c_w_id = $1 AND c_d_id = $2 AND c_id = $3","parameters: $1 = '1', $2 = '1', $3 = '84'",,,,,,,,"","client backend"
2024-06-16 19:00:24.723 CST,"raingage","benchmark",54596,"127.0.0.1:48952",666ec5b9.d544,304,"SELECT",2024-06-16 19:00:09 CST,5/23,0,LOG,00000,"execute S_1: SELECT c_discount, c_last, c_credit, w_tax     FROM bmsql_customer     JOIN bmsql_warehouse ON (w_id = c_w_id)     WHERE c_w_id = $1 AND c_d_id = $2 AND c_id = $3","parameters: $1 = '1', $2 = '1', $3 = '36'",,,,,,,,"","client backend"
2024-06-16 19:00:24.754 CST,"raingage","benchmark",54599,"127.0.0.1:48958",666ec5b9.d547,108,"SELECT",2024-06-16 19:00:09 CST,8/9,0,LOG,00000,"execute S_1: SELECT c_discount, c_last, c_credit, w_tax     FROM bmsql_customer     JOIN bmsql_warehouse ON (w_id = c_w_id)     WHERE c_w_id = $1 AND c_d_id = $2 AND c_id = $3","parameters: $1 = '1', $2 = '1', $3 = '84'",,,,,,,,"","client backend"
2024-06-16 19:00:24.784 CST,"raingage","benchmark",54596,"127.0.0.1:48952",666ec5b9.d544,305,"SELECT",2024-06-16 19:00:09 CST,5/23,0,LOG,00000,"execute S_1: SELECT c_discount, c_last, c_credit, w_tax     FROM bmsql_customer     JOIN bmsql_warehouse ON (w_id = c_w_id)     WHERE c_w_id = $1 AND c_d_id = $2 AND c_id = $3","parameters: $1 = '1', $2 = '1', $3 = '36'",,,,,,,,"","client backend"
2024-06-16 19:00:24.818 CST,"raingage","benchmark",54599,"127.0.0.1:48958",666ec5b9.d547,109,"SELECT",2024-06-16 19:00:09 CST,8/9,0,LOG,00000,"execute S_1: SELECT c_discount, c_last, c_credit, w_tax     FROM bmsql_customer     JOIN bmsql_warehouse ON (w_id = c_w_id)     WHERE c_w_id = $1 AND c_d_id = $2 AND c_id = $3","parameters: $1 = '1', $2 = '1', $3 = '84'",,,,,,,,"","client backend"
2024-06-16 19:00:24.854 CST,"raingage","benchmark",54596,"127.0.0.1:48952",666ec5b9.d544,306,"SELECT",2024-06-16 19:00:09 CST,5/23,0,LOG,00000,"execute S_1: SELECT c_discount, c_last, c_credit, w_tax     FROM bmsql_customer     JOIN bmsql_warehouse ON (w_id = c_w_id)     WHERE c_w_id = $1 AND c_d_id = $2 AND c_id = $3","parameters: $1 = '1', $2 = '1', $3 = '36'",,,,,,,,"","client backend"
2024-06-16 19:00:24.884 CST,"raingage","benchmark",54599,"127.0.0.1:48958",666ec5b9.d547,110,"SELECT",2024-06-16 19:00:09 CST,8/9,0,LOG,00000,"execute S_1: SELECT c_discount, c_last, c_credit, w_tax     FROM bmsql_customer     JOIN bmsql_warehouse ON (w_id = c_w_id)     WHERE c_w_id = $1 AND c_d_id = $2 AND c_id = $3","parameters: $1 = '1', $2 = '1', $3 = '84'",,,,,,,,"","client backend"
2024-06-16 19:00:24.917 CST,"raingage","benchmark",54596,"127.0.0.1:48952",666ec5b9.d544,307,"SELECT",2024-06-16 19:00:09 CST,5/23,0,LOG,00000,"execute S_1: SELECT c_discount, c_last, c_credit, w_tax     FROM bmsql_customer     JOIN bmsql_warehouse ON (w_id = c_w_id)     WHERE c_w_id = $1 AND c_d_id = $2 AND c_id = $3","parameters: $1 = '1', $2 = '1', $3 = '36'",,,,,,,,"","client backend"
2024-06-16 19:00:24.951 CST,"raingage","benchmark",54599,"127.0.0.1:48958",666ec5b9.d547,111,"SELECT",2024-06-16 19:00:09 CST,8/9,0,LOG,00000,"execute S_1: SELECT c_discount, c_last, c_credit, w_tax     FROM bmsql_customer     JOIN bmsql_warehouse ON (w_id = c_w_id)     WHERE c_w_id = $1 AND c_d_id = $2 AND c_id = $3","parameters: $1 = '1', $2 = '1', $3 = '84'",,,,,,,,"","client backend"
2024-06-16 19:00:24.985 CST,"raingage","benchmark",54596,"127.0.0.1:48952",666ec5b9.d544,308,"SELECT",2024-06-16 19:00:09 CST,5/23,0,LOG,00000,"execute S_1: SELECT c_discount, c_last, c_credit, w_tax     FROM bmsql_customer     JOIN bmsql_warehouse ON (w_id = c_w_id)     WHERE c_w_id = $1 AND c_d_id = $2 AND c_id = $3","parameters: $1 = '1', $2 = '1', $3 = '36'",,,,,,,,"","client backend"
2024-06-16 19:00:25.004 CST,"raingage","benchmark",54596,"127.0.0.1:48952",666ec5b9.d544,309,"SELECT",2024-06-16 19:00:09 CST,5/23,0,LOG,00000,"execute S_5: SELECT i_price, i_name, i_data     FROM bmsql_item     WHERE i_id = $1","parameters: $1 = '12'",,,,,,,,"","client backend"
2024-06-16 19:00:25.021 CST,"raingage","benchmark",54599,"127.0.0.1:48958",666ec5b9.d547,112,"SELECT",2024-06-16 19:00:09 CST,8/9,0,LOG,00000,"execute S_1: SELECT c_discount, c_last, c_credit, w_tax     FROM bmsql_customer     JOIN bmsql_warehouse ON (w_id = c_w_id)     WHERE c_w_id = $1 AND c_d_id = $2 AND c_id = $3","parameters: $1 = '1', $2 = '1', $3 = '84'",,,,,,,,"","client backend"
2024-06-16 19:00:25.022 CST,"raingage","benchmark",54596,"127.0.0.1:48952",666ec5b9.d544,310,"SELECT",2024-06-16 19:00:09 CST,5/23,0,LOG,00000,"execute S_6: SELECT s_quantity, s_data,        s_dist_01, s_dist_02, s_dist_03, s_dist_04,        s_dist_05, s_dist_06, s_dist_07, s_dist_08,        s_dist_09, s_dist_10     FROM bmsql_stock     WHERE s_w_id = $1 AND s_i_id = $2 ","parameters: $1 = '1', $2 = '12'",,,,,,,,"","client backend"
2024-06-16 19:00:25.037 CST,"raingage","benchmark",54596,"127.0.0.1:48952",666ec5b9.d544,311,"UPDATE",2024-06-16 19:00:09 CST,5/23,0,LOG,00000,"execute S_7: UPDATE bmsql_stock     SET s_quantity = $1, s_ytd = s_ytd + $2,         s_order_cnt = s_order_cnt + 1,         s_remote_cnt = s_remote_cnt + $3     WHERE s_w_id = $4 AND s_i_id = $5","parameters: $1 = '75', $2 = '2', $3 = '0', $4 = '1', $5 = '12'",,,,,,,,"","client backend"
2024-06-16 19:00:25.058 CST,"raingage","benchmark",54596,"127.0.0.1:48952",666ec5b9.d544,312,"COMMIT",2024-06-16 19:00:09 CST,5/23,115257,LOG,00000,"execute S_2: COMMIT",,,,,,,,,"","client backend"
2024-06-16 19:00:25.080 CST,"raingage","benchmark",54596,"127.0.0.1:48952",666ec5b9.d544,313,"BEGIN",2024-06-16 19:00:09 CST,5/24,0,LOG,00000,"execute S_3: BEGIN",,,,,,,,,"","client backend"
2024-06-16 19:00:25.084 CST,"raingage","benchmark",54599,"127.0.0.1:48958",666ec5b9.d547,113,"SELECT",2024-06-16 19:00:09 CST,8/9,0,LOG,00000,"execute S_1: SELECT c_discount, c_last, c_credit, w_tax     FROM bmsql_customer     JOIN bmsql_warehouse ON (w_id = c_w_id)     WHERE c_w_id = $1 AND c_d_id = $2 AND c_id = $3","parameters: $1 = '1', $2 = '1', $3 = '84'",,,,,,,,"","client backend"
2024-06-16 19:00:25.095 CST,"raingage","benchmark",54596,"127.0.0.1:48952",666ec5b9.d544,314,"SELECT",2024-06-16 19:00:09 CST,5/24,0,LOG,00000,"execute S_4: SELECT d_tax, d_next_o_id     FROM bmsql_district     WHERE d_w_id = $1 AND d_id = $2 ","parameters: $1 = '1', $2 = '1'",,,,,,,,"","client backend"
2024-06-16 19:00:25.102 CST,"raingage","benchmark",54599,"127.0.0.1:48958",666ec5b9.d547,114,"SELECT",2024-06-16 19:00:09 CST,8/9,0,LOG,00000,"execute S_5: SELECT i_price, i_name, i_data     FROM bmsql_item     WHERE i_id = $1","parameters: $1 = '75'",,,,,,,,"","client backend"
2024-06-16 19:00:25.113 CST,"raingage","benchmark",54599,"127.0.0.1:48958",666ec5b9.d547,115,"SELECT",2024-06-16 19:00:09 CST,8/9,0,LOG,00000,"execute S_6: SELECT s_quantity, s_data,        s_dist_01, s_dist_02, s_dist_03, s_dist_04,        s_dist_05, s_dist_06, s_dist_07, s_dist_08,        s_dist_09, s_dist_10     FROM bmsql_stock     WHERE s_w_id = $1 AND s_i_id = $2 ","parameters: $1 = '1', $2 = '75'",,,,,,,,"","client backend"
2024-06-16 19:00:25.127 CST,"raingage","benchmark",54599,"127.0.0.1:48958",666ec5b9.d547,116,"UPDATE",2024-06-16 19:00:09 CST,8/9,0,LOG,00000,"execute S_7: UPDATE bmsql_stock     SET s_quantity = $1, s_ytd = s_ytd + $2,         s_order_cnt = s_order_cnt + 1,         s_remote_cnt = s_remote_cnt + $3     WHERE s_w_id = $4 AND s_i_id = $5","parameters: $1 = '25', $2 = '2', $3 = '0', $4 = '1', $5 = '75'",,,,,,,,"","client backend"
2024-06-16 19:00:25.145 CST,"raingage","benchmark",54599,"127.0.0.1:48958",666ec5b9.d547,117,"COMMIT",2024-06-16 19:00:09 CST,8/9,115258,LOG,00000,"execute S_2: COMMIT",,,,,,,,,"","client backend"
2024-06-16 19:00:25.163 CST,"raingage","benchmark",54599,"127.0.0.1:48958",666ec5b9.d547,118,"BEGIN",2024-06-16 19:00:09 CST,8/10,0,LOG,00000,"execute S_3: BEGIN",,,,,,,,,"","client backend"
2024-06-16 19:00:25.167 CST,"raingage","benchmark",54596,"127.0.0.1:48952",666ec5b9.d544,315,"SELECT",2024-06-16 19:00:09 CST,5/24,0,LOG,00000,"execute S_1: SELECT c_discount, c_last, c_credit, w_tax     FROM bmsql_customer     JOIN bmsql_warehouse ON (w_id = c_w_id)     WHERE c_w_id = $1 AND c_d_id = $2 AND c_id = $3","parameters: $1 = '1', $2 = '1', $3 = '84'",,,,,,,,"","client backend"
2024-06-16 19:00:25.183 CST,"raingage","benchmark",54599,"127.0.0.1:48958",666ec5b9.d547,119,"SELECT",2024-06-16 19:00:09 CST,8/10,0,LOG,00000,"execute S_4: SELECT d_tax, d_next_o_id     FROM bmsql_district     WHERE d_w_id = $1 AND d_id = $2 ","parameters: $1 = '1', $2 = '1'",,,,,,,,"","client backend"
2024-06-16 19:00:25.231 CST,"raingage","benchmark",54596,"127.0.0.1:48952",666ec5b9.d544,316,"SELECT",2024-06-16 19:00:09 CST,5/24,0,LOG,00000,"execute S_1: SELECT c_discount, c_last, c_credit, w_tax     FROM bmsql_customer     JOIN bmsql_warehouse ON (w_id = c_w_id)     WHERE c_w_id = $1 AND c_d_id = $2 AND c_id = $3","parameters: $1 = '1', $2 = '1', $3 = '84'",,,,,,,,"","client backend"
2024-06-16 19:00:25.252 CST,"raingage","benchmark",54599,"127.0.0.1:48958",666ec5b9.d547,120,"SELECT",2024-06-16 19:00:09 CST,8/10,0,LOG,00000,"execute S_1: SELECT c_discount, c_last, c_credit, w_tax     FROM bmsql_customer     JOIN bmsql_warehouse ON (w_id = c_w_id)     WHERE c_w_id = $1 AND c_d_id = $2 AND c_id = $3","parameters: $1 = '1', $2 = '1', $3 = '90'",,,,,,,,"","client backend"
2024-06-16 19:00:25.297 CST,"raingage","benchmark",54596,"127.0.0.1:48952",666ec5b9.d544,317,"SELECT",2024-06-16 19:00:09 CST,5/24,0,LOG,00000,"execute S_1: SELECT c_discount, c_last, c_credit, w_tax     FROM bmsql_customer     JOIN bmsql_warehouse ON (w_id = c_w_id)     WHERE c_w_id = $1 AND c_d_id = $2 AND c_id = $3","parameters: $1 = '1', $2 = '1', $3 = '84'",,,,,,,,"","client backend"
2024-06-16 19:00:25.317 CST,"raingage","benchmark",54599,"127.0.0.1:48958",666ec5b9.d547,121,"SELECT",2024-06-16 19:00:09 CST,8/10,0,LOG,00000,"execute S_1: SELECT c_discount, c_last, c_credit, w_tax     FROM bmsql_customer     JOIN bmsql_warehouse ON (w_id = c_w_id)     WHERE c_w_id = $1 AND c_d_id = $2 AND c_id = $3","parameters: $1 = '1', $2 = '1', $3 = '90'",,,,,,,,"","client backend"
2024-06-16 19:00:25.368 CST,"raingage","benchmark",54596,"127.0.0.1:48952",666ec5b9.d544,318,"SELECT",2024-06-16 19:00:09 CST,5/24,0,LOG,00000,"execute S_1: SELECT c_discount, c_last, c_credit, w_tax     FROM bmsql_customer     JOIN bmsql_warehouse ON (w_id = c_w_id)     WHERE c_w_id = $1 AND c_d_id = $2 AND c_id = $3","parameters: $1 = '1', $2 = '1', $3 = '84'",,,,,,,,"","client backend"
2024-06-16 19:00:25.384 CST,"raingage","benchmark",54599,"127.0.0.1:48958",666ec5b9.d547,122,"SELECT",2024-06-16 19:00:09 CST,8/10,0,LOG,00000,"execute S_1: SELECT c_discount, c_last, c_credit, w_tax     FROM bmsql_customer     JOIN bmsql_warehouse ON (w_id = c_w_id)     WHERE c_w_id = $1 AND c_d_id = $2 AND c_id = $3","parameters: $1 = '1', $2 = '1', $3 = '90'",,,,,,,,"","client backend"
2024-06-16 19:00:25.436 CST,"raingage","benchmark",54596,"127.0.0.1:48952",666ec5b9.d544,319,"SELECT",2024-06-16 19:00:09 CST,5/24,0,LOG,00000,"execute S_1: SELECT c_discount, c_last, c_credit, w_tax     FROM bmsql_customer     JOIN bmsql_warehouse ON (w_id = c_w_id)     WHERE c_w_id = $1 AND c_d_id = $2 AND c_id = $3","parameters: $1 = '1', $2 = '1', $3 = '84'",,,,,,,,"","client backend"
2024-06-16 19:00:25.448 CST,"raingage","benchmark",54599,"127.0.0.1:48958",666ec5b9.d547,123,"SELECT",2024-06-16 19:00:09 CST,8/10,0,LOG,00000,"execute S_1: SELECT c_discount, c_last, c_credit, w_tax     FROM bmsql_customer     JOIN bmsql_warehouse ON (w_id = c_w_id)     WHERE c_w_id = $1 AND c_d_id = $2 AND c_id = $3","parameters: $1 = '1', $2 = '1', $3 = '90'",,,,,,,,"","client backend"
2024-06-16 19:00:25.501 CST,"raingage","benchmark",54596,"127.0.0.1:48952",666ec5b9.d544,320,"SELECT",2024-06-16 19:00:09 CST,5/24,0,LOG,00000,"execute S_1: SELECT c_discount, c_last, c_credit, w_tax     FROM bmsql_customer     JOIN bmsql_warehouse ON (w_id = c_w_id)     WHERE c_w_id = $1 AND c_d_id = $2 AND c_id = $3","parameters: $1 = '1', $2 = '1', $3 = '84'",,,,,,,,"","client backend"
2024-06-16 19:00:25.518 CST,"raingage","benchmark",54599,"127.0.0.1:48958",666ec5b9.d547,124,"SELECT",2024-06-16 19:00:09 CST,8/10,0,LOG,00000,"execute S_1: SELECT c_discount, c_last, c_credit, w_tax     FROM bmsql_customer     JOIN bmsql_warehouse ON (w_id = c_w_id)     WHERE c_w_id = $1 AND c_d_id = $2 AND c_id = $3","parameters: $1 = '1', $2 = '1', $3 = '90'",,,,,,,,"","client backend"
2024-06-16 19:00:25.572 CST,"raingage","benchmark",54596,"127.0.0.1:48952",666ec5b9.d544,321,"SELECT",2024-06-16 19:00:09 CST,5/24,0,LOG,00000,"execute S_1: SELECT c_discount, c_last, c_credit, w_tax     FROM bmsql_customer     JOIN bmsql_warehouse ON (w_id = c_w_id)     WHERE c_w_id = $1 AND c_d_id = $2 AND c_id = $3","parameters: $1 = '1', $2 = '1', $3 = '84'",,,,,,,,"","client backend"
2024-06-16 19:00:25.589 CST,"raingage","benchmark",54599,"127.0.0.1:48958",666ec5b9.d547,125,"SELECT",2024-06-16 19:00:09 CST,8/10,0,LOG,00000,"execute S_1: SELECT c_discount, c_last, c_credit, w_tax     FROM bmsql_customer     JOIN bmsql_warehouse ON (w_id = c_w_id)     WHERE c_w_id = $1 AND c_d_id = $2 AND c_id = $3","parameters: $1 = '1', $2 = '1', $3 = '90'",,,,,,,,"","client backend"
2024-06-16 19:00:25.638 CST,"raingage","benchmark",54596,"127.0.0.1:48952",666ec5b9.d544,322,"SELECT",2024-06-16 19:00:09 CST,5/24,0,LOG,00000,"execute S_1: SELECT c_discount, c_last, c_credit, w_tax     FROM bmsql_customer     JOIN bmsql_warehouse ON (w_id = c_w_id)     WHERE c_w_id = $1 AND c_d_id = $2 AND c_id = $3","parameters: $1 = '1', $2 = '1', $3 = '84'",,,,,,,,"","client backend"
2024-06-16 19:00:25.656 CST,"raingage","benchmark",54599,"127.0.0.1:48958",666ec5b9.d547,126,"SELECT",2024-06-16 19:00:09 CST,8/10,0,LOG,00000,"execute S_1: SELECT c_discount, c_last, c_credit, w_tax     FROM bmsql_customer     JOIN bmsql_warehouse ON (w_id = c_w_id)     WHERE c_w_id = $1 AND c_d_id = $2 AND c_id = $3","parameters: $1 = '1', $2 = '1', $3 = '90'",,,,,,,,"","client backend"
2024-06-16 19:00:25.657 CST,"raingage","benchmark",54596,"127.0.0.1:48952",666ec5b9.d544,323,"SELECT",2024-06-16 19:00:09 CST,5/24,0,LOG,00000,"execute S_5: SELECT i_price, i_name, i_data     FROM bmsql_item     WHERE i_id = $1","parameters: $1 = '75'",,,,,,,,"","client backend"
2024-06-16 19:00:25.672 CST,"raingage","benchmark",54596,"127.0.0.1:48952",666ec5b9.d544,324,"SELECT",2024-06-16 19:00:09 CST,5/24,0,LOG,00000,"execute S_6: SELECT s_quantity, s_data,        s_dist_01, s_dist_02, s_dist_03, s_dist_04,        s_dist_05, s_dist_06, s_dist_07, s_dist_08,        s_dist_09, s_dist_10     FROM bmsql_stock     WHERE s_w_id = $1 AND s_i_id = $2 ","parameters: $1 = '1', $2 = '75'",,,,,,,,"","client backend"
2024-06-16 19:00:25.685 CST,"raingage","benchmark",54596,"127.0.0.1:48952",666ec5b9.d544,325,"UPDATE",2024-06-16 19:00:09 CST,5/24,0,LOG,00000,"execute S_7: UPDATE bmsql_stock     SET s_quantity = $1, s_ytd = s_ytd + $2,         s_order_cnt = s_order_cnt + 1,         s_remote_cnt = s_remote_cnt + $3     WHERE s_w_id = $4 AND s_i_id = $5","parameters: $1 = '23', $2 = '4', $3 = '0', $4 = '1', $5 = '75'",,,,,,,,"","client backend"
2024-06-16 19:00:25.701 CST,"raingage","benchmark",54596,"127.0.0.1:48952",666ec5b9.d544,326,"COMMIT",2024-06-16 19:00:09 CST,5/24,115259,LOG,00000,"execute S_2: COMMIT",,,,,,,,,"","client backend"
2024-06-16 19:00:25.721 CST,"raingage","benchmark",54596,"127.0.0.1:48952",666ec5b9.d544,327,"BEGIN",2024-06-16 19:00:09 CST,5/25,0,LOG,00000,"execute S_3: BEGIN",,,,,,,,,"","client backend"
2024-06-16 19:00:25.722 CST,"raingage","benchmark",54599,"127.0.0.1:48958",666ec5b9.d547,127,"SELECT",2024-06-16 19:00:09 CST,8/10,0,LOG,00000,"execute S_1: SELECT c_discount, c_last, c_credit, w_tax     FROM bmsql_customer     JOIN bmsql_warehouse ON (w_id = c_w_id)     WHERE c_w_id = $1 AND c_d_id = $2 AND c_id = $3","parameters: $1 = '1', $2 = '1', $3 = '90'",,,,,,,,"","client backend"
2024-06-16 19:00:25.732 CST,"raingage","benchmark",54596,"127.0.0.1:48952",666ec5b9.d544,328,"SELECT",2024-06-16 19:00:09 CST,5/25,0,LOG,00000,"execute S_4: SELECT d_tax, d_next_o_id     FROM bmsql_district     WHERE d_w_id = $1 AND d_id = $2 ","parameters: $1 = '1', $2 = '1'",,,,,,,,"","client backend"
2024-06-16 19:00:25.736 CST,"raingage","benchmark",54599,"127.0.0.1:48958",666ec5b9.d547,128,"SELECT",2024-06-16 19:00:09 CST,8/10,0,LOG,00000,"execute S_5: SELECT i_price, i_name, i_data     FROM bmsql_item     WHERE i_id = $1","parameters: $1 = '56'",,,,,,,,"","client backend"
2024-06-16 19:00:25.755 CST,"raingage","benchmark",54599,"127.0.0.1:48958",666ec5b9.d547,129,"SELECT",2024-06-16 19:00:09 CST,8/10,0,LOG,00000,"execute S_6: SELECT s_quantity, s_data,        s_dist_01, s_dist_02, s_dist_03, s_dist_04,        s_dist_05, s_dist_06, s_dist_07, s_dist_08,        s_dist_09, s_dist_10     FROM bmsql_stock     WHERE s_w_id = $1 AND s_i_id = $2 ","parameters: $1 = '1', $2 = '56'",,,,,,,,"","client backend"
2024-06-16 19:00:25.769 CST,"raingage","benchmark",54599,"127.0.0.1:48958",666ec5b9.d547,130,"UPDATE",2024-06-16 19:00:09 CST,8/10,0,LOG,00000,"execute S_7: UPDATE bmsql_stock     SET s_quantity = $1, s_ytd = s_ytd + $2,         s_order_cnt = s_order_cnt + 1,         s_remote_cnt = s_remote_cnt + $3     WHERE s_w_id = $4 AND s_i_id = $5","parameters: $1 = '61', $2 = '4', $3 = '0', $4 = '1', $5 = '56'",,,,,,,,"","client backend"
2024-06-16 19:00:25.783 CST,"raingage","benchmark",54599,"127.0.0.1:48958",666ec5b9.d547,131,"COMMIT",2024-06-16 19:00:09 CST,8/10,115260,LOG,00000,"execute S_2: COMMIT",,,,,,,,,"","client backend"
2024-06-16 19:00:25.795 CST,"raingage","benchmark",54596,"127.0.0.1:48952",666ec5b9.d544,329,"SELECT",2024-06-16 19:00:09 CST,5/25,0,LOG,00000,"execute S_1: SELECT c_discount, c_last, c_credit, w_tax     FROM bmsql_customer     JOIN bmsql_warehouse ON (w_id = c_w_id)     WHERE c_w_id = $1 AND c_d_id = $2 AND c_id = $3","parameters: $1 = '1', $2 = '1', $3 = '10'",,,,,,,,"","client backend"
2024-06-16 19:00:25.866 CST,"raingage","benchmark",54596,"127.0.0.1:48952",666ec5b9.d544,330,"SELECT",2024-06-16 19:00:09 CST,5/25,0,LOG,00000,"execute S_1: SELECT c_discount, c_last, c_credit, w_tax     FROM bmsql_customer     JOIN bmsql_warehouse ON (w_id = c_w_id)     WHERE c_w_id = $1 AND c_d_id = $2 AND c_id = $3","parameters: $1 = '1', $2 = '1', $3 = '10'",,,,,,,,"","client backend"
2024-06-16 19:00:25.931 CST,"raingage","benchmark",54596,"127.0.0.1:48952",666ec5b9.d544,331,"SELECT",2024-06-16 19:00:09 CST,5/25,0,LOG,00000,"execute S_1: SELECT c_discount, c_last, c_credit, w_tax     FROM bmsql_customer     JOIN bmsql_warehouse ON (w_id = c_w_id)     WHERE c_w_id = $1 AND c_d_id = $2 AND c_id = $3","parameters: $1 = '1', $2 = '1', $3 = '10'",,,,,,,,"","client backend"
2024-06-16 19:00:25.994 CST,"raingage","benchmark",54596,"127.0.0.1:48952",666ec5b9.d544,332,"SELECT",2024-06-16 19:00:09 CST,5/25,0,LOG,00000,"execute S_1: SELECT c_discount, c_last, c_credit, w_tax     FROM bmsql_customer     JOIN bmsql_warehouse ON (w_id = c_w_id)     WHERE c_w_id = $1 AND c_d_id = $2 AND c_id = $3","parameters: $1 = '1', $2 = '1', $3 = '10'",,,,,,,,"","client backend"
2024-06-16 19:00:26.058 CST,"raingage","benchmark",54596,"127.0.0.1:48952",666ec5b9.d544,333,"SELECT",2024-06-16 19:00:09 CST,5/25,0,LOG,00000,"execute S_1: SELECT c_discount, c_last, c_credit, w_tax     FROM bmsql_customer     JOIN bmsql_warehouse ON (w_id = c_w_id)     WHERE c_w_id = $1 AND c_d_id = $2 AND c_id = $3","parameters: $1 = '1', $2 = '1', $3 = '10'",,,,,,,,"","client backend"
2024-06-16 19:00:26.121 CST,"raingage","benchmark",54596,"127.0.0.1:48952",666ec5b9.d544,334,"SELECT",2024-06-16 19:00:09 CST,5/25,0,LOG,00000,"execute S_1: SELECT c_discount, c_last, c_credit, w_tax     FROM bmsql_customer     JOIN bmsql_warehouse ON (w_id = c_w_id)     WHERE c_w_id = $1 AND c_d_id = $2 AND c_id = $3","parameters: $1 = '1', $2 = '1', $3 = '10'",,,,,,,,"","client backend"
2024-06-16 19:00:26.185 CST,"raingage","benchmark",54596,"127.0.0.1:48952",666ec5b9.d544,335,"SELECT",2024-06-16 19:00:09 CST,5/25,0,LOG,00000,"execute S_1: SELECT c_discount, c_last, c_credit, w_tax     FROM bmsql_customer     JOIN bmsql_warehouse ON (w_id = c_w_id)     WHERE c_w_id = $1 AND c_d_id = $2 AND c_id = $3","parameters: $1 = '1', $2 = '1', $3 = '10'",,,,,,,,"","client backend"
2024-06-16 19:00:26.252 CST,"raingage","benchmark",54596,"127.0.0.1:48952",666ec5b9.d544,336,"SELECT",2024-06-16 19:00:09 CST,5/25,0,LOG,00000,"execute S_1: SELECT c_discount, c_last, c_credit, w_tax     FROM bmsql_customer     JOIN bmsql_warehouse ON (w_id = c_w_id)     WHERE c_w_id = $1 AND c_d_id = $2 AND c_id = $3","parameters: $1 = '1', $2 = '1', $3 = '10'",,,,,,,,"","client backend"
2024-06-16 19:00:26.271 CST,"raingage","benchmark",54596,"127.0.0.1:48952",666ec5b9.d544,337,"SELECT",2024-06-16 19:00:09 CST,5/25,0,LOG,00000,"execute S_5: SELECT i_price, i_name, i_data     FROM bmsql_item     WHERE i_id = $1","parameters: $1 = '43'",,,,,,,,"","client backend"
2024-06-16 19:00:26.288 CST,"raingage","benchmark",54596,"127.0.0.1:48952",666ec5b9.d544,338,"SELECT",2024-06-16 19:00:09 CST,5/25,0,LOG,00000,"execute S_6: SELECT s_quantity, s_data,        s_dist_01, s_dist_02, s_dist_03, s_dist_04,        s_dist_05, s_dist_06, s_dist_07, s_dist_08,        s_dist_09, s_dist_10     FROM bmsql_stock     WHERE s_w_id = $1 AND s_i_id = $2 ","parameters: $1 = '1', $2 = '43'",,,,,,,,"","client backend"
2024-06-16 19:00:26.301 CST,"raingage","benchmark",54596,"127.0.0.1:48952",666ec5b9.d544,339,"UPDATE",2024-06-16 19:00:09 CST,5/25,0,LOG,00000,"execute S_7: UPDATE bmsql_stock     SET s_quantity = $1, s_ytd = s_ytd + $2,         s_order_cnt = s_order_cnt + 1,         s_remote_cnt = s_remote_cnt + $3     WHERE s_w_id = $4 AND s_i_id = $5","parameters: $1 = '59', $2 = '3', $3 = '0', $4 = '1', $5 = '43'",,,,,,,,"","client backend"
2024-06-16 19:00:26.317 CST,"raingage","benchmark",54596,"127.0.0.1:48952",666ec5b9.d544,340,"COMMIT",2024-06-16 19:00:09 CST,5/25,115261,LOG,00000,"execute S_2: COMMIT",,,,,,,,,"","client backend"
2024-06-16 19:00:26.334 CST,"raingage","benchmark",54596,"127.0.0.1:48952",666ec5b9.d544,341,"BEGIN",2024-06-16 19:00:09 CST,5/26,0,LOG,00000,"execute S_3: BEGIN",,,,,,,,,"","client backend"
2024-06-16 19:00:26.351 CST,"raingage","benchmark",54596,"127.0.0.1:48952",666ec5b9.d544,342,"SELECT",2024-06-16 19:00:09 CST,5/26,0,LOG,00000,"execute S_4: SELECT d_tax, d_next_o_id     FROM bmsql_district     WHERE d_w_id = $1 AND d_id = $2 ","parameters: $1 = '1', $2 = '1'",,,,,,,,"","client backend"
2024-06-16 19:00:26.362 CST,"raingage","benchmark",54595,"127.0.0.1:48950",666ec5b9.d543,143,"BEGIN",2024-06-16 19:00:09 CST,4/12,0,LOG,00000,"execute S_3: BEGIN",,,,,,,,,"","client backend"
2024-06-16 19:00:26.376 CST,"raingage","benchmark",54595,"127.0.0.1:48950",666ec5b9.d543,144,"SELECT",2024-06-16 19:00:09 CST,4/12,0,LOG,00000,"execute S_4: SELECT d_tax, d_next_o_id     FROM bmsql_district     WHERE d_w_id = $1 AND d_id = $2 ","parameters: $1 = '1', $2 = '1'",,,,,,,,"","client backend"
2024-06-16 19:00:26.417 CST,"raingage","benchmark",54596,"127.0.0.1:48952",666ec5b9.d544,343,"SELECT",2024-06-16 19:00:09 CST,5/26,0,LOG,00000,"execute S_1: SELECT c_discount, c_last, c_credit, w_tax     FROM bmsql_customer     JOIN bmsql_warehouse ON (w_id = c_w_id)     WHERE c_w_id = $1 AND c_d_id = $2 AND c_id = $3","parameters: $1 = '1', $2 = '1', $3 = '43'",,,,,,,,"","client backend"
2024-06-16 19:00:26.445 CST,"raingage","benchmark",54595,"127.0.0.1:48950",666ec5b9.d543,145,"SELECT",2024-06-16 19:00:09 CST,4/12,0,LOG,00000,"execute S_1: SELECT c_discount, c_last, c_credit, w_tax     FROM bmsql_customer     JOIN bmsql_warehouse ON (w_id = c_w_id)     WHERE c_w_id = $1 AND c_d_id = $2 AND c_id = $3","parameters: $1 = '1', $2 = '1', $3 = '63'",,,,,,,,"","client backend"
2024-06-16 19:00:26.480 CST,"raingage","benchmark",54596,"127.0.0.1:48952",666ec5b9.d544,344,"SELECT",2024-06-16 19:00:09 CST,5/26,0,LOG,00000,"execute S_1: SELECT c_discount, c_last, c_credit, w_tax     FROM bmsql_customer     JOIN bmsql_warehouse ON (w_id = c_w_id)     WHERE c_w_id = $1 AND c_d_id = $2 AND c_id = $3","parameters: $1 = '1', $2 = '1', $3 = '43'",,,,,,,,"","client backend"
2024-06-16 19:00:26.515 CST,"raingage","benchmark",54595,"127.0.0.1:48950",666ec5b9.d543,146,"SELECT",2024-06-16 19:00:09 CST,4/12,0,LOG,00000,"execute S_1: SELECT c_discount, c_last, c_credit, w_tax     FROM bmsql_customer     JOIN bmsql_warehouse ON (w_id = c_w_id)     WHERE c_w_id = $1 AND c_d_id = $2 AND c_id = $3","parameters: $1 = '1', $2 = '1', $3 = '63'",,,,,,,,"","client backend"
2024-06-16 19:00:26.545 CST,"raingage","benchmark",54596,"127.0.0.1:48952",666ec5b9.d544,345,"SELECT",2024-06-16 19:00:09 CST,5/26,0,LOG,00000,"execute S_1: SELECT c_discount, c_last, c_credit, w_tax     FROM bmsql_customer     JOIN bmsql_warehouse ON (w_id = c_w_id)     WHERE c_w_id = $1 AND c_d_id = $2 AND c_id = $3","parameters: $1 = '1', $2 = '1', $3 = '43'",,,,,,,,"","client backend"
2024-06-16 19:00:26.582 CST,"raingage","benchmark",54595,"127.0.0.1:48950",666ec5b9.d543,147,"SELECT",2024-06-16 19:00:09 CST,4/12,0,LOG,00000,"execute S_1: SELECT c_discount, c_last, c_credit, w_tax     FROM bmsql_customer     JOIN bmsql_warehouse ON (w_id = c_w_id)     WHERE c_w_id = $1 AND c_d_id = $2 AND c_id = $3","parameters: $1 = '1', $2 = '1', $3 = '63'",,,,,,,,"","client backend"
2024-06-16 19:00:26.612 CST,"raingage","benchmark",54596,"127.0.0.1:48952",666ec5b9.d544,346,"SELECT",2024-06-16 19:00:09 CST,5/26,0,LOG,00000,"execute S_1: SELECT c_discount, c_last, c_credit, w_tax     FROM bmsql_customer     JOIN bmsql_warehouse ON (w_id = c_w_id)     WHERE c_w_id = $1 AND c_d_id = $2 AND c_id = $3","parameters: $1 = '1', $2 = '1', $3 = '43'",,,,,,,,"","client backend"
2024-06-16 19:00:26.653 CST,"raingage","benchmark",54595,"127.0.0.1:48950",666ec5b9.d543,148,"SELECT",2024-06-16 19:00:09 CST,4/12,0,LOG,00000,"execute S_1: SELECT c_discount, c_last, c_credit, w_tax     FROM bmsql_customer     JOIN bmsql_warehouse ON (w_id = c_w_id)     WHERE c_w_id = $1 AND c_d_id = $2 AND c_id = $3","parameters: $1 = '1', $2 = '1', $3 = '63'",,,,,,,,"","client backend"
2024-06-16 19:00:26.677 CST,"raingage","benchmark",54596,"127.0.0.1:48952",666ec5b9.d544,347,"SELECT",2024-06-16 19:00:09 CST,5/26,0,LOG,00000,"execute S_1: SELECT c_discount, c_last, c_credit, w_tax     FROM bmsql_customer     JOIN bmsql_warehouse ON (w_id = c_w_id)     WHERE c_w_id = $1 AND c_d_id = $2 AND c_id = $3","parameters: $1 = '1', $2 = '1', $3 = '43'",,,,,,,,"","client backend"
2024-06-16 19:00:26.715 CST,"raingage","benchmark",54595,"127.0.0.1:48950",666ec5b9.d543,149,"SELECT",2024-06-16 19:00:09 CST,4/12,0,LOG,00000,"execute S_1: SELECT c_discount, c_last, c_credit, w_tax     FROM bmsql_customer     JOIN bmsql_warehouse ON (w_id = c_w_id)     WHERE c_w_id = $1 AND c_d_id = $2 AND c_id = $3","parameters: $1 = '1', $2 = '1', $3 = '63'",,,,,,,,"","client backend"
2024-06-16 19:00:26.746 CST,"raingage","benchmark",54596,"127.0.0.1:48952",666ec5b9.d544,348,"SELECT",2024-06-16 19:00:09 CST,5/26,0,LOG,00000,"execute S_1: SELECT c_discount, c_last, c_credit, w_tax     FROM bmsql_customer     JOIN bmsql_warehouse ON (w_id = c_w_id)     WHERE c_w_id = $1 AND c_d_id = $2 AND c_id = $3","parameters: $1 = '1', $2 = '1', $3 = '43'",,,,,,,,"","client backend"
2024-06-16 19:00:26.783 CST,"raingage","benchmark",54595,"127.0.0.1:48950",666ec5b9.d543,150,"SELECT",2024-06-16 19:00:09 CST,4/12,0,LOG,00000,"execute S_1: SELECT c_discount, c_last, c_credit, w_tax     FROM bmsql_customer     JOIN bmsql_warehouse ON (w_id = c_w_id)     WHERE c_w_id = $1 AND c_d_id = $2 AND c_id = $3","parameters: $1 = '1', $2 = '1', $3 = '63'",,,,,,,,"","client backend"
2024-06-16 19:00:26.812 CST,"raingage","benchmark",54596,"127.0.0.1:48952",666ec5b9.d544,349,"SELECT",2024-06-16 19:00:09 CST,5/26,0,LOG,00000,"execute S_1: SELECT c_discount, c_last, c_credit, w_tax     FROM bmsql_customer     JOIN bmsql_warehouse ON (w_id = c_w_id)     WHERE c_w_id = $1 AND c_d_id = $2 AND c_id = $3","parameters: $1 = '1', $2 = '1', $3 = '43'",,,,,,,,"","client backend"
2024-06-16 19:00:26.847 CST,"raingage","benchmark",54595,"127.0.0.1:48950",666ec5b9.d543,151,"SELECT",2024-06-16 19:00:09 CST,4/12,0,LOG,00000,"execute S_1: SELECT c_discount, c_last, c_credit, w_tax     FROM bmsql_customer     JOIN bmsql_warehouse ON (w_id = c_w_id)     WHERE c_w_id = $1 AND c_d_id = $2 AND c_id = $3","parameters: $1 = '1', $2 = '1', $3 = '63'",,,,,,,,"","client backend"
2024-06-16 19:00:26.883 CST,"raingage","benchmark",54596,"127.0.0.1:48952",666ec5b9.d544,350,"SELECT",2024-06-16 19:00:09 CST,5/26,0,LOG,00000,"execute S_1: SELECT c_discount, c_last, c_credit, w_tax     FROM bmsql_customer     JOIN bmsql_warehouse ON (w_id = c_w_id)     WHERE c_w_id = $1 AND c_d_id = $2 AND c_id = $3","parameters: $1 = '1', $2 = '1', $3 = '43'",,,,,,,,"","client backend"
2024-06-16 19:00:26.897 CST,"raingage","benchmark",54596,"127.0.0.1:48952",666ec5b9.d544,351,"SELECT",2024-06-16 19:00:09 CST,5/26,0,LOG,00000,"execute S_5: SELECT i_price, i_name, i_data     FROM bmsql_item     WHERE i_id = $1","parameters: $1 = '98'",,,,,,,,"","client backend"
2024-06-16 19:00:26.912 CST,"raingage","benchmark",54596,"127.0.0.1:48952",666ec5b9.d544,352,"SELECT",2024-06-16 19:00:09 CST,5/26,0,LOG,00000,"execute S_6: SELECT s_quantity, s_data,        s_dist_01, s_dist_02, s_dist_03, s_dist_04,        s_dist_05, s_dist_06, s_dist_07, s_dist_08,        s_dist_09, s_dist_10     FROM bmsql_stock     WHERE s_w_id = $1 AND s_i_id = $2 ","parameters: $1 = '1', $2 = '98'",,,,,,,,"","client backend"
2024-06-16 19:00:26.916 CST,"raingage","benchmark",54595,"127.0.0.1:48950",666ec5b9.d543,152,"SELECT",2024-06-16 19:00:09 CST,4/12,0,LOG,00000,"execute S_1: SELECT c_discount, c_last, c_credit, w_tax     FROM bmsql_customer     JOIN bmsql_warehouse ON (w_id = c_w_id)     WHERE c_w_id = $1 AND c_d_id = $2 AND c_id = $3","parameters: $1 = '1', $2 = '1', $3 = '63'",,,,,,,,"","client backend"
2024-06-16 19:00:26.926 CST,"raingage","benchmark",54596,"127.0.0.1:48952",666ec5b9.d544,353,"UPDATE",2024-06-16 19:00:09 CST,5/26,0,LOG,00000,"execute S_7: UPDATE bmsql_stock     SET s_quantity = $1, s_ytd = s_ytd + $2,         s_order_cnt = s_order_cnt + 1,         s_remote_cnt = s_remote_cnt + $3     WHERE s_w_id = $4 AND s_i_id = $5","parameters: $1 = '16', $2 = '4', $3 = '0', $4 = '1', $5 = '98'",,,,,,,,"","client backend"
2024-06-16 19:00:26.934 CST,"raingage","benchmark",54595,"127.0.0.1:48950",666ec5b9.d543,153,"SELECT",2024-06-16 19:00:09 CST,4/12,0,LOG,00000,"execute S_5: SELECT i_price, i_name, i_data     FROM bmsql_item     WHERE i_id = $1","parameters: $1 = '1000092'",,,,,,,,"","client backend"
2024-06-16 19:00:26.938 CST,"raingage","benchmark",54596,"127.0.0.1:48952",666ec5b9.d544,354,"COMMIT",2024-06-16 19:00:09 CST,5/26,115262,LOG,00000,"execute S_2: COMMIT",,,,,,,,,"","client backend"
2024-06-16 19:00:26.947 CST,"raingage","benchmark",54595,"127.0.0.1:48950",666ec5b9.d543,154,"ROLLBACK",2024-06-16 19:00:09 CST,4/12,0,LOG,00000,"execute S_8: ROLLBACK",,,,,,,,,"","client backend"
2024-06-16 19:00:26.962 CST,"raingage","benchmark",54596,"127.0.0.1:48952",666ec5b9.d544,355,"BEGIN",2024-06-16 19:00:09 CST,5/27,0,LOG,00000,"execute S_3: BEGIN",,,,,,,,,"","client backend"
2024-06-16 19:00:26.963 CST,"raingage","benchmark",54595,"127.0.0.1:48950",666ec5b9.d543,155,"BEGIN",2024-06-16 19:00:09 CST,4/13,0,LOG,00000,"execute S_3: BEGIN",,,,,,,,,"","client backend"
2024-06-16 19:00:26.975 CST,"raingage","benchmark",54595,"127.0.0.1:48950",666ec5b9.d543,156,"SELECT",2024-06-16 19:00:09 CST,4/13,0,LOG,00000,"execute S_4: SELECT d_tax, d_next_o_id     FROM bmsql_district     WHERE d_w_id = $1 AND d_id = $2 ","parameters: $1 = '1', $2 = '1'",,,,,,,,"","client backend"
2024-06-16 19:00:26.978 CST,"raingage","benchmark",54596,"127.0.0.1:48952",666ec5b9.d544,356,"SELECT",2024-06-16 19:00:09 CST,5/27,0,LOG,00000,"execute S_4: SELECT d_tax, d_next_o_id     FROM bmsql_district     WHERE d_w_id = $1 AND d_id = $2 ","parameters: $1 = '1', $2 = '1'",,,,,,,,"","client backend"
2024-06-16 19:00:27.038 CST,"raingage","benchmark",54595,"127.0.0.1:48950",666ec5b9.d543,157,"SELECT",2024-06-16 19:00:09 CST,4/13,0,LOG,00000,"execute S_1: SELECT c_discount, c_last, c_credit, w_tax     FROM bmsql_customer     JOIN bmsql_warehouse ON (w_id = c_w_id)     WHERE c_w_id = $1 AND c_d_id = $2 AND c_id = $3","parameters: $1 = '1', $2 = '1', $3 = '61'",,,,,,,,"","client backend"
2024-06-16 19:00:27.046 CST,"raingage","benchmark",54596,"127.0.0.1:48952",666ec5b9.d544,357,"SELECT",2024-06-16 19:00:09 CST,5/27,0,LOG,00000,"execute S_1: SELECT c_discount, c_last, c_credit, w_tax     FROM bmsql_customer     JOIN bmsql_warehouse ON (w_id = c_w_id)     WHERE c_w_id = $1 AND c_d_id = $2 AND c_id = $3","parameters: $1 = '1', $2 = '1', $3 = '43'",,,,,,,,"","client backend"
2024-06-16 19:00:27.110 CST,"raingage","benchmark",54595,"127.0.0.1:48950",666ec5b9.d543,158,"SELECT",2024-06-16 19:00:09 CST,4/13,0,LOG,00000,"execute S_1: SELECT c_discount, c_last, c_credit, w_tax     FROM bmsql_customer     JOIN bmsql_warehouse ON (w_id = c_w_id)     WHERE c_w_id = $1 AND c_d_id = $2 AND c_id = $3","parameters: $1 = '1', $2 = '1', $3 = '61'",,,,,,,,"","client backend"
2024-06-16 19:00:27.117 CST,"raingage","benchmark",54596,"127.0.0.1:48952",666ec5b9.d544,358,"SELECT",2024-06-16 19:00:09 CST,5/27,0,LOG,00000,"execute S_1: SELECT c_discount, c_last, c_credit, w_tax     FROM bmsql_customer     JOIN bmsql_warehouse ON (w_id = c_w_id)     WHERE c_w_id = $1 AND c_d_id = $2 AND c_id = $3","parameters: $1 = '1', $2 = '1', $3 = '43'",,,,,,,,"","client backend"
2024-06-16 19:00:27.180 CST,"raingage","benchmark",54595,"127.0.0.1:48950",666ec5b9.d543,159,"SELECT",2024-06-16 19:00:09 CST,4/13,0,LOG,00000,"execute S_1: SELECT c_discount, c_last, c_credit, w_tax     FROM bmsql_customer     JOIN bmsql_warehouse ON (w_id = c_w_id)     WHERE c_w_id = $1 AND c_d_id = $2 AND c_id = $3","parameters: $1 = '1', $2 = '1', $3 = '61'",,,,,,,,"","client backend"
2024-06-16 19:00:27.188 CST,"raingage","benchmark",54596,"127.0.0.1:48952",666ec5b9.d544,359,"SELECT",2024-06-16 19:00:09 CST,5/27,0,LOG,00000,"execute S_1: SELECT c_discount, c_last, c_credit, w_tax     FROM bmsql_customer     JOIN bmsql_warehouse ON (w_id = c_w_id)     WHERE c_w_id = $1 AND c_d_id = $2 AND c_id = $3","parameters: $1 = '1', $2 = '1', $3 = '43'",,,,,,,,"","client backend"
2024-06-16 19:00:27.243 CST,"raingage","benchmark",54595,"127.0.0.1:48950",666ec5b9.d543,160,"SELECT",2024-06-16 19:00:09 CST,4/13,0,LOG,00000,"execute S_1: SELECT c_discount, c_last, c_credit, w_tax     FROM bmsql_customer     JOIN bmsql_warehouse ON (w_id = c_w_id)     WHERE c_w_id = $1 AND c_d_id = $2 AND c_id = $3","parameters: $1 = '1', $2 = '1', $3 = '61'",,,,,,,,"","client backend"
2024-06-16 19:00:27.257 CST,"raingage","benchmark",54596,"127.0.0.1:48952",666ec5b9.d544,360,"SELECT",2024-06-16 19:00:09 CST,5/27,0,LOG,00000,"execute S_1: SELECT c_discount, c_last, c_credit, w_tax     FROM bmsql_customer     JOIN bmsql_warehouse ON (w_id = c_w_id)     WHERE c_w_id = $1 AND c_d_id = $2 AND c_id = $3","parameters: $1 = '1', $2 = '1', $3 = '43'",,,,,,,,"","client backend"
2024-06-16 19:00:27.312 CST,"raingage","benchmark",54595,"127.0.0.1:48950",666ec5b9.d543,161,"SELECT",2024-06-16 19:00:09 CST,4/13,0,LOG,00000,"execute S_1: SELECT c_discount, c_last, c_credit, w_tax     FROM bmsql_customer     JOIN bmsql_warehouse ON (w_id = c_w_id)     WHERE c_w_id = $1 AND c_d_id = $2 AND c_id = $3","parameters: $1 = '1', $2 = '1', $3 = '61'",,,,,,,,"","client backend"
2024-06-16 19:00:27.325 CST,"raingage","benchmark",54596,"127.0.0.1:48952",666ec5b9.d544,361,"SELECT",2024-06-16 19:00:09 CST,5/27,0,LOG,00000,"execute S_1: SELECT c_discount, c_last, c_credit, w_tax     FROM bmsql_customer     JOIN bmsql_warehouse ON (w_id = c_w_id)     WHERE c_w_id = $1 AND c_d_id = $2 AND c_id = $3","parameters: $1 = '1', $2 = '1', $3 = '43'",,,,,,,,"","client backend"
2024-06-16 19:00:27.375 CST,"raingage","benchmark",54595,"127.0.0.1:48950",666ec5b9.d543,162,"SELECT",2024-06-16 19:00:09 CST,4/13,0,LOG,00000,"execute S_1: SELECT c_discount, c_last, c_credit, w_tax     FROM bmsql_customer     JOIN bmsql_warehouse ON (w_id = c_w_id)     WHERE c_w_id = $1 AND c_d_id = $2 AND c_id = $3","parameters: $1 = '1', $2 = '1', $3 = '61'",,,,,,,,"","client backend"
2024-06-16 19:00:27.389 CST,"raingage","benchmark",54596,"127.0.0.1:48952",666ec5b9.d544,362,"SELECT",2024-06-16 19:00:09 CST,5/27,0,LOG,00000,"execute S_1: SELECT c_discount, c_last, c_credit, w_tax     FROM bmsql_customer     JOIN bmsql_warehouse ON (w_id = c_w_id)     WHERE c_w_id = $1 AND c_d_id = $2 AND c_id = $3","parameters: $1 = '1', $2 = '1', $3 = '43'",,,,,,,,"","client backend"
2024-06-16 19:00:27.444 CST,"raingage","benchmark",54595,"127.0.0.1:48950",666ec5b9.d543,163,"SELECT",2024-06-16 19:00:09 CST,4/13,0,LOG,00000,"execute S_1: SELECT c_discount, c_last, c_credit, w_tax     FROM bmsql_customer     JOIN bmsql_warehouse ON (w_id = c_w_id)     WHERE c_w_id = $1 AND c_d_id = $2 AND c_id = $3","parameters: $1 = '1', $2 = '1', $3 = '61'",,,,,,,,"","client backend"
2024-06-16 19:00:27.452 CST,"raingage","benchmark",54596,"127.0.0.1:48952",666ec5b9.d544,363,"SELECT",2024-06-16 19:00:09 CST,5/27,0,LOG,00000,"execute S_1: SELECT c_discount, c_last, c_credit, w_tax     FROM bmsql_customer     JOIN bmsql_warehouse ON (w_id = c_w_id)     WHERE c_w_id = $1 AND c_d_id = $2 AND c_id = $3","parameters: $1 = '1', $2 = '1', $3 = '43'",,,,,,,,"","client backend"
2024-06-16 19:00:27.514 CST,"raingage","benchmark",54596,"127.0.0.1:48952",666ec5b9.d544,364,"SELECT",2024-06-16 19:00:09 CST,5/27,0,LOG,00000,"execute S_1: SELECT c_discount, c_last, c_credit, w_tax     FROM bmsql_customer     JOIN bmsql_warehouse ON (w_id = c_w_id)     WHERE c_w_id = $1 AND c_d_id = $2 AND c_id = $3","parameters: $1 = '1', $2 = '1', $3 = '43'",,,,,,,,"","client backend"
2024-06-16 19:00:27.515 CST,"raingage","benchmark",54595,"127.0.0.1:48950",666ec5b9.d543,164,"SELECT",2024-06-16 19:00:09 CST,4/13,0,LOG,00000,"execute S_1: SELECT c_discount, c_last, c_credit, w_tax     FROM bmsql_customer     JOIN bmsql_warehouse ON (w_id = c_w_id)     WHERE c_w_id = $1 AND c_d_id = $2 AND c_id = $3","parameters: $1 = '1', $2 = '1', $3 = '61'",,,,,,,,"","client backend"
2024-06-16 19:00:27.530 CST,"raingage","benchmark",54596,"127.0.0.1:48952",666ec5b9.d544,365,"SELECT",2024-06-16 19:00:09 CST,5/27,0,LOG,00000,"execute S_5: SELECT i_price, i_name, i_data     FROM bmsql_item     WHERE i_id = $1","parameters: $1 = '98'",,,,,,,,"","client backend"
2024-06-16 19:00:27.534 CST,"raingage","benchmark",54595,"127.0.0.1:48950",666ec5b9.d543,165,"SELECT",2024-06-16 19:00:09 CST,4/13,0,LOG,00000,"execute S_5: SELECT i_price, i_name, i_data     FROM bmsql_item     WHERE i_id = $1","parameters: $1 = '4'",,,,,,,,"","client backend"
2024-06-16 19:00:27.543 CST,"raingage","benchmark",54596,"127.0.0.1:48952",666ec5b9.d544,366,"SELECT",2024-06-16 19:00:09 CST,5/27,0,LOG,00000,"execute S_6: SELECT s_quantity, s_data,        s_dist_01, s_dist_02, s_dist_03, s_dist_04,        s_dist_05, s_dist_06, s_dist_07, s_dist_08,        s_dist_09, s_dist_10     FROM bmsql_stock     WHERE s_w_id = $1 AND s_i_id = $2 ","parameters: $1 = '1', $2 = '98'",,,,,,,,"","client backend"
2024-06-16 19:00:27.548 CST,"raingage","benchmark",54595,"127.0.0.1:48950",666ec5b9.d543,166,"SELECT",2024-06-16 19:00:09 CST,4/13,0,LOG,00000,"execute S_6: SELECT s_quantity, s_data,        s_dist_01, s_dist_02, s_dist_03, s_dist_04,        s_dist_05, s_dist_06, s_dist_07, s_dist_08,        s_dist_09, s_dist_10     FROM bmsql_stock     WHERE s_w_id = $1 AND s_i_id = $2 ","parameters: $1 = '1', $2 = '4'",,,,,,,,"","client backend"
2024-06-16 19:00:27.561 CST,"raingage","benchmark",54596,"127.0.0.1:48952",666ec5b9.d544,367,"UPDATE",2024-06-16 19:00:09 CST,5/27,0,LOG,00000,"execute S_7: UPDATE bmsql_stock     SET s_quantity = $1, s_ytd = s_ytd + $2,         s_order_cnt = s_order_cnt + 1,         s_remote_cnt = s_remote_cnt + $3     WHERE s_w_id = $4 AND s_i_id = $5","parameters: $1 = '107', $2 = '8', $3 = '0', $4 = '1', $5 = '98'",,,,,,,,"","client backend"
2024-06-16 19:00:27.562 CST,"raingage","benchmark",54595,"127.0.0.1:48950",666ec5b9.d543,167,"UPDATE",2024-06-16 19:00:09 CST,4/13,0,LOG,00000,"execute S_7: UPDATE bmsql_stock     SET s_quantity = $1, s_ytd = s_ytd + $2,         s_order_cnt = s_order_cnt + 1,         s_remote_cnt = s_remote_cnt + $3     WHERE s_w_id = $4 AND s_i_id = $5","parameters: $1 = '50', $2 = '4', $3 = '0', $4 = '1', $5 = '4'",,,,,,,,"","client backend"
2024-06-16 19:00:27.575 CST,"raingage","benchmark",54596,"127.0.0.1:48952",666ec5b9.d544,368,"COMMIT",2024-06-16 19:00:09 CST,5/27,115263,LOG,00000,"execute S_2: COMMIT",,,,,,,,,"","client backend"
2024-06-16 19:00:27.575 CST,"raingage","benchmark",54595,"127.0.0.1:48950",666ec5b9.d543,168,"COMMIT",2024-06-16 19:00:09 CST,4/13,115264,LOG,00000,"execute S_2: COMMIT",,,,,,,,,"","client backend"
2024-06-16 19:00:27.599 CST,"raingage","benchmark",54595,"127.0.0.1:48950",666ec5b9.d543,169,"BEGIN",2024-06-16 19:00:09 CST,4/14,0,LOG,00000,"execute S_3: BEGIN",,,,,,,,,"","client backend"
2024-06-16 19:00:27.599 CST,"raingage","benchmark",54596,"127.0.0.1:48952",666ec5b9.d544,369,"BEGIN",2024-06-16 19:00:09 CST,5/28,0,LOG,00000,"execute S_3: BEGIN",,,,,,,,,"","client backend"
2024-06-16 19:00:27.614 CST,"raingage","benchmark",54595,"127.0.0.1:48950",666ec5b9.d543,170,"SELECT",2024-06-16 19:00:09 CST,4/14,0,LOG,00000,"execute S_4: SELECT d_tax, d_next_o_id     FROM bmsql_district     WHERE d_w_id = $1 AND d_id = $2 ","parameters: $1 = '1', $2 = '1'",,,,,,,,"","client backend"
2024-06-16 19:00:27.618 CST,"raingage","benchmark",54596,"127.0.0.1:48952",666ec5b9.d544,370,"SELECT",2024-06-16 19:00:09 CST,5/28,0,LOG,00000,"execute S_4: SELECT d_tax, d_next_o_id     FROM bmsql_district     WHERE d_w_id = $1 AND d_id = $2 ","parameters: $1 = '1', $2 = '1'",,,,,,,,"","client backend"
2024-06-16 19:00:27.679 CST,"raingage","benchmark",54595,"127.0.0.1:48950",666ec5b9.d543,171,"SELECT",2024-06-16 19:00:09 CST,4/14,0,LOG,00000,"execute S_1: SELECT c_discount, c_last, c_credit, w_tax     FROM bmsql_customer     JOIN bmsql_warehouse ON (w_id = c_w_id)     WHERE c_w_id = $1 AND c_d_id = $2 AND c_id = $3","parameters: $1 = '1', $2 = '1', $3 = '93'",,,,,,,,"","client backend"
2024-06-16 19:00:27.690 CST,"raingage","benchmark",54596,"127.0.0.1:48952",666ec5b9.d544,371,"SELECT",2024-06-16 19:00:09 CST,5/28,0,LOG,00000,"execute S_1: SELECT c_discount, c_last, c_credit, w_tax     FROM bmsql_customer     JOIN bmsql_warehouse ON (w_id = c_w_id)     WHERE c_w_id = $1 AND c_d_id = $2 AND c_id = $3","parameters: $1 = '1', $2 = '1', $3 = '61'",,,,,,,,"","client backend"
2024-06-16 19:00:27.749 CST,"raingage","benchmark",54595,"127.0.0.1:48950",666ec5b9.d543,172,"SELECT",2024-06-16 19:00:09 CST,4/14,0,LOG,00000,"execute S_1: SELECT c_discount, c_last, c_credit, w_tax     FROM bmsql_customer     JOIN bmsql_warehouse ON (w_id = c_w_id)     WHERE c_w_id = $1 AND c_d_id = $2 AND c_id = $3","parameters: $1 = '1', $2 = '1', $3 = '93'",,,,,,,,"","client backend"
2024-06-16 19:00:27.756 CST,"raingage","benchmark",54596,"127.0.0.1:48952",666ec5b9.d544,372,"SELECT",2024-06-16 19:00:09 CST,5/28,0,LOG,00000,"execute S_1: SELECT c_discount, c_last, c_credit, w_tax     FROM bmsql_customer     JOIN bmsql_warehouse ON (w_id = c_w_id)     WHERE c_w_id = $1 AND c_d_id = $2 AND c_id = $3","parameters: $1 = '1', $2 = '1', $3 = '61'",,,,,,,,"","client backend"
2024-06-16 19:00:27.812 CST,"raingage","benchmark",54595,"127.0.0.1:48950",666ec5b9.d543,173,"SELECT",2024-06-16 19:00:09 CST,4/14,0,LOG,00000,"execute S_1: SELECT c_discount, c_last, c_credit, w_tax     FROM bmsql_customer     JOIN bmsql_warehouse ON (w_id = c_w_id)     WHERE c_w_id = $1 AND c_d_id = $2 AND c_id = $3","parameters: $1 = '1', $2 = '1', $3 = '93'",,,,,,,,"","client backend"
2024-06-16 19:00:27.824 CST,"raingage","benchmark",54596,"127.0.0.1:48952",666ec5b9.d544,373,"SELECT",2024-06-16 19:00:09 CST,5/28,0,LOG,00000,"execute S_1: SELECT c_discount, c_last, c_credit, w_tax     FROM bmsql_customer     JOIN bmsql_warehouse ON (w_id = c_w_id)     WHERE c_w_id = $1 AND c_d_id = $2 AND c_id = $3","parameters: $1 = '1', $2 = '1', $3 = '61'",,,,,,,,"","client backend"
2024-06-16 19:00:27.875 CST,"raingage","benchmark",54595,"127.0.0.1:48950",666ec5b9.d543,174,"SELECT",2024-06-16 19:00:09 CST,4/14,0,LOG,00000,"execute S_1: SELECT c_discount, c_last, c_credit, w_tax     FROM bmsql_customer     JOIN bmsql_warehouse ON (w_id = c_w_id)     WHERE c_w_id = $1 AND c_d_id = $2 AND c_id = $3","parameters: $1 = '1', $2 = '1', $3 = '93'",,,,,,,,"","client backend"
2024-06-16 19:00:27.890 CST,"raingage","benchmark",54596,"127.0.0.1:48952",666ec5b9.d544,374,"SELECT",2024-06-16 19:00:09 CST,5/28,0,LOG,00000,"execute S_1: SELECT c_discount, c_last, c_credit, w_tax     FROM bmsql_customer     JOIN bmsql_warehouse ON (w_id = c_w_id)     WHERE c_w_id = $1 AND c_d_id = $2 AND c_id = $3","parameters: $1 = '1', $2 = '1', $3 = '61'",,,,,,,,"","client backend"
2024-06-16 19:00:27.938 CST,"raingage","benchmark",54595,"127.0.0.1:48950",666ec5b9.d543,175,"SELECT",2024-06-16 19:00:09 CST,4/14,0,LOG,00000,"execute S_1: SELECT c_discount, c_last, c_credit, w_tax     FROM bmsql_customer     JOIN bmsql_warehouse ON (w_id = c_w_id)     WHERE c_w_id = $1 AND c_d_id = $2 AND c_id = $3","parameters: $1 = '1', $2 = '1', $3 = '93'",,,,,,,,"","client backend"
2024-06-16 19:00:27.956 CST,"raingage","benchmark",54596,"127.0.0.1:48952",666ec5b9.d544,375,"SELECT",2024-06-16 19:00:09 CST,5/28,0,LOG,00000,"execute S_1: SELECT c_discount, c_last, c_credit, w_tax     FROM bmsql_customer     JOIN bmsql_warehouse ON (w_id = c_w_id)     WHERE c_w_id = $1 AND c_d_id = $2 AND c_id = $3","parameters: $1 = '1', $2 = '1', $3 = '61'",,,,,,,,"","client backend"
2024-06-16 19:00:28.010 CST,"raingage","benchmark",54595,"127.0.0.1:48950",666ec5b9.d543,176,"SELECT",2024-06-16 19:00:09 CST,4/14,0,LOG,00000,"execute S_1: SELECT c_discount, c_last, c_credit, w_tax     FROM bmsql_customer     JOIN bmsql_warehouse ON (w_id = c_w_id)     WHERE c_w_id = $1 AND c_d_id = $2 AND c_id = $3","parameters: $1 = '1', $2 = '1', $3 = '93'",,,,,,,,"","client backend"
2024-06-16 19:00:28.027 CST,"raingage","benchmark",54596,"127.0.0.1:48952",666ec5b9.d544,376,"SELECT",2024-06-16 19:00:09 CST,5/28,0,LOG,00000,"execute S_1: SELECT c_discount, c_last, c_credit, w_tax     FROM bmsql_customer     JOIN bmsql_warehouse ON (w_id = c_w_id)     WHERE c_w_id = $1 AND c_d_id = $2 AND c_id = $3","parameters: $1 = '1', $2 = '1', $3 = '61'",,,,,,,,"","client backend"
2024-06-16 19:00:28.080 CST,"raingage","benchmark",54595,"127.0.0.1:48950",666ec5b9.d543,177,"SELECT",2024-06-16 19:00:09 CST,4/14,0,LOG,00000,"execute S_1: SELECT c_discount, c_last, c_credit, w_tax     FROM bmsql_customer     JOIN bmsql_warehouse ON (w_id = c_w_id)     WHERE c_w_id = $1 AND c_d_id = $2 AND c_id = $3","parameters: $1 = '1', $2 = '1', $3 = '93'",,,,,,,,"","client backend"
2024-06-16 19:00:28.090 CST,"raingage","benchmark",54596,"127.0.0.1:48952",666ec5b9.d544,377,"SELECT",2024-06-16 19:00:09 CST,5/28,0,LOG,00000,"execute S_1: SELECT c_discount, c_last, c_credit, w_tax     FROM bmsql_customer     JOIN bmsql_warehouse ON (w_id = c_w_id)     WHERE c_w_id = $1 AND c_d_id = $2 AND c_id = $3","parameters: $1 = '1', $2 = '1', $3 = '61'",,,,,,,,"","client backend"
2024-06-16 19:00:28.149 CST,"raingage","benchmark",54595,"127.0.0.1:48950",666ec5b9.d543,178,"SELECT",2024-06-16 19:00:09 CST,4/14,0,LOG,00000,"execute S_1: SELECT c_discount, c_last, c_credit, w_tax     FROM bmsql_customer     JOIN bmsql_warehouse ON (w_id = c_w_id)     WHERE c_w_id = $1 AND c_d_id = $2 AND c_id = $3","parameters: $1 = '1', $2 = '1', $3 = '93'",,,,,,,,"","client backend"
2024-06-16 19:00:28.158 CST,"raingage","benchmark",54596,"127.0.0.1:48952",666ec5b9.d544,378,"SELECT",2024-06-16 19:00:09 CST,5/28,0,LOG,00000,"execute S_1: SELECT c_discount, c_last, c_credit, w_tax     FROM bmsql_customer     JOIN bmsql_warehouse ON (w_id = c_w_id)     WHERE c_w_id = $1 AND c_d_id = $2 AND c_id = $3","parameters: $1 = '1', $2 = '1', $3 = '61'",,,,,,,,"","client backend"
2024-06-16 19:00:28.168 CST,"raingage","benchmark",54595,"127.0.0.1:48950",666ec5b9.d543,179,"SELECT",2024-06-16 19:00:09 CST,4/14,0,LOG,00000,"execute S_5: SELECT i_price, i_name, i_data     FROM bmsql_item     WHERE i_id = $1","parameters: $1 = '73'",,,,,,,,"","client backend"
2024-06-16 19:00:28.177 CST,"raingage","benchmark",54596,"127.0.0.1:48952",666ec5b9.d544,379,"SELECT",2024-06-16 19:00:09 CST,5/28,0,LOG,00000,"execute S_5: SELECT i_price, i_name, i_data     FROM bmsql_item     WHERE i_id = $1","parameters: $1 = '4'",,,,,,,,"","client backend"
2024-06-16 19:00:28.189 CST,"raingage","benchmark",54595,"127.0.0.1:48950",666ec5b9.d543,180,"SELECT",2024-06-16 19:00:09 CST,4/14,0,LOG,00000,"execute S_6: SELECT s_quantity, s_data,        s_dist_01, s_dist_02, s_dist_03, s_dist_04,        s_dist_05, s_dist_06, s_dist_07, s_dist_08,        s_dist_09, s_dist_10     FROM bmsql_stock     WHERE s_w_id = $1 AND s_i_id = $2 ","parameters: $1 = '1', $2 = '73'",,,,,,,,"","client backend"
2024-06-16 19:00:28.193 CST,"raingage","benchmark",54596,"127.0.0.1:48952",666ec5b9.d544,380,"SELECT",2024-06-16 19:00:09 CST,5/28,0,LOG,00000,"execute S_6: SELECT s_quantity, s_data,        s_dist_01, s_dist_02, s_dist_03, s_dist_04,        s_dist_05, s_dist_06, s_dist_07, s_dist_08,        s_dist_09, s_dist_10     FROM bmsql_stock     WHERE s_w_id = $1 AND s_i_id = $2 ","parameters: $1 = '1', $2 = '4'",,,,,,,,"","client backend"
2024-06-16 19:00:28.204 CST,"raingage","benchmark",54595,"127.0.0.1:48950",666ec5b9.d543,181,"UPDATE",2024-06-16 19:00:09 CST,4/14,0,LOG,00000,"execute S_7: UPDATE bmsql_stock     SET s_quantity = $1, s_ytd = s_ytd + $2,         s_order_cnt = s_order_cnt + 1,         s_remote_cnt = s_remote_cnt + $3     WHERE s_w_id = $4 AND s_i_id = $5","parameters: $1 = '63', $2 = '3', $3 = '0', $4 = '1', $5 = '73'",,,,,,,,"","client backend"
2024-06-16 19:00:28.211 CST,"raingage","benchmark",54596,"127.0.0.1:48952",666ec5b9.d544,381,"UPDATE",2024-06-16 19:00:09 CST,5/28,0,LOG,00000,"execute S_7: UPDATE bmsql_stock     SET s_quantity = $1, s_ytd = s_ytd + $2,         s_order_cnt = s_order_cnt + 1,         s_remote_cnt = s_remote_cnt + $3     WHERE s_w_id = $4 AND s_i_id = $5","parameters: $1 = '47', $2 = '3', $3 = '0', $4 = '1', $5 = '4'",,,,,,,,"","client backend"
2024-06-16 19:00:28.222 CST,"raingage","benchmark",54596,"127.0.0.1:48952",666ec5b9.d544,382,"COMMIT",2024-06-16 19:00:09 CST,5/28,115266,LOG,00000,"execute S_2: COMMIT",,,,,,,,,"","client backend"
2024-06-16 19:00:28.224 CST,"raingage","benchmark",54595,"127.0.0.1:48950",666ec5b9.d543,182,"COMMIT",2024-06-16 19:00:09 CST,4/14,115265,LOG,00000,"execute S_2: COMMIT",,,,,,,,,"","client backend"
2024-06-16 19:00:28.236 CST,"raingage","benchmark",54596,"127.0.0.1:48952",666ec5b9.d544,383,"BEGIN",2024-06-16 19:00:09 CST,5/29,0,LOG,00000,"execute S_3: BEGIN",,,,,,,,,"","client backend"
2024-06-16 19:00:28.243 CST,"raingage","benchmark",54595,"127.0.0.1:48950",666ec5b9.d543,183,"BEGIN",2024-06-16 19:00:09 CST,4/15,0,LOG,00000,"execute S_3: BEGIN",,,,,,,,,"","client backend"
2024-06-16 19:00:28.247 CST,"raingage","benchmark",54596,"127.0.0.1:48952",666ec5b9.d544,384,"SELECT",2024-06-16 19:00:09 CST,5/29,0,LOG,00000,"execute S_4: SELECT d_tax, d_next_o_id     FROM bmsql_district     WHERE d_w_id = $1 AND d_id = $2 ","parameters: $1 = '1', $2 = '1'",,,,,,,,"","client backend"
2024-06-16 19:00:28.255 CST,"raingage","benchmark",54595,"127.0.0.1:48950",666ec5b9.d543,184,"SELECT",2024-06-16 19:00:09 CST,4/15,0,LOG,00000,"execute S_4: SELECT d_tax, d_next_o_id     FROM bmsql_district     WHERE d_w_id = $1 AND d_id = $2 ","parameters: $1 = '1', $2 = '1'",,,,,,,,"","client backend"
2024-06-16 19:00:28.309 CST,"raingage","benchmark",54596,"127.0.0.1:48952",666ec5b9.d544,385,"SELECT",2024-06-16 19:00:09 CST,5/29,0,LOG,00000,"execute S_1: SELECT c_discount, c_last, c_credit, w_tax     FROM bmsql_customer     JOIN bmsql_warehouse ON (w_id = c_w_id)     WHERE c_w_id = $1 AND c_d_id = $2 AND c_id = $3","parameters: $1 = '1', $2 = '1', $3 = '93'",,,,,,,,"","client backend"
2024-06-16 19:00:28.319 CST,"raingage","benchmark",54595,"127.0.0.1:48950",666ec5b9.d543,185,"SELECT",2024-06-16 19:00:09 CST,4/15,0,LOG,00000,"execute S_1: SELECT c_discount, c_last, c_credit, w_tax     FROM bmsql_customer     JOIN bmsql_warehouse ON (w_id = c_w_id)     WHERE c_w_id = $1 AND c_d_id = $2 AND c_id = $3","parameters: $1 = '1', $2 = '1', $3 = '38'",,,,,,,,"","client backend"
2024-06-16 19:00:28.372 CST,"raingage","benchmark",54596,"127.0.0.1:48952",666ec5b9.d544,386,"SELECT",2024-06-16 19:00:09 CST,5/29,0,LOG,00000,"execute S_1: SELECT c_discount, c_last, c_credit, w_tax     FROM bmsql_customer     JOIN bmsql_warehouse ON (w_id = c_w_id)     WHERE c_w_id = $1 AND c_d_id = $2 AND c_id = $3","parameters: $1 = '1', $2 = '1', $3 = '93'",,,,,,,,"","client backend"
2024-06-16 19:00:28.385 CST,"raingage","benchmark",54595,"127.0.0.1:48950",666ec5b9.d543,186,"SELECT",2024-06-16 19:00:09 CST,4/15,0,LOG,00000,"execute S_1: SELECT c_discount, c_last, c_credit, w_tax     FROM bmsql_customer     JOIN bmsql_warehouse ON (w_id = c_w_id)     WHERE c_w_id = $1 AND c_d_id = $2 AND c_id = $3","parameters: $1 = '1', $2 = '1', $3 = '38'",,,,,,,,"","client backend"
2024-06-16 19:00:28.442 CST,"raingage","benchmark",54596,"127.0.0.1:48952",666ec5b9.d544,387,"SELECT",2024-06-16 19:00:09 CST,5/29,0,LOG,00000,"execute S_1: SELECT c_discount, c_last, c_credit, w_tax     FROM bmsql_customer     JOIN bmsql_warehouse ON (w_id = c_w_id)     WHERE c_w_id = $1 AND c_d_id = $2 AND c_id = $3","parameters: $1 = '1', $2 = '1', $3 = '93'",,,,,,,,"","client backend"
2024-06-16 19:00:28.450 CST,"raingage","benchmark",54595,"127.0.0.1:48950",666ec5b9.d543,187,"SELECT",2024-06-16 19:00:09 CST,4/15,0,LOG,00000,"execute S_1: SELECT c_discount, c_last, c_credit, w_tax     FROM bmsql_customer     JOIN bmsql_warehouse ON (w_id = c_w_id)     WHERE c_w_id = $1 AND c_d_id = $2 AND c_id = $3","parameters: $1 = '1', $2 = '1', $3 = '38'",,,,,,,,"","client backend"
2024-06-16 19:00:28.510 CST,"raingage","benchmark",54596,"127.0.0.1:48952",666ec5b9.d544,388,"SELECT",2024-06-16 19:00:09 CST,5/29,0,LOG,00000,"execute S_1: SELECT c_discount, c_last, c_credit, w_tax     FROM bmsql_customer     JOIN bmsql_warehouse ON (w_id = c_w_id)     WHERE c_w_id = $1 AND c_d_id = $2 AND c_id = $3","parameters: $1 = '1', $2 = '1', $3 = '93'",,,,,,,,"","client backend"
2024-06-16 19:00:28.517 CST,"raingage","benchmark",54595,"127.0.0.1:48950",666ec5b9.d543,188,"SELECT",2024-06-16 19:00:09 CST,4/15,0,LOG,00000,"execute S_1: SELECT c_discount, c_last, c_credit, w_tax     FROM bmsql_customer     JOIN bmsql_warehouse ON (w_id = c_w_id)     WHERE c_w_id = $1 AND c_d_id = $2 AND c_id = $3","parameters: $1 = '1', $2 = '1', $3 = '38'",,,,,,,,"","client backend"
2024-06-16 19:00:28.573 CST,"raingage","benchmark",54596,"127.0.0.1:48952",666ec5b9.d544,389,"SELECT",2024-06-16 19:00:09 CST,5/29,0,LOG,00000,"execute S_1: SELECT c_discount, c_last, c_credit, w_tax     FROM bmsql_customer     JOIN bmsql_warehouse ON (w_id = c_w_id)     WHERE c_w_id = $1 AND c_d_id = $2 AND c_id = $3","parameters: $1 = '1', $2 = '1', $3 = '93'",,,,,,,,"","client backend"
2024-06-16 19:00:28.581 CST,"raingage","benchmark",54595,"127.0.0.1:48950",666ec5b9.d543,189,"SELECT",2024-06-16 19:00:09 CST,4/15,0,LOG,00000,"execute S_1: SELECT c_discount, c_last, c_credit, w_tax     FROM bmsql_customer     JOIN bmsql_warehouse ON (w_id = c_w_id)     WHERE c_w_id = $1 AND c_d_id = $2 AND c_id = $3","parameters: $1 = '1', $2 = '1', $3 = '38'",,,,,,,,"","client backend"
2024-06-16 19:00:28.641 CST,"raingage","benchmark",54596,"127.0.0.1:48952",666ec5b9.d544,390,"SELECT",2024-06-16 19:00:09 CST,5/29,0,LOG,00000,"execute S_1: SELECT c_discount, c_last, c_credit, w_tax     FROM bmsql_customer     JOIN bmsql_warehouse ON (w_id = c_w_id)     WHERE c_w_id = $1 AND c_d_id = $2 AND c_id = $3","parameters: $1 = '1', $2 = '1', $3 = '93'",,,,,,,,"","client backend"
2024-06-16 19:00:28.645 CST,"raingage","benchmark",54595,"127.0.0.1:48950",666ec5b9.d543,190,"SELECT",2024-06-16 19:00:09 CST,4/15,0,LOG,00000,"execute S_1: SELECT c_discount, c_last, c_credit, w_tax     FROM bmsql_customer     JOIN bmsql_warehouse ON (w_id = c_w_id)     WHERE c_w_id = $1 AND c_d_id = $2 AND c_id = $3","parameters: $1 = '1', $2 = '1', $3 = '38'",,,,,,,,"","client backend"
2024-06-16 19:00:28.708 CST,"raingage","benchmark",54596,"127.0.0.1:48952",666ec5b9.d544,391,"SELECT",2024-06-16 19:00:09 CST,5/29,0,LOG,00000,"execute S_1: SELECT c_discount, c_last, c_credit, w_tax     FROM bmsql_customer     JOIN bmsql_warehouse ON (w_id = c_w_id)     WHERE c_w_id = $1 AND c_d_id = $2 AND c_id = $3","parameters: $1 = '1', $2 = '1', $3 = '93'",,,,,,,,"","client backend"
2024-06-16 19:00:28.716 CST,"raingage","benchmark",54595,"127.0.0.1:48950",666ec5b9.d543,191,"SELECT",2024-06-16 19:00:09 CST,4/15,0,LOG,00000,"execute S_1: SELECT c_discount, c_last, c_credit, w_tax     FROM bmsql_customer     JOIN bmsql_warehouse ON (w_id = c_w_id)     WHERE c_w_id = $1 AND c_d_id = $2 AND c_id = $3","parameters: $1 = '1', $2 = '1', $3 = '38'",,,,,,,,"","client backend"
2024-06-16 19:00:28.778 CST,"raingage","benchmark",54596,"127.0.0.1:48952",666ec5b9.d544,392,"SELECT",2024-06-16 19:00:09 CST,5/29,0,LOG,00000,"execute S_1: SELECT c_discount, c_last, c_credit, w_tax     FROM bmsql_customer     JOIN bmsql_warehouse ON (w_id = c_w_id)     WHERE c_w_id = $1 AND c_d_id = $2 AND c_id = $3","parameters: $1 = '1', $2 = '1', $3 = '93'",,,,,,,,"","client backend"
2024-06-16 19:00:28.780 CST,"raingage","benchmark",54595,"127.0.0.1:48950",666ec5b9.d543,192,"SELECT",2024-06-16 19:00:09 CST,4/15,0,LOG,00000,"execute S_1: SELECT c_discount, c_last, c_credit, w_tax     FROM bmsql_customer     JOIN bmsql_warehouse ON (w_id = c_w_id)     WHERE c_w_id = $1 AND c_d_id = $2 AND c_id = $3","parameters: $1 = '1', $2 = '1', $3 = '38'",,,,,,,,"","client backend"
2024-06-16 19:00:28.795 CST,"raingage","benchmark",54595,"127.0.0.1:48950",666ec5b9.d543,193,"SELECT",2024-06-16 19:00:09 CST,4/15,0,LOG,00000,"execute S_5: SELECT i_price, i_name, i_data     FROM bmsql_item     WHERE i_id = $1","parameters: $1 = '44'",,,,,,,,"","client backend"
2024-06-16 19:00:28.797 CST,"raingage","benchmark",54596,"127.0.0.1:48952",666ec5b9.d544,393,"SELECT",2024-06-16 19:00:09 CST,5/29,0,LOG,00000,"execute S_5: SELECT i_price, i_name, i_data     FROM bmsql_item     WHERE i_id = $1","parameters: $1 = '73'",,,,,,,,"","client backend"
2024-06-16 19:00:28.813 CST,"raingage","benchmark",54595,"127.0.0.1:48950",666ec5b9.d543,194,"SELECT",2024-06-16 19:00:09 CST,4/15,0,LOG,00000,"execute S_6: SELECT s_quantity, s_data,        s_dist_01, s_dist_02, s_dist_03, s_dist_04,        s_dist_05, s_dist_06, s_dist_07, s_dist_08,        s_dist_09, s_dist_10     FROM bmsql_stock     WHERE s_w_id = $1 AND s_i_id = $2 ","parameters: $1 = '1', $2 = '44'",,,,,,,,"","client backend"
2024-06-16 19:00:28.814 CST,"raingage","benchmark",54596,"127.0.0.1:48952",666ec5b9.d544,394,"SELECT",2024-06-16 19:00:09 CST,5/29,0,LOG,00000,"execute S_6: SELECT s_quantity, s_data,        s_dist_01, s_dist_02, s_dist_03, s_dist_04,        s_dist_05, s_dist_06, s_dist_07, s_dist_08,        s_dist_09, s_dist_10     FROM bmsql_stock     WHERE s_w_id = $1 AND s_i_id = $2 ","parameters: $1 = '1', $2 = '73'",,,,,,,,"","client backend"
2024-06-16 19:00:28.826 CST,"raingage","benchmark",54596,"127.0.0.1:48952",666ec5b9.d544,395,"UPDATE",2024-06-16 19:00:09 CST,5/29,0,LOG,00000,"execute S_7: UPDATE bmsql_stock     SET s_quantity = $1, s_ytd = s_ytd + $2,         s_order_cnt = s_order_cnt + 1,         s_remote_cnt = s_remote_cnt + $3     WHERE s_w_id = $4 AND s_i_id = $5","parameters: $1 = '60', $2 = '3', $3 = '0', $4 = '1', $5 = '73'",,,,,,,,"","client backend"
2024-06-16 19:00:28.828 CST,"raingage","benchmark",54595,"127.0.0.1:48950",666ec5b9.d543,195,"UPDATE",2024-06-16 19:00:09 CST,4/15,0,LOG,00000,"execute S_7: UPDATE bmsql_stock     SET s_quantity = $1, s_ytd = s_ytd + $2,         s_order_cnt = s_order_cnt + 1,         s_remote_cnt = s_remote_cnt + $3     WHERE s_w_id = $4 AND s_i_id = $5","parameters: $1 = '33', $2 = '3', $3 = '0', $4 = '1', $5 = '44'",,,,,,,,"","client backend"
2024-06-16 19:00:28.841 CST,"raingage","benchmark",54596,"127.0.0.1:48952",666ec5b9.d544,396,"COMMIT",2024-06-16 19:00:09 CST,5/29,115267,LOG,00000,"execute S_2: COMMIT",,,,,,,,,"","client backend"
2024-06-16 19:00:28.841 CST,"raingage","benchmark",54595,"127.0.0.1:48950",666ec5b9.d543,196,"COMMIT",2024-06-16 19:00:09 CST,4/15,115268,LOG,00000,"execute S_2: COMMIT",,,,,,,,,"","client backend"
2024-06-16 19:00:28.856 CST,"raingage","benchmark",54595,"127.0.0.1:48950",666ec5b9.d543,197,"BEGIN",2024-06-16 19:00:09 CST,4/16,0,LOG,00000,"execute S_3: BEGIN",,,,,,,,,"","client backend"
2024-06-16 19:00:28.875 CST,"raingage","benchmark",54595,"127.0.0.1:48950",666ec5b9.d543,198,"SELECT",2024-06-16 19:00:09 CST,4/16,0,LOG,00000,"execute S_4: SELECT d_tax, d_next_o_id     FROM bmsql_district     WHERE d_w_id = $1 AND d_id = $2 ","parameters: $1 = '1', $2 = '1'",,,,,,,,"","client backend"
2024-06-16 19:00:28.941 CST,"raingage","benchmark",54595,"127.0.0.1:48950",666ec5b9.d543,199,"SELECT",2024-06-16 19:00:09 CST,4/16,0,LOG,00000,"execute S_1: SELECT c_discount, c_last, c_credit, w_tax     FROM bmsql_customer     JOIN bmsql_warehouse ON (w_id = c_w_id)     WHERE c_w_id = $1 AND c_d_id = $2 AND c_id = $3","parameters: $1 = '1', $2 = '1', $3 = '38'",,,,,,,,"","client backend"
2024-06-16 19:00:29.007 CST,"raingage","benchmark",54595,"127.0.0.1:48950",666ec5b9.d543,200,"SELECT",2024-06-16 19:00:09 CST,4/16,0,LOG,00000,"execute S_1: SELECT c_discount, c_last, c_credit, w_tax     FROM bmsql_customer     JOIN bmsql_warehouse ON (w_id = c_w_id)     WHERE c_w_id = $1 AND c_d_id = $2 AND c_id = $3","parameters: $1 = '1', $2 = '1', $3 = '38'",,,,,,,,"","client backend"
2024-06-16 19:00:29.071 CST,"raingage","benchmark",54595,"127.0.0.1:48950",666ec5b9.d543,201,"SELECT",2024-06-16 19:00:09 CST,4/16,0,LOG,00000,"execute S_1: SELECT c_discount, c_last, c_credit, w_tax     FROM bmsql_customer     JOIN bmsql_warehouse ON (w_id = c_w_id)     WHERE c_w_id = $1 AND c_d_id = $2 AND c_id = $3","parameters: $1 = '1', $2 = '1', $3 = '38'",,,,,,,,"","client backend"
2024-06-16 19:00:29.140 CST,"raingage","benchmark",54595,"127.0.0.1:48950",666ec5b9.d543,202,"SELECT",2024-06-16 19:00:09 CST,4/16,0,LOG,00000,"execute S_1: SELECT c_discount, c_last, c_credit, w_tax     FROM bmsql_customer     JOIN bmsql_warehouse ON (w_id = c_w_id)     WHERE c_w_id = $1 AND c_d_id = $2 AND c_id = $3","parameters: $1 = '1', $2 = '1', $3 = '38'",,,,,,,,"","client backend"
2024-06-16 19:00:29.210 CST,"raingage","benchmark",54595,"127.0.0.1:48950",666ec5b9.d543,203,"SELECT",2024-06-16 19:00:09 CST,4/16,0,LOG,00000,"execute S_1: SELECT c_discount, c_last, c_credit, w_tax     FROM bmsql_customer     JOIN bmsql_warehouse ON (w_id = c_w_id)     WHERE c_w_id = $1 AND c_d_id = $2 AND c_id = $3","parameters: $1 = '1', $2 = '1', $3 = '38'",,,,,,,,"","client backend"
2024-06-16 19:00:29.279 CST,"raingage","benchmark",54595,"127.0.0.1:48950",666ec5b9.d543,204,"SELECT",2024-06-16 19:00:09 CST,4/16,0,LOG,00000,"execute S_1: SELECT c_discount, c_last, c_credit, w_tax     FROM bmsql_customer     JOIN bmsql_warehouse ON (w_id = c_w_id)     WHERE c_w_id = $1 AND c_d_id = $2 AND c_id = $3","parameters: $1 = '1', $2 = '1', $3 = '38'",,,,,,,,"","client backend"
2024-06-16 19:00:29.348 CST,"raingage","benchmark",54595,"127.0.0.1:48950",666ec5b9.d543,205,"SELECT",2024-06-16 19:00:09 CST,4/16,0,LOG,00000,"execute S_1: SELECT c_discount, c_last, c_credit, w_tax     FROM bmsql_customer     JOIN bmsql_warehouse ON (w_id = c_w_id)     WHERE c_w_id = $1 AND c_d_id = $2 AND c_id = $3","parameters: $1 = '1', $2 = '1', $3 = '38'",,,,,,,,"","client backend"
2024-06-16 19:00:29.412 CST,"raingage","benchmark",54595,"127.0.0.1:48950",666ec5b9.d543,206,"SELECT",2024-06-16 19:00:09 CST,4/16,0,LOG,00000,"execute S_1: SELECT c_discount, c_last, c_credit, w_tax     FROM bmsql_customer     JOIN bmsql_warehouse ON (w_id = c_w_id)     WHERE c_w_id = $1 AND c_d_id = $2 AND c_id = $3","parameters: $1 = '1', $2 = '1', $3 = '38'",,,,,,,,"","client backend"
2024-06-16 19:00:29.429 CST,"raingage","benchmark",54595,"127.0.0.1:48950",666ec5b9.d543,207,"SELECT",2024-06-16 19:00:09 CST,4/16,0,LOG,00000,"execute S_5: SELECT i_price, i_name, i_data     FROM bmsql_item     WHERE i_id = $1","parameters: $1 = '44'",,,,,,,,"","client backend"
2024-06-16 19:00:29.449 CST,"raingage","benchmark",54595,"127.0.0.1:48950",666ec5b9.d543,208,"SELECT",2024-06-16 19:00:09 CST,4/16,0,LOG,00000,"execute S_6: SELECT s_quantity, s_data,        s_dist_01, s_dist_02, s_dist_03, s_dist_04,        s_dist_05, s_dist_06, s_dist_07, s_dist_08,        s_dist_09, s_dist_10     FROM bmsql_stock     WHERE s_w_id = $1 AND s_i_id = $2 ","parameters: $1 = '1', $2 = '44'",,,,,,,,"","client backend"
2024-06-16 19:00:29.470 CST,"raingage","benchmark",54595,"127.0.0.1:48950",666ec5b9.d543,209,"UPDATE",2024-06-16 19:00:09 CST,4/16,0,LOG,00000,"execute S_7: UPDATE bmsql_stock     SET s_quantity = $1, s_ytd = s_ytd + $2,         s_order_cnt = s_order_cnt + 1,         s_remote_cnt = s_remote_cnt + $3     WHERE s_w_id = $4 AND s_i_id = $5","parameters: $1 = '30', $2 = '3', $3 = '0', $4 = '1', $5 = '44'",,,,,,,,"","client backend"
2024-06-16 19:00:29.484 CST,"raingage","benchmark",54595,"127.0.0.1:48950",666ec5b9.d543,210,"COMMIT",2024-06-16 19:00:09 CST,4/16,115269,LOG,00000,"execute S_2: COMMIT",,,,,,,,,"","client backend"
2024-06-16 19:00:29.508 CST,"raingage","benchmark",54595,"127.0.0.1:48950",666ec5b9.d543,211,"BEGIN",2024-06-16 19:00:09 CST,4/17,0,LOG,00000,"execute S_3: BEGIN",,,,,,,,,"","client backend"
2024-06-16 19:00:29.522 CST,"raingage","benchmark",54595,"127.0.0.1:48950",666ec5b9.d543,212,"SELECT",2024-06-16 19:00:09 CST,4/17,0,LOG,00000,"execute S_4: SELECT d_tax, d_next_o_id     FROM bmsql_district     WHERE d_w_id = $1 AND d_id = $2 ","parameters: $1 = '1', $2 = '1'",,,,,,,,"","client backend"
2024-06-16 19:00:29.588 CST,"raingage","benchmark",54595,"127.0.0.1:48950",666ec5b9.d543,213,"SELECT",2024-06-16 19:00:09 CST,4/17,0,LOG,00000,"execute S_1: SELECT c_discount, c_last, c_credit, w_tax     FROM bmsql_customer     JOIN bmsql_warehouse ON (w_id = c_w_id)     WHERE c_w_id = $1 AND c_d_id = $2 AND c_id = $3","parameters: $1 = '1', $2 = '1', $3 = '10'",,,,,,,,"","client backend"
2024-06-16 19:00:29.657 CST,"raingage","benchmark",54595,"127.0.0.1:48950",666ec5b9.d543,214,"SELECT",2024-06-16 19:00:09 CST,4/17,0,LOG,00000,"execute S_1: SELECT c_discount, c_last, c_credit, w_tax     FROM bmsql_customer     JOIN bmsql_warehouse ON (w_id = c_w_id)     WHERE c_w_id = $1 AND c_d_id = $2 AND c_id = $3","parameters: $1 = '1', $2 = '1', $3 = '10'",,,,,,,,"","client backend"
2024-06-16 19:00:29.723 CST,"raingage","benchmark",54595,"127.0.0.1:48950",666ec5b9.d543,215,"SELECT",2024-06-16 19:00:09 CST,4/17,0,LOG,00000,"execute S_1: SELECT c_discount, c_last, c_credit, w_tax     FROM bmsql_customer     JOIN bmsql_warehouse ON (w_id = c_w_id)     WHERE c_w_id = $1 AND c_d_id = $2 AND c_id = $3","parameters: $1 = '1', $2 = '1', $3 = '10'",,,,,,,,"","client backend"
2024-06-16 19:00:29.791 CST,"raingage","benchmark",54595,"127.0.0.1:48950",666ec5b9.d543,216,"SELECT",2024-06-16 19:00:09 CST,4/17,0,LOG,00000,"execute S_1: SELECT c_discount, c_last, c_credit, w_tax     FROM bmsql_customer     JOIN bmsql_warehouse ON (w_id = c_w_id)     WHERE c_w_id = $1 AND c_d_id = $2 AND c_id = $3","parameters: $1 = '1', $2 = '1', $3 = '10'",,,,,,,,"","client backend"
2024-06-16 19:00:29.855 CST,"raingage","benchmark",54595,"127.0.0.1:48950",666ec5b9.d543,217,"SELECT",2024-06-16 19:00:09 CST,4/17,0,LOG,00000,"execute S_1: SELECT c_discount, c_last, c_credit, w_tax     FROM bmsql_customer     JOIN bmsql_warehouse ON (w_id = c_w_id)     WHERE c_w_id = $1 AND c_d_id = $2 AND c_id = $3","parameters: $1 = '1', $2 = '1', $3 = '10'",,,,,,,,"","client backend"
2024-06-16 19:00:29.925 CST,"raingage","benchmark",54595,"127.0.0.1:48950",666ec5b9.d543,218,"SELECT",2024-06-16 19:00:09 CST,4/17,0,LOG,00000,"execute S_1: SELECT c_discount, c_last, c_credit, w_tax     FROM bmsql_customer     JOIN bmsql_warehouse ON (w_id = c_w_id)     WHERE c_w_id = $1 AND c_d_id = $2 AND c_id = $3","parameters: $1 = '1', $2 = '1', $3 = '10'",,,,,,,,"","client backend"
2024-06-16 19:00:29.991 CST,"raingage","benchmark",54595,"127.0.0.1:48950",666ec5b9.d543,219,"SELECT",2024-06-16 19:00:09 CST,4/17,0,LOG,00000,"execute S_1: SELECT c_discount, c_last, c_credit, w_tax     FROM bmsql_customer     JOIN bmsql_warehouse ON (w_id = c_w_id)     WHERE c_w_id = $1 AND c_d_id = $2 AND c_id = $3","parameters: $1 = '1', $2 = '1', $3 = '10'",,,,,,,,"","client backend"
2024-06-16 19:00:30.058 CST,"raingage","benchmark",54595,"127.0.0.1:48950",666ec5b9.d543,220,"SELECT",2024-06-16 19:00:09 CST,4/17,0,LOG,00000,"execute S_1: SELECT c_discount, c_last, c_credit, w_tax     FROM bmsql_customer     JOIN bmsql_warehouse ON (w_id = c_w_id)     WHERE c_w_id = $1 AND c_d_id = $2 AND c_id = $3","parameters: $1 = '1', $2 = '1', $3 = '10'",,,,,,,,"","client backend"
2024-06-16 19:00:30.070 CST,"raingage","benchmark",54595,"127.0.0.1:48950",666ec5b9.d543,221,"SELECT",2024-06-16 19:00:09 CST,4/17,0,LOG,00000,"execute S_5: SELECT i_price, i_name, i_data     FROM bmsql_item     WHERE i_id = $1","parameters: $1 = '43'",,,,,,,,"","client backend"
2024-06-16 19:00:30.083 CST,"raingage","benchmark",54595,"127.0.0.1:48950",666ec5b9.d543,222,"SELECT",2024-06-16 19:00:09 CST,4/17,0,LOG,00000,"execute S_6: SELECT s_quantity, s_data,        s_dist_01, s_dist_02, s_dist_03, s_dist_04,        s_dist_05, s_dist_06, s_dist_07, s_dist_08,        s_dist_09, s_dist_10     FROM bmsql_stock     WHERE s_w_id = $1 AND s_i_id = $2 ","parameters: $1 = '1', $2 = '43'",,,,,,,,"","client backend"
2024-06-16 19:00:30.102 CST,"raingage","benchmark",54595,"127.0.0.1:48950",666ec5b9.d543,223,"UPDATE",2024-06-16 19:00:09 CST,4/17,0,LOG,00000,"execute S_7: UPDATE bmsql_stock     SET s_quantity = $1, s_ytd = s_ytd + $2,         s_order_cnt = s_order_cnt + 1,         s_remote_cnt = s_remote_cnt + $3     WHERE s_w_id = $4 AND s_i_id = $5","parameters: $1 = '57', $2 = '2', $3 = '0', $4 = '1', $5 = '43'",,,,,,,,"","client backend"
2024-06-16 19:00:30.119 CST,"raingage","benchmark",54595,"127.0.0.1:48950",666ec5b9.d543,224,"COMMIT",2024-06-16 19:00:09 CST,4/17,115270,LOG,00000,"execute S_2: COMMIT",,,,,,,,,"","client backend"
2024-06-16 19:00:30.144 CST,"raingage","benchmark",54595,"127.0.0.1:48950",666ec5b9.d543,225,"BEGIN",2024-06-16 19:00:09 CST,4/18,0,LOG,00000,"execute S_3: BEGIN",,,,,,,,,"","client backend"
2024-06-16 19:00:30.155 CST,"raingage","benchmark",54595,"127.0.0.1:48950",666ec5b9.d543,226,"SELECT",2024-06-16 19:00:09 CST,4/18,0,LOG,00000,"execute S_4: SELECT d_tax, d_next_o_id     FROM bmsql_district     WHERE d_w_id = $1 AND d_id = $2 ","parameters: $1 = '1', $2 = '1'",,,,,,,,"","client backend"
2024-06-16 19:00:30.223 CST,"raingage","benchmark",54595,"127.0.0.1:48950",666ec5b9.d543,227,"SELECT",2024-06-16 19:00:09 CST,4/18,0,LOG,00000,"execute S_1: SELECT c_discount, c_last, c_credit, w_tax     FROM bmsql_customer     JOIN bmsql_warehouse ON (w_id = c_w_id)     WHERE c_w_id = $1 AND c_d_id = $2 AND c_id = $3","parameters: $1 = '1', $2 = '1', $3 = '71'",,,,,,,,"","client backend"
2024-06-16 19:00:30.285 CST,"raingage","benchmark",54595,"127.0.0.1:48950",666ec5b9.d543,228,"SELECT",2024-06-16 19:00:09 CST,4/18,0,LOG,00000,"execute S_1: SELECT c_discount, c_last, c_credit, w_tax     FROM bmsql_customer     JOIN bmsql_warehouse ON (w_id = c_w_id)     WHERE c_w_id = $1 AND c_d_id = $2 AND c_id = $3","parameters: $1 = '1', $2 = '1', $3 = '71'",,,,,,,,"","client backend"
2024-06-16 19:00:30.356 CST,"raingage","benchmark",54595,"127.0.0.1:48950",666ec5b9.d543,229,"SELECT",2024-06-16 19:00:09 CST,4/18,0,LOG,00000,"execute S_1: SELECT c_discount, c_last, c_credit, w_tax     FROM bmsql_customer     JOIN bmsql_warehouse ON (w_id = c_w_id)     WHERE c_w_id = $1 AND c_d_id = $2 AND c_id = $3","parameters: $1 = '1', $2 = '1', $3 = '71'",,,,,,,,"","client backend"
2024-06-16 19:00:30.419 CST,"raingage","benchmark",54595,"127.0.0.1:48950",666ec5b9.d543,230,"SELECT",2024-06-16 19:00:09 CST,4/18,0,LOG,00000,"execute S_1: SELECT c_discount, c_last, c_credit, w_tax     FROM bmsql_customer     JOIN bmsql_warehouse ON (w_id = c_w_id)     WHERE c_w_id = $1 AND c_d_id = $2 AND c_id = $3","parameters: $1 = '1', $2 = '1', $3 = '71'",,,,,,,,"","client backend"
2024-06-16 19:00:30.476 CST,"raingage","benchmark",54598,"127.0.0.1:48956",666ec5b9.d546,57,"BEGIN",2024-06-16 19:00:09 CST,7/6,0,LOG,00000,"execute S_3: BEGIN",,,,,,,,,"","client backend"
2024-06-16 19:00:30.483 CST,"raingage","benchmark",54595,"127.0.0.1:48950",666ec5b9.d543,231,"SELECT",2024-06-16 19:00:09 CST,4/18,0,LOG,00000,"execute S_1: SELECT c_discount, c_last, c_credit, w_tax     FROM bmsql_customer     JOIN bmsql_warehouse ON (w_id = c_w_id)     WHERE c_w_id = $1 AND c_d_id = $2 AND c_id = $3","parameters: $1 = '1', $2 = '1', $3 = '71'",,,,,,,,"","client backend"
2024-06-16 19:00:30.495 CST,"raingage","benchmark",54598,"127.0.0.1:48956",666ec5b9.d546,58,"SELECT",2024-06-16 19:00:09 CST,7/6,0,LOG,00000,"execute S_4: SELECT d_tax, d_next_o_id     FROM bmsql_district     WHERE d_w_id = $1 AND d_id = $2 ","parameters: $1 = '1', $2 = '1'",,,,,,,,"","client backend"
2024-06-16 19:00:30.549 CST,"raingage","benchmark",54595,"127.0.0.1:48950",666ec5b9.d543,232,"SELECT",2024-06-16 19:00:09 CST,4/18,0,LOG,00000,"execute S_1: SELECT c_discount, c_last, c_credit, w_tax     FROM bmsql_customer     JOIN bmsql_warehouse ON (w_id = c_w_id)     WHERE c_w_id = $1 AND c_d_id = $2 AND c_id = $3","parameters: $1 = '1', $2 = '1', $3 = '71'",,,,,,,,"","client backend"
2024-06-16 19:00:30.566 CST,"raingage","benchmark",54598,"127.0.0.1:48956",666ec5b9.d546,59,"SELECT",2024-06-16 19:00:09 CST,7/6,0,LOG,00000,"execute S_1: SELECT c_discount, c_last, c_credit, w_tax     FROM bmsql_customer     JOIN bmsql_warehouse ON (w_id = c_w_id)     WHERE c_w_id = $1 AND c_d_id = $2 AND c_id = $3","parameters: $1 = '1', $2 = '1', $3 = '34'",,,,,,,,"","client backend"
2024-06-16 19:00:30.619 CST,"raingage","benchmark",54595,"127.0.0.1:48950",666ec5b9.d543,233,"SELECT",2024-06-16 19:00:09 CST,4/18,0,LOG,00000,"execute S_1: SELECT c_discount, c_last, c_credit, w_tax     FROM bmsql_customer     JOIN bmsql_warehouse ON (w_id = c_w_id)     WHERE c_w_id = $1 AND c_d_id = $2 AND c_id = $3","parameters: $1 = '1', $2 = '1', $3 = '71'",,,,,,,,"","client backend"
2024-06-16 19:00:30.630 CST,"raingage","benchmark",54598,"127.0.0.1:48956",666ec5b9.d546,60,"SELECT",2024-06-16 19:00:09 CST,7/6,0,LOG,00000,"execute S_1: SELECT c_discount, c_last, c_credit, w_tax     FROM bmsql_customer     JOIN bmsql_warehouse ON (w_id = c_w_id)     WHERE c_w_id = $1 AND c_d_id = $2 AND c_id = $3","parameters: $1 = '1', $2 = '1', $3 = '34'",,,,,,,,"","client backend"
2024-06-16 19:00:30.685 CST,"raingage","benchmark",54595,"127.0.0.1:48950",666ec5b9.d543,234,"SELECT",2024-06-16 19:00:09 CST,4/18,0,LOG,00000,"execute S_1: SELECT c_discount, c_last, c_credit, w_tax     FROM bmsql_customer     JOIN bmsql_warehouse ON (w_id = c_w_id)     WHERE c_w_id = $1 AND c_d_id = $2 AND c_id = $3","parameters: $1 = '1', $2 = '1', $3 = '71'",,,,,,,,"","client backend"
2024-06-16 19:00:30.702 CST,"raingage","benchmark",54598,"127.0.0.1:48956",666ec5b9.d546,61,"SELECT",2024-06-16 19:00:09 CST,7/6,0,LOG,00000,"execute S_1: SELECT c_discount, c_last, c_credit, w_tax     FROM bmsql_customer     JOIN bmsql_warehouse ON (w_id = c_w_id)     WHERE c_w_id = $1 AND c_d_id = $2 AND c_id = $3","parameters: $1 = '1', $2 = '1', $3 = '34'",,,,,,,,"","client backend"
2024-06-16 19:00:30.705 CST,"raingage","benchmark",54595,"127.0.0.1:48950",666ec5b9.d543,235,"SELECT",2024-06-16 19:00:09 CST,4/18,0,LOG,00000,"execute S_5: SELECT i_price, i_name, i_data     FROM bmsql_item     WHERE i_id = $1","parameters: $1 = '78'",,,,,,,,"","client backend"
2024-06-16 19:00:30.725 CST,"raingage","benchmark",54595,"127.0.0.1:48950",666ec5b9.d543,236,"SELECT",2024-06-16 19:00:09 CST,4/18,0,LOG,00000,"execute S_6: SELECT s_quantity, s_data,        s_dist_01, s_dist_02, s_dist_03, s_dist_04,        s_dist_05, s_dist_06, s_dist_07, s_dist_08,        s_dist_09, s_dist_10     FROM bmsql_stock     WHERE s_w_id = $1 AND s_i_id = $2 ","parameters: $1 = '1', $2 = '78'",,,,,,,,"","client backend"
2024-06-16 19:00:30.741 CST,"raingage","benchmark",54595,"127.0.0.1:48950",666ec5b9.d543,237,"UPDATE",2024-06-16 19:00:09 CST,4/18,0,LOG,00000,"execute S_7: UPDATE bmsql_stock     SET s_quantity = $1, s_ytd = s_ytd + $2,         s_order_cnt = s_order_cnt + 1,         s_remote_cnt = s_remote_cnt + $3     WHERE s_w_id = $4 AND s_i_id = $5","parameters: $1 = '87', $2 = '2', $3 = '0', $4 = '1', $5 = '78'",,,,,,,,"","client backend"
2024-06-16 19:00:30.758 CST,"raingage","benchmark",54595,"127.0.0.1:48950",666ec5b9.d543,238,"COMMIT",2024-06-16 19:00:09 CST,4/18,115271,LOG,00000,"execute S_2: COMMIT",,,,,,,,,"","client backend"
2024-06-16 19:00:30.769 CST,"raingage","benchmark",54598,"127.0.0.1:48956",666ec5b9.d546,62,"SELECT",2024-06-16 19:00:09 CST,7/6,0,LOG,00000,"execute S_1: SELECT c_discount, c_last, c_credit, w_tax     FROM bmsql_customer     JOIN bmsql_warehouse ON (w_id = c_w_id)     WHERE c_w_id = $1 AND c_d_id = $2 AND c_id = $3","parameters: $1 = '1', $2 = '1', $3 = '34'",,,,,,,,"","client backend"
2024-06-16 19:00:30.778 CST,"raingage","benchmark",54595,"127.0.0.1:48950",666ec5b9.d543,239,"BEGIN",2024-06-16 19:00:09 CST,4/19,0,LOG,00000,"execute S_3: BEGIN",,,,,,,,,"","client backend"
2024-06-16 19:00:30.791 CST,"raingage","benchmark",54595,"127.0.0.1:48950",666ec5b9.d543,240,"SELECT",2024-06-16 19:00:09 CST,4/19,0,LOG,00000,"execute S_4: SELECT d_tax, d_next_o_id     FROM bmsql_district     WHERE d_w_id = $1 AND d_id = $2 ","parameters: $1 = '1', $2 = '1'",,,,,,,,"","client backend"
2024-06-16 19:00:30.839 CST,"raingage","benchmark",54598,"127.0.0.1:48956",666ec5b9.d546,63,"SELECT",2024-06-16 19:00:09 CST,7/6,0,LOG,00000,"execute S_1: SELECT c_discount, c_last, c_credit, w_tax     FROM bmsql_customer     JOIN bmsql_warehouse ON (w_id = c_w_id)     WHERE c_w_id = $1 AND c_d_id = $2 AND c_id = $3","parameters: $1 = '1', $2 = '1', $3 = '34'",,,,,,,,"","client backend"
2024-06-16 19:00:30.861 CST,"raingage","benchmark",54595,"127.0.0.1:48950",666ec5b9.d543,241,"SELECT",2024-06-16 19:00:09 CST,4/19,0,LOG,00000,"execute S_1: SELECT c_discount, c_last, c_credit, w_tax     FROM bmsql_customer     JOIN bmsql_warehouse ON (w_id = c_w_id)     WHERE c_w_id = $1 AND c_d_id = $2 AND c_id = $3","parameters: $1 = '1', $2 = '1', $3 = '71'",,,,,,,,"","client backend"
2024-06-16 19:00:30.903 CST,"raingage","benchmark",54598,"127.0.0.1:48956",666ec5b9.d546,64,"SELECT",2024-06-16 19:00:09 CST,7/6,0,LOG,00000,"execute S_1: SELECT c_discount, c_last, c_credit, w_tax     FROM bmsql_customer     JOIN bmsql_warehouse ON (w_id = c_w_id)     WHERE c_w_id = $1 AND c_d_id = $2 AND c_id = $3","parameters: $1 = '1', $2 = '1', $3 = '34'",,,,,,,,"","client backend"
2024-06-16 19:00:30.932 CST,"raingage","benchmark",54595,"127.0.0.1:48950",666ec5b9.d543,242,"SELECT",2024-06-16 19:00:09 CST,4/19,0,LOG,00000,"execute S_1: SELECT c_discount, c_last, c_credit, w_tax     FROM bmsql_customer     JOIN bmsql_warehouse ON (w_id = c_w_id)     WHERE c_w_id = $1 AND c_d_id = $2 AND c_id = $3","parameters: $1 = '1', $2 = '1', $3 = '71'",,,,,,,,"","client backend"
2024-06-16 19:00:30.968 CST,"raingage","benchmark",54598,"127.0.0.1:48956",666ec5b9.d546,65,"SELECT",2024-06-16 19:00:09 CST,7/6,0,LOG,00000,"execute S_1: SELECT c_discount, c_last, c_credit, w_tax     FROM bmsql_customer     JOIN bmsql_warehouse ON (w_id = c_w_id)     WHERE c_w_id = $1 AND c_d_id = $2 AND c_id = $3","parameters: $1 = '1', $2 = '1', $3 = '34'",,,,,,,,"","client backend"
2024-06-16 19:00:31.003 CST,"raingage","benchmark",54595,"127.0.0.1:48950",666ec5b9.d543,243,"SELECT",2024-06-16 19:00:09 CST,4/19,0,LOG,00000,"execute S_1: SELECT c_discount, c_last, c_credit, w_tax     FROM bmsql_customer     JOIN bmsql_warehouse ON (w_id = c_w_id)     WHERE c_w_id = $1 AND c_d_id = $2 AND c_id = $3","parameters: $1 = '1', $2 = '1', $3 = '71'",,,,,,,,"","client backend"
2024-06-16 19:00:31.034 CST,"raingage","benchmark",54598,"127.0.0.1:48956",666ec5b9.d546,66,"SELECT",2024-06-16 19:00:09 CST,7/6,0,LOG,00000,"execute S_1: SELECT c_discount, c_last, c_credit, w_tax     FROM bmsql_customer     JOIN bmsql_warehouse ON (w_id = c_w_id)     WHERE c_w_id = $1 AND c_d_id = $2 AND c_id = $3","parameters: $1 = '1', $2 = '1', $3 = '34'",,,,,,,,"","client backend"
2024-06-16 19:00:31.046 CST,"raingage","benchmark",54598,"127.0.0.1:48956",666ec5b9.d546,67,"SELECT",2024-06-16 19:00:09 CST,7/6,0,LOG,00000,"execute S_5: SELECT i_price, i_name, i_data     FROM bmsql_item     WHERE i_id = $1","parameters: $1 = '69'",,,,,,,,"","client backend"
2024-06-16 19:00:31.067 CST,"raingage","benchmark",54598,"127.0.0.1:48956",666ec5b9.d546,68,"SELECT",2024-06-16 19:00:09 CST,7/6,0,LOG,00000,"execute S_6: SELECT s_quantity, s_data,        s_dist_01, s_dist_02, s_dist_03, s_dist_04,        s_dist_05, s_dist_06, s_dist_07, s_dist_08,        s_dist_09, s_dist_10     FROM bmsql_stock     WHERE s_w_id = $1 AND s_i_id = $2 ","parameters: $1 = '1', $2 = '69'",,,,,,,,"","client backend"
2024-06-16 19:00:31.068 CST,"raingage","benchmark",54595,"127.0.0.1:48950",666ec5b9.d543,244,"SELECT",2024-06-16 19:00:09 CST,4/19,0,LOG,00000,"execute S_1: SELECT c_discount, c_last, c_credit, w_tax     FROM bmsql_customer     JOIN bmsql_warehouse ON (w_id = c_w_id)     WHERE c_w_id = $1 AND c_d_id = $2 AND c_id = $3","parameters: $1 = '1', $2 = '1', $3 = '71'",,,,,,,,"","client backend"
2024-06-16 19:00:31.084 CST,"raingage","benchmark",54598,"127.0.0.1:48956",666ec5b9.d546,69,"UPDATE",2024-06-16 19:00:09 CST,7/6,0,LOG,00000,"execute S_7: UPDATE bmsql_stock     SET s_quantity = $1, s_ytd = s_ytd + $2,         s_order_cnt = s_order_cnt + 1,         s_remote_cnt = s_remote_cnt + $3     WHERE s_w_id = $4 AND s_i_id = $5","parameters: $1 = '89', $2 = '2', $3 = '0', $4 = '1', $5 = '69'",,,,,,,,"","client backend"
2024-06-16 19:00:31.096 CST,"raingage","benchmark",54598,"127.0.0.1:48956",666ec5b9.d546,70,"COMMIT",2024-06-16 19:00:09 CST,7/6,115272,LOG,00000,"execute S_2: COMMIT",,,,,,,,,"","client backend"
2024-06-16 19:00:31.118 CST,"raingage","benchmark",54598,"127.0.0.1:48956",666ec5b9.d546,71,"BEGIN",2024-06-16 19:00:09 CST,7/7,0,LOG,00000,"execute S_3: BEGIN",,,,,,,,,"","client backend"
2024-06-16 19:00:31.134 CST,"raingage","benchmark",54598,"127.0.0.1:48956",666ec5b9.d546,72,"SELECT",2024-06-16 19:00:09 CST,7/7,0,LOG,00000,"execute S_4: SELECT d_tax, d_next_o_id     FROM bmsql_district     WHERE d_w_id = $1 AND d_id = $2 ","parameters: $1 = '1', $2 = '1'",,,,,,,,"","client backend"
2024-06-16 19:00:31.137 CST,"raingage","benchmark",54595,"127.0.0.1:48950",666ec5b9.d543,245,"SELECT",2024-06-16 19:00:09 CST,4/19,0,LOG,00000,"execute S_1: SELECT c_discount, c_last, c_credit, w_tax     FROM bmsql_customer     JOIN bmsql_warehouse ON (w_id = c_w_id)     WHERE c_w_id = $1 AND c_d_id = $2 AND c_id = $3","parameters: $1 = '1', $2 = '1', $3 = '71'",,,,,,,,"","client backend"
2024-06-16 19:00:31.202 CST,"raingage","benchmark",54595,"127.0.0.1:48950",666ec5b9.d543,246,"SELECT",2024-06-16 19:00:09 CST,4/19,0,LOG,00000,"execute S_1: SELECT c_discount, c_last, c_credit, w_tax     FROM bmsql_customer     JOIN bmsql_warehouse ON (w_id = c_w_id)     WHERE c_w_id = $1 AND c_d_id = $2 AND c_id = $3","parameters: $1 = '1', $2 = '1', $3 = '71'",,,,,,,,"","client backend"
2024-06-16 19:00:31.204 CST,"raingage","benchmark",54598,"127.0.0.1:48956",666ec5b9.d546,73,"SELECT",2024-06-16 19:00:09 CST,7/7,0,LOG,00000,"execute S_1: SELECT c_discount, c_last, c_credit, w_tax     FROM bmsql_customer     JOIN bmsql_warehouse ON (w_id = c_w_id)     WHERE c_w_id = $1 AND c_d_id = $2 AND c_id = $3","parameters: $1 = '1', $2 = '1', $3 = '15'",,,,,,,,"","client backend"
2024-06-16 19:00:31.264 CST,"raingage","benchmark",54595,"127.0.0.1:48950",666ec5b9.d543,247,"SELECT",2024-06-16 19:00:09 CST,4/19,0,LOG,00000,"execute S_1: SELECT c_discount, c_last, c_credit, w_tax     FROM bmsql_customer     JOIN bmsql_warehouse ON (w_id = c_w_id)     WHERE c_w_id = $1 AND c_d_id = $2 AND c_id = $3","parameters: $1 = '1', $2 = '1', $3 = '71'",,,,,,,,"","client backend"
2024-06-16 19:00:31.275 CST,"raingage","benchmark",54598,"127.0.0.1:48956",666ec5b9.d546,74,"SELECT",2024-06-16 19:00:09 CST,7/7,0,LOG,00000,"execute S_1: SELECT c_discount, c_last, c_credit, w_tax     FROM bmsql_customer     JOIN bmsql_warehouse ON (w_id = c_w_id)     WHERE c_w_id = $1 AND c_d_id = $2 AND c_id = $3","parameters: $1 = '1', $2 = '1', $3 = '15'",,,,,,,,"","client backend"
2024-06-16 19:00:31.332 CST,"raingage","benchmark",54595,"127.0.0.1:48950",666ec5b9.d543,248,"SELECT",2024-06-16 19:00:09 CST,4/19,0,LOG,00000,"execute S_1: SELECT c_discount, c_last, c_credit, w_tax     FROM bmsql_customer     JOIN bmsql_warehouse ON (w_id = c_w_id)     WHERE c_w_id = $1 AND c_d_id = $2 AND c_id = $3","parameters: $1 = '1', $2 = '1', $3 = '71'",,,,,,,,"","client backend"
2024-06-16 19:00:31.344 CST,"raingage","benchmark",54598,"127.0.0.1:48956",666ec5b9.d546,75,"SELECT",2024-06-16 19:00:09 CST,7/7,0,LOG,00000,"execute S_1: SELECT c_discount, c_last, c_credit, w_tax     FROM bmsql_customer     JOIN bmsql_warehouse ON (w_id = c_w_id)     WHERE c_w_id = $1 AND c_d_id = $2 AND c_id = $3","parameters: $1 = '1', $2 = '1', $3 = '15'",,,,,,,,"","client backend"
2024-06-16 19:00:31.345 CST,"raingage","benchmark",54595,"127.0.0.1:48950",666ec5b9.d543,249,"SELECT",2024-06-16 19:00:09 CST,4/19,0,LOG,00000,"execute S_5: SELECT i_price, i_name, i_data     FROM bmsql_item     WHERE i_id = $1","parameters: $1 = '78'",,,,,,,,"","client backend"
2024-06-16 19:00:31.359 CST,"raingage","benchmark",54595,"127.0.0.1:48950",666ec5b9.d543,250,"SELECT",2024-06-16 19:00:09 CST,4/19,0,LOG,00000,"execute S_6: SELECT s_quantity, s_data,        s_dist_01, s_dist_02, s_dist_03, s_dist_04,        s_dist_05, s_dist_06, s_dist_07, s_dist_08,        s_dist_09, s_dist_10     FROM bmsql_stock     WHERE s_w_id = $1 AND s_i_id = $2 ","parameters: $1 = '1', $2 = '78'",,,,,,,,"","client backend"
2024-06-16 19:00:31.372 CST,"raingage","benchmark",54595,"127.0.0.1:48950",666ec5b9.d543,251,"UPDATE",2024-06-16 19:00:09 CST,4/19,0,LOG,00000,"execute S_7: UPDATE bmsql_stock     SET s_quantity = $1, s_ytd = s_ytd + $2,         s_order_cnt = s_order_cnt + 1,         s_remote_cnt = s_remote_cnt + $3     WHERE s_w_id = $4 AND s_i_id = $5","parameters: $1 = '85', $2 = '2', $3 = '0', $4 = '1', $5 = '78'",,,,,,,,"","client backend"
2024-06-16 19:00:31.388 CST,"raingage","benchmark",54595,"127.0.0.1:48950",666ec5b9.d543,252,"COMMIT",2024-06-16 19:00:09 CST,4/19,115273,LOG,00000,"execute S_2: COMMIT",,,,,,,,,"","client backend"
2024-06-16 19:00:31.405 CST,"raingage","benchmark",54595,"127.0.0.1:48950",666ec5b9.d543,253,"BEGIN",2024-06-16 19:00:09 CST,4/20,0,LOG,00000,"execute S_3: BEGIN",,,,,,,,,"","client backend"
2024-06-16 19:00:31.414 CST,"raingage","benchmark",54598,"127.0.0.1:48956",666ec5b9.d546,76,"SELECT",2024-06-16 19:00:09 CST,7/7,0,LOG,00000,"execute S_1: SELECT c_discount, c_last, c_credit, w_tax     FROM bmsql_customer     JOIN bmsql_warehouse ON (w_id = c_w_id)     WHERE c_w_id = $1 AND c_d_id = $2 AND c_id = $3","parameters: $1 = '1', $2 = '1', $3 = '15'",,,,,,,,"","client backend"
2024-06-16 19:00:31.416 CST,"raingage","benchmark",54595,"127.0.0.1:48950",666ec5b9.d543,254,"SELECT",2024-06-16 19:00:09 CST,4/20,0,LOG,00000,"execute S_4: SELECT d_tax, d_next_o_id     FROM bmsql_district     WHERE d_w_id = $1 AND d_id = $2 ","parameters: $1 = '1', $2 = '1'",,,,,,,,"","client backend"
2024-06-16 19:00:31.481 CST,"raingage","benchmark",54598,"127.0.0.1:48956",666ec5b9.d546,77,"SELECT",2024-06-16 19:00:09 CST,7/7,0,LOG,00000,"execute S_1: SELECT c_discount, c_last, c_credit, w_tax     FROM bmsql_customer     JOIN bmsql_warehouse ON (w_id = c_w_id)     WHERE c_w_id = $1 AND c_d_id = $2 AND c_id = $3","parameters: $1 = '1', $2 = '1', $3 = '15'",,,,,,,,"","client backend"
2024-06-16 19:00:31.488 CST,"raingage","benchmark",54595,"127.0.0.1:48950",666ec5b9.d543,255,"SELECT",2024-06-16 19:00:09 CST,4/20,0,LOG,00000,"execute S_1: SELECT c_discount, c_last, c_credit, w_tax     FROM bmsql_customer     JOIN bmsql_warehouse ON (w_id = c_w_id)     WHERE c_w_id = $1 AND c_d_id = $2 AND c_id = $3","parameters: $1 = '1', $2 = '1', $3 = '92'",,,,,,,,"","client backend"
2024-06-16 19:00:31.547 CST,"raingage","benchmark",54598,"127.0.0.1:48956",666ec5b9.d546,78,"SELECT",2024-06-16 19:00:09 CST,7/7,0,LOG,00000,"execute S_1: SELECT c_discount, c_last, c_credit, w_tax     FROM bmsql_customer     JOIN bmsql_warehouse ON (w_id = c_w_id)     WHERE c_w_id = $1 AND c_d_id = $2 AND c_id = $3","parameters: $1 = '1', $2 = '1', $3 = '15'",,,,,,,,"","client backend"
2024-06-16 19:00:31.556 CST,"raingage","benchmark",54595,"127.0.0.1:48950",666ec5b9.d543,256,"SELECT",2024-06-16 19:00:09 CST,4/20,0,LOG,00000,"execute S_1: SELECT c_discount, c_last, c_credit, w_tax     FROM bmsql_customer     JOIN bmsql_warehouse ON (w_id = c_w_id)     WHERE c_w_id = $1 AND c_d_id = $2 AND c_id = $3","parameters: $1 = '1', $2 = '1', $3 = '92'",,,,,,,,"","client backend"
2024-06-16 19:00:31.613 CST,"raingage","benchmark",54598,"127.0.0.1:48956",666ec5b9.d546,79,"SELECT",2024-06-16 19:00:09 CST,7/7,0,LOG,00000,"execute S_1: SELECT c_discount, c_last, c_credit, w_tax     FROM bmsql_customer     JOIN bmsql_warehouse ON (w_id = c_w_id)     WHERE c_w_id = $1 AND c_d_id = $2 AND c_id = $3","parameters: $1 = '1', $2 = '1', $3 = '15'",,,,,,,,"","client backend"
2024-06-16 19:00:31.620 CST,"raingage","benchmark",54595,"127.0.0.1:48950",666ec5b9.d543,257,"SELECT",2024-06-16 19:00:09 CST,4/20,0,LOG,00000,"execute S_1: SELECT c_discount, c_last, c_credit, w_tax     FROM bmsql_customer     JOIN bmsql_warehouse ON (w_id = c_w_id)     WHERE c_w_id = $1 AND c_d_id = $2 AND c_id = $3","parameters: $1 = '1', $2 = '1', $3 = '92'",,,,,,,,"","client backend"
2024-06-16 19:00:31.677 CST,"raingage","benchmark",54598,"127.0.0.1:48956",666ec5b9.d546,80,"SELECT",2024-06-16 19:00:09 CST,7/7,0,LOG,00000,"execute S_1: SELECT c_discount, c_last, c_credit, w_tax     FROM bmsql_customer     JOIN bmsql_warehouse ON (w_id = c_w_id)     WHERE c_w_id = $1 AND c_d_id = $2 AND c_id = $3","parameters: $1 = '1', $2 = '1', $3 = '15'",,,,,,,,"","client backend"
2024-06-16 19:00:31.687 CST,"raingage","benchmark",54595,"127.0.0.1:48950",666ec5b9.d543,258,"SELECT",2024-06-16 19:00:09 CST,4/20,0,LOG,00000,"execute S_1: SELECT c_discount, c_last, c_credit, w_tax     FROM bmsql_customer     JOIN bmsql_warehouse ON (w_id = c_w_id)     WHERE c_w_id = $1 AND c_d_id = $2 AND c_id = $3","parameters: $1 = '1', $2 = '1', $3 = '92'",,,,,,,,"","client backend"
2024-06-16 19:00:31.696 CST,"raingage","benchmark",54598,"127.0.0.1:48956",666ec5b9.d546,81,"SELECT",2024-06-16 19:00:09 CST,7/7,0,LOG,00000,"execute S_5: SELECT i_price, i_name, i_data     FROM bmsql_item     WHERE i_id = $1","parameters: $1 = '14'",,,,,,,,"","client backend"
2024-06-16 19:00:31.715 CST,"raingage","benchmark",54598,"127.0.0.1:48956",666ec5b9.d546,82,"SELECT",2024-06-16 19:00:09 CST,7/7,0,LOG,00000,"execute S_6: SELECT s_quantity, s_data,        s_dist_01, s_dist_02, s_dist_03, s_dist_04,        s_dist_05, s_dist_06, s_dist_07, s_dist_08,        s_dist_09, s_dist_10     FROM bmsql_stock     WHERE s_w_id = $1 AND s_i_id = $2 ","parameters: $1 = '1', $2 = '14'",,,,,,,,"","client backend"
2024-06-16 19:00:31.730 CST,"raingage","benchmark",54598,"127.0.0.1:48956",666ec5b9.d546,83,"UPDATE",2024-06-16 19:00:09 CST,7/7,0,LOG,00000,"execute S_7: UPDATE bmsql_stock     SET s_quantity = $1, s_ytd = s_ytd + $2,         s_order_cnt = s_order_cnt + 1,         s_remote_cnt = s_remote_cnt + $3     WHERE s_w_id = $4 AND s_i_id = $5","parameters: $1 = '68', $2 = '7', $3 = '0', $4 = '1', $5 = '14'",,,,,,,,"","client backend"
2024-06-16 19:00:31.742 CST,"raingage","benchmark",54598,"127.0.0.1:48956",666ec5b9.d546,84,"COMMIT",2024-06-16 19:00:09 CST,7/7,115274,LOG,00000,"execute S_2: COMMIT",,,,,,,,,"","client backend"
2024-06-16 19:00:31.755 CST,"raingage","benchmark",54598,"127.0.0.1:48956",666ec5b9.d546,85,"BEGIN",2024-06-16 19:00:09 CST,7/8,0,LOG,00000,"execute S_3: BEGIN",,,,,,,,,"","client backend"
2024-06-16 19:00:31.756 CST,"raingage","benchmark",54595,"127.0.0.1:48950",666ec5b9.d543,259,"SELECT",2024-06-16 19:00:09 CST,4/20,0,LOG,00000,"execute S_1: SELECT c_discount, c_last, c_credit, w_tax     FROM bmsql_customer     JOIN bmsql_warehouse ON (w_id = c_w_id)     WHERE c_w_id = $1 AND c_d_id = $2 AND c_id = $3","parameters: $1 = '1', $2 = '1', $3 = '92'",,,,,,,,"","client backend"
2024-06-16 19:00:31.769 CST,"raingage","benchmark",54598,"127.0.0.1:48956",666ec5b9.d546,86,"SELECT",2024-06-16 19:00:09 CST,7/8,0,LOG,00000,"execute S_4: SELECT d_tax, d_next_o_id     FROM bmsql_district     WHERE d_w_id = $1 AND d_id = $2 ","parameters: $1 = '1', $2 = '4'",,,,,,,,"","client backend"
2024-06-16 19:00:31.818 CST,"raingage","benchmark",54595,"127.0.0.1:48950",666ec5b9.d543,260,"SELECT",2024-06-16 19:00:09 CST,4/20,0,LOG,00000,"execute S_1: SELECT c_discount, c_last, c_credit, w_tax     FROM bmsql_customer     JOIN bmsql_warehouse ON (w_id = c_w_id)     WHERE c_w_id = $1 AND c_d_id = $2 AND c_id = $3","parameters: $1 = '1', $2 = '1', $3 = '92'",,,,,,,,"","client backend"
2024-06-16 19:00:31.833 CST,"raingage","benchmark",54598,"127.0.0.1:48956",666ec5b9.d546,87,"SELECT",2024-06-16 19:00:09 CST,7/8,0,LOG,00000,"execute S_1: SELECT c_discount, c_last, c_credit, w_tax     FROM bmsql_customer     JOIN bmsql_warehouse ON (w_id = c_w_id)     WHERE c_w_id = $1 AND c_d_id = $2 AND c_id = $3","parameters: $1 = '1', $2 = '4', $3 = '24'",,,,,,,,"","client backend"
2024-06-16 19:00:31.887 CST,"raingage","benchmark",54595,"127.0.0.1:48950",666ec5b9.d543,261,"SELECT",2024-06-16 19:00:09 CST,4/20,0,LOG,00000,"execute S_1: SELECT c_discount, c_last, c_credit, w_tax     FROM bmsql_customer     JOIN bmsql_warehouse ON (w_id = c_w_id)     WHERE c_w_id = $1 AND c_d_id = $2 AND c_id = $3","parameters: $1 = '1', $2 = '1', $3 = '92'",,,,,,,,"","client backend"
2024-06-16 19:00:31.902 CST,"raingage","benchmark",54598,"127.0.0.1:48956",666ec5b9.d546,88,"SELECT",2024-06-16 19:00:09 CST,7/8,0,LOG,00000,"execute S_1: SELECT c_discount, c_last, c_credit, w_tax     FROM bmsql_customer     JOIN bmsql_warehouse ON (w_id = c_w_id)     WHERE c_w_id = $1 AND c_d_id = $2 AND c_id = $3","parameters: $1 = '1', $2 = '4', $3 = '24'",,,,,,,,"","client backend"
2024-06-16 19:00:31.950 CST,"raingage","benchmark",54595,"127.0.0.1:48950",666ec5b9.d543,262,"SELECT",2024-06-16 19:00:09 CST,4/20,0,LOG,00000,"execute S_1: SELECT c_discount, c_last, c_credit, w_tax     FROM bmsql_customer     JOIN bmsql_warehouse ON (w_id = c_w_id)     WHERE c_w_id = $1 AND c_d_id = $2 AND c_id = $3","parameters: $1 = '1', $2 = '1', $3 = '92'",,,,,,,,"","client backend"
2024-06-16 19:00:31.965 CST,"raingage","benchmark",54595,"127.0.0.1:48950",666ec5b9.d543,263,"SELECT",2024-06-16 19:00:09 CST,4/20,0,LOG,00000,"execute S_5: SELECT i_price, i_name, i_data     FROM bmsql_item     WHERE i_id = $1","parameters: $1 = '90'",,,,,,,,"","client backend"
2024-06-16 19:00:31.967 CST,"raingage","benchmark",54598,"127.0.0.1:48956",666ec5b9.d546,89,"SELECT",2024-06-16 19:00:09 CST,7/8,0,LOG,00000,"execute S_1: SELECT c_discount, c_last, c_credit, w_tax     FROM bmsql_customer     JOIN bmsql_warehouse ON (w_id = c_w_id)     WHERE c_w_id = $1 AND c_d_id = $2 AND c_id = $3","parameters: $1 = '1', $2 = '4', $3 = '24'",,,,,,,,"","client backend"
2024-06-16 19:00:31.984 CST,"raingage","benchmark",54595,"127.0.0.1:48950",666ec5b9.d543,264,"SELECT",2024-06-16 19:00:09 CST,4/20,0,LOG,00000,"execute S_6: SELECT s_quantity, s_data,        s_dist_01, s_dist_02, s_dist_03, s_dist_04,        s_dist_05, s_dist_06, s_dist_07, s_dist_08,        s_dist_09, s_dist_10     FROM bmsql_stock     WHERE s_w_id = $1 AND s_i_id = $2 ","parameters: $1 = '1', $2 = '90'",,,,,,,,"","client backend"
2024-06-16 19:00:32.001 CST,"raingage","benchmark",54595,"127.0.0.1:48950",666ec5b9.d543,265,"UPDATE",2024-06-16 19:00:09 CST,4/20,0,LOG,00000,"execute S_7: UPDATE bmsql_stock     SET s_quantity = $1, s_ytd = s_ytd + $2,         s_order_cnt = s_order_cnt + 1,         s_remote_cnt = s_remote_cnt + $3     WHERE s_w_id = $4 AND s_i_id = $5","parameters: $1 = '58', $2 = '7', $3 = '0', $4 = '1', $5 = '90'",,,,,,,,"","client backend"
2024-06-16 19:00:32.019 CST,"raingage","benchmark",54595,"127.0.0.1:48950",666ec5b9.d543,266,"COMMIT",2024-06-16 19:00:09 CST,4/20,115275,LOG,00000,"execute S_2: COMMIT",,,,,,,,,"","client backend"
2024-06-16 19:00:32.033 CST,"raingage","benchmark",54598,"127.0.0.1:48956",666ec5b9.d546,90,"SELECT",2024-06-16 19:00:09 CST,7/8,0,LOG,00000,"execute S_1: SELECT c_discount, c_last, c_credit, w_tax     FROM bmsql_customer     JOIN bmsql_warehouse ON (w_id = c_w_id)     WHERE c_w_id = $1 AND c_d_id = $2 AND c_id = $3","parameters: $1 = '1', $2 = '4', $3 = '24'",,,,,,,,"","client backend"
2024-06-16 19:00:32.039 CST,"raingage","benchmark",54595,"127.0.0.1:48950",666ec5b9.d543,267,"BEGIN",2024-06-16 19:00:09 CST,4/21,0,LOG,00000,"execute S_3: BEGIN",,,,,,,,,"","client backend"
2024-06-16 19:00:32.050 CST,"raingage","benchmark",54595,"127.0.0.1:48950",666ec5b9.d543,268,"SELECT",2024-06-16 19:00:09 CST,4/21,0,LOG,00000,"execute S_4: SELECT d_tax, d_next_o_id     FROM bmsql_district     WHERE d_w_id = $1 AND d_id = $2 ","parameters: $1 = '1', $2 = '4'",,,,,,,,"","client backend"
2024-06-16 19:00:32.104 CST,"raingage","benchmark",54598,"127.0.0.1:48956",666ec5b9.d546,91,"SELECT",2024-06-16 19:00:09 CST,7/8,0,LOG,00000,"execute S_1: SELECT c_discount, c_last, c_credit, w_tax     FROM bmsql_customer     JOIN bmsql_warehouse ON (w_id = c_w_id)     WHERE c_w_id = $1 AND c_d_id = $2 AND c_id = $3","parameters: $1 = '1', $2 = '4', $3 = '24'",,,,,,,,"","client backend"
2024-06-16 19:00:32.170 CST,"raingage","benchmark",54598,"127.0.0.1:48956",666ec5b9.d546,92,"SELECT",2024-06-16 19:00:09 CST,7/8,0,LOG,00000,"execute S_1: SELECT c_discount, c_last, c_credit, w_tax     FROM bmsql_customer     JOIN bmsql_warehouse ON (w_id = c_w_id)     WHERE c_w_id = $1 AND c_d_id = $2 AND c_id = $3","parameters: $1 = '1', $2 = '4', $3 = '24'",,,,,,,,"","client backend"
2024-06-16 19:00:32.216 CST,"raingage","benchmark",54597,"127.0.0.1:48954",666ec5b9.d545,86,"BEGIN",2024-06-16 19:00:09 CST,6/8,0,LOG,00000,"execute S_3: BEGIN",,,,,,,,,"","client backend"
2024-06-16 19:00:32.227 CST,"raingage","benchmark",54597,"127.0.0.1:48954",666ec5b9.d545,87,"SELECT",2024-06-16 19:00:09 CST,6/8,0,LOG,00000,"execute S_4: SELECT d_tax, d_next_o_id     FROM bmsql_district     WHERE d_w_id = $1 AND d_id = $2 ","parameters: $1 = '1', $2 = '1'",,,,,,,,"","client backend"
2024-06-16 19:00:32.241 CST,"raingage","benchmark",54598,"127.0.0.1:48956",666ec5b9.d546,93,"SELECT",2024-06-16 19:00:09 CST,7/8,0,LOG,00000,"execute S_1: SELECT c_discount, c_last, c_credit, w_tax     FROM bmsql_customer     JOIN bmsql_warehouse ON (w_id = c_w_id)     WHERE c_w_id = $1 AND c_d_id = $2 AND c_id = $3","parameters: $1 = '1', $2 = '4', $3 = '24'",,,,,,,,"","client backend"
2024-06-16 19:00:32.295 CST,"raingage","benchmark",54597,"127.0.0.1:48954",666ec5b9.d545,88,"SELECT",2024-06-16 19:00:09 CST,6/8,0,LOG,00000,"execute S_1: SELECT c_discount, c_last, c_credit, w_tax     FROM bmsql_customer     JOIN bmsql_warehouse ON (w_id = c_w_id)     WHERE c_w_id = $1 AND c_d_id = $2 AND c_id = $3","parameters: $1 = '1', $2 = '1', $3 = '17'",,,,,,,,"","client backend"
2024-06-16 19:00:32.312 CST,"raingage","benchmark",54598,"127.0.0.1:48956",666ec5b9.d546,94,"SELECT",2024-06-16 19:00:09 CST,7/8,0,LOG,00000,"execute S_1: SELECT c_discount, c_last, c_credit, w_tax     FROM bmsql_customer     JOIN bmsql_warehouse ON (w_id = c_w_id)     WHERE c_w_id = $1 AND c_d_id = $2 AND c_id = $3","parameters: $1 = '1', $2 = '4', $3 = '24'",,,,,,,,"","client backend"
2024-06-16 19:00:32.331 CST,"raingage","benchmark",54598,"127.0.0.1:48956",666ec5b9.d546,95,"SELECT",2024-06-16 19:00:09 CST,7/8,0,LOG,00000,"execute S_5: SELECT i_price, i_name, i_data     FROM bmsql_item     WHERE i_id = $1","parameters: $1 = '39'",,,,,,,,"","client backend"
2024-06-16 19:00:32.344 CST,"raingage","benchmark",54598,"127.0.0.1:48956",666ec5b9.d546,96,"SELECT",2024-06-16 19:00:09 CST,7/8,0,LOG,00000,"execute S_6: SELECT s_quantity, s_data,        s_dist_01, s_dist_02, s_dist_03, s_dist_04,        s_dist_05, s_dist_06, s_dist_07, s_dist_08,        s_dist_09, s_dist_10     FROM bmsql_stock     WHERE s_w_id = $1 AND s_i_id = $2 ","parameters: $1 = '1', $2 = '39'",,,,,,,,"","client backend"
2024-06-16 19:00:32.357 CST,"raingage","benchmark",54597,"127.0.0.1:48954",666ec5b9.d545,89,"SELECT",2024-06-16 19:00:09 CST,6/8,0,LOG,00000,"execute S_1: SELECT c_discount, c_last, c_credit, w_tax     FROM bmsql_customer     JOIN bmsql_warehouse ON (w_id = c_w_id)     WHERE c_w_id = $1 AND c_d_id = $2 AND c_id = $3","parameters: $1 = '1', $2 = '1', $3 = '17'",,,,,,,,"","client backend"
2024-06-16 19:00:32.358 CST,"raingage","benchmark",54598,"127.0.0.1:48956",666ec5b9.d546,97,"UPDATE",2024-06-16 19:00:09 CST,7/8,0,LOG,00000,"execute S_7: UPDATE bmsql_stock     SET s_quantity = $1, s_ytd = s_ytd + $2,         s_order_cnt = s_order_cnt + 1,         s_remote_cnt = s_remote_cnt + $3     WHERE s_w_id = $4 AND s_i_id = $5","parameters: $1 = '43', $2 = '1', $3 = '0', $4 = '1', $5 = '39'",,,,,,,,"","client backend"
2024-06-16 19:00:32.377 CST,"raingage","benchmark",54598,"127.0.0.1:48956",666ec5b9.d546,98,"COMMIT",2024-06-16 19:00:09 CST,7/8,115276,LOG,00000,"execute S_2: COMMIT",,,,,,,,,"","client backend"
2024-06-16 19:00:32.378 CST,"raingage","benchmark",54595,"127.0.0.1:48950",666ec5b9.d543,269,"SELECT",2024-06-16 19:00:09 CST,4/21,0,LOG,00000,"execute S_1: SELECT c_discount, c_last, c_credit, w_tax     FROM bmsql_customer     JOIN bmsql_warehouse ON (w_id = c_w_id)     WHERE c_w_id = $1 AND c_d_id = $2 AND c_id = $3","parameters: $1 = '1', $2 = '4', $3 = '24'",,,,,,,,"","client backend"
2024-06-16 19:00:32.390 CST,"raingage","benchmark",54598,"127.0.0.1:48956",666ec5b9.d546,99,"BEGIN",2024-06-16 19:00:09 CST,7/9,0,LOG,00000,"execute S_3: BEGIN",,,,,,,,,"","client backend"
2024-06-16 19:00:32.409 CST,"raingage","benchmark",54598,"127.0.0.1:48956",666ec5b9.d546,100,"SELECT",2024-06-16 19:00:09 CST,7/9,0,LOG,00000,"execute S_4: SELECT d_tax, d_next_o_id     FROM bmsql_district     WHERE d_w_id = $1 AND d_id = $2 ","parameters: $1 = '1', $2 = '4'",,,,,,,,"","client backend"
2024-06-16 19:00:32.424 CST,"raingage","benchmark",54597,"127.0.0.1:48954",666ec5b9.d545,90,"SELECT",2024-06-16 19:00:09 CST,6/8,0,LOG,00000,"execute S_1: SELECT c_discount, c_last, c_credit, w_tax     FROM bmsql_customer     JOIN bmsql_warehouse ON (w_id = c_w_id)     WHERE c_w_id = $1 AND c_d_id = $2 AND c_id = $3","parameters: $1 = '1', $2 = '1', $3 = '17'",,,,,,,,"","client backend"
2024-06-16 19:00:32.447 CST,"raingage","benchmark",54595,"127.0.0.1:48950",666ec5b9.d543,270,"SELECT",2024-06-16 19:00:09 CST,4/21,0,LOG,00000,"execute S_1: SELECT c_discount, c_last, c_credit, w_tax     FROM bmsql_customer     JOIN bmsql_warehouse ON (w_id = c_w_id)     WHERE c_w_id = $1 AND c_d_id = $2 AND c_id = $3","parameters: $1 = '1', $2 = '4', $3 = '24'",,,,,,,,"","client backend"
2024-06-16 19:00:32.479 CST,"raingage","benchmark",54598,"127.0.0.1:48956",666ec5b9.d546,101,"SELECT",2024-06-16 19:00:09 CST,7/9,0,LOG,00000,"execute S_1: SELECT c_discount, c_last, c_credit, w_tax     FROM bmsql_customer     JOIN bmsql_warehouse ON (w_id = c_w_id)     WHERE c_w_id = $1 AND c_d_id = $2 AND c_id = $3","parameters: $1 = '1', $2 = '4', $3 = '60'",,,,,,,,"","client backend"
2024-06-16 19:00:32.489 CST,"raingage","benchmark",54597,"127.0.0.1:48954",666ec5b9.d545,91,"SELECT",2024-06-16 19:00:09 CST,6/8,0,LOG,00000,"execute S_1: SELECT c_discount, c_last, c_credit, w_tax     FROM bmsql_customer     JOIN bmsql_warehouse ON (w_id = c_w_id)     WHERE c_w_id = $1 AND c_d_id = $2 AND c_id = $3","parameters: $1 = '1', $2 = '1', $3 = '17'",,,,,,,,"","client backend"
2024-06-16 19:00:32.513 CST,"raingage","benchmark",54595,"127.0.0.1:48950",666ec5b9.d543,271,"SELECT",2024-06-16 19:00:09 CST,4/21,0,LOG,00000,"execute S_1: SELECT c_discount, c_last, c_credit, w_tax     FROM bmsql_customer     JOIN bmsql_warehouse ON (w_id = c_w_id)     WHERE c_w_id = $1 AND c_d_id = $2 AND c_id = $3","parameters: $1 = '1', $2 = '4', $3 = '24'",,,,,,,,"","client backend"
2024-06-16 19:00:32.543 CST,"raingage","benchmark",54598,"127.0.0.1:48956",666ec5b9.d546,102,"SELECT",2024-06-16 19:00:09 CST,7/9,0,LOG,00000,"execute S_1: SELECT c_discount, c_last, c_credit, w_tax     FROM bmsql_customer     JOIN bmsql_warehouse ON (w_id = c_w_id)     WHERE c_w_id = $1 AND c_d_id = $2 AND c_id = $3","parameters: $1 = '1', $2 = '4', $3 = '60'",,,,,,,,"","client backend"
2024-06-16 19:00:32.561 CST,"raingage","benchmark",54597,"127.0.0.1:48954",666ec5b9.d545,92,"SELECT",2024-06-16 19:00:09 CST,6/8,0,LOG,00000,"execute S_1: SELECT c_discount, c_last, c_credit, w_tax     FROM bmsql_customer     JOIN bmsql_warehouse ON (w_id = c_w_id)     WHERE c_w_id = $1 AND c_d_id = $2 AND c_id = $3","parameters: $1 = '1', $2 = '1', $3 = '17'",,,,,,,,"","client backend"
2024-06-16 19:00:32.585 CST,"raingage","benchmark",54595,"127.0.0.1:48950",666ec5b9.d543,272,"SELECT",2024-06-16 19:00:09 CST,4/21,0,LOG,00000,"execute S_1: SELECT c_discount, c_last, c_credit, w_tax     FROM bmsql_customer     JOIN bmsql_warehouse ON (w_id = c_w_id)     WHERE c_w_id = $1 AND c_d_id = $2 AND c_id = $3","parameters: $1 = '1', $2 = '4', $3 = '24'",,,,,,,,"","client backend"
2024-06-16 19:00:32.610 CST,"raingage","benchmark",54598,"127.0.0.1:48956",666ec5b9.d546,103,"SELECT",2024-06-16 19:00:09 CST,7/9,0,LOG,00000,"execute S_1: SELECT c_discount, c_last, c_credit, w_tax     FROM bmsql_customer     JOIN bmsql_warehouse ON (w_id = c_w_id)     WHERE c_w_id = $1 AND c_d_id = $2 AND c_id = $3","parameters: $1 = '1', $2 = '4', $3 = '60'",,,,,,,,"","client backend"
2024-06-16 19:00:32.631 CST,"raingage","benchmark",54597,"127.0.0.1:48954",666ec5b9.d545,93,"SELECT",2024-06-16 19:00:09 CST,6/8,0,LOG,00000,"execute S_1: SELECT c_discount, c_last, c_credit, w_tax     FROM bmsql_customer     JOIN bmsql_warehouse ON (w_id = c_w_id)     WHERE c_w_id = $1 AND c_d_id = $2 AND c_id = $3","parameters: $1 = '1', $2 = '1', $3 = '17'",,,,,,,,"","client backend"
2024-06-16 19:00:32.651 CST,"raingage","benchmark",54595,"127.0.0.1:48950",666ec5b9.d543,273,"SELECT",2024-06-16 19:00:09 CST,4/21,0,LOG,00000,"execute S_1: SELECT c_discount, c_last, c_credit, w_tax     FROM bmsql_customer     JOIN bmsql_warehouse ON (w_id = c_w_id)     WHERE c_w_id = $1 AND c_d_id = $2 AND c_id = $3","parameters: $1 = '1', $2 = '4', $3 = '24'",,,,,,,,"","client backend"
2024-06-16 19:00:32.680 CST,"raingage","benchmark",54598,"127.0.0.1:48956",666ec5b9.d546,104,"SELECT",2024-06-16 19:00:09 CST,7/9,0,LOG,00000,"execute S_1: SELECT c_discount, c_last, c_credit, w_tax     FROM bmsql_customer     JOIN bmsql_warehouse ON (w_id = c_w_id)     WHERE c_w_id = $1 AND c_d_id = $2 AND c_id = $3","parameters: $1 = '1', $2 = '4', $3 = '60'",,,,,,,,"","client backend"
2024-06-16 19:00:32.702 CST,"raingage","benchmark",54597,"127.0.0.1:48954",666ec5b9.d545,94,"SELECT",2024-06-16 19:00:09 CST,6/8,0,LOG,00000,"execute S_1: SELECT c_discount, c_last, c_credit, w_tax     FROM bmsql_customer     JOIN bmsql_warehouse ON (w_id = c_w_id)     WHERE c_w_id = $1 AND c_d_id = $2 AND c_id = $3","parameters: $1 = '1', $2 = '1', $3 = '17'",,,,,,,,"","client backend"
2024-06-16 19:00:32.717 CST,"raingage","benchmark",54595,"127.0.0.1:48950",666ec5b9.d543,274,"SELECT",2024-06-16 19:00:09 CST,4/21,0,LOG,00000,"execute S_1: SELECT c_discount, c_last, c_credit, w_tax     FROM bmsql_customer     JOIN bmsql_warehouse ON (w_id = c_w_id)     WHERE c_w_id = $1 AND c_d_id = $2 AND c_id = $3","parameters: $1 = '1', $2 = '4', $3 = '24'",,,,,,,,"","client backend"
2024-06-16 19:00:32.746 CST,"raingage","benchmark",54598,"127.0.0.1:48956",666ec5b9.d546,105,"SELECT",2024-06-16 19:00:09 CST,7/9,0,LOG,00000,"execute S_1: SELECT c_discount, c_last, c_credit, w_tax     FROM bmsql_customer     JOIN bmsql_warehouse ON (w_id = c_w_id)     WHERE c_w_id = $1 AND c_d_id = $2 AND c_id = $3","parameters: $1 = '1', $2 = '4', $3 = '60'",,,,,,,,"","client backend"
2024-06-16 19:00:32.771 CST,"raingage","benchmark",54597,"127.0.0.1:48954",666ec5b9.d545,95,"SELECT",2024-06-16 19:00:09 CST,6/8,0,LOG,00000,"execute S_1: SELECT c_discount, c_last, c_credit, w_tax     FROM bmsql_customer     JOIN bmsql_warehouse ON (w_id = c_w_id)     WHERE c_w_id = $1 AND c_d_id = $2 AND c_id = $3","parameters: $1 = '1', $2 = '1', $3 = '17'",,,,,,,,"","client backend"
2024-06-16 19:00:32.781 CST,"raingage","benchmark",54595,"127.0.0.1:48950",666ec5b9.d543,275,"SELECT",2024-06-16 19:00:09 CST,4/21,0,LOG,00000,"execute S_1: SELECT c_discount, c_last, c_credit, w_tax     FROM bmsql_customer     JOIN bmsql_warehouse ON (w_id = c_w_id)     WHERE c_w_id = $1 AND c_d_id = $2 AND c_id = $3","parameters: $1 = '1', $2 = '4', $3 = '24'",,,,,,,,"","client backend"
2024-06-16 19:00:32.792 CST,"raingage","benchmark",54597,"127.0.0.1:48954",666ec5b9.d545,96,"SELECT",2024-06-16 19:00:09 CST,6/8,0,LOG,00000,"execute S_5: SELECT i_price, i_name, i_data     FROM bmsql_item     WHERE i_id = $1","parameters: $1 = '18'",,,,,,,,"","client backend"
2024-06-16 19:00:32.806 CST,"raingage","benchmark",54597,"127.0.0.1:48954",666ec5b9.d545,97,"SELECT",2024-06-16 19:00:09 CST,6/8,0,LOG,00000,"execute S_6: SELECT s_quantity, s_data,        s_dist_01, s_dist_02, s_dist_03, s_dist_04,        s_dist_05, s_dist_06, s_dist_07, s_dist_08,        s_dist_09, s_dist_10     FROM bmsql_stock     WHERE s_w_id = $1 AND s_i_id = $2 ","parameters: $1 = '1', $2 = '18'",,,,,,,,"","client backend"
2024-06-16 19:00:32.808 CST,"raingage","benchmark",54598,"127.0.0.1:48956",666ec5b9.d546,106,"SELECT",2024-06-16 19:00:09 CST,7/9,0,LOG,00000,"execute S_1: SELECT c_discount, c_last, c_credit, w_tax     FROM bmsql_customer     JOIN bmsql_warehouse ON (w_id = c_w_id)     WHERE c_w_id = $1 AND c_d_id = $2 AND c_id = $3","parameters: $1 = '1', $2 = '4', $3 = '60'",,,,,,,,"","client backend"
2024-06-16 19:00:32.824 CST,"raingage","benchmark",54597,"127.0.0.1:48954",666ec5b9.d545,98,"UPDATE",2024-06-16 19:00:09 CST,6/8,0,LOG,00000,"execute S_7: UPDATE bmsql_stock     SET s_quantity = $1, s_ytd = s_ytd + $2,         s_order_cnt = s_order_cnt + 1,         s_remote_cnt = s_remote_cnt + $3     WHERE s_w_id = $4 AND s_i_id = $5","parameters: $1 = '68', $2 = '1', $3 = '0', $4 = '1', $5 = '18'",,,,,,,,"","client backend"
2024-06-16 19:00:32.838 CST,"raingage","benchmark",54597,"127.0.0.1:48954",666ec5b9.d545,99,"COMMIT",2024-06-16 19:00:09 CST,6/8,115277,LOG,00000,"execute S_2: COMMIT",,,,,,,,,"","client backend"
2024-06-16 19:00:32.844 CST,"raingage","benchmark",54595,"127.0.0.1:48950",666ec5b9.d543,276,"SELECT",2024-06-16 19:00:09 CST,4/21,0,LOG,00000,"execute S_1: SELECT c_discount, c_last, c_credit, w_tax     FROM bmsql_customer     JOIN bmsql_warehouse ON (w_id = c_w_id)     WHERE c_w_id = $1 AND c_d_id = $2 AND c_id = $3","parameters: $1 = '1', $2 = '4', $3 = '24'",,,,,,,,"","client backend"
2024-06-16 19:00:32.850 CST,"raingage","benchmark",54597,"127.0.0.1:48954",666ec5b9.d545,100,"BEGIN",2024-06-16 19:00:09 CST,6/9,0,LOG,00000,"execute S_3: BEGIN",,,,,,,,,"","client backend"
2024-06-16 19:00:32.863 CST,"raingage","benchmark",54597,"127.0.0.1:48954",666ec5b9.d545,101,"SELECT",2024-06-16 19:00:09 CST,6/9,0,LOG,00000,"execute S_4: SELECT d_tax, d_next_o_id     FROM bmsql_district     WHERE d_w_id = $1 AND d_id = $2 ","parameters: $1 = '1', $2 = '4'",,,,,,,,"","client backend"
2024-06-16 19:00:32.863 CST,"raingage","benchmark",54595,"127.0.0.1:48950",666ec5b9.d543,277,"SELECT",2024-06-16 19:00:09 CST,4/21,0,LOG,00000,"execute S_5: SELECT i_price, i_name, i_data     FROM bmsql_item     WHERE i_id = $1","parameters: $1 = '39'",,,,,,,,"","client backend"
2024-06-16 19:00:32.877 CST,"raingage","benchmark",54598,"127.0.0.1:48956",666ec5b9.d546,107,"SELECT",2024-06-16 19:00:09 CST,7/9,0,LOG,00000,"execute S_1: SELECT c_discount, c_last, c_credit, w_tax     FROM bmsql_customer     JOIN bmsql_warehouse ON (w_id = c_w_id)     WHERE c_w_id = $1 AND c_d_id = $2 AND c_id = $3","parameters: $1 = '1', $2 = '4', $3 = '60'",,,,,,,,"","client backend"
2024-06-16 19:00:32.878 CST,"raingage","benchmark",54595,"127.0.0.1:48950",666ec5b9.d543,278,"SELECT",2024-06-16 19:00:09 CST,4/21,0,LOG,00000,"execute S_6: SELECT s_quantity, s_data,        s_dist_01, s_dist_02, s_dist_03, s_dist_04,        s_dist_05, s_dist_06, s_dist_07, s_dist_08,        s_dist_09, s_dist_10     FROM bmsql_stock     WHERE s_w_id = $1 AND s_i_id = $2 ","parameters: $1 = '1', $2 = '39'",,,,,,,,"","client backend"
2024-06-16 19:00:32.899 CST,"raingage","benchmark",54595,"127.0.0.1:48950",666ec5b9.d543,279,"UPDATE",2024-06-16 19:00:09 CST,4/21,0,LOG,00000,"execute S_7: UPDATE bmsql_stock     SET s_quantity = $1, s_ytd = s_ytd + $2,         s_order_cnt = s_order_cnt + 1,         s_remote_cnt = s_remote_cnt + $3     WHERE s_w_id = $4 AND s_i_id = $5","parameters: $1 = '42', $2 = '1', $3 = '0', $4 = '1', $5 = '39'",,,,,,,,"","client backend"
2024-06-16 19:00:32.911 CST,"raingage","benchmark",54595,"127.0.0.1:48950",666ec5b9.d543,280,"COMMIT",2024-06-16 19:00:09 CST,4/21,115278,LOG,00000,"execute S_2: COMMIT",,,,,,,,,"","client backend"
2024-06-16 19:00:32.913 CST,"raingage","benchmark",54595,"127.0.0.1:48950",666ec5b9.d543,281,"COMMIT",2024-06-16 19:00:09 CST,4/0,115278,WARNING,01000,"registered snapshots seem to remain after cleanup",,,,,,,,,"","client backend"
2024-06-16 19:00:32.947 CST,"raingage","benchmark",54598,"127.0.0.1:48956",666ec5b9.d546,108,"SELECT",2024-06-16 19:00:09 CST,7/9,0,LOG,00000,"execute S_1: SELECT c_discount, c_last, c_credit, w_tax     FROM bmsql_customer     JOIN bmsql_warehouse ON (w_id = c_w_id)     WHERE c_w_id = $1 AND c_d_id = $2 AND c_id = $3","parameters: $1 = '1', $2 = '4', $3 = '60'",,,,,,,,"","client backend"
2024-06-16 19:00:32.967 CST,"raingage","benchmark",54598,"127.0.0.1:48956",666ec5b9.d546,109,"SELECT",2024-06-16 19:00:09 CST,7/9,0,LOG,00000,"execute S_5: SELECT i_price, i_name, i_data     FROM bmsql_item     WHERE i_id = $1","parameters: $1 = '94'",,,,,,,,"","client backend"
2024-06-16 19:00:32.980 CST,"raingage","benchmark",54598,"127.0.0.1:48956",666ec5b9.d546,110,"SELECT",2024-06-16 19:00:09 CST,7/9,0,LOG,00000,"execute S_6: SELECT s_quantity, s_data,        s_dist_01, s_dist_02, s_dist_03, s_dist_04,        s_dist_05, s_dist_06, s_dist_07, s_dist_08,        s_dist_09, s_dist_10     FROM bmsql_stock     WHERE s_w_id = $1 AND s_i_id = $2 ","parameters: $1 = '1', $2 = '94'",,,,,,,,"","client backend"
2024-06-16 19:00:32.993 CST,"raingage","benchmark",54598,"127.0.0.1:48956",666ec5b9.d546,111,"UPDATE",2024-06-16 19:00:09 CST,7/9,0,LOG,00000,"execute S_7: UPDATE bmsql_stock     SET s_quantity = $1, s_ytd = s_ytd + $2,         s_order_cnt = s_order_cnt + 1,         s_remote_cnt = s_remote_cnt + $3     WHERE s_w_id = $4 AND s_i_id = $5","parameters: $1 = '46', $2 = '3', $3 = '0', $4 = '1', $5 = '94'",,,,,,,,"","client backend"
2024-06-16 19:00:33.011 CST,"raingage","benchmark",54598,"127.0.0.1:48956",666ec5b9.d546,112,"COMMIT",2024-06-16 19:00:09 CST,7/9,115279,LOG,00000,"execute S_2: COMMIT",,,,,,,,,"","client backend"
2024-06-16 19:00:33.012 CST,"raingage","benchmark",54597,"127.0.0.1:48954",666ec5b9.d545,102,"SELECT",2024-06-16 19:00:09 CST,6/9,0,LOG,00000,"execute S_1: SELECT c_discount, c_last, c_credit, w_tax     FROM bmsql_customer     JOIN bmsql_warehouse ON (w_id = c_w_id)     WHERE c_w_id = $1 AND c_d_id = $2 AND c_id = $3","parameters: $1 = '1', $2 = '4', $3 = '60'",,,,,,,,"","client backend"
2024-06-16 19:00:33.034 CST,"raingage","benchmark",54598,"127.0.0.1:48956",666ec5b9.d546,113,"BEGIN",2024-06-16 19:00:09 CST,7/10,0,LOG,00000,"execute S_3: BEGIN",,,,,,,,,"","client backend"
2024-06-16 19:00:33.052 CST,"raingage","benchmark",54598,"127.0.0.1:48956",666ec5b9.d546,114,"SELECT",2024-06-16 19:00:09 CST,7/10,0,LOG,00000,"execute S_4: SELECT d_tax, d_next_o_id     FROM bmsql_district     WHERE d_w_id = $1 AND d_id = $2 ","parameters: $1 = '1', $2 = '1'",,,,,,,,"","client backend"
2024-06-16 19:00:33.075 CST,"raingage","benchmark",54597,"127.0.0.1:48954",666ec5b9.d545,103,"SELECT",2024-06-16 19:00:09 CST,6/9,0,LOG,00000,"execute S_1: SELECT c_discount, c_last, c_credit, w_tax     FROM bmsql_customer     JOIN bmsql_warehouse ON (w_id = c_w_id)     WHERE c_w_id = $1 AND c_d_id = $2 AND c_id = $3","parameters: $1 = '1', $2 = '4', $3 = '60'",,,,,,,,"","client backend"
2024-06-16 19:00:33.120 CST,"raingage","benchmark",54598,"127.0.0.1:48956",666ec5b9.d546,115,"SELECT",2024-06-16 19:00:09 CST,7/10,0,LOG,00000,"execute S_1: SELECT c_discount, c_last, c_credit, w_tax     FROM bmsql_customer     JOIN bmsql_warehouse ON (w_id = c_w_id)     WHERE c_w_id = $1 AND c_d_id = $2 AND c_id = $3","parameters: $1 = '1', $2 = '1', $3 = '89'",,,,,,,,"","client backend"
2024-06-16 19:00:33.143 CST,"raingage","benchmark",54597,"127.0.0.1:48954",666ec5b9.d545,104,"SELECT",2024-06-16 19:00:09 CST,6/9,0,LOG,00000,"execute S_1: SELECT c_discount, c_last, c_credit, w_tax     FROM bmsql_customer     JOIN bmsql_warehouse ON (w_id = c_w_id)     WHERE c_w_id = $1 AND c_d_id = $2 AND c_id = $3","parameters: $1 = '1', $2 = '4', $3 = '60'",,,,,,,,"","client backend"
2024-06-16 19:00:33.192 CST,"raingage","benchmark",54598,"127.0.0.1:48956",666ec5b9.d546,116,"SELECT",2024-06-16 19:00:09 CST,7/10,0,LOG,00000,"execute S_1: SELECT c_discount, c_last, c_credit, w_tax     FROM bmsql_customer     JOIN bmsql_warehouse ON (w_id = c_w_id)     WHERE c_w_id = $1 AND c_d_id = $2 AND c_id = $3","parameters: $1 = '1', $2 = '1', $3 = '89'",,,,,,,,"","client backend"
2024-06-16 19:00:33.210 CST,"raingage","benchmark",54597,"127.0.0.1:48954",666ec5b9.d545,105,"SELECT",2024-06-16 19:00:09 CST,6/9,0,LOG,00000,"execute S_1: SELECT c_discount, c_last, c_credit, w_tax     FROM bmsql_customer     JOIN bmsql_warehouse ON (w_id = c_w_id)     WHERE c_w_id = $1 AND c_d_id = $2 AND c_id = $3","parameters: $1 = '1', $2 = '4', $3 = '60'",,,,,,,,"","client backend"
2024-06-16 19:00:33.254 CST,"raingage","benchmark",54598,"127.0.0.1:48956",666ec5b9.d546,117,"SELECT",2024-06-16 19:00:09 CST,7/10,0,LOG,00000,"execute S_1: SELECT c_discount, c_last, c_credit, w_tax     FROM bmsql_customer     JOIN bmsql_warehouse ON (w_id = c_w_id)     WHERE c_w_id = $1 AND c_d_id = $2 AND c_id = $3","parameters: $1 = '1', $2 = '1', $3 = '89'",,,,,,,,"","client backend"
2024-06-16 19:00:33.282 CST,"raingage","benchmark",54597,"127.0.0.1:48954",666ec5b9.d545,106,"SELECT",2024-06-16 19:00:09 CST,6/9,0,LOG,00000,"execute S_1: SELECT c_discount, c_last, c_credit, w_tax     FROM bmsql_customer     JOIN bmsql_warehouse ON (w_id = c_w_id)     WHERE c_w_id = $1 AND c_d_id = $2 AND c_id = $3","parameters: $1 = '1', $2 = '4', $3 = '60'",,,,,,,,"","client backend"
2024-06-16 19:00:33.316 CST,"raingage","benchmark",54598,"127.0.0.1:48956",666ec5b9.d546,118,"SELECT",2024-06-16 19:00:09 CST,7/10,0,LOG,00000,"execute S_1: SELECT c_discount, c_last, c_credit, w_tax     FROM bmsql_customer     JOIN bmsql_warehouse ON (w_id = c_w_id)     WHERE c_w_id = $1 AND c_d_id = $2 AND c_id = $3","parameters: $1 = '1', $2 = '1', $3 = '89'",,,,,,,,"","client backend"
2024-06-16 19:00:33.345 CST,"raingage","benchmark",54597,"127.0.0.1:48954",666ec5b9.d545,107,"SELECT",2024-06-16 19:00:09 CST,6/9,0,LOG,00000,"execute S_1: SELECT c_discount, c_last, c_credit, w_tax     FROM bmsql_customer     JOIN bmsql_warehouse ON (w_id = c_w_id)     WHERE c_w_id = $1 AND c_d_id = $2 AND c_id = $3","parameters: $1 = '1', $2 = '4', $3 = '60'",,,,,,,,"","client backend"
2024-06-16 19:00:33.385 CST,"raingage","benchmark",54598,"127.0.0.1:48956",666ec5b9.d546,119,"SELECT",2024-06-16 19:00:09 CST,7/10,0,LOG,00000,"execute S_1: SELECT c_discount, c_last, c_credit, w_tax     FROM bmsql_customer     JOIN bmsql_warehouse ON (w_id = c_w_id)     WHERE c_w_id = $1 AND c_d_id = $2 AND c_id = $3","parameters: $1 = '1', $2 = '1', $3 = '89'",,,,,,,,"","client backend"
2024-06-16 19:00:33.417 CST,"raingage","benchmark",54597,"127.0.0.1:48954",666ec5b9.d545,108,"SELECT",2024-06-16 19:00:09 CST,6/9,0,LOG,00000,"execute S_1: SELECT c_discount, c_last, c_credit, w_tax     FROM bmsql_customer     JOIN bmsql_warehouse ON (w_id = c_w_id)     WHERE c_w_id = $1 AND c_d_id = $2 AND c_id = $3","parameters: $1 = '1', $2 = '4', $3 = '60'",,,,,,,,"","client backend"
2024-06-16 19:00:33.450 CST,"raingage","benchmark",54598,"127.0.0.1:48956",666ec5b9.d546,120,"SELECT",2024-06-16 19:00:09 CST,7/10,0,LOG,00000,"execute S_1: SELECT c_discount, c_last, c_credit, w_tax     FROM bmsql_customer     JOIN bmsql_warehouse ON (w_id = c_w_id)     WHERE c_w_id = $1 AND c_d_id = $2 AND c_id = $3","parameters: $1 = '1', $2 = '1', $3 = '89'",,,,,,,,"","client backend"
2024-06-16 19:00:33.482 CST,"raingage","benchmark",54597,"127.0.0.1:48954",666ec5b9.d545,109,"SELECT",2024-06-16 19:00:09 CST,6/9,0,LOG,00000,"execute S_1: SELECT c_discount, c_last, c_credit, w_tax     FROM bmsql_customer     JOIN bmsql_warehouse ON (w_id = c_w_id)     WHERE c_w_id = $1 AND c_d_id = $2 AND c_id = $3","parameters: $1 = '1', $2 = '4', $3 = '60'",,,,,,,,"","client backend"
2024-06-16 19:00:33.496 CST,"raingage","benchmark",54597,"127.0.0.1:48954",666ec5b9.d545,110,"SELECT",2024-06-16 19:00:09 CST,6/9,0,LOG,00000,"execute S_5: SELECT i_price, i_name, i_data     FROM bmsql_item     WHERE i_id = $1","parameters: $1 = '94'",,,,,,,,"","client backend"
2024-06-16 19:00:33.510 CST,"raingage","benchmark",54597,"127.0.0.1:48954",666ec5b9.d545,111,"SELECT",2024-06-16 19:00:09 CST,6/9,0,LOG,00000,"execute S_6: SELECT s_quantity, s_data,        s_dist_01, s_dist_02, s_dist_03, s_dist_04,        s_dist_05, s_dist_06, s_dist_07, s_dist_08,        s_dist_09, s_dist_10     FROM bmsql_stock     WHERE s_w_id = $1 AND s_i_id = $2 ","parameters: $1 = '1', $2 = '94'",,,,,,,,"","client backend"
2024-06-16 19:00:33.514 CST,"raingage","benchmark",54598,"127.0.0.1:48956",666ec5b9.d546,121,"SELECT",2024-06-16 19:00:09 CST,7/10,0,LOG,00000,"execute S_1: SELECT c_discount, c_last, c_credit, w_tax     FROM bmsql_customer     JOIN bmsql_warehouse ON (w_id = c_w_id)     WHERE c_w_id = $1 AND c_d_id = $2 AND c_id = $3","parameters: $1 = '1', $2 = '1', $3 = '89'",,,,,,,,"","client backend"
2024-06-16 19:00:33.530 CST,"raingage","benchmark",54597,"127.0.0.1:48954",666ec5b9.d545,112,"UPDATE",2024-06-16 19:00:09 CST,6/9,0,LOG,00000,"execute S_7: UPDATE bmsql_stock     SET s_quantity = $1, s_ytd = s_ytd + $2,         s_order_cnt = s_order_cnt + 1,         s_remote_cnt = s_remote_cnt + $3     WHERE s_w_id = $4 AND s_i_id = $5","parameters: $1 = '40', $2 = '9', $3 = '0', $4 = '1', $5 = '94'",,,,,,,,"","client backend"
2024-06-16 19:00:33.545 CST,"raingage","benchmark",54597,"127.0.0.1:48954",666ec5b9.d545,113,"COMMIT",2024-06-16 19:00:09 CST,6/9,115280,LOG,00000,"execute S_2: COMMIT",,,,,,,,,"","client backend"
2024-06-16 19:00:33.546 CST,"raingage","benchmark",54597,"127.0.0.1:48954",666ec5b9.d545,114,"COMMIT",2024-06-16 19:00:09 CST,6/0,115280,WARNING,01000,"registered snapshots seem to remain after cleanup",,,,,,,,,"","client backend"
2024-06-16 19:00:33.558 CST,"raingage","benchmark",54597,"127.0.0.1:48954",666ec5b9.d545,115,"BEGIN",2024-06-16 19:00:09 CST,6/10,0,LOG,00000,"execute S_3: BEGIN",,,,,,,,,"","client backend"
2024-06-16 19:00:33.577 CST,"raingage","benchmark",54597,"127.0.0.1:48954",666ec5b9.d545,116,"SELECT",2024-06-16 19:00:09 CST,6/10,0,LOG,00000,"execute S_4: SELECT d_tax, d_next_o_id     FROM bmsql_district     WHERE d_w_id = $1 AND d_id = $2 ","parameters: $1 = '1', $2 = '2'",,,,,,,,"","client backend"
2024-06-16 19:00:33.583 CST,"raingage","benchmark",54598,"127.0.0.1:48956",666ec5b9.d546,122,"SELECT",2024-06-16 19:00:09 CST,7/10,0,LOG,00000,"execute S_1: SELECT c_discount, c_last, c_credit, w_tax     FROM bmsql_customer     JOIN bmsql_warehouse ON (w_id = c_w_id)     WHERE c_w_id = $1 AND c_d_id = $2 AND c_id = $3","parameters: $1 = '1', $2 = '1', $3 = '89'",,,,,,,,"","client backend"
2024-06-16 19:00:33.602 CST,"raingage","benchmark",54598,"127.0.0.1:48956",666ec5b9.d546,123,"SELECT",2024-06-16 19:00:09 CST,7/10,0,LOG,00000,"execute S_5: SELECT i_price, i_name, i_data     FROM bmsql_item     WHERE i_id = $1","parameters: $1 = '87'",,,,,,,,"","client backend"
2024-06-16 19:00:33.615 CST,"raingage","benchmark",54598,"127.0.0.1:48956",666ec5b9.d546,124,"SELECT",2024-06-16 19:00:09 CST,7/10,0,LOG,00000,"execute S_6: SELECT s_quantity, s_data,        s_dist_01, s_dist_02, s_dist_03, s_dist_04,        s_dist_05, s_dist_06, s_dist_07, s_dist_08,        s_dist_09, s_dist_10     FROM bmsql_stock     WHERE s_w_id = $1 AND s_i_id = $2 ","parameters: $1 = '1', $2 = '87'",,,,,,,,"","client backend"
2024-06-16 19:00:33.632 CST,"raingage","benchmark",54598,"127.0.0.1:48956",666ec5b9.d546,125,"UPDATE",2024-06-16 19:00:09 CST,7/10,0,LOG,00000,"execute S_7: UPDATE bmsql_stock     SET s_quantity = $1, s_ytd = s_ytd + $2,         s_order_cnt = s_order_cnt + 1,         s_remote_cnt = s_remote_cnt + $3     WHERE s_w_id = $4 AND s_i_id = $5","parameters: $1 = '24', $2 = '3', $3 = '0', $4 = '1', $5 = '87'",,,,,,,,"","client backend"
2024-06-16 19:00:33.642 CST,"raingage","benchmark",54597,"127.0.0.1:48954",666ec5b9.d545,117,"SELECT",2024-06-16 19:00:09 CST,6/10,0,LOG,00000,"execute S_1: SELECT c_discount, c_last, c_credit, w_tax     FROM bmsql_customer     JOIN bmsql_warehouse ON (w_id = c_w_id)     WHERE c_w_id = $1 AND c_d_id = $2 AND c_id = $3","parameters: $1 = '1', $2 = '2', $3 = '48'",,,,,,,,"","client backend"
2024-06-16 19:00:33.650 CST,"raingage","benchmark",54598,"127.0.0.1:48956",666ec5b9.d546,126,"COMMIT",2024-06-16 19:00:09 CST,7/10,115281,LOG,00000,"execute S_2: COMMIT",,,,,,,,,"","client backend"
2024-06-16 19:00:33.668 CST,"raingage","benchmark",54598,"127.0.0.1:48956",666ec5b9.d546,127,"BEGIN",2024-06-16 19:00:09 CST,7/11,0,LOG,00000,"execute S_3: BEGIN",,,,,,,,,"","client backend"
2024-06-16 19:00:33.687 CST,"raingage","benchmark",54598,"127.0.0.1:48956",666ec5b9.d546,128,"SELECT",2024-06-16 19:00:09 CST,7/11,0,LOG,00000,"execute S_4: SELECT d_tax, d_next_o_id     FROM bmsql_district     WHERE d_w_id = $1 AND d_id = $2 ","parameters: $1 = '1', $2 = '2'",,,,,,,,"","client backend"
2024-06-16 19:00:33.706 CST,"raingage","benchmark",54597,"127.0.0.1:48954",666ec5b9.d545,118,"SELECT",2024-06-16 19:00:09 CST,6/10,0,LOG,00000,"execute S_1: SELECT c_discount, c_last, c_credit, w_tax     FROM bmsql_customer     JOIN bmsql_warehouse ON (w_id = c_w_id)     WHERE c_w_id = $1 AND c_d_id = $2 AND c_id = $3","parameters: $1 = '1', $2 = '2', $3 = '48'",,,,,,,,"","client backend"
2024-06-16 19:00:33.770 CST,"raingage","benchmark",54597,"127.0.0.1:48954",666ec5b9.d545,119,"SELECT",2024-06-16 19:00:09 CST,6/10,0,LOG,00000,"execute S_1: SELECT c_discount, c_last, c_credit, w_tax     FROM bmsql_customer     JOIN bmsql_warehouse ON (w_id = c_w_id)     WHERE c_w_id = $1 AND c_d_id = $2 AND c_id = $3","parameters: $1 = '1', $2 = '2', $3 = '48'",,,,,,,,"","client backend"
2024-06-16 19:00:33.840 CST,"raingage","benchmark",54597,"127.0.0.1:48954",666ec5b9.d545,120,"SELECT",2024-06-16 19:00:09 CST,6/10,0,LOG,00000,"execute S_1: SELECT c_discount, c_last, c_credit, w_tax     FROM bmsql_customer     JOIN bmsql_warehouse ON (w_id = c_w_id)     WHERE c_w_id = $1 AND c_d_id = $2 AND c_id = $3","parameters: $1 = '1', $2 = '2', $3 = '48'",,,,,,,,"","client backend"
2024-06-16 19:00:33.906 CST,"raingage","benchmark",54597,"127.0.0.1:48954",666ec5b9.d545,121,"SELECT",2024-06-16 19:00:09 CST,6/10,0,LOG,00000,"execute S_1: SELECT c_discount, c_last, c_credit, w_tax     FROM bmsql_customer     JOIN bmsql_warehouse ON (w_id = c_w_id)     WHERE c_w_id = $1 AND c_d_id = $2 AND c_id = $3","parameters: $1 = '1', $2 = '2', $3 = '48'",,,,,,,,"","client backend"
2024-06-16 19:00:33.977 CST,"raingage","benchmark",54597,"127.0.0.1:48954",666ec5b9.d545,122,"SELECT",2024-06-16 19:00:09 CST,6/10,0,LOG,00000,"execute S_1: SELECT c_discount, c_last, c_credit, w_tax     FROM bmsql_customer     JOIN bmsql_warehouse ON (w_id = c_w_id)     WHERE c_w_id = $1 AND c_d_id = $2 AND c_id = $3","parameters: $1 = '1', $2 = '2', $3 = '48'",,,,,,,,"","client backend"
2024-06-16 19:00:34.043 CST,"raingage","benchmark",54597,"127.0.0.1:48954",666ec5b9.d545,123,"SELECT",2024-06-16 19:00:09 CST,6/10,0,LOG,00000,"execute S_1: SELECT c_discount, c_last, c_credit, w_tax     FROM bmsql_customer     JOIN bmsql_warehouse ON (w_id = c_w_id)     WHERE c_w_id = $1 AND c_d_id = $2 AND c_id = $3","parameters: $1 = '1', $2 = '2', $3 = '48'",,,,,,,,"","client backend"
2024-06-16 19:00:34.108 CST,"raingage","benchmark",54597,"127.0.0.1:48954",666ec5b9.d545,124,"SELECT",2024-06-16 19:00:09 CST,6/10,0,LOG,00000,"execute S_1: SELECT c_discount, c_last, c_credit, w_tax     FROM bmsql_customer     JOIN bmsql_warehouse ON (w_id = c_w_id)     WHERE c_w_id = $1 AND c_d_id = $2 AND c_id = $3","parameters: $1 = '1', $2 = '2', $3 = '48'",,,,,,,,"","client backend"
2024-06-16 19:00:34.125 CST,"raingage","benchmark",54597,"127.0.0.1:48954",666ec5b9.d545,125,"SELECT",2024-06-16 19:00:09 CST,6/10,0,LOG,00000,"execute S_5: SELECT i_price, i_name, i_data     FROM bmsql_item     WHERE i_id = $1","parameters: $1 = '102'",,,,,,,,"","client backend"
2024-06-16 19:00:34.139 CST,"raingage","benchmark",54597,"127.0.0.1:48954",666ec5b9.d545,126,"SELECT",2024-06-16 19:00:09 CST,6/10,0,LOG,00000,"execute S_6: SELECT s_quantity, s_data,        s_dist_01, s_dist_02, s_dist_03, s_dist_04,        s_dist_05, s_dist_06, s_dist_07, s_dist_08,        s_dist_09, s_dist_10     FROM bmsql_stock     WHERE s_w_id = $1 AND s_i_id = $2 ","parameters: $1 = '1', $2 = '102'",,,,,,,,"","client backend"
2024-06-16 19:00:34.151 CST,"raingage","benchmark",54597,"127.0.0.1:48954",666ec5b9.d545,127,"UPDATE",2024-06-16 19:00:09 CST,6/10,0,LOG,00000,"execute S_7: UPDATE bmsql_stock     SET s_quantity = $1, s_ytd = s_ytd + $2,         s_order_cnt = s_order_cnt + 1,         s_remote_cnt = s_remote_cnt + $3     WHERE s_w_id = $4 AND s_i_id = $5","parameters: $1 = '67', $2 = '1', $3 = '0', $4 = '1', $5 = '102'",,,,,,,,"","client backend"
2024-06-16 19:00:34.168 CST,"raingage","benchmark",54597,"127.0.0.1:48954",666ec5b9.d545,128,"COMMIT",2024-06-16 19:00:09 CST,6/10,115282,LOG,00000,"execute S_2: COMMIT",,,,,,,,,"","client backend"
2024-06-16 19:00:34.168 CST,"raingage","benchmark",54598,"127.0.0.1:48956",666ec5b9.d546,129,"SELECT",2024-06-16 19:00:09 CST,7/11,0,LOG,00000,"execute S_1: SELECT c_discount, c_last, c_credit, w_tax     FROM bmsql_customer     JOIN bmsql_warehouse ON (w_id = c_w_id)     WHERE c_w_id = $1 AND c_d_id = $2 AND c_id = $3","parameters: $1 = '1', $2 = '2', $3 = '48'",,,,,,,,"","client backend"
2024-06-16 19:00:34.240 CST,"raingage","benchmark",54598,"127.0.0.1:48956",666ec5b9.d546,130,"SELECT",2024-06-16 19:00:09 CST,7/11,0,LOG,00000,"execute S_1: SELECT c_discount, c_last, c_credit, w_tax     FROM bmsql_customer     JOIN bmsql_warehouse ON (w_id = c_w_id)     WHERE c_w_id = $1 AND c_d_id = $2 AND c_id = $3","parameters: $1 = '1', $2 = '2', $3 = '48'",,,,,,,,"","client backend"
2024-06-16 19:00:34.310 CST,"raingage","benchmark",54598,"127.0.0.1:48956",666ec5b9.d546,131,"SELECT",2024-06-16 19:00:09 CST,7/11,0,LOG,00000,"execute S_1: SELECT c_discount, c_last, c_credit, w_tax     FROM bmsql_customer     JOIN bmsql_warehouse ON (w_id = c_w_id)     WHERE c_w_id = $1 AND c_d_id = $2 AND c_id = $3","parameters: $1 = '1', $2 = '2', $3 = '48'",,,,,,,,"","client backend"
2024-06-16 19:00:34.374 CST,"raingage","benchmark",54598,"127.0.0.1:48956",666ec5b9.d546,132,"SELECT",2024-06-16 19:00:09 CST,7/11,0,LOG,00000,"execute S_1: SELECT c_discount, c_last, c_credit, w_tax     FROM bmsql_customer     JOIN bmsql_warehouse ON (w_id = c_w_id)     WHERE c_w_id = $1 AND c_d_id = $2 AND c_id = $3","parameters: $1 = '1', $2 = '2', $3 = '48'",,,,,,,,"","client backend"
2024-06-16 19:00:34.438 CST,"raingage","benchmark",54598,"127.0.0.1:48956",666ec5b9.d546,133,"SELECT",2024-06-16 19:00:09 CST,7/11,0,LOG,00000,"execute S_1: SELECT c_discount, c_last, c_credit, w_tax     FROM bmsql_customer     JOIN bmsql_warehouse ON (w_id = c_w_id)     WHERE c_w_id = $1 AND c_d_id = $2 AND c_id = $3","parameters: $1 = '1', $2 = '2', $3 = '48'",,,,,,,,"","client backend"
2024-06-16 19:00:34.502 CST,"raingage","benchmark",54598,"127.0.0.1:48956",666ec5b9.d546,134,"SELECT",2024-06-16 19:00:09 CST,7/11,0,LOG,00000,"execute S_1: SELECT c_discount, c_last, c_credit, w_tax     FROM bmsql_customer     JOIN bmsql_warehouse ON (w_id = c_w_id)     WHERE c_w_id = $1 AND c_d_id = $2 AND c_id = $3","parameters: $1 = '1', $2 = '2', $3 = '48'",,,,,,,,"","client backend"
2024-06-16 19:00:34.574 CST,"raingage","benchmark",54598,"127.0.0.1:48956",666ec5b9.d546,135,"SELECT",2024-06-16 19:00:09 CST,7/11,0,LOG,00000,"execute S_1: SELECT c_discount, c_last, c_credit, w_tax     FROM bmsql_customer     JOIN bmsql_warehouse ON (w_id = c_w_id)     WHERE c_w_id = $1 AND c_d_id = $2 AND c_id = $3","parameters: $1 = '1', $2 = '2', $3 = '48'",,,,,,,,"","client backend"
2024-06-16 19:00:34.640 CST,"raingage","benchmark",54598,"127.0.0.1:48956",666ec5b9.d546,136,"SELECT",2024-06-16 19:00:09 CST,7/11,0,LOG,00000,"execute S_1: SELECT c_discount, c_last, c_credit, w_tax     FROM bmsql_customer     JOIN bmsql_warehouse ON (w_id = c_w_id)     WHERE c_w_id = $1 AND c_d_id = $2 AND c_id = $3","parameters: $1 = '1', $2 = '2', $3 = '48'",,,,,,,,"","client backend"
2024-06-16 19:00:34.653 CST,"raingage","benchmark",54598,"127.0.0.1:48956",666ec5b9.d546,137,"SELECT",2024-06-16 19:00:09 CST,7/11,0,LOG,00000,"execute S_5: SELECT i_price, i_name, i_data     FROM bmsql_item     WHERE i_id = $1","parameters: $1 = '102'",,,,,,,,"","client backend"
2024-06-16 19:00:34.671 CST,"raingage","benchmark",54598,"127.0.0.1:48956",666ec5b9.d546,138,"SELECT",2024-06-16 19:00:09 CST,7/11,0,LOG,00000,"execute S_6: SELECT s_quantity, s_data,        s_dist_01, s_dist_02, s_dist_03, s_dist_04,        s_dist_05, s_dist_06, s_dist_07, s_dist_08,        s_dist_09, s_dist_10     FROM bmsql_stock     WHERE s_w_id = $1 AND s_i_id = $2 ","parameters: $1 = '1', $2 = '102'",,,,,,,,"","client backend"
2024-06-16 19:00:34.687 CST,"raingage","benchmark",54598,"127.0.0.1:48956",666ec5b9.d546,139,"UPDATE",2024-06-16 19:00:09 CST,7/11,0,LOG,00000,"execute S_7: UPDATE bmsql_stock     SET s_quantity = $1, s_ytd = s_ytd + $2,         s_order_cnt = s_order_cnt + 1,         s_remote_cnt = s_remote_cnt + $3     WHERE s_w_id = $4 AND s_i_id = $5","parameters: $1 = '67', $2 = '1', $3 = '0', $4 = '1', $5 = '102'",,,,,,,,"","client backend"
2024-06-16 19:00:34.708 CST,"raingage","benchmark",54598,"127.0.0.1:48956",666ec5b9.d546,140,"COMMIT",2024-06-16 19:00:09 CST,7/11,115283,LOG,00000,"execute S_2: COMMIT",,,,,,,,,"","client backend"
2024-06-16 19:00:34.709 CST,"raingage","benchmark",54598,"127.0.0.1:48956",666ec5b9.d546,141,"COMMIT",2024-06-16 19:00:09 CST,7/0,115283,WARNING,01000,"registered snapshots seem to remain after cleanup",,,,,,,,,"","client backend"
2024-06-16 19:00:34.728 CST,"raingage","benchmark",54598,"127.0.0.1:48956",666ec5b9.d546,142,"BEGIN",2024-06-16 19:00:09 CST,7/12,0,LOG,00000,"execute S_3: BEGIN",,,,,,,,,"","client backend"
2024-06-16 19:00:34.744 CST,"raingage","benchmark",54598,"127.0.0.1:48956",666ec5b9.d546,143,"SELECT",2024-06-16 19:00:09 CST,7/12,0,LOG,00000,"execute S_4: SELECT d_tax, d_next_o_id     FROM bmsql_district     WHERE d_w_id = $1 AND d_id = $2 ","parameters: $1 = '1', $2 = '1'",,,,,,,,"","client backend"
2024-06-16 19:00:34.756 CST,"raingage","benchmark",54599,"127.0.0.1:48958",666ec5b9.d547,132,"BEGIN",2024-06-16 19:00:09 CST,8/11,0,LOG,00000,"execute S_3: BEGIN",,,,,,,,,"","client backend"
2024-06-16 19:00:34.767 CST,"raingage","benchmark",54599,"127.0.0.1:48958",666ec5b9.d547,133,"SELECT",2024-06-16 19:00:09 CST,8/11,0,LOG,00000,"execute S_4: SELECT d_tax, d_next_o_id     FROM bmsql_district     WHERE d_w_id = $1 AND d_id = $2 ","parameters: $1 = '1', $2 = '1'",,,,,,,,"","client backend"
2024-06-16 19:00:34.812 CST,"raingage","benchmark",54598,"127.0.0.1:48956",666ec5b9.d546,144,"SELECT",2024-06-16 19:00:09 CST,7/12,0,LOG,00000,"execute S_1: SELECT c_discount, c_last, c_credit, w_tax     FROM bmsql_customer     JOIN bmsql_warehouse ON (w_id = c_w_id)     WHERE c_w_id = $1 AND c_d_id = $2 AND c_id = $3","parameters: $1 = '1', $2 = '1', $3 = '13'",,,,,,,,"","client backend"
2024-06-16 19:00:34.832 CST,"raingage","benchmark",54599,"127.0.0.1:48958",666ec5b9.d547,134,"SELECT",2024-06-16 19:00:09 CST,8/11,0,LOG,00000,"execute S_1: SELECT c_discount, c_last, c_credit, w_tax     FROM bmsql_customer     JOIN bmsql_warehouse ON (w_id = c_w_id)     WHERE c_w_id = $1 AND c_d_id = $2 AND c_id = $3","parameters: $1 = '1', $2 = '1', $3 = '9'",,,,,,,,"","client backend"
2024-06-16 19:00:34.881 CST,"raingage","benchmark",54598,"127.0.0.1:48956",666ec5b9.d546,145,"SELECT",2024-06-16 19:00:09 CST,7/12,0,LOG,00000,"execute S_1: SELECT c_discount, c_last, c_credit, w_tax     FROM bmsql_customer     JOIN bmsql_warehouse ON (w_id = c_w_id)     WHERE c_w_id = $1 AND c_d_id = $2 AND c_id = $3","parameters: $1 = '1', $2 = '1', $3 = '13'",,,,,,,,"","client backend"
2024-06-16 19:00:34.897 CST,"raingage","benchmark",54599,"127.0.0.1:48958",666ec5b9.d547,135,"SELECT",2024-06-16 19:00:09 CST,8/11,0,LOG,00000,"execute S_1: SELECT c_discount, c_last, c_credit, w_tax     FROM bmsql_customer     JOIN bmsql_warehouse ON (w_id = c_w_id)     WHERE c_w_id = $1 AND c_d_id = $2 AND c_id = $3","parameters: $1 = '1', $2 = '1', $3 = '9'",,,,,,,,"","client backend"
2024-06-16 19:00:34.947 CST,"raingage","benchmark",54598,"127.0.0.1:48956",666ec5b9.d546,146,"SELECT",2024-06-16 19:00:09 CST,7/12,0,LOG,00000,"execute S_1: SELECT c_discount, c_last, c_credit, w_tax     FROM bmsql_customer     JOIN bmsql_warehouse ON (w_id = c_w_id)     WHERE c_w_id = $1 AND c_d_id = $2 AND c_id = $3","parameters: $1 = '1', $2 = '1', $3 = '13'",,,,,,,,"","client backend"
2024-06-16 19:00:34.967 CST,"raingage","benchmark",54599,"127.0.0.1:48958",666ec5b9.d547,136,"SELECT",2024-06-16 19:00:09 CST,8/11,0,LOG,00000,"execute S_1: SELECT c_discount, c_last, c_credit, w_tax     FROM bmsql_customer     JOIN bmsql_warehouse ON (w_id = c_w_id)     WHERE c_w_id = $1 AND c_d_id = $2 AND c_id = $3","parameters: $1 = '1', $2 = '1', $3 = '9'",,,,,,,,"","client backend"
2024-06-16 19:00:35.013 CST,"raingage","benchmark",54598,"127.0.0.1:48956",666ec5b9.d546,147,"SELECT",2024-06-16 19:00:09 CST,7/12,0,LOG,00000,"execute S_1: SELECT c_discount, c_last, c_credit, w_tax     FROM bmsql_customer     JOIN bmsql_warehouse ON (w_id = c_w_id)     WHERE c_w_id = $1 AND c_d_id = $2 AND c_id = $3","parameters: $1 = '1', $2 = '1', $3 = '13'",,,,,,,,"","client backend"
2024-06-16 19:00:35.037 CST,"raingage","benchmark",54599,"127.0.0.1:48958",666ec5b9.d547,137,"SELECT",2024-06-16 19:00:09 CST,8/11,0,LOG,00000,"execute S_1: SELECT c_discount, c_last, c_credit, w_tax     FROM bmsql_customer     JOIN bmsql_warehouse ON (w_id = c_w_id)     WHERE c_w_id = $1 AND c_d_id = $2 AND c_id = $3","parameters: $1 = '1', $2 = '1', $3 = '9'",,,,,,,,"","client backend"
2024-06-16 19:00:35.080 CST,"raingage","benchmark",54598,"127.0.0.1:48956",666ec5b9.d546,148,"SELECT",2024-06-16 19:00:09 CST,7/12,0,LOG,00000,"execute S_1: SELECT c_discount, c_last, c_credit, w_tax     FROM bmsql_customer     JOIN bmsql_warehouse ON (w_id = c_w_id)     WHERE c_w_id = $1 AND c_d_id = $2 AND c_id = $3","parameters: $1 = '1', $2 = '1', $3 = '13'",,,,,,,,"","client backend"
2024-06-16 19:00:35.102 CST,"raingage","benchmark",54599,"127.0.0.1:48958",666ec5b9.d547,138,"SELECT",2024-06-16 19:00:09 CST,8/11,0,LOG,00000,"execute S_1: SELECT c_discount, c_last, c_credit, w_tax     FROM bmsql_customer     JOIN bmsql_warehouse ON (w_id = c_w_id)     WHERE c_w_id = $1 AND c_d_id = $2 AND c_id = $3","parameters: $1 = '1', $2 = '1', $3 = '9'",,,,,,,,"","client backend"
2024-06-16 19:00:35.147 CST,"raingage","benchmark",54598,"127.0.0.1:48956",666ec5b9.d546,149,"SELECT",2024-06-16 19:00:09 CST,7/12,0,LOG,00000,"execute S_1: SELECT c_discount, c_last, c_credit, w_tax     FROM bmsql_customer     JOIN bmsql_warehouse ON (w_id = c_w_id)     WHERE c_w_id = $1 AND c_d_id = $2 AND c_id = $3","parameters: $1 = '1', $2 = '1', $3 = '13'",,,,,,,,"","client backend"
2024-06-16 19:00:35.172 CST,"raingage","benchmark",54599,"127.0.0.1:48958",666ec5b9.d547,139,"SELECT",2024-06-16 19:00:09 CST,8/11,0,LOG,00000,"execute S_1: SELECT c_discount, c_last, c_credit, w_tax     FROM bmsql_customer     JOIN bmsql_warehouse ON (w_id = c_w_id)     WHERE c_w_id = $1 AND c_d_id = $2 AND c_id = $3","parameters: $1 = '1', $2 = '1', $3 = '9'",,,,,,,,"","client backend"
2024-06-16 19:00:35.212 CST,"raingage","benchmark",54598,"127.0.0.1:48956",666ec5b9.d546,150,"SELECT",2024-06-16 19:00:09 CST,7/12,0,LOG,00000,"execute S_1: SELECT c_discount, c_last, c_credit, w_tax     FROM bmsql_customer     JOIN bmsql_warehouse ON (w_id = c_w_id)     WHERE c_w_id = $1 AND c_d_id = $2 AND c_id = $3","parameters: $1 = '1', $2 = '1', $3 = '13'",,,,,,,,"","client backend"
2024-06-16 19:00:35.235 CST,"raingage","benchmark",54599,"127.0.0.1:48958",666ec5b9.d547,140,"SELECT",2024-06-16 19:00:09 CST,8/11,0,LOG,00000,"execute S_1: SELECT c_discount, c_last, c_credit, w_tax     FROM bmsql_customer     JOIN bmsql_warehouse ON (w_id = c_w_id)     WHERE c_w_id = $1 AND c_d_id = $2 AND c_id = $3","parameters: $1 = '1', $2 = '1', $3 = '9'",,,,,,,,"","client backend"
2024-06-16 19:00:35.277 CST,"raingage","benchmark",54598,"127.0.0.1:48956",666ec5b9.d546,151,"SELECT",2024-06-16 19:00:09 CST,7/12,0,LOG,00000,"execute S_1: SELECT c_discount, c_last, c_credit, w_tax     FROM bmsql_customer     JOIN bmsql_warehouse ON (w_id = c_w_id)     WHERE c_w_id = $1 AND c_d_id = $2 AND c_id = $3","parameters: $1 = '1', $2 = '1', $3 = '13'",,,,,,,,"","client backend"
2024-06-16 19:00:35.297 CST,"raingage","benchmark",54598,"127.0.0.1:48956",666ec5b9.d546,152,"SELECT",2024-06-16 19:00:09 CST,7/12,0,LOG,00000,"execute S_5: SELECT i_price, i_name, i_data     FROM bmsql_item     WHERE i_id = $1","parameters: $1 = '70'",,,,,,,,"","client backend"
2024-06-16 19:00:35.306 CST,"raingage","benchmark",54599,"127.0.0.1:48958",666ec5b9.d547,141,"SELECT",2024-06-16 19:00:09 CST,8/11,0,LOG,00000,"execute S_1: SELECT c_discount, c_last, c_credit, w_tax     FROM bmsql_customer     JOIN bmsql_warehouse ON (w_id = c_w_id)     WHERE c_w_id = $1 AND c_d_id = $2 AND c_id = $3","parameters: $1 = '1', $2 = '1', $3 = '9'",,,,,,,,"","client backend"
2024-06-16 19:00:35.317 CST,"raingage","benchmark",54598,"127.0.0.1:48956",666ec5b9.d546,153,"SELECT",2024-06-16 19:00:09 CST,7/12,0,LOG,00000,"execute S_6: SELECT s_quantity, s_data,        s_dist_01, s_dist_02, s_dist_03, s_dist_04,        s_dist_05, s_dist_06, s_dist_07, s_dist_08,        s_dist_09, s_dist_10     FROM bmsql_stock     WHERE s_w_id = $1 AND s_i_id = $2 ","parameters: $1 = '1', $2 = '70'",,,,,,,,"","client backend"
2024-06-16 19:00:35.319 CST,"raingage","benchmark",54599,"127.0.0.1:48958",666ec5b9.d547,142,"SELECT",2024-06-16 19:00:09 CST,8/11,0,LOG,00000,"execute S_5: SELECT i_price, i_name, i_data     FROM bmsql_item     WHERE i_id = $1","parameters: $1 = '26'",,,,,,,,"","client backend"
2024-06-16 19:00:35.329 CST,"raingage","benchmark",54598,"127.0.0.1:48956",666ec5b9.d546,154,"UPDATE",2024-06-16 19:00:09 CST,7/12,0,LOG,00000,"execute S_7: UPDATE bmsql_stock     SET s_quantity = $1, s_ytd = s_ytd + $2,         s_order_cnt = s_order_cnt + 1,         s_remote_cnt = s_remote_cnt + $3     WHERE s_w_id = $4 AND s_i_id = $5","parameters: $1 = '27', $2 = '7', $3 = '0', $4 = '1', $5 = '70'",,,,,,,,"","client backend"
2024-06-16 19:00:35.331 CST,"raingage","benchmark",54599,"127.0.0.1:48958",666ec5b9.d547,143,"SELECT",2024-06-16 19:00:09 CST,8/11,0,LOG,00000,"execute S_6: SELECT s_quantity, s_data,        s_dist_01, s_dist_02, s_dist_03, s_dist_04,        s_dist_05, s_dist_06, s_dist_07, s_dist_08,        s_dist_09, s_dist_10     FROM bmsql_stock     WHERE s_w_id = $1 AND s_i_id = $2 ","parameters: $1 = '1', $2 = '26'",,,,,,,,"","client backend"
2024-06-16 19:00:35.344 CST,"raingage","benchmark",54599,"127.0.0.1:48958",666ec5b9.d547,144,"UPDATE",2024-06-16 19:00:09 CST,8/11,0,LOG,00000,"execute S_7: UPDATE bmsql_stock     SET s_quantity = $1, s_ytd = s_ytd + $2,         s_order_cnt = s_order_cnt + 1,         s_remote_cnt = s_remote_cnt + $3     WHERE s_w_id = $4 AND s_i_id = $5","parameters: $1 = '10', $2 = '7', $3 = '0', $4 = '1', $5 = '26'",,,,,,,,"","client backend"
2024-06-16 19:00:35.347 CST,"raingage","benchmark",54598,"127.0.0.1:48956",666ec5b9.d546,155,"COMMIT",2024-06-16 19:00:09 CST,7/12,115284,LOG,00000,"execute S_2: COMMIT",,,,,,,,,"","client backend"
2024-06-16 19:00:35.363 CST,"raingage","benchmark",54598,"127.0.0.1:48956",666ec5b9.d546,156,"BEGIN",2024-06-16 19:00:09 CST,7/13,0,LOG,00000,"execute S_3: BEGIN",,,,,,,,,"","client backend"
2024-06-16 19:00:35.363 CST,"raingage","benchmark",54599,"127.0.0.1:48958",666ec5b9.d547,145,"COMMIT",2024-06-16 19:00:09 CST,8/11,115285,LOG,00000,"execute S_2: COMMIT",,,,,,,,,"","client backend"
2024-06-16 19:00:35.375 CST,"raingage","benchmark",54599,"127.0.0.1:48958",666ec5b9.d547,146,"BEGIN",2024-06-16 19:00:09 CST,8/12,0,LOG,00000,"execute S_3: BEGIN",,,,,,,,,"","client backend"
2024-06-16 19:00:35.383 CST,"raingage","benchmark",54598,"127.0.0.1:48956",666ec5b9.d546,157,"SELECT",2024-06-16 19:00:09 CST,7/13,0,LOG,00000,"execute S_4: SELECT d_tax, d_next_o_id     FROM bmsql_district     WHERE d_w_id = $1 AND d_id = $2 ","parameters: $1 = '1', $2 = '2'",,,,,,,,"","client backend"
2024-06-16 19:00:35.392 CST,"raingage","benchmark",54599,"127.0.0.1:48958",666ec5b9.d547,147,"SELECT",2024-06-16 19:00:09 CST,8/12,0,LOG,00000,"execute S_4: SELECT d_tax, d_next_o_id     FROM bmsql_district     WHERE d_w_id = $1 AND d_id = $2 ","parameters: $1 = '1', $2 = '2'",,,,,,,,"","client backend"
2024-06-16 19:00:35.447 CST,"raingage","benchmark",54598,"127.0.0.1:48956",666ec5b9.d546,158,"SELECT",2024-06-16 19:00:09 CST,7/13,0,LOG,00000,"execute S_1: SELECT c_discount, c_last, c_credit, w_tax     FROM bmsql_customer     JOIN bmsql_warehouse ON (w_id = c_w_id)     WHERE c_w_id = $1 AND c_d_id = $2 AND c_id = $3","parameters: $1 = '1', $2 = '2', $3 = '50'",,,,,,,,"","client backend"
2024-06-16 19:00:35.518 CST,"raingage","benchmark",54598,"127.0.0.1:48956",666ec5b9.d546,159,"SELECT",2024-06-16 19:00:09 CST,7/13,0,LOG,00000,"execute S_1: SELECT c_discount, c_last, c_credit, w_tax     FROM bmsql_customer     JOIN bmsql_warehouse ON (w_id = c_w_id)     WHERE c_w_id = $1 AND c_d_id = $2 AND c_id = $3","parameters: $1 = '1', $2 = '2', $3 = '50'",,,,,,,,"","client backend"
2024-06-16 19:00:35.587 CST,"raingage","benchmark",54598,"127.0.0.1:48956",666ec5b9.d546,160,"SELECT",2024-06-16 19:00:09 CST,7/13,0,LOG,00000,"execute S_1: SELECT c_discount, c_last, c_credit, w_tax     FROM bmsql_customer     JOIN bmsql_warehouse ON (w_id = c_w_id)     WHERE c_w_id = $1 AND c_d_id = $2 AND c_id = $3","parameters: $1 = '1', $2 = '2', $3 = '50'",,,,,,,,"","client backend"
2024-06-16 19:00:35.653 CST,"raingage","benchmark",54598,"127.0.0.1:48956",666ec5b9.d546,161,"SELECT",2024-06-16 19:00:09 CST,7/13,0,LOG,00000,"execute S_1: SELECT c_discount, c_last, c_credit, w_tax     FROM bmsql_customer     JOIN bmsql_warehouse ON (w_id = c_w_id)     WHERE c_w_id = $1 AND c_d_id = $2 AND c_id = $3","parameters: $1 = '1', $2 = '2', $3 = '50'",,,,,,,,"","client backend"
2024-06-16 19:00:35.723 CST,"raingage","benchmark",54598,"127.0.0.1:48956",666ec5b9.d546,162,"SELECT",2024-06-16 19:00:09 CST,7/13,0,LOG,00000,"execute S_1: SELECT c_discount, c_last, c_credit, w_tax     FROM bmsql_customer     JOIN bmsql_warehouse ON (w_id = c_w_id)     WHERE c_w_id = $1 AND c_d_id = $2 AND c_id = $3","parameters: $1 = '1', $2 = '2', $3 = '50'",,,,,,,,"","client backend"
2024-06-16 19:00:35.790 CST,"raingage","benchmark",54598,"127.0.0.1:48956",666ec5b9.d546,163,"SELECT",2024-06-16 19:00:09 CST,7/13,0,LOG,00000,"execute S_1: SELECT c_discount, c_last, c_credit, w_tax     FROM bmsql_customer     JOIN bmsql_warehouse ON (w_id = c_w_id)     WHERE c_w_id = $1 AND c_d_id = $2 AND c_id = $3","parameters: $1 = '1', $2 = '2', $3 = '50'",,,,,,,,"","client backend"
2024-06-16 19:00:35.859 CST,"raingage","benchmark",54598,"127.0.0.1:48956",666ec5b9.d546,164,"SELECT",2024-06-16 19:00:09 CST,7/13,0,LOG,00000,"execute S_1: SELECT c_discount, c_last, c_credit, w_tax     FROM bmsql_customer     JOIN bmsql_warehouse ON (w_id = c_w_id)     WHERE c_w_id = $1 AND c_d_id = $2 AND c_id = $3","parameters: $1 = '1', $2 = '2', $3 = '50'",,,,,,,,"","client backend"
2024-06-16 19:00:35.932 CST,"raingage","benchmark",54598,"127.0.0.1:48956",666ec5b9.d546,165,"SELECT",2024-06-16 19:00:09 CST,7/13,0,LOG,00000,"execute S_1: SELECT c_discount, c_last, c_credit, w_tax     FROM bmsql_customer     JOIN bmsql_warehouse ON (w_id = c_w_id)     WHERE c_w_id = $1 AND c_d_id = $2 AND c_id = $3","parameters: $1 = '1', $2 = '2', $3 = '50'",,,,,,,,"","client backend"
2024-06-16 19:00:35.950 CST,"raingage","benchmark",54598,"127.0.0.1:48956",666ec5b9.d546,166,"SELECT",2024-06-16 19:00:09 CST,7/13,0,LOG,00000,"execute S_5: SELECT i_price, i_name, i_data     FROM bmsql_item     WHERE i_id = $1","parameters: $1 = '7'",,,,,,,,"","client backend"
2024-06-16 19:00:35.966 CST,"raingage","benchmark",54598,"127.0.0.1:48956",666ec5b9.d546,167,"SELECT",2024-06-16 19:00:09 CST,7/13,0,LOG,00000,"execute S_6: SELECT s_quantity, s_data,        s_dist_01, s_dist_02, s_dist_03, s_dist_04,        s_dist_05, s_dist_06, s_dist_07, s_dist_08,        s_dist_09, s_dist_10     FROM bmsql_stock     WHERE s_w_id = $1 AND s_i_id = $2 ","parameters: $1 = '1', $2 = '7'",,,,,,,,"","client backend"
2024-06-16 19:00:35.983 CST,"raingage","benchmark",54598,"127.0.0.1:48956",666ec5b9.d546,168,"UPDATE",2024-06-16 19:00:09 CST,7/13,0,LOG,00000,"execute S_7: UPDATE bmsql_stock     SET s_quantity = $1, s_ytd = s_ytd + $2,         s_order_cnt = s_order_cnt + 1,         s_remote_cnt = s_remote_cnt + $3     WHERE s_w_id = $4 AND s_i_id = $5","parameters: $1 = '14', $2 = '2', $3 = '0', $4 = '1', $5 = '7'",,,,,,,,"","client backend"
2024-06-16 19:00:35.996 CST,"raingage","benchmark",54598,"127.0.0.1:48956",666ec5b9.d546,169,"COMMIT",2024-06-16 19:00:09 CST,7/13,115286,LOG,00000,"execute S_2: COMMIT",,,,,,,,,"","client backend"
2024-06-16 19:00:35.996 CST,"raingage","benchmark",54599,"127.0.0.1:48958",666ec5b9.d547,148,"SELECT",2024-06-16 19:00:09 CST,8/12,0,LOG,00000,"execute S_1: SELECT c_discount, c_last, c_credit, w_tax     FROM bmsql_customer     JOIN bmsql_warehouse ON (w_id = c_w_id)     WHERE c_w_id = $1 AND c_d_id = $2 AND c_id = $3","parameters: $1 = '1', $2 = '2', $3 = '50'",,,,,,,,"","client backend"
2024-06-16 19:00:36.013 CST,"raingage","benchmark",54598,"127.0.0.1:48956",666ec5b9.d546,170,"BEGIN",2024-06-16 19:00:09 CST,7/14,0,LOG,00000,"execute S_3: BEGIN",,,,,,,,,"","client backend"
2024-06-16 19:00:36.023 CST,"raingage","benchmark",54598,"127.0.0.1:48956",666ec5b9.d546,171,"SELECT",2024-06-16 19:00:09 CST,7/14,0,LOG,00000,"execute S_4: SELECT d_tax, d_next_o_id     FROM bmsql_district     WHERE d_w_id = $1 AND d_id = $2 ","parameters: $1 = '1', $2 = '3'",,,,,,,,"","client backend"
2024-06-16 19:00:36.067 CST,"raingage","benchmark",54599,"127.0.0.1:48958",666ec5b9.d547,149,"SELECT",2024-06-16 19:00:09 CST,8/12,0,LOG,00000,"execute S_1: SELECT c_discount, c_last, c_credit, w_tax     FROM bmsql_customer     JOIN bmsql_warehouse ON (w_id = c_w_id)     WHERE c_w_id = $1 AND c_d_id = $2 AND c_id = $3","parameters: $1 = '1', $2 = '2', $3 = '50'",,,,,,,,"","client backend"
2024-06-16 19:00:36.093 CST,"raingage","benchmark",54598,"127.0.0.1:48956",666ec5b9.d546,172,"SELECT",2024-06-16 19:00:09 CST,7/14,0,LOG,00000,"execute S_1: SELECT c_discount, c_last, c_credit, w_tax     FROM bmsql_customer     JOIN bmsql_warehouse ON (w_id = c_w_id)     WHERE c_w_id = $1 AND c_d_id = $2 AND c_id = $3","parameters: $1 = '1', $2 = '3', $3 = '46'",,,,,,,,"","client backend"
2024-06-16 19:00:36.134 CST,"raingage","benchmark",54599,"127.0.0.1:48958",666ec5b9.d547,150,"SELECT",2024-06-16 19:00:09 CST,8/12,0,LOG,00000,"execute S_1: SELECT c_discount, c_last, c_credit, w_tax     FROM bmsql_customer     JOIN bmsql_warehouse ON (w_id = c_w_id)     WHERE c_w_id = $1 AND c_d_id = $2 AND c_id = $3","parameters: $1 = '1', $2 = '2', $3 = '50'",,,,,,,,"","client backend"
2024-06-16 19:00:36.156 CST,"raingage","benchmark",54598,"127.0.0.1:48956",666ec5b9.d546,173,"SELECT",2024-06-16 19:00:09 CST,7/14,0,LOG,00000,"execute S_1: SELECT c_discount, c_last, c_credit, w_tax     FROM bmsql_customer     JOIN bmsql_warehouse ON (w_id = c_w_id)     WHERE c_w_id = $1 AND c_d_id = $2 AND c_id = $3","parameters: $1 = '1', $2 = '3', $3 = '46'",,,,,,,,"","client backend"
2024-06-16 19:00:36.199 CST,"raingage","benchmark",54599,"127.0.0.1:48958",666ec5b9.d547,151,"SELECT",2024-06-16 19:00:09 CST,8/12,0,LOG,00000,"execute S_1: SELECT c_discount, c_last, c_credit, w_tax     FROM bmsql_customer     JOIN bmsql_warehouse ON (w_id = c_w_id)     WHERE c_w_id = $1 AND c_d_id = $2 AND c_id = $3","parameters: $1 = '1', $2 = '2', $3 = '50'",,,,,,,,"","client backend"
2024-06-16 19:00:36.226 CST,"raingage","benchmark",54598,"127.0.0.1:48956",666ec5b9.d546,174,"SELECT",2024-06-16 19:00:09 CST,7/14,0,LOG,00000,"execute S_1: SELECT c_discount, c_last, c_credit, w_tax     FROM bmsql_customer     JOIN bmsql_warehouse ON (w_id = c_w_id)     WHERE c_w_id = $1 AND c_d_id = $2 AND c_id = $3","parameters: $1 = '1', $2 = '3', $3 = '46'",,,,,,,,"","client backend"
2024-06-16 19:00:36.261 CST,"raingage","benchmark",54599,"127.0.0.1:48958",666ec5b9.d547,152,"SELECT",2024-06-16 19:00:09 CST,8/12,0,LOG,00000,"execute S_1: SELECT c_discount, c_last, c_credit, w_tax     FROM bmsql_customer     JOIN bmsql_warehouse ON (w_id = c_w_id)     WHERE c_w_id = $1 AND c_d_id = $2 AND c_id = $3","parameters: $1 = '1', $2 = '2', $3 = '50'",,,,,,,,"","client backend"
2024-06-16 19:00:36.291 CST,"raingage","benchmark",54598,"127.0.0.1:48956",666ec5b9.d546,175,"SELECT",2024-06-16 19:00:09 CST,7/14,0,LOG,00000,"execute S_1: SELECT c_discount, c_last, c_credit, w_tax     FROM bmsql_customer     JOIN bmsql_warehouse ON (w_id = c_w_id)     WHERE c_w_id = $1 AND c_d_id = $2 AND c_id = $3","parameters: $1 = '1', $2 = '3', $3 = '46'",,,,,,,,"","client backend"
2024-06-16 19:00:36.325 CST,"raingage","benchmark",54599,"127.0.0.1:48958",666ec5b9.d547,153,"SELECT",2024-06-16 19:00:09 CST,8/12,0,LOG,00000,"execute S_1: SELECT c_discount, c_last, c_credit, w_tax     FROM bmsql_customer     JOIN bmsql_warehouse ON (w_id = c_w_id)     WHERE c_w_id = $1 AND c_d_id = $2 AND c_id = $3","parameters: $1 = '1', $2 = '2', $3 = '50'",,,,,,,,"","client backend"
2024-06-16 19:00:36.359 CST,"raingage","benchmark",54598,"127.0.0.1:48956",666ec5b9.d546,176,"SELECT",2024-06-16 19:00:09 CST,7/14,0,LOG,00000,"execute S_1: SELECT c_discount, c_last, c_credit, w_tax     FROM bmsql_customer     JOIN bmsql_warehouse ON (w_id = c_w_id)     WHERE c_w_id = $1 AND c_d_id = $2 AND c_id = $3","parameters: $1 = '1', $2 = '3', $3 = '46'",,,,,,,,"","client backend"
2024-06-16 19:00:36.391 CST,"raingage","benchmark",54599,"127.0.0.1:48958",666ec5b9.d547,154,"SELECT",2024-06-16 19:00:09 CST,8/12,0,LOG,00000,"execute S_1: SELECT c_discount, c_last, c_credit, w_tax     FROM bmsql_customer     JOIN bmsql_warehouse ON (w_id = c_w_id)     WHERE c_w_id = $1 AND c_d_id = $2 AND c_id = $3","parameters: $1 = '1', $2 = '2', $3 = '50'",,,,,,,,"","client backend"
2024-06-16 19:00:36.422 CST,"raingage","benchmark",54598,"127.0.0.1:48956",666ec5b9.d546,177,"SELECT",2024-06-16 19:00:09 CST,7/14,0,LOG,00000,"execute S_1: SELECT c_discount, c_last, c_credit, w_tax     FROM bmsql_customer     JOIN bmsql_warehouse ON (w_id = c_w_id)     WHERE c_w_id = $1 AND c_d_id = $2 AND c_id = $3","parameters: $1 = '1', $2 = '3', $3 = '46'",,,,,,,,"","client backend"
2024-06-16 19:00:36.462 CST,"raingage","benchmark",54599,"127.0.0.1:48958",666ec5b9.d547,155,"SELECT",2024-06-16 19:00:09 CST,8/12,0,LOG,00000,"execute S_1: SELECT c_discount, c_last, c_credit, w_tax     FROM bmsql_customer     JOIN bmsql_warehouse ON (w_id = c_w_id)     WHERE c_w_id = $1 AND c_d_id = $2 AND c_id = $3","parameters: $1 = '1', $2 = '2', $3 = '50'",,,,,,,,"","client backend"
2024-06-16 19:00:36.483 CST,"raingage","benchmark",54599,"127.0.0.1:48958",666ec5b9.d547,156,"SELECT",2024-06-16 19:00:09 CST,8/12,0,LOG,00000,"execute S_5: SELECT i_price, i_name, i_data     FROM bmsql_item     WHERE i_id = $1","parameters: $1 = '7'",,,,,,,,"","client backend"
2024-06-16 19:00:36.494 CST,"raingage","benchmark",54598,"127.0.0.1:48956",666ec5b9.d546,178,"SELECT",2024-06-16 19:00:09 CST,7/14,0,LOG,00000,"execute S_1: SELECT c_discount, c_last, c_credit, w_tax     FROM bmsql_customer     JOIN bmsql_warehouse ON (w_id = c_w_id)     WHERE c_w_id = $1 AND c_d_id = $2 AND c_id = $3","parameters: $1 = '1', $2 = '3', $3 = '46'",,,,,,,,"","client backend"
2024-06-16 19:00:36.495 CST,"raingage","benchmark",54599,"127.0.0.1:48958",666ec5b9.d547,157,"SELECT",2024-06-16 19:00:09 CST,8/12,0,LOG,00000,"execute S_6: SELECT s_quantity, s_data,        s_dist_01, s_dist_02, s_dist_03, s_dist_04,        s_dist_05, s_dist_06, s_dist_07, s_dist_08,        s_dist_09, s_dist_10     FROM bmsql_stock     WHERE s_w_id = $1 AND s_i_id = $2 ","parameters: $1 = '1', $2 = '7'",,,,,,,,"","client backend"
2024-06-16 19:00:36.512 CST,"raingage","benchmark",54599,"127.0.0.1:48958",666ec5b9.d547,158,"UPDATE",2024-06-16 19:00:09 CST,8/12,0,LOG,00000,"execute S_7: UPDATE bmsql_stock     SET s_quantity = $1, s_ytd = s_ytd + $2,         s_order_cnt = s_order_cnt + 1,         s_remote_cnt = s_remote_cnt + $3     WHERE s_w_id = $4 AND s_i_id = $5","parameters: $1 = '14', $2 = '2', $3 = '0', $4 = '1', $5 = '7'",,,,,,,,"","client backend"
2024-06-16 19:00:36.528 CST,"raingage","benchmark",54599,"127.0.0.1:48958",666ec5b9.d547,159,"COMMIT",2024-06-16 19:00:09 CST,8/12,115287,LOG,00000,"execute S_2: COMMIT",,,,,,,,,"","client backend"
2024-06-16 19:00:36.529 CST,"raingage","benchmark",54599,"127.0.0.1:48958",666ec5b9.d547,160,"COMMIT",2024-06-16 19:00:09 CST,8/0,115287,WARNING,01000,"registered snapshots seem to remain after cleanup",,,,,,,,,"","client backend"
2024-06-16 19:00:36.549 CST,"raingage","benchmark",54599,"127.0.0.1:48958",666ec5b9.d547,161,"BEGIN",2024-06-16 19:00:09 CST,8/13,0,LOG,00000,"execute S_3: BEGIN",,,,,,,,,"","client backend"
2024-06-16 19:00:36.560 CST,"raingage","benchmark",54598,"127.0.0.1:48956",666ec5b9.d546,179,"SELECT",2024-06-16 19:00:09 CST,7/14,0,LOG,00000,"execute S_1: SELECT c_discount, c_last, c_credit, w_tax     FROM bmsql_customer     JOIN bmsql_warehouse ON (w_id = c_w_id)     WHERE c_w_id = $1 AND c_d_id = $2 AND c_id = $3","parameters: $1 = '1', $2 = '3', $3 = '46'",,,,,,,,"","client backend"
2024-06-16 19:00:36.567 CST,"raingage","benchmark",54599,"127.0.0.1:48958",666ec5b9.d547,162,"SELECT",2024-06-16 19:00:09 CST,8/13,0,LOG,00000,"execute S_4: SELECT d_tax, d_next_o_id     FROM bmsql_district     WHERE d_w_id = $1 AND d_id = $2 ","parameters: $1 = '1', $2 = '2'",,,,,,,,"","client backend"
2024-06-16 19:00:36.577 CST,"raingage","benchmark",54598,"127.0.0.1:48956",666ec5b9.d546,180,"SELECT",2024-06-16 19:00:09 CST,7/14,0,LOG,00000,"execute S_5: SELECT i_price, i_name, i_data     FROM bmsql_item     WHERE i_id = $1","parameters: $1 = '41'",,,,,,,,"","client backend"
2024-06-16 19:00:36.592 CST,"raingage","benchmark",54598,"127.0.0.1:48956",666ec5b9.d546,181,"SELECT",2024-06-16 19:00:09 CST,7/14,0,LOG,00000,"execute S_6: SELECT s_quantity, s_data,        s_dist_01, s_dist_02, s_dist_03, s_dist_04,        s_dist_05, s_dist_06, s_dist_07, s_dist_08,        s_dist_09, s_dist_10     FROM bmsql_stock     WHERE s_w_id = $1 AND s_i_id = $2 ","parameters: $1 = '1', $2 = '41'",,,,,,,,"","client backend"
2024-06-16 19:00:36.612 CST,"raingage","benchmark",54598,"127.0.0.1:48956",666ec5b9.d546,182,"UPDATE",2024-06-16 19:00:09 CST,7/14,0,LOG,00000,"execute S_7: UPDATE bmsql_stock     SET s_quantity = $1, s_ytd = s_ytd + $2,         s_order_cnt = s_order_cnt + 1,         s_remote_cnt = s_remote_cnt + $3     WHERE s_w_id = $4 AND s_i_id = $5","parameters: $1 = '81', $2 = '3', $3 = '0', $4 = '1', $5 = '41'",,,,,,,,"","client backend"
2024-06-16 19:00:36.627 CST,"raingage","benchmark",54598,"127.0.0.1:48956",666ec5b9.d546,183,"COMMIT",2024-06-16 19:00:09 CST,7/14,115288,LOG,00000,"execute S_2: COMMIT",,,,,,,,,"","client backend"
2024-06-16 19:00:36.637 CST,"raingage","benchmark",54599,"127.0.0.1:48958",666ec5b9.d547,163,"SELECT",2024-06-16 19:00:09 CST,8/13,0,LOG,00000,"execute S_1: SELECT c_discount, c_last, c_credit, w_tax     FROM bmsql_customer     JOIN bmsql_warehouse ON (w_id = c_w_id)     WHERE c_w_id = $1 AND c_d_id = $2 AND c_id = $3","parameters: $1 = '1', $2 = '2', $3 = '39'",,,,,,,,"","client backend"
2024-06-16 19:00:36.642 CST,"raingage","benchmark",54598,"127.0.0.1:48956",666ec5b9.d546,184,"BEGIN",2024-06-16 19:00:09 CST,7/15,0,LOG,00000,"execute S_3: BEGIN",,,,,,,,,"","client backend"
2024-06-16 19:00:36.654 CST,"raingage","benchmark",54598,"127.0.0.1:48956",666ec5b9.d546,185,"SELECT",2024-06-16 19:00:09 CST,7/15,0,LOG,00000,"execute S_4: SELECT d_tax, d_next_o_id     FROM bmsql_district     WHERE d_w_id = $1 AND d_id = $2 ","parameters: $1 = '1', $2 = '2'",,,,,,,,"","client backend"
2024-06-16 19:00:36.702 CST,"raingage","benchmark",54599,"127.0.0.1:48958",666ec5b9.d547,164,"SELECT",2024-06-16 19:00:09 CST,8/13,0,LOG,00000,"execute S_1: SELECT c_discount, c_last, c_credit, w_tax     FROM bmsql_customer     JOIN bmsql_warehouse ON (w_id = c_w_id)     WHERE c_w_id = $1 AND c_d_id = $2 AND c_id = $3","parameters: $1 = '1', $2 = '2', $3 = '39'",,,,,,,,"","client backend"
2024-06-16 19:00:36.725 CST,"raingage","benchmark",54598,"127.0.0.1:48956",666ec5b9.d546,186,"SELECT",2024-06-16 19:00:09 CST,7/15,0,LOG,00000,"execute S_1: SELECT c_discount, c_last, c_credit, w_tax     FROM bmsql_customer     JOIN bmsql_warehouse ON (w_id = c_w_id)     WHERE c_w_id = $1 AND c_d_id = $2 AND c_id = $3","parameters: $1 = '1', $2 = '2', $3 = '70'",,,,,,,,"","client backend"
2024-06-16 19:00:36.774 CST,"raingage","benchmark",54599,"127.0.0.1:48958",666ec5b9.d547,165,"SELECT",2024-06-16 19:00:09 CST,8/13,0,LOG,00000,"execute S_1: SELECT c_discount, c_last, c_credit, w_tax     FROM bmsql_customer     JOIN bmsql_warehouse ON (w_id = c_w_id)     WHERE c_w_id = $1 AND c_d_id = $2 AND c_id = $3","parameters: $1 = '1', $2 = '2', $3 = '39'",,,,,,,,"","client backend"
2024-06-16 19:00:36.795 CST,"raingage","benchmark",54598,"127.0.0.1:48956",666ec5b9.d546,187,"SELECT",2024-06-16 19:00:09 CST,7/15,0,LOG,00000,"execute S_1: SELECT c_discount, c_last, c_credit, w_tax     FROM bmsql_customer     JOIN bmsql_warehouse ON (w_id = c_w_id)     WHERE c_w_id = $1 AND c_d_id = $2 AND c_id = $3","parameters: $1 = '1', $2 = '2', $3 = '70'",,,,,,,,"","client backend"
2024-06-16 19:00:36.839 CST,"raingage","benchmark",54599,"127.0.0.1:48958",666ec5b9.d547,166,"SELECT",2024-06-16 19:00:09 CST,8/13,0,LOG,00000,"execute S_1: SELECT c_discount, c_last, c_credit, w_tax     FROM bmsql_customer     JOIN bmsql_warehouse ON (w_id = c_w_id)     WHERE c_w_id = $1 AND c_d_id = $2 AND c_id = $3","parameters: $1 = '1', $2 = '2', $3 = '39'",,,,,,,,"","client backend"
2024-06-16 19:00:36.865 CST,"raingage","benchmark",54598,"127.0.0.1:48956",666ec5b9.d546,188,"SELECT",2024-06-16 19:00:09 CST,7/15,0,LOG,00000,"execute S_1: SELECT c_discount, c_last, c_credit, w_tax     FROM bmsql_customer     JOIN bmsql_warehouse ON (w_id = c_w_id)     WHERE c_w_id = $1 AND c_d_id = $2 AND c_id = $3","parameters: $1 = '1', $2 = '2', $3 = '70'",,,,,,,,"","client backend"
2024-06-16 19:00:36.909 CST,"raingage","benchmark",54599,"127.0.0.1:48958",666ec5b9.d547,167,"SELECT",2024-06-16 19:00:09 CST,8/13,0,LOG,00000,"execute S_1: SELECT c_discount, c_last, c_credit, w_tax     FROM bmsql_customer     JOIN bmsql_warehouse ON (w_id = c_w_id)     WHERE c_w_id = $1 AND c_d_id = $2 AND c_id = $3","parameters: $1 = '1', $2 = '2', $3 = '39'",,,,,,,,"","client backend"
2024-06-16 19:00:36.928 CST,"raingage","benchmark",54598,"127.0.0.1:48956",666ec5b9.d546,189,"SELECT",2024-06-16 19:00:09 CST,7/15,0,LOG,00000,"execute S_1: SELECT c_discount, c_last, c_credit, w_tax     FROM bmsql_customer     JOIN bmsql_warehouse ON (w_id = c_w_id)     WHERE c_w_id = $1 AND c_d_id = $2 AND c_id = $3","parameters: $1 = '1', $2 = '2', $3 = '70'",,,,,,,,"","client backend"
2024-06-16 19:00:36.982 CST,"raingage","benchmark",54599,"127.0.0.1:48958",666ec5b9.d547,168,"SELECT",2024-06-16 19:00:09 CST,8/13,0,LOG,00000,"execute S_1: SELECT c_discount, c_last, c_credit, w_tax     FROM bmsql_customer     JOIN bmsql_warehouse ON (w_id = c_w_id)     WHERE c_w_id = $1 AND c_d_id = $2 AND c_id = $3","parameters: $1 = '1', $2 = '2', $3 = '39'",,,,,,,,"","client backend"
2024-06-16 19:00:36.994 CST,"raingage","benchmark",54598,"127.0.0.1:48956",666ec5b9.d546,190,"SELECT",2024-06-16 19:00:09 CST,7/15,0,LOG,00000,"execute S_1: SELECT c_discount, c_last, c_credit, w_tax     FROM bmsql_customer     JOIN bmsql_warehouse ON (w_id = c_w_id)     WHERE c_w_id = $1 AND c_d_id = $2 AND c_id = $3","parameters: $1 = '1', $2 = '2', $3 = '70'",,,,,,,,"","client backend"
2024-06-16 19:00:37.045 CST,"raingage","benchmark",54599,"127.0.0.1:48958",666ec5b9.d547,169,"SELECT",2024-06-16 19:00:09 CST,8/13,0,LOG,00000,"execute S_1: SELECT c_discount, c_last, c_credit, w_tax     FROM bmsql_customer     JOIN bmsql_warehouse ON (w_id = c_w_id)     WHERE c_w_id = $1 AND c_d_id = $2 AND c_id = $3","parameters: $1 = '1', $2 = '2', $3 = '39'",,,,,,,,"","client backend"
2024-06-16 19:00:37.063 CST,"raingage","benchmark",54598,"127.0.0.1:48956",666ec5b9.d546,191,"SELECT",2024-06-16 19:00:09 CST,7/15,0,LOG,00000,"execute S_1: SELECT c_discount, c_last, c_credit, w_tax     FROM bmsql_customer     JOIN bmsql_warehouse ON (w_id = c_w_id)     WHERE c_w_id = $1 AND c_d_id = $2 AND c_id = $3","parameters: $1 = '1', $2 = '2', $3 = '70'",,,,,,,,"","client backend"
2024-06-16 19:00:37.109 CST,"raingage","benchmark",54599,"127.0.0.1:48958",666ec5b9.d547,170,"SELECT",2024-06-16 19:00:09 CST,8/13,0,LOG,00000,"execute S_1: SELECT c_discount, c_last, c_credit, w_tax     FROM bmsql_customer     JOIN bmsql_warehouse ON (w_id = c_w_id)     WHERE c_w_id = $1 AND c_d_id = $2 AND c_id = $3","parameters: $1 = '1', $2 = '2', $3 = '39'",,,,,,,,"","client backend"
2024-06-16 19:00:37.127 CST,"raingage","benchmark",54599,"127.0.0.1:48958",666ec5b9.d547,171,"SELECT",2024-06-16 19:00:09 CST,8/13,0,LOG,00000,"execute S_5: SELECT i_price, i_name, i_data     FROM bmsql_item     WHERE i_id = $1","parameters: $1 = '65'",,,,,,,,"","client backend"
2024-06-16 19:00:37.131 CST,"raingage","benchmark",54598,"127.0.0.1:48956",666ec5b9.d546,192,"SELECT",2024-06-16 19:00:09 CST,7/15,0,LOG,00000,"execute S_1: SELECT c_discount, c_last, c_credit, w_tax     FROM bmsql_customer     JOIN bmsql_warehouse ON (w_id = c_w_id)     WHERE c_w_id = $1 AND c_d_id = $2 AND c_id = $3","parameters: $1 = '1', $2 = '2', $3 = '70'",,,,,,,,"","client backend"
2024-06-16 19:00:37.142 CST,"raingage","benchmark",54599,"127.0.0.1:48958",666ec5b9.d547,172,"SELECT",2024-06-16 19:00:09 CST,8/13,0,LOG,00000,"execute S_6: SELECT s_quantity, s_data,        s_dist_01, s_dist_02, s_dist_03, s_dist_04,        s_dist_05, s_dist_06, s_dist_07, s_dist_08,        s_dist_09, s_dist_10     FROM bmsql_stock     WHERE s_w_id = $1 AND s_i_id = $2 ","parameters: $1 = '1', $2 = '65'",,,,,,,,"","client backend"
2024-06-16 19:00:37.156 CST,"raingage","benchmark",54599,"127.0.0.1:48958",666ec5b9.d547,173,"UPDATE",2024-06-16 19:00:09 CST,8/13,0,LOG,00000,"execute S_7: UPDATE bmsql_stock     SET s_quantity = $1, s_ytd = s_ytd + $2,         s_order_cnt = s_order_cnt + 1,         s_remote_cnt = s_remote_cnt + $3     WHERE s_w_id = $4 AND s_i_id = $5","parameters: $1 = '53', $2 = '3', $3 = '0', $4 = '1', $5 = '65'",,,,,,,,"","client backend"
2024-06-16 19:00:37.169 CST,"raingage","benchmark",54599,"127.0.0.1:48958",666ec5b9.d547,174,"COMMIT",2024-06-16 19:00:09 CST,8/13,115289,LOG,00000,"execute S_2: COMMIT",,,,,,,,,"","client backend"
2024-06-16 19:00:37.188 CST,"raingage","benchmark",54599,"127.0.0.1:48958",666ec5b9.d547,175,"BEGIN",2024-06-16 19:00:09 CST,8/14,0,LOG,00000,"execute S_3: BEGIN",,,,,,,,,"","client backend"
2024-06-16 19:00:37.195 CST,"raingage","benchmark",54598,"127.0.0.1:48956",666ec5b9.d546,193,"SELECT",2024-06-16 19:00:09 CST,7/15,0,LOG,00000,"execute S_1: SELECT c_discount, c_last, c_credit, w_tax     FROM bmsql_customer     JOIN bmsql_warehouse ON (w_id = c_w_id)     WHERE c_w_id = $1 AND c_d_id = $2 AND c_id = $3","parameters: $1 = '1', $2 = '2', $3 = '70'",,,,,,,,"","client backend"
2024-06-16 19:00:37.201 CST,"raingage","benchmark",54599,"127.0.0.1:48958",666ec5b9.d547,176,"SELECT",2024-06-16 19:00:09 CST,8/14,0,LOG,00000,"execute S_4: SELECT d_tax, d_next_o_id     FROM bmsql_district     WHERE d_w_id = $1 AND d_id = $2 ","parameters: $1 = '1', $2 = '2'",,,,,,,,"","client backend"
2024-06-16 19:00:37.210 CST,"raingage","benchmark",54598,"127.0.0.1:48956",666ec5b9.d546,194,"SELECT",2024-06-16 19:00:09 CST,7/15,0,LOG,00000,"execute S_5: SELECT i_price, i_name, i_data     FROM bmsql_item     WHERE i_id = $1","parameters: $1 = '51'",,,,,,,,"","client backend"
2024-06-16 19:00:37.223 CST,"raingage","benchmark",54598,"127.0.0.1:48956",666ec5b9.d546,195,"SELECT",2024-06-16 19:00:09 CST,7/15,0,LOG,00000,"execute S_6: SELECT s_quantity, s_data,        s_dist_01, s_dist_02, s_dist_03, s_dist_04,        s_dist_05, s_dist_06, s_dist_07, s_dist_08,        s_dist_09, s_dist_10     FROM bmsql_stock     WHERE s_w_id = $1 AND s_i_id = $2 ","parameters: $1 = '1', $2 = '51'",,,,,,,,"","client backend"
2024-06-16 19:00:37.237 CST,"raingage","benchmark",54598,"127.0.0.1:48956",666ec5b9.d546,196,"UPDATE",2024-06-16 19:00:09 CST,7/15,0,LOG,00000,"execute S_7: UPDATE bmsql_stock     SET s_quantity = $1, s_ytd = s_ytd + $2,         s_order_cnt = s_order_cnt + 1,         s_remote_cnt = s_remote_cnt + $3     WHERE s_w_id = $4 AND s_i_id = $5","parameters: $1 = '104', $2 = '12', $3 = '0', $4 = '1', $5 = '51'",,,,,,,,"","client backend"
2024-06-16 19:00:37.250 CST,"raingage","benchmark",54598,"127.0.0.1:48956",666ec5b9.d546,197,"COMMIT",2024-06-16 19:00:09 CST,7/15,115290,LOG,00000,"execute S_2: COMMIT",,,,,,,,,"","client backend"
2024-06-16 19:00:37.263 CST,"raingage","benchmark",54599,"127.0.0.1:48958",666ec5b9.d547,177,"SELECT",2024-06-16 19:00:09 CST,8/14,0,LOG,00000,"execute S_1: SELECT c_discount, c_last, c_credit, w_tax     FROM bmsql_customer     JOIN bmsql_warehouse ON (w_id = c_w_id)     WHERE c_w_id = $1 AND c_d_id = $2 AND c_id = $3","parameters: $1 = '1', $2 = '2', $3 = '70'",,,,,,,,"","client backend"
2024-06-16 19:00:37.271 CST,"raingage","benchmark",54598,"127.0.0.1:48956",666ec5b9.d546,198,"BEGIN",2024-06-16 19:00:09 CST,7/16,0,LOG,00000,"execute S_3: BEGIN",,,,,,,,,"","client backend"
2024-06-16 19:00:37.282 CST,"raingage","benchmark",54598,"127.0.0.1:48956",666ec5b9.d546,199,"SELECT",2024-06-16 19:00:09 CST,7/16,0,LOG,00000,"execute S_4: SELECT d_tax, d_next_o_id     FROM bmsql_district     WHERE d_w_id = $1 AND d_id = $2 ","parameters: $1 = '1', $2 = '2'",,,,,,,,"","client backend"
2024-06-16 19:00:37.332 CST,"raingage","benchmark",54599,"127.0.0.1:48958",666ec5b9.d547,178,"SELECT",2024-06-16 19:00:09 CST,8/14,0,LOG,00000,"execute S_1: SELECT c_discount, c_last, c_credit, w_tax     FROM bmsql_customer     JOIN bmsql_warehouse ON (w_id = c_w_id)     WHERE c_w_id = $1 AND c_d_id = $2 AND c_id = $3","parameters: $1 = '1', $2 = '2', $3 = '70'",,,,,,,,"","client backend"
2024-06-16 19:00:37.344 CST,"raingage","benchmark",54598,"127.0.0.1:48956",666ec5b9.d546,200,"SELECT",2024-06-16 19:00:09 CST,7/16,0,LOG,00000,"execute S_1: SELECT c_discount, c_last, c_credit, w_tax     FROM bmsql_customer     JOIN bmsql_warehouse ON (w_id = c_w_id)     WHERE c_w_id = $1 AND c_d_id = $2 AND c_id = $3","parameters: $1 = '1', $2 = '2', $3 = '74'",,,,,,,,"","client backend"
2024-06-16 19:00:37.403 CST,"raingage","benchmark",54599,"127.0.0.1:48958",666ec5b9.d547,179,"SELECT",2024-06-16 19:00:09 CST,8/14,0,LOG,00000,"execute S_1: SELECT c_discount, c_last, c_credit, w_tax     FROM bmsql_customer     JOIN bmsql_warehouse ON (w_id = c_w_id)     WHERE c_w_id = $1 AND c_d_id = $2 AND c_id = $3","parameters: $1 = '1', $2 = '2', $3 = '70'",,,,,,,,"","client backend"
2024-06-16 19:00:37.408 CST,"raingage","benchmark",54598,"127.0.0.1:48956",666ec5b9.d546,201,"SELECT",2024-06-16 19:00:09 CST,7/16,0,LOG,00000,"execute S_1: SELECT c_discount, c_last, c_credit, w_tax     FROM bmsql_customer     JOIN bmsql_warehouse ON (w_id = c_w_id)     WHERE c_w_id = $1 AND c_d_id = $2 AND c_id = $3","parameters: $1 = '1', $2 = '2', $3 = '74'",,,,,,,,"","client backend"
2024-06-16 19:00:37.472 CST,"raingage","benchmark",54599,"127.0.0.1:48958",666ec5b9.d547,180,"SELECT",2024-06-16 19:00:09 CST,8/14,0,LOG,00000,"execute S_1: SELECT c_discount, c_last, c_credit, w_tax     FROM bmsql_customer     JOIN bmsql_warehouse ON (w_id = c_w_id)     WHERE c_w_id = $1 AND c_d_id = $2 AND c_id = $3","parameters: $1 = '1', $2 = '2', $3 = '70'",,,,,,,,"","client backend"
2024-06-16 19:00:37.472 CST,"raingage","benchmark",54598,"127.0.0.1:48956",666ec5b9.d546,202,"SELECT",2024-06-16 19:00:09 CST,7/16,0,LOG,00000,"execute S_1: SELECT c_discount, c_last, c_credit, w_tax     FROM bmsql_customer     JOIN bmsql_warehouse ON (w_id = c_w_id)     WHERE c_w_id = $1 AND c_d_id = $2 AND c_id = $3","parameters: $1 = '1', $2 = '2', $3 = '74'",,,,,,,,"","client backend"
2024-06-16 19:00:37.536 CST,"raingage","benchmark",54598,"127.0.0.1:48956",666ec5b9.d546,203,"SELECT",2024-06-16 19:00:09 CST,7/16,0,LOG,00000,"execute S_1: SELECT c_discount, c_last, c_credit, w_tax     FROM bmsql_customer     JOIN bmsql_warehouse ON (w_id = c_w_id)     WHERE c_w_id = $1 AND c_d_id = $2 AND c_id = $3","parameters: $1 = '1', $2 = '2', $3 = '74'",,,,,,,,"","client backend"
2024-06-16 19:00:37.538 CST,"raingage","benchmark",54599,"127.0.0.1:48958",666ec5b9.d547,181,"SELECT",2024-06-16 19:00:09 CST,8/14,0,LOG,00000,"execute S_1: SELECT c_discount, c_last, c_credit, w_tax     FROM bmsql_customer     JOIN bmsql_warehouse ON (w_id = c_w_id)     WHERE c_w_id = $1 AND c_d_id = $2 AND c_id = $3","parameters: $1 = '1', $2 = '2', $3 = '70'",,,,,,,,"","client backend"
2024-06-16 19:00:37.601 CST,"raingage","benchmark",54598,"127.0.0.1:48956",666ec5b9.d546,204,"SELECT",2024-06-16 19:00:09 CST,7/16,0,LOG,00000,"execute S_1: SELECT c_discount, c_last, c_credit, w_tax     FROM bmsql_customer     JOIN bmsql_warehouse ON (w_id = c_w_id)     WHERE c_w_id = $1 AND c_d_id = $2 AND c_id = $3","parameters: $1 = '1', $2 = '2', $3 = '74'",,,,,,,,"","client backend"
2024-06-16 19:00:37.606 CST,"raingage","benchmark",54599,"127.0.0.1:48958",666ec5b9.d547,182,"SELECT",2024-06-16 19:00:09 CST,8/14,0,LOG,00000,"execute S_1: SELECT c_discount, c_last, c_credit, w_tax     FROM bmsql_customer     JOIN bmsql_warehouse ON (w_id = c_w_id)     WHERE c_w_id = $1 AND c_d_id = $2 AND c_id = $3","parameters: $1 = '1', $2 = '2', $3 = '70'",,,,,,,,"","client backend"
2024-06-16 19:00:37.670 CST,"raingage","benchmark",54599,"127.0.0.1:48958",666ec5b9.d547,183,"SELECT",2024-06-16 19:00:09 CST,8/14,0,LOG,00000,"execute S_1: SELECT c_discount, c_last, c_credit, w_tax     FROM bmsql_customer     JOIN bmsql_warehouse ON (w_id = c_w_id)     WHERE c_w_id = $1 AND c_d_id = $2 AND c_id = $3","parameters: $1 = '1', $2 = '2', $3 = '70'",,,,,,,,"","client backend"
2024-06-16 19:00:37.672 CST,"raingage","benchmark",54598,"127.0.0.1:48956",666ec5b9.d546,205,"SELECT",2024-06-16 19:00:09 CST,7/16,0,LOG,00000,"execute S_1: SELECT c_discount, c_last, c_credit, w_tax     FROM bmsql_customer     JOIN bmsql_warehouse ON (w_id = c_w_id)     WHERE c_w_id = $1 AND c_d_id = $2 AND c_id = $3","parameters: $1 = '1', $2 = '2', $3 = '74'",,,,,,,,"","client backend"
2024-06-16 19:00:37.737 CST,"raingage","benchmark",54599,"127.0.0.1:48958",666ec5b9.d547,184,"SELECT",2024-06-16 19:00:09 CST,8/14,0,LOG,00000,"execute S_1: SELECT c_discount, c_last, c_credit, w_tax     FROM bmsql_customer     JOIN bmsql_warehouse ON (w_id = c_w_id)     WHERE c_w_id = $1 AND c_d_id = $2 AND c_id = $3","parameters: $1 = '1', $2 = '2', $3 = '70'",,,,,,,,"","client backend"
2024-06-16 19:00:37.741 CST,"raingage","benchmark",54598,"127.0.0.1:48956",666ec5b9.d546,206,"SELECT",2024-06-16 19:00:09 CST,7/16,0,LOG,00000,"execute S_1: SELECT c_discount, c_last, c_credit, w_tax     FROM bmsql_customer     JOIN bmsql_warehouse ON (w_id = c_w_id)     WHERE c_w_id = $1 AND c_d_id = $2 AND c_id = $3","parameters: $1 = '1', $2 = '2', $3 = '74'",,,,,,,,"","client backend"
2024-06-16 19:00:37.756 CST,"raingage","benchmark",54599,"127.0.0.1:48958",666ec5b9.d547,185,"SELECT",2024-06-16 19:00:09 CST,8/14,0,LOG,00000,"execute S_5: SELECT i_price, i_name, i_data     FROM bmsql_item     WHERE i_id = $1","parameters: $1 = '51'",,,,,,,,"","client backend"
2024-06-16 19:00:37.775 CST,"raingage","benchmark",54599,"127.0.0.1:48958",666ec5b9.d547,186,"SELECT",2024-06-16 19:00:09 CST,8/14,0,LOG,00000,"execute S_6: SELECT s_quantity, s_data,        s_dist_01, s_dist_02, s_dist_03, s_dist_04,        s_dist_05, s_dist_06, s_dist_07, s_dist_08,        s_dist_09, s_dist_10     FROM bmsql_stock     WHERE s_w_id = $1 AND s_i_id = $2 ","parameters: $1 = '1', $2 = '51'",,,,,,,,"","client backend"
2024-06-16 19:00:37.792 CST,"raingage","benchmark",54599,"127.0.0.1:48958",666ec5b9.d547,187,"UPDATE",2024-06-16 19:00:09 CST,8/14,0,LOG,00000,"execute S_7: UPDATE bmsql_stock     SET s_quantity = $1, s_ytd = s_ytd + $2,         s_order_cnt = s_order_cnt + 1,         s_remote_cnt = s_remote_cnt + $3     WHERE s_w_id = $4 AND s_i_id = $5","parameters: $1 = '104', $2 = '12', $3 = '0', $4 = '1', $5 = '51'",,,,,,,,"","client backend"
2024-06-16 19:00:37.812 CST,"raingage","benchmark",54598,"127.0.0.1:48956",666ec5b9.d546,207,"SELECT",2024-06-16 19:00:09 CST,7/16,0,LOG,00000,"execute S_1: SELECT c_discount, c_last, c_credit, w_tax     FROM bmsql_customer     JOIN bmsql_warehouse ON (w_id = c_w_id)     WHERE c_w_id = $1 AND c_d_id = $2 AND c_id = $3","parameters: $1 = '1', $2 = '2', $3 = '74'",,,,,,,,"","client backend"
2024-06-16 19:00:37.813 CST,"raingage","benchmark",54599,"127.0.0.1:48958",666ec5b9.d547,188,"COMMIT",2024-06-16 19:00:09 CST,8/14,115291,LOG,00000,"execute S_2: COMMIT",,,,,,,,,"","client backend"
2024-06-16 19:00:37.819 CST,"raingage","benchmark",54596,"127.0.0.1:48952",666ec5b9.d544,397,"BEGIN",2024-06-16 19:00:09 CST,5/30,0,LOG,00000,"execute S_3: BEGIN",,,,,,,,,"","client backend"
2024-06-16 19:00:37.825 CST,"raingage","benchmark",54598,"127.0.0.1:48956",666ec5b9.d546,208,"SELECT",2024-06-16 19:00:09 CST,7/16,0,LOG,00000,"execute S_5: SELECT i_price, i_name, i_data     FROM bmsql_item     WHERE i_id = $1","parameters: $1 = '36'",,,,,,,,"","client backend"
2024-06-16 19:00:37.832 CST,"raingage","benchmark",54599,"127.0.0.1:48958",666ec5b9.d547,189,"BEGIN",2024-06-16 19:00:09 CST,8/15,0,LOG,00000,"execute S_3: BEGIN",,,,,,,,,"","client backend"
2024-06-16 19:00:37.836 CST,"raingage","benchmark",54596,"127.0.0.1:48952",666ec5b9.d544,398,"SELECT",2024-06-16 19:00:09 CST,5/30,0,LOG,00000,"execute S_4: SELECT d_tax, d_next_o_id     FROM bmsql_district     WHERE d_w_id = $1 AND d_id = $2 ","parameters: $1 = '1', $2 = '1'",,,,,,,,"","client backend"
2024-06-16 19:00:37.843 CST,"raingage","benchmark",54598,"127.0.0.1:48956",666ec5b9.d546,209,"SELECT",2024-06-16 19:00:09 CST,7/16,0,LOG,00000,"execute S_6: SELECT s_quantity, s_data,        s_dist_01, s_dist_02, s_dist_03, s_dist_04,        s_dist_05, s_dist_06, s_dist_07, s_dist_08,        s_dist_09, s_dist_10     FROM bmsql_stock     WHERE s_w_id = $1 AND s_i_id = $2 ","parameters: $1 = '1', $2 = '36'",,,,,,,,"","client backend"
2024-06-16 19:00:37.843 CST,"raingage","benchmark",54599,"127.0.0.1:48958",666ec5b9.d547,190,"SELECT",2024-06-16 19:00:09 CST,8/15,0,LOG,00000,"execute S_4: SELECT d_tax, d_next_o_id     FROM bmsql_district     WHERE d_w_id = $1 AND d_id = $2 ","parameters: $1 = '1', $2 = '2'",,,,,,,,"","client backend"
2024-06-16 19:00:37.858 CST,"raingage","benchmark",54598,"127.0.0.1:48956",666ec5b9.d546,210,"UPDATE",2024-06-16 19:00:09 CST,7/16,0,LOG,00000,"execute S_7: UPDATE bmsql_stock     SET s_quantity = $1, s_ytd = s_ytd + $2,         s_order_cnt = s_order_cnt + 1,         s_remote_cnt = s_remote_cnt + $3     WHERE s_w_id = $4 AND s_i_id = $5","parameters: $1 = '88', $2 = '1', $3 = '0', $4 = '1', $5 = '36'",,,,,,,,"","client backend"
2024-06-16 19:00:37.877 CST,"raingage","benchmark",54598,"127.0.0.1:48956",666ec5b9.d546,211,"COMMIT",2024-06-16 19:00:09 CST,7/16,115292,LOG,00000,"execute S_2: COMMIT",,,,,,,,,"","client backend"
2024-06-16 19:00:37.891 CST,"raingage","benchmark",54598,"127.0.0.1:48956",666ec5b9.d546,212,"BEGIN",2024-06-16 19:00:09 CST,7/17,0,LOG,00000,"execute S_3: BEGIN",,,,,,,,,"","client backend"
2024-06-16 19:00:37.904 CST,"raingage","benchmark",54598,"127.0.0.1:48956",666ec5b9.d546,213,"SELECT",2024-06-16 19:00:09 CST,7/17,0,LOG,00000,"execute S_4: SELECT d_tax, d_next_o_id     FROM bmsql_district     WHERE d_w_id = $1 AND d_id = $2 ","parameters: $1 = '1', $2 = '3'",,,,,,,,"","client backend"
2024-06-16 19:00:37.907 CST,"raingage","benchmark",54596,"127.0.0.1:48952",666ec5b9.d544,399,"SELECT",2024-06-16 19:00:09 CST,5/30,0,LOG,00000,"execute S_1: SELECT c_discount, c_last, c_credit, w_tax     FROM bmsql_customer     JOIN bmsql_warehouse ON (w_id = c_w_id)     WHERE c_w_id = $1 AND c_d_id = $2 AND c_id = $3","parameters: $1 = '1', $2 = '1', $3 = '10'",,,,,,,,"","client backend"
2024-06-16 19:00:37.910 CST,"raingage","benchmark",54599,"127.0.0.1:48958",666ec5b9.d547,191,"SELECT",2024-06-16 19:00:09 CST,8/15,0,LOG,00000,"execute S_1: SELECT c_discount, c_last, c_credit, w_tax     FROM bmsql_customer     JOIN bmsql_warehouse ON (w_id = c_w_id)     WHERE c_w_id = $1 AND c_d_id = $2 AND c_id = $3","parameters: $1 = '1', $2 = '2', $3 = '74'",,,,,,,,"","client backend"
2024-06-16 19:00:37.969 CST,"raingage","benchmark",54598,"127.0.0.1:48956",666ec5b9.d546,214,"SELECT",2024-06-16 19:00:09 CST,7/17,0,LOG,00000,"execute S_1: SELECT c_discount, c_last, c_credit, w_tax     FROM bmsql_customer     JOIN bmsql_warehouse ON (w_id = c_w_id)     WHERE c_w_id = $1 AND c_d_id = $2 AND c_id = $3","parameters: $1 = '1', $2 = '3', $3 = '60'",,,,,,,,"","client backend"
2024-06-16 19:00:37.979 CST,"raingage","benchmark",54596,"127.0.0.1:48952",666ec5b9.d544,400,"SELECT",2024-06-16 19:00:09 CST,5/30,0,LOG,00000,"execute S_1: SELECT c_discount, c_last, c_credit, w_tax     FROM bmsql_customer     JOIN bmsql_warehouse ON (w_id = c_w_id)     WHERE c_w_id = $1 AND c_d_id = $2 AND c_id = $3","parameters: $1 = '1', $2 = '1', $3 = '10'",,,,,,,,"","client backend"
2024-06-16 19:00:37.979 CST,"raingage","benchmark",54599,"127.0.0.1:48958",666ec5b9.d547,192,"SELECT",2024-06-16 19:00:09 CST,8/15,0,LOG,00000,"execute S_1: SELECT c_discount, c_last, c_credit, w_tax     FROM bmsql_customer     JOIN bmsql_warehouse ON (w_id = c_w_id)     WHERE c_w_id = $1 AND c_d_id = $2 AND c_id = $3","parameters: $1 = '1', $2 = '2', $3 = '74'",,,,,,,,"","client backend"
2024-06-16 19:00:38.037 CST,"raingage","benchmark",54598,"127.0.0.1:48956",666ec5b9.d546,215,"SELECT",2024-06-16 19:00:09 CST,7/17,0,LOG,00000,"execute S_1: SELECT c_discount, c_last, c_credit, w_tax     FROM bmsql_customer     JOIN bmsql_warehouse ON (w_id = c_w_id)     WHERE c_w_id = $1 AND c_d_id = $2 AND c_id = $3","parameters: $1 = '1', $2 = '3', $3 = '60'",,,,,,,,"","client backend"
2024-06-16 19:00:38.048 CST,"raingage","benchmark",54596,"127.0.0.1:48952",666ec5b9.d544,401,"SELECT",2024-06-16 19:00:09 CST,5/30,0,LOG,00000,"execute S_1: SELECT c_discount, c_last, c_credit, w_tax     FROM bmsql_customer     JOIN bmsql_warehouse ON (w_id = c_w_id)     WHERE c_w_id = $1 AND c_d_id = $2 AND c_id = $3","parameters: $1 = '1', $2 = '1', $3 = '10'",,,,,,,,"","client backend"
2024-06-16 19:00:38.050 CST,"raingage","benchmark",54599,"127.0.0.1:48958",666ec5b9.d547,193,"SELECT",2024-06-16 19:00:09 CST,8/15,0,LOG,00000,"execute S_1: SELECT c_discount, c_last, c_credit, w_tax     FROM bmsql_customer     JOIN bmsql_warehouse ON (w_id = c_w_id)     WHERE c_w_id = $1 AND c_d_id = $2 AND c_id = $3","parameters: $1 = '1', $2 = '2', $3 = '74'",,,,,,,,"","client backend"
2024-06-16 19:00:38.103 CST,"raingage","benchmark",54598,"127.0.0.1:48956",666ec5b9.d546,216,"SELECT",2024-06-16 19:00:09 CST,7/17,0,LOG,00000,"execute S_1: SELECT c_discount, c_last, c_credit, w_tax     FROM bmsql_customer     JOIN bmsql_warehouse ON (w_id = c_w_id)     WHERE c_w_id = $1 AND c_d_id = $2 AND c_id = $3","parameters: $1 = '1', $2 = '3', $3 = '60'",,,,,,,,"","client backend"
2024-06-16 19:00:38.115 CST,"raingage","benchmark",54599,"127.0.0.1:48958",666ec5b9.d547,194,"SELECT",2024-06-16 19:00:09 CST,8/15,0,LOG,00000,"execute S_1: SELECT c_discount, c_last, c_credit, w_tax     FROM bmsql_customer     JOIN bmsql_warehouse ON (w_id = c_w_id)     WHERE c_w_id = $1 AND c_d_id = $2 AND c_id = $3","parameters: $1 = '1', $2 = '2', $3 = '74'",,,,,,,,"","client backend"
2024-06-16 19:00:38.117 CST,"raingage","benchmark",54596,"127.0.0.1:48952",666ec5b9.d544,402,"SELECT",2024-06-16 19:00:09 CST,5/30,0,LOG,00000,"execute S_1: SELECT c_discount, c_last, c_credit, w_tax     FROM bmsql_customer     JOIN bmsql_warehouse ON (w_id = c_w_id)     WHERE c_w_id = $1 AND c_d_id = $2 AND c_id = $3","parameters: $1 = '1', $2 = '1', $3 = '10'",,,,,,,,"","client backend"
2024-06-16 19:00:38.169 CST,"raingage","benchmark",54598,"127.0.0.1:48956",666ec5b9.d546,217,"SELECT",2024-06-16 19:00:09 CST,7/17,0,LOG,00000,"execute S_1: SELECT c_discount, c_last, c_credit, w_tax     FROM bmsql_customer     JOIN bmsql_warehouse ON (w_id = c_w_id)     WHERE c_w_id = $1 AND c_d_id = $2 AND c_id = $3","parameters: $1 = '1', $2 = '3', $3 = '60'",,,,,,,,"","client backend"
2024-06-16 19:00:38.179 CST,"raingage","benchmark",54599,"127.0.0.1:48958",666ec5b9.d547,195,"SELECT",2024-06-16 19:00:09 CST,8/15,0,LOG,00000,"execute S_1: SELECT c_discount, c_last, c_credit, w_tax     FROM bmsql_customer     JOIN bmsql_warehouse ON (w_id = c_w_id)     WHERE c_w_id = $1 AND c_d_id = $2 AND c_id = $3","parameters: $1 = '1', $2 = '2', $3 = '74'",,,,,,,,"","client backend"
2024-06-16 19:00:38.182 CST,"raingage","benchmark",54596,"127.0.0.1:48952",666ec5b9.d544,403,"SELECT",2024-06-16 19:00:09 CST,5/30,0,LOG,00000,"execute S_1: SELECT c_discount, c_last, c_credit, w_tax     FROM bmsql_customer     JOIN bmsql_warehouse ON (w_id = c_w_id)     WHERE c_w_id = $1 AND c_d_id = $2 AND c_id = $3","parameters: $1 = '1', $2 = '1', $3 = '10'",,,,,,,,"","client backend"
2024-06-16 19:00:38.233 CST,"raingage","benchmark",54598,"127.0.0.1:48956",666ec5b9.d546,218,"SELECT",2024-06-16 19:00:09 CST,7/17,0,LOG,00000,"execute S_1: SELECT c_discount, c_last, c_credit, w_tax     FROM bmsql_customer     JOIN bmsql_warehouse ON (w_id = c_w_id)     WHERE c_w_id = $1 AND c_d_id = $2 AND c_id = $3","parameters: $1 = '1', $2 = '3', $3 = '60'",,,,,,,,"","client backend"
2024-06-16 19:00:38.247 CST,"raingage","benchmark",54596,"127.0.0.1:48952",666ec5b9.d544,404,"SELECT",2024-06-16 19:00:09 CST,5/30,0,LOG,00000,"execute S_1: SELECT c_discount, c_last, c_credit, w_tax     FROM bmsql_customer     JOIN bmsql_warehouse ON (w_id = c_w_id)     WHERE c_w_id = $1 AND c_d_id = $2 AND c_id = $3","parameters: $1 = '1', $2 = '1', $3 = '10'",,,,,,,,"","client backend"
2024-06-16 19:00:38.249 CST,"raingage","benchmark",54599,"127.0.0.1:48958",666ec5b9.d547,196,"SELECT",2024-06-16 19:00:09 CST,8/15,0,LOG,00000,"execute S_1: SELECT c_discount, c_last, c_credit, w_tax     FROM bmsql_customer     JOIN bmsql_warehouse ON (w_id = c_w_id)     WHERE c_w_id = $1 AND c_d_id = $2 AND c_id = $3","parameters: $1 = '1', $2 = '2', $3 = '74'",,,,,,,,"","client backend"
2024-06-16 19:00:38.295 CST,"raingage","benchmark",54598,"127.0.0.1:48956",666ec5b9.d546,219,"SELECT",2024-06-16 19:00:09 CST,7/17,0,LOG,00000,"execute S_1: SELECT c_discount, c_last, c_credit, w_tax     FROM bmsql_customer     JOIN bmsql_warehouse ON (w_id = c_w_id)     WHERE c_w_id = $1 AND c_d_id = $2 AND c_id = $3","parameters: $1 = '1', $2 = '3', $3 = '60'",,,,,,,,"","client backend"
2024-06-16 19:00:38.312 CST,"raingage","benchmark",54596,"127.0.0.1:48952",666ec5b9.d544,405,"SELECT",2024-06-16 19:00:09 CST,5/30,0,LOG,00000,"execute S_1: SELECT c_discount, c_last, c_credit, w_tax     FROM bmsql_customer     JOIN bmsql_warehouse ON (w_id = c_w_id)     WHERE c_w_id = $1 AND c_d_id = $2 AND c_id = $3","parameters: $1 = '1', $2 = '1', $3 = '10'",,,,,,,,"","client backend"
2024-06-16 19:00:38.318 CST,"raingage","benchmark",54599,"127.0.0.1:48958",666ec5b9.d547,197,"SELECT",2024-06-16 19:00:09 CST,8/15,0,LOG,00000,"execute S_1: SELECT c_discount, c_last, c_credit, w_tax     FROM bmsql_customer     JOIN bmsql_warehouse ON (w_id = c_w_id)     WHERE c_w_id = $1 AND c_d_id = $2 AND c_id = $3","parameters: $1 = '1', $2 = '2', $3 = '74'",,,,,,,,"","client backend"
2024-06-16 19:00:38.364 CST,"raingage","benchmark",54598,"127.0.0.1:48956",666ec5b9.d546,220,"SELECT",2024-06-16 19:00:09 CST,7/17,0,LOG,00000,"execute S_1: SELECT c_discount, c_last, c_credit, w_tax     FROM bmsql_customer     JOIN bmsql_warehouse ON (w_id = c_w_id)     WHERE c_w_id = $1 AND c_d_id = $2 AND c_id = $3","parameters: $1 = '1', $2 = '3', $3 = '60'",,,,,,,,"","client backend"
2024-06-16 19:00:38.380 CST,"raingage","benchmark",54596,"127.0.0.1:48952",666ec5b9.d544,406,"SELECT",2024-06-16 19:00:09 CST,5/30,0,LOG,00000,"execute S_1: SELECT c_discount, c_last, c_credit, w_tax     FROM bmsql_customer     JOIN bmsql_warehouse ON (w_id = c_w_id)     WHERE c_w_id = $1 AND c_d_id = $2 AND c_id = $3","parameters: $1 = '1', $2 = '1', $3 = '10'",,,,,,,,"","client backend"
2024-06-16 19:00:38.388 CST,"raingage","benchmark",54599,"127.0.0.1:48958",666ec5b9.d547,198,"SELECT",2024-06-16 19:00:09 CST,8/15,0,LOG,00000,"execute S_1: SELECT c_discount, c_last, c_credit, w_tax     FROM bmsql_customer     JOIN bmsql_warehouse ON (w_id = c_w_id)     WHERE c_w_id = $1 AND c_d_id = $2 AND c_id = $3","parameters: $1 = '1', $2 = '2', $3 = '74'",,,,,,,,"","client backend"
2024-06-16 19:00:38.395 CST,"raingage","benchmark",54596,"127.0.0.1:48952",666ec5b9.d544,407,"SELECT",2024-06-16 19:00:09 CST,5/30,0,LOG,00000,"execute S_5: SELECT i_price, i_name, i_data     FROM bmsql_item     WHERE i_id = $1","parameters: $1 = '43'",,,,,,,,"","client backend"
2024-06-16 19:00:38.407 CST,"raingage","benchmark",54599,"127.0.0.1:48958",666ec5b9.d547,199,"SELECT",2024-06-16 19:00:09 CST,8/15,0,LOG,00000,"execute S_5: SELECT i_price, i_name, i_data     FROM bmsql_item     WHERE i_id = $1","parameters: $1 = '36'",,,,,,,,"","client backend"
2024-06-16 19:00:38.410 CST,"raingage","benchmark",54596,"127.0.0.1:48952",666ec5b9.d544,408,"SELECT",2024-06-16 19:00:09 CST,5/30,0,LOG,00000,"execute S_6: SELECT s_quantity, s_data,        s_dist_01, s_dist_02, s_dist_03, s_dist_04,        s_dist_05, s_dist_06, s_dist_07, s_dist_08,        s_dist_09, s_dist_10     FROM bmsql_stock     WHERE s_w_id = $1 AND s_i_id = $2 ","parameters: $1 = '1', $2 = '43'",,,,,,,,"","client backend"
2024-06-16 19:00:38.426 CST,"raingage","benchmark",54596,"127.0.0.1:48952",666ec5b9.d544,409,"UPDATE",2024-06-16 19:00:09 CST,5/30,0,LOG,00000,"execute S_7: UPDATE bmsql_stock     SET s_quantity = $1, s_ytd = s_ytd + $2,         s_order_cnt = s_order_cnt + 1,         s_remote_cnt = s_remote_cnt + $3     WHERE s_w_id = $4 AND s_i_id = $5","parameters: $1 = '56', $2 = '1', $3 = '0', $4 = '1', $5 = '43'",,,,,,,,"","client backend"
2024-06-16 19:00:38.427 CST,"raingage","benchmark",54599,"127.0.0.1:48958",666ec5b9.d547,200,"SELECT",2024-06-16 19:00:09 CST,8/15,0,LOG,00000,"execute S_6: SELECT s_quantity, s_data,        s_dist_01, s_dist_02, s_dist_03, s_dist_04,        s_dist_05, s_dist_06, s_dist_07, s_dist_08,        s_dist_09, s_dist_10     FROM bmsql_stock     WHERE s_w_id = $1 AND s_i_id = $2 ","parameters: $1 = '1', $2 = '36'",,,,,,,,"","client backend"
2024-06-16 19:00:38.431 CST,"raingage","benchmark",54598,"127.0.0.1:48956",666ec5b9.d546,221,"SELECT",2024-06-16 19:00:09 CST,7/17,0,LOG,00000,"execute S_1: SELECT c_discount, c_last, c_credit, w_tax     FROM bmsql_customer     JOIN bmsql_warehouse ON (w_id = c_w_id)     WHERE c_w_id = $1 AND c_d_id = $2 AND c_id = $3","parameters: $1 = '1', $2 = '3', $3 = '60'",,,,,,,,"","client backend"
2024-06-16 19:00:38.438 CST,"raingage","benchmark",54596,"127.0.0.1:48952",666ec5b9.d544,410,"COMMIT",2024-06-16 19:00:09 CST,5/30,115293,LOG,00000,"execute S_2: COMMIT",,,,,,,,,"","client backend"
2024-06-16 19:00:38.440 CST,"raingage","benchmark",54599,"127.0.0.1:48958",666ec5b9.d547,201,"UPDATE",2024-06-16 19:00:09 CST,8/15,0,LOG,00000,"execute S_7: UPDATE bmsql_stock     SET s_quantity = $1, s_ytd = s_ytd + $2,         s_order_cnt = s_order_cnt + 1,         s_remote_cnt = s_remote_cnt + $3     WHERE s_w_id = $4 AND s_i_id = $5","parameters: $1 = '86', $2 = '3', $3 = '0', $4 = '1', $5 = '36'",,,,,,,,"","client backend"
2024-06-16 19:00:38.442 CST,"raingage","benchmark",54598,"127.0.0.1:48956",666ec5b9.d546,222,"SELECT",2024-06-16 19:00:09 CST,7/17,0,LOG,00000,"execute S_5: SELECT i_price, i_name, i_data     FROM bmsql_item     WHERE i_id = $1","parameters: $1 = '93'",,,,,,,,"","client backend"
2024-06-16 19:00:38.455 CST,"raingage","benchmark",54598,"127.0.0.1:48956",666ec5b9.d546,223,"SELECT",2024-06-16 19:00:09 CST,7/17,0,LOG,00000,"execute S_6: SELECT s_quantity, s_data,        s_dist_01, s_dist_02, s_dist_03, s_dist_04,        s_dist_05, s_dist_06, s_dist_07, s_dist_08,        s_dist_09, s_dist_10     FROM bmsql_stock     WHERE s_w_id = $1 AND s_i_id = $2 ","parameters: $1 = '1', $2 = '93'",,,,,,,,"","client backend"
2024-06-16 19:00:38.458 CST,"raingage","benchmark",54599,"127.0.0.1:48958",666ec5b9.d547,202,"COMMIT",2024-06-16 19:00:09 CST,8/15,115294,LOG,00000,"execute S_2: COMMIT",,,,,,,,,"","client backend"
2024-06-16 19:00:38.473 CST,"raingage","benchmark",54599,"127.0.0.1:48958",666ec5b9.d547,203,"BEGIN",2024-06-16 19:00:09 CST,8/16,0,LOG,00000,"execute S_3: BEGIN",,,,,,,,,"","client backend"
2024-06-16 19:00:38.474 CST,"raingage","benchmark",54598,"127.0.0.1:48956",666ec5b9.d546,224,"UPDATE",2024-06-16 19:00:09 CST,7/17,0,LOG,00000,"execute S_7: UPDATE bmsql_stock     SET s_quantity = $1, s_ytd = s_ytd + $2,         s_order_cnt = s_order_cnt + 1,         s_remote_cnt = s_remote_cnt + $3     WHERE s_w_id = $4 AND s_i_id = $5","parameters: $1 = '29', $2 = '3', $3 = '0', $4 = '1', $5 = '93'",,,,,,,,"","client backend"
2024-06-16 19:00:38.488 CST,"raingage","benchmark",54599,"127.0.0.1:48958",666ec5b9.d547,204,"SELECT",2024-06-16 19:00:09 CST,8/16,0,LOG,00000,"execute S_4: SELECT d_tax, d_next_o_id     FROM bmsql_district     WHERE d_w_id = $1 AND d_id = $2 ","parameters: $1 = '1', $2 = '3'",,,,,,,,"","client backend"
2024-06-16 19:00:38.490 CST,"raingage","benchmark",54598,"127.0.0.1:48956",666ec5b9.d546,225,"COMMIT",2024-06-16 19:00:09 CST,7/17,115295,LOG,00000,"execute S_2: COMMIT",,,,,,,,,"","client backend"
2024-06-16 19:00:38.506 CST,"raingage","benchmark",54598,"127.0.0.1:48956",666ec5b9.d546,226,"BEGIN",2024-06-16 19:00:09 CST,7/18,0,LOG,00000,"execute S_3: BEGIN",,,,,,,,,"","client backend"
2024-06-16 19:00:38.519 CST,"raingage","benchmark",54598,"127.0.0.1:48956",666ec5b9.d546,227,"SELECT",2024-06-16 19:00:09 CST,7/18,0,LOG,00000,"execute S_4: SELECT d_tax, d_next_o_id     FROM bmsql_district     WHERE d_w_id = $1 AND d_id = $2 ","parameters: $1 = '1', $2 = '3'",,,,,,,,"","client backend"
2024-06-16 19:00:38.560 CST,"raingage","benchmark",54599,"127.0.0.1:48958",666ec5b9.d547,205,"SELECT",2024-06-16 19:00:09 CST,8/16,0,LOG,00000,"execute S_1: SELECT c_discount, c_last, c_credit, w_tax     FROM bmsql_customer     JOIN bmsql_warehouse ON (w_id = c_w_id)     WHERE c_w_id = $1 AND c_d_id = $2 AND c_id = $3","parameters: $1 = '1', $2 = '3', $3 = '35'",,,,,,,,"","client backend"
2024-06-16 19:00:38.590 CST,"raingage","benchmark",54598,"127.0.0.1:48956",666ec5b9.d546,228,"SELECT",2024-06-16 19:00:09 CST,7/18,0,LOG,00000,"execute S_1: SELECT c_discount, c_last, c_credit, w_tax     FROM bmsql_customer     JOIN bmsql_warehouse ON (w_id = c_w_id)     WHERE c_w_id = $1 AND c_d_id = $2 AND c_id = $3","parameters: $1 = '1', $2 = '3', $3 = '33'",,,,,,,,"","client backend"
2024-06-16 19:00:38.628 CST,"raingage","benchmark",54599,"127.0.0.1:48958",666ec5b9.d547,206,"SELECT",2024-06-16 19:00:09 CST,8/16,0,LOG,00000,"execute S_1: SELECT c_discount, c_last, c_credit, w_tax     FROM bmsql_customer     JOIN bmsql_warehouse ON (w_id = c_w_id)     WHERE c_w_id = $1 AND c_d_id = $2 AND c_id = $3","parameters: $1 = '1', $2 = '3', $3 = '35'",,,,,,,,"","client backend"
2024-06-16 19:00:38.654 CST,"raingage","benchmark",54598,"127.0.0.1:48956",666ec5b9.d546,229,"SELECT",2024-06-16 19:00:09 CST,7/18,0,LOG,00000,"execute S_1: SELECT c_discount, c_last, c_credit, w_tax     FROM bmsql_customer     JOIN bmsql_warehouse ON (w_id = c_w_id)     WHERE c_w_id = $1 AND c_d_id = $2 AND c_id = $3","parameters: $1 = '1', $2 = '3', $3 = '33'",,,,,,,,"","client backend"
2024-06-16 19:00:38.698 CST,"raingage","benchmark",54599,"127.0.0.1:48958",666ec5b9.d547,207,"SELECT",2024-06-16 19:00:09 CST,8/16,0,LOG,00000,"execute S_1: SELECT c_discount, c_last, c_credit, w_tax     FROM bmsql_customer     JOIN bmsql_warehouse ON (w_id = c_w_id)     WHERE c_w_id = $1 AND c_d_id = $2 AND c_id = $3","parameters: $1 = '1', $2 = '3', $3 = '35'",,,,,,,,"","client backend"
2024-06-16 19:00:38.718 CST,"raingage","benchmark",54598,"127.0.0.1:48956",666ec5b9.d546,230,"SELECT",2024-06-16 19:00:09 CST,7/18,0,LOG,00000,"execute S_1: SELECT c_discount, c_last, c_credit, w_tax     FROM bmsql_customer     JOIN bmsql_warehouse ON (w_id = c_w_id)     WHERE c_w_id = $1 AND c_d_id = $2 AND c_id = $3","parameters: $1 = '1', $2 = '3', $3 = '33'",,,,,,,,"","client backend"
2024-06-16 19:00:38.769 CST,"raingage","benchmark",54599,"127.0.0.1:48958",666ec5b9.d547,208,"SELECT",2024-06-16 19:00:09 CST,8/16,0,LOG,00000,"execute S_1: SELECT c_discount, c_last, c_credit, w_tax     FROM bmsql_customer     JOIN bmsql_warehouse ON (w_id = c_w_id)     WHERE c_w_id = $1 AND c_d_id = $2 AND c_id = $3","parameters: $1 = '1', $2 = '3', $3 = '35'",,,,,,,,"","client backend"
2024-06-16 19:00:38.781 CST,"raingage","benchmark",54598,"127.0.0.1:48956",666ec5b9.d546,231,"SELECT",2024-06-16 19:00:09 CST,7/18,0,LOG,00000,"execute S_1: SELECT c_discount, c_last, c_credit, w_tax     FROM bmsql_customer     JOIN bmsql_warehouse ON (w_id = c_w_id)     WHERE c_w_id = $1 AND c_d_id = $2 AND c_id = $3","parameters: $1 = '1', $2 = '3', $3 = '33'",,,,,,,,"","client backend"
2024-06-16 19:00:38.833 CST,"raingage","benchmark",54599,"127.0.0.1:48958",666ec5b9.d547,209,"SELECT",2024-06-16 19:00:09 CST,8/16,0,LOG,00000,"execute S_1: SELECT c_discount, c_last, c_credit, w_tax     FROM bmsql_customer     JOIN bmsql_warehouse ON (w_id = c_w_id)     WHERE c_w_id = $1 AND c_d_id = $2 AND c_id = $3","parameters: $1 = '1', $2 = '3', $3 = '35'",,,,,,,,"","client backend"
2024-06-16 19:00:38.845 CST,"raingage","benchmark",54598,"127.0.0.1:48956",666ec5b9.d546,232,"SELECT",2024-06-16 19:00:09 CST,7/18,0,LOG,00000,"execute S_1: SELECT c_discount, c_last, c_credit, w_tax     FROM bmsql_customer     JOIN bmsql_warehouse ON (w_id = c_w_id)     WHERE c_w_id = $1 AND c_d_id = $2 AND c_id = $3","parameters: $1 = '1', $2 = '3', $3 = '33'",,,,,,,,"","client backend"
2024-06-16 19:00:38.902 CST,"raingage","benchmark",54599,"127.0.0.1:48958",666ec5b9.d547,210,"SELECT",2024-06-16 19:00:09 CST,8/16,0,LOG,00000,"execute S_1: SELECT c_discount, c_last, c_credit, w_tax     FROM bmsql_customer     JOIN bmsql_warehouse ON (w_id = c_w_id)     WHERE c_w_id = $1 AND c_d_id = $2 AND c_id = $3","parameters: $1 = '1', $2 = '3', $3 = '35'",,,,,,,,"","client backend"
2024-06-16 19:00:38.913 CST,"raingage","benchmark",54598,"127.0.0.1:48956",666ec5b9.d546,233,"SELECT",2024-06-16 19:00:09 CST,7/18,0,LOG,00000,"execute S_1: SELECT c_discount, c_last, c_credit, w_tax     FROM bmsql_customer     JOIN bmsql_warehouse ON (w_id = c_w_id)     WHERE c_w_id = $1 AND c_d_id = $2 AND c_id = $3","parameters: $1 = '1', $2 = '3', $3 = '33'",,,,,,,,"","client backend"
2024-06-16 19:00:38.970 CST,"raingage","benchmark",54599,"127.0.0.1:48958",666ec5b9.d547,211,"SELECT",2024-06-16 19:00:09 CST,8/16,0,LOG,00000,"execute S_1: SELECT c_discount, c_last, c_credit, w_tax     FROM bmsql_customer     JOIN bmsql_warehouse ON (w_id = c_w_id)     WHERE c_w_id = $1 AND c_d_id = $2 AND c_id = $3","parameters: $1 = '1', $2 = '3', $3 = '35'",,,,,,,,"","client backend"
2024-06-16 19:00:38.980 CST,"raingage","benchmark",54598,"127.0.0.1:48956",666ec5b9.d546,234,"SELECT",2024-06-16 19:00:09 CST,7/18,0,LOG,00000,"execute S_1: SELECT c_discount, c_last, c_credit, w_tax     FROM bmsql_customer     JOIN bmsql_warehouse ON (w_id = c_w_id)     WHERE c_w_id = $1 AND c_d_id = $2 AND c_id = $3","parameters: $1 = '1', $2 = '3', $3 = '33'",,,,,,,,"","client backend"
2024-06-16 19:00:39.041 CST,"raingage","benchmark",54599,"127.0.0.1:48958",666ec5b9.d547,212,"SELECT",2024-06-16 19:00:09 CST,8/16,0,LOG,00000,"execute S_1: SELECT c_discount, c_last, c_credit, w_tax     FROM bmsql_customer     JOIN bmsql_warehouse ON (w_id = c_w_id)     WHERE c_w_id = $1 AND c_d_id = $2 AND c_id = $3","parameters: $1 = '1', $2 = '3', $3 = '35'",,,,,,,,"","client backend"
2024-06-16 19:00:39.047 CST,"raingage","benchmark",54598,"127.0.0.1:48956",666ec5b9.d546,235,"SELECT",2024-06-16 19:00:09 CST,7/18,0,LOG,00000,"execute S_1: SELECT c_discount, c_last, c_credit, w_tax     FROM bmsql_customer     JOIN bmsql_warehouse ON (w_id = c_w_id)     WHERE c_w_id = $1 AND c_d_id = $2 AND c_id = $3","parameters: $1 = '1', $2 = '3', $3 = '33'",,,,,,,,"","client backend"
2024-06-16 19:00:39.057 CST,"raingage","benchmark",54599,"127.0.0.1:48958",666ec5b9.d547,213,"SELECT",2024-06-16 19:00:09 CST,8/16,0,LOG,00000,"execute S_5: SELECT i_price, i_name, i_data     FROM bmsql_item     WHERE i_id = $1","parameters: $1 = '11'",,,,,,,,"","client backend"
2024-06-16 19:00:39.064 CST,"raingage","benchmark",54598,"127.0.0.1:48956",666ec5b9.d546,236,"SELECT",2024-06-16 19:00:09 CST,7/18,0,LOG,00000,"execute S_5: SELECT i_price, i_name, i_data     FROM bmsql_item     WHERE i_id = $1","parameters: $1 = '96'",,,,,,,,"","client backend"
2024-06-16 19:00:39.077 CST,"raingage","benchmark",54599,"127.0.0.1:48958",666ec5b9.d547,214,"SELECT",2024-06-16 19:00:09 CST,8/16,0,LOG,00000,"execute S_6: SELECT s_quantity, s_data,        s_dist_01, s_dist_02, s_dist_03, s_dist_04,        s_dist_05, s_dist_06, s_dist_07, s_dist_08,        s_dist_09, s_dist_10     FROM bmsql_stock     WHERE s_w_id = $1 AND s_i_id = $2 ","parameters: $1 = '1', $2 = '11'",,,,,,,,"","client backend"
2024-06-16 19:00:39.078 CST,"raingage","benchmark",54598,"127.0.0.1:48956",666ec5b9.d546,237,"SELECT",2024-06-16 19:00:09 CST,7/18,0,LOG,00000,"execute S_6: SELECT s_quantity, s_data,        s_dist_01, s_dist_02, s_dist_03, s_dist_04,        s_dist_05, s_dist_06, s_dist_07, s_dist_08,        s_dist_09, s_dist_10     FROM bmsql_stock     WHERE s_w_id = $1 AND s_i_id = $2 ","parameters: $1 = '1', $2 = '96'",,,,,,,,"","client backend"
2024-06-16 19:00:39.093 CST,"raingage","benchmark",54599,"127.0.0.1:48958",666ec5b9.d547,215,"UPDATE",2024-06-16 19:00:09 CST,8/16,0,LOG,00000,"execute S_7: UPDATE bmsql_stock     SET s_quantity = $1, s_ytd = s_ytd + $2,         s_order_cnt = s_order_cnt + 1,         s_remote_cnt = s_remote_cnt + $3     WHERE s_w_id = $4 AND s_i_id = $5","parameters: $1 = '99', $2 = '3', $3 = '0', $4 = '1', $5 = '11'",,,,,,,,"","client backend"
2024-06-16 19:00:39.095 CST,"raingage","benchmark",54598,"127.0.0.1:48956",666ec5b9.d546,238,"UPDATE",2024-06-16 19:00:09 CST,7/18,0,LOG,00000,"execute S_7: UPDATE bmsql_stock     SET s_quantity = $1, s_ytd = s_ytd + $2,         s_order_cnt = s_order_cnt + 1,         s_remote_cnt = s_remote_cnt + $3     WHERE s_w_id = $4 AND s_i_id = $5","parameters: $1 = '98', $2 = '3', $3 = '0', $4 = '1', $5 = '96'",,,,,,,,"","client backend"
2024-06-16 19:00:39.107 CST,"raingage","benchmark",54599,"127.0.0.1:48958",666ec5b9.d547,216,"COMMIT",2024-06-16 19:00:09 CST,8/16,115296,LOG,00000,"execute S_2: COMMIT",,,,,,,,,"","client backend"
2024-06-16 19:00:39.115 CST,"raingage","benchmark",54598,"127.0.0.1:48956",666ec5b9.d546,239,"COMMIT",2024-06-16 19:00:09 CST,7/18,115297,LOG,00000,"execute S_2: COMMIT",,,,,,,,,"","client backend"
2024-06-16 19:00:39.129 CST,"raingage","benchmark",54599,"127.0.0.1:48958",666ec5b9.d547,217,"BEGIN",2024-06-16 19:00:09 CST,8/17,0,LOG,00000,"execute S_3: BEGIN",,,,,,,,,"","client backend"
2024-06-16 19:00:39.136 CST,"raingage","benchmark",54598,"127.0.0.1:48956",666ec5b9.d546,240,"BEGIN",2024-06-16 19:00:09 CST,7/19,0,LOG,00000,"execute S_3: BEGIN",,,,,,,,,"","client backend"
2024-06-16 19:00:39.149 CST,"raingage","benchmark",54599,"127.0.0.1:48958",666ec5b9.d547,218,"SELECT",2024-06-16 19:00:09 CST,8/17,0,LOG,00000,"execute S_4: SELECT d_tax, d_next_o_id     FROM bmsql_district     WHERE d_w_id = $1 AND d_id = $2 ","parameters: $1 = '1', $2 = '3'",,,,,,,,"","client backend"
2024-06-16 19:00:39.155 CST,"raingage","benchmark",54598,"127.0.0.1:48956",666ec5b9.d546,241,"SELECT",2024-06-16 19:00:09 CST,7/19,0,LOG,00000,"execute S_4: SELECT d_tax, d_next_o_id     FROM bmsql_district     WHERE d_w_id = $1 AND d_id = $2 ","parameters: $1 = '1', $2 = '3'",,,,,,,,"","client backend"
2024-06-16 19:00:39.214 CST,"raingage","benchmark",54599,"127.0.0.1:48958",666ec5b9.d547,219,"SELECT",2024-06-16 19:00:09 CST,8/17,0,LOG,00000,"execute S_1: SELECT c_discount, c_last, c_credit, w_tax     FROM bmsql_customer     JOIN bmsql_warehouse ON (w_id = c_w_id)     WHERE c_w_id = $1 AND c_d_id = $2 AND c_id = $3","parameters: $1 = '1', $2 = '3', $3 = '33'",,,,,,,,"","client backend"
2024-06-16 19:00:39.227 CST,"raingage","benchmark",54598,"127.0.0.1:48956",666ec5b9.d546,242,"SELECT",2024-06-16 19:00:09 CST,7/19,0,LOG,00000,"execute S_1: SELECT c_discount, c_last, c_credit, w_tax     FROM bmsql_customer     JOIN bmsql_warehouse ON (w_id = c_w_id)     WHERE c_w_id = $1 AND c_d_id = $2 AND c_id = $3","parameters: $1 = '1', $2 = '3', $3 = '25'",,,,,,,,"","client backend"
2024-06-16 19:00:39.280 CST,"raingage","benchmark",54599,"127.0.0.1:48958",666ec5b9.d547,220,"SELECT",2024-06-16 19:00:09 CST,8/17,0,LOG,00000,"execute S_1: SELECT c_discount, c_last, c_credit, w_tax     FROM bmsql_customer     JOIN bmsql_warehouse ON (w_id = c_w_id)     WHERE c_w_id = $1 AND c_d_id = $2 AND c_id = $3","parameters: $1 = '1', $2 = '3', $3 = '33'",,,,,,,,"","client backend"
2024-06-16 19:00:39.291 CST,"raingage","benchmark",54598,"127.0.0.1:48956",666ec5b9.d546,243,"SELECT",2024-06-16 19:00:09 CST,7/19,0,LOG,00000,"execute S_1: SELECT c_discount, c_last, c_credit, w_tax     FROM bmsql_customer     JOIN bmsql_warehouse ON (w_id = c_w_id)     WHERE c_w_id = $1 AND c_d_id = $2 AND c_id = $3","parameters: $1 = '1', $2 = '3', $3 = '25'",,,,,,,,"","client backend"
2024-06-16 19:00:39.344 CST,"raingage","benchmark",54599,"127.0.0.1:48958",666ec5b9.d547,221,"SELECT",2024-06-16 19:00:09 CST,8/17,0,LOG,00000,"execute S_1: SELECT c_discount, c_last, c_credit, w_tax     FROM bmsql_customer     JOIN bmsql_warehouse ON (w_id = c_w_id)     WHERE c_w_id = $1 AND c_d_id = $2 AND c_id = $3","parameters: $1 = '1', $2 = '3', $3 = '33'",,,,,,,,"","client backend"
2024-06-16 19:00:39.354 CST,"raingage","benchmark",54598,"127.0.0.1:48956",666ec5b9.d546,244,"SELECT",2024-06-16 19:00:09 CST,7/19,0,LOG,00000,"execute S_1: SELECT c_discount, c_last, c_credit, w_tax     FROM bmsql_customer     JOIN bmsql_warehouse ON (w_id = c_w_id)     WHERE c_w_id = $1 AND c_d_id = $2 AND c_id = $3","parameters: $1 = '1', $2 = '3', $3 = '25'",,,,,,,,"","client backend"
2024-06-16 19:00:39.414 CST,"raingage","benchmark",54599,"127.0.0.1:48958",666ec5b9.d547,222,"SELECT",2024-06-16 19:00:09 CST,8/17,0,LOG,00000,"execute S_1: SELECT c_discount, c_last, c_credit, w_tax     FROM bmsql_customer     JOIN bmsql_warehouse ON (w_id = c_w_id)     WHERE c_w_id = $1 AND c_d_id = $2 AND c_id = $3","parameters: $1 = '1', $2 = '3', $3 = '33'",,,,,,,,"","client backend"
2024-06-16 19:00:39.418 CST,"raingage","benchmark",54598,"127.0.0.1:48956",666ec5b9.d546,245,"SELECT",2024-06-16 19:00:09 CST,7/19,0,LOG,00000,"execute S_1: SELECT c_discount, c_last, c_credit, w_tax     FROM bmsql_customer     JOIN bmsql_warehouse ON (w_id = c_w_id)     WHERE c_w_id = $1 AND c_d_id = $2 AND c_id = $3","parameters: $1 = '1', $2 = '3', $3 = '25'",,,,,,,,"","client backend"
2024-06-16 19:00:39.478 CST,"raingage","benchmark",54599,"127.0.0.1:48958",666ec5b9.d547,223,"SELECT",2024-06-16 19:00:09 CST,8/17,0,LOG,00000,"execute S_1: SELECT c_discount, c_last, c_credit, w_tax     FROM bmsql_customer     JOIN bmsql_warehouse ON (w_id = c_w_id)     WHERE c_w_id = $1 AND c_d_id = $2 AND c_id = $3","parameters: $1 = '1', $2 = '3', $3 = '33'",,,,,,,,"","client backend"
2024-06-16 19:00:39.488 CST,"raingage","benchmark",54598,"127.0.0.1:48956",666ec5b9.d546,246,"SELECT",2024-06-16 19:00:09 CST,7/19,0,LOG,00000,"execute S_1: SELECT c_discount, c_last, c_credit, w_tax     FROM bmsql_customer     JOIN bmsql_warehouse ON (w_id = c_w_id)     WHERE c_w_id = $1 AND c_d_id = $2 AND c_id = $3","parameters: $1 = '1', $2 = '3', $3 = '25'",,,,,,,,"","client backend"
2024-06-16 19:00:39.541 CST,"raingage","benchmark",54599,"127.0.0.1:48958",666ec5b9.d547,224,"SELECT",2024-06-16 19:00:09 CST,8/17,0,LOG,00000,"execute S_1: SELECT c_discount, c_last, c_credit, w_tax     FROM bmsql_customer     JOIN bmsql_warehouse ON (w_id = c_w_id)     WHERE c_w_id = $1 AND c_d_id = $2 AND c_id = $3","parameters: $1 = '1', $2 = '3', $3 = '33'",,,,,,,,"","client backend"
2024-06-16 19:00:39.554 CST,"raingage","benchmark",54598,"127.0.0.1:48956",666ec5b9.d546,247,"SELECT",2024-06-16 19:00:09 CST,7/19,0,LOG,00000,"execute S_1: SELECT c_discount, c_last, c_credit, w_tax     FROM bmsql_customer     JOIN bmsql_warehouse ON (w_id = c_w_id)     WHERE c_w_id = $1 AND c_d_id = $2 AND c_id = $3","parameters: $1 = '1', $2 = '3', $3 = '25'",,,,,,,,"","client backend"
2024-06-16 19:00:39.604 CST,"raingage","benchmark",54599,"127.0.0.1:48958",666ec5b9.d547,225,"SELECT",2024-06-16 19:00:09 CST,8/17,0,LOG,00000,"execute S_1: SELECT c_discount, c_last, c_credit, w_tax     FROM bmsql_customer     JOIN bmsql_warehouse ON (w_id = c_w_id)     WHERE c_w_id = $1 AND c_d_id = $2 AND c_id = $3","parameters: $1 = '1', $2 = '3', $3 = '33'",,,,,,,,"","client backend"
2024-06-16 19:00:39.623 CST,"raingage","benchmark",54598,"127.0.0.1:48956",666ec5b9.d546,248,"SELECT",2024-06-16 19:00:09 CST,7/19,0,LOG,00000,"execute S_1: SELECT c_discount, c_last, c_credit, w_tax     FROM bmsql_customer     JOIN bmsql_warehouse ON (w_id = c_w_id)     WHERE c_w_id = $1 AND c_d_id = $2 AND c_id = $3","parameters: $1 = '1', $2 = '3', $3 = '25'",,,,,,,,"","client backend"
2024-06-16 19:00:39.673 CST,"raingage","benchmark",54599,"127.0.0.1:48958",666ec5b9.d547,226,"SELECT",2024-06-16 19:00:09 CST,8/17,0,LOG,00000,"execute S_1: SELECT c_discount, c_last, c_credit, w_tax     FROM bmsql_customer     JOIN bmsql_warehouse ON (w_id = c_w_id)     WHERE c_w_id = $1 AND c_d_id = $2 AND c_id = $3","parameters: $1 = '1', $2 = '3', $3 = '33'",,,,,,,,"","client backend"
2024-06-16 19:00:39.693 CST,"raingage","benchmark",54599,"127.0.0.1:48958",666ec5b9.d547,227,"SELECT",2024-06-16 19:00:09 CST,8/17,0,LOG,00000,"execute S_5: SELECT i_price, i_name, i_data     FROM bmsql_item     WHERE i_id = $1","parameters: $1 = '96'",,,,,,,,"","client backend"
2024-06-16 19:00:39.693 CST,"raingage","benchmark",54598,"127.0.0.1:48956",666ec5b9.d546,249,"SELECT",2024-06-16 19:00:09 CST,7/19,0,LOG,00000,"execute S_1: SELECT c_discount, c_last, c_credit, w_tax     FROM bmsql_customer     JOIN bmsql_warehouse ON (w_id = c_w_id)     WHERE c_w_id = $1 AND c_d_id = $2 AND c_id = $3","parameters: $1 = '1', $2 = '3', $3 = '25'",,,,,,,,"","client backend"
2024-06-16 19:00:39.712 CST,"raingage","benchmark",54598,"127.0.0.1:48956",666ec5b9.d546,250,"SELECT",2024-06-16 19:00:09 CST,7/19,0,LOG,00000,"execute S_5: SELECT i_price, i_name, i_data     FROM bmsql_item     WHERE i_id = $1","parameters: $1 = '16'",,,,,,,,"","client backend"
2024-06-16 19:00:39.714 CST,"raingage","benchmark",54599,"127.0.0.1:48958",666ec5b9.d547,228,"SELECT",2024-06-16 19:00:09 CST,8/17,0,LOG,00000,"execute S_6: SELECT s_quantity, s_data,        s_dist_01, s_dist_02, s_dist_03, s_dist_04,        s_dist_05, s_dist_06, s_dist_07, s_dist_08,        s_dist_09, s_dist_10     FROM bmsql_stock     WHERE s_w_id = $1 AND s_i_id = $2 ","parameters: $1 = '1', $2 = '96'",,,,,,,,"","client backend"
2024-06-16 19:00:39.725 CST,"raingage","benchmark",54598,"127.0.0.1:48956",666ec5b9.d546,251,"SELECT",2024-06-16 19:00:09 CST,7/19,0,LOG,00000,"execute S_6: SELECT s_quantity, s_data,        s_dist_01, s_dist_02, s_dist_03, s_dist_04,        s_dist_05, s_dist_06, s_dist_07, s_dist_08,        s_dist_09, s_dist_10     FROM bmsql_stock     WHERE s_w_id = $1 AND s_i_id = $2 ","parameters: $1 = '1', $2 = '16'",,,,,,,,"","client backend"
2024-06-16 19:00:39.733 CST,"raingage","benchmark",54599,"127.0.0.1:48958",666ec5b9.d547,229,"UPDATE",2024-06-16 19:00:09 CST,8/17,0,LOG,00000,"execute S_7: UPDATE bmsql_stock     SET s_quantity = $1, s_ytd = s_ytd + $2,         s_order_cnt = s_order_cnt + 1,         s_remote_cnt = s_remote_cnt + $3     WHERE s_w_id = $4 AND s_i_id = $5","parameters: $1 = '93', $2 = '5', $3 = '0', $4 = '1', $5 = '96'",,,,,,,,"","client backend"
2024-06-16 19:00:39.741 CST,"raingage","benchmark",54598,"127.0.0.1:48956",666ec5b9.d546,252,"UPDATE",2024-06-16 19:00:09 CST,7/19,0,LOG,00000,"execute S_7: UPDATE bmsql_stock     SET s_quantity = $1, s_ytd = s_ytd + $2,         s_order_cnt = s_order_cnt + 1,         s_remote_cnt = s_remote_cnt + $3     WHERE s_w_id = $4 AND s_i_id = $5","parameters: $1 = '47', $2 = '3', $3 = '0', $4 = '1', $5 = '16'",,,,,,,,"","client backend"
2024-06-16 19:00:39.752 CST,"raingage","benchmark",54599,"127.0.0.1:48958",666ec5b9.d547,230,"COMMIT",2024-06-16 19:00:09 CST,8/17,115298,LOG,00000,"execute S_2: COMMIT",,,,,,,,,"","client backend"
2024-06-16 19:00:39.762 CST,"raingage","benchmark",54598,"127.0.0.1:48956",666ec5b9.d546,253,"COMMIT",2024-06-16 19:00:09 CST,7/19,115299,LOG,00000,"execute S_2: COMMIT",,,,,,,,,"","client backend"
2024-06-16 19:00:39.773 CST,"raingage","benchmark",54599,"127.0.0.1:48958",666ec5b9.d547,231,"BEGIN",2024-06-16 19:00:09 CST,8/18,0,LOG,00000,"execute S_3: BEGIN",,,,,,,,,"","client backend"
2024-06-16 19:00:39.793 CST,"raingage","benchmark",54599,"127.0.0.1:48958",666ec5b9.d547,232,"SELECT",2024-06-16 19:00:09 CST,8/18,0,LOG,00000,"execute S_4: SELECT d_tax, d_next_o_id     FROM bmsql_district     WHERE d_w_id = $1 AND d_id = $2 ","parameters: $1 = '1', $2 = '1'",,,,,,,,"","client backend"
2024-06-16 19:00:39.862 CST,"raingage","benchmark",54599,"127.0.0.1:48958",666ec5b9.d547,233,"SELECT",2024-06-16 19:00:09 CST,8/18,0,LOG,00000,"execute S_1: SELECT c_discount, c_last, c_credit, w_tax     FROM bmsql_customer     JOIN bmsql_warehouse ON (w_id = c_w_id)     WHERE c_w_id = $1 AND c_d_id = $2 AND c_id = $3","parameters: $1 = '1', $2 = '1', $3 = '3'",,,,,,,,"","client backend"
2024-06-16 19:00:39.928 CST,"raingage","benchmark",54599,"127.0.0.1:48958",666ec5b9.d547,234,"SELECT",2024-06-16 19:00:09 CST,8/18,0,LOG,00000,"execute S_1: SELECT c_discount, c_last, c_credit, w_tax     FROM bmsql_customer     JOIN bmsql_warehouse ON (w_id = c_w_id)     WHERE c_w_id = $1 AND c_d_id = $2 AND c_id = $3","parameters: $1 = '1', $2 = '1', $3 = '3'",,,,,,,,"","client backend"
2024-06-16 19:00:39.993 CST,"raingage","benchmark",54599,"127.0.0.1:48958",666ec5b9.d547,235,"SELECT",2024-06-16 19:00:09 CST,8/18,0,LOG,00000,"execute S_1: SELECT c_discount, c_last, c_credit, w_tax     FROM bmsql_customer     JOIN bmsql_warehouse ON (w_id = c_w_id)     WHERE c_w_id = $1 AND c_d_id = $2 AND c_id = $3","parameters: $1 = '1', $2 = '1', $3 = '3'",,,,,,,,"","client backend"
2024-06-16 19:00:40.060 CST,"raingage","benchmark",54599,"127.0.0.1:48958",666ec5b9.d547,236,"SELECT",2024-06-16 19:00:09 CST,8/18,0,LOG,00000,"execute S_1: SELECT c_discount, c_last, c_credit, w_tax     FROM bmsql_customer     JOIN bmsql_warehouse ON (w_id = c_w_id)     WHERE c_w_id = $1 AND c_d_id = $2 AND c_id = $3","parameters: $1 = '1', $2 = '1', $3 = '3'",,,,,,,,"","client backend"
2024-06-16 19:00:40.125 CST,"raingage","benchmark",54599,"127.0.0.1:48958",666ec5b9.d547,237,"SELECT",2024-06-16 19:00:09 CST,8/18,0,LOG,00000,"execute S_1: SELECT c_discount, c_last, c_credit, w_tax     FROM bmsql_customer     JOIN bmsql_warehouse ON (w_id = c_w_id)     WHERE c_w_id = $1 AND c_d_id = $2 AND c_id = $3","parameters: $1 = '1', $2 = '1', $3 = '3'",,,,,,,,"","client backend"
2024-06-16 19:00:40.190 CST,"raingage","benchmark",54599,"127.0.0.1:48958",666ec5b9.d547,238,"SELECT",2024-06-16 19:00:09 CST,8/18,0,LOG,00000,"execute S_1: SELECT c_discount, c_last, c_credit, w_tax     FROM bmsql_customer     JOIN bmsql_warehouse ON (w_id = c_w_id)     WHERE c_w_id = $1 AND c_d_id = $2 AND c_id = $3","parameters: $1 = '1', $2 = '1', $3 = '3'",,,,,,,,"","client backend"
2024-06-16 19:00:40.258 CST,"raingage","benchmark",54599,"127.0.0.1:48958",666ec5b9.d547,239,"SELECT",2024-06-16 19:00:09 CST,8/18,0,LOG,00000,"execute S_1: SELECT c_discount, c_last, c_credit, w_tax     FROM bmsql_customer     JOIN bmsql_warehouse ON (w_id = c_w_id)     WHERE c_w_id = $1 AND c_d_id = $2 AND c_id = $3","parameters: $1 = '1', $2 = '1', $3 = '3'",,,,,,,,"","client backend"
2024-06-16 19:00:40.327 CST,"raingage","benchmark",54599,"127.0.0.1:48958",666ec5b9.d547,240,"SELECT",2024-06-16 19:00:09 CST,8/18,0,LOG,00000,"execute S_1: SELECT c_discount, c_last, c_credit, w_tax     FROM bmsql_customer     JOIN bmsql_warehouse ON (w_id = c_w_id)     WHERE c_w_id = $1 AND c_d_id = $2 AND c_id = $3","parameters: $1 = '1', $2 = '1', $3 = '3'",,,,,,,,"","client backend"
2024-06-16 19:00:40.340 CST,"raingage","benchmark",54599,"127.0.0.1:48958",666ec5b9.d547,241,"SELECT",2024-06-16 19:00:09 CST,8/18,0,LOG,00000,"execute S_5: SELECT i_price, i_name, i_data     FROM bmsql_item     WHERE i_id = $1","parameters: $1 = '23'",,,,,,,,"","client backend"
2024-06-16 19:00:40.354 CST,"raingage","benchmark",54599,"127.0.0.1:48958",666ec5b9.d547,242,"SELECT",2024-06-16 19:00:09 CST,8/18,0,LOG,00000,"execute S_6: SELECT s_quantity, s_data,        s_dist_01, s_dist_02, s_dist_03, s_dist_04,        s_dist_05, s_dist_06, s_dist_07, s_dist_08,        s_dist_09, s_dist_10     FROM bmsql_stock     WHERE s_w_id = $1 AND s_i_id = $2 ","parameters: $1 = '1', $2 = '23'",,,,,,,,"","client backend"
2024-06-16 19:00:40.371 CST,"raingage","benchmark",54599,"127.0.0.1:48958",666ec5b9.d547,243,"UPDATE",2024-06-16 19:00:09 CST,8/18,0,LOG,00000,"execute S_7: UPDATE bmsql_stock     SET s_quantity = $1, s_ytd = s_ytd + $2,         s_order_cnt = s_order_cnt + 1,         s_remote_cnt = s_remote_cnt + $3     WHERE s_w_id = $4 AND s_i_id = $5","parameters: $1 = '96', $2 = '3', $3 = '0', $4 = '1', $5 = '23'",,,,,,,,"","client backend"
2024-06-16 19:00:40.388 CST,"raingage","benchmark",54599,"127.0.0.1:48958",666ec5b9.d547,244,"COMMIT",2024-06-16 19:00:09 CST,8/18,115300,LOG,00000,"execute S_2: COMMIT",,,,,,,,,"","client backend"
2024-06-16 19:00:40.406 CST,"raingage","benchmark",54599,"127.0.0.1:48958",666ec5b9.d547,245,"BEGIN",2024-06-16 19:00:09 CST,8/19,0,LOG,00000,"execute S_3: BEGIN",,,,,,,,,"","client backend"
2024-06-16 19:00:40.418 CST,"raingage","benchmark",54599,"127.0.0.1:48958",666ec5b9.d547,246,"SELECT",2024-06-16 19:00:09 CST,8/19,0,LOG,00000,"execute S_4: SELECT d_tax, d_next_o_id     FROM bmsql_district     WHERE d_w_id = $1 AND d_id = $2 ","parameters: $1 = '1', $2 = '2'",,,,,,,,"","client backend"
2024-06-16 19:00:40.481 CST,"raingage","benchmark",54599,"127.0.0.1:48958",666ec5b9.d547,247,"SELECT",2024-06-16 19:00:09 CST,8/19,0,LOG,00000,"execute S_1: SELECT c_discount, c_last, c_credit, w_tax     FROM bmsql_customer     JOIN bmsql_warehouse ON (w_id = c_w_id)     WHERE c_w_id = $1 AND c_d_id = $2 AND c_id = $3","parameters: $1 = '1', $2 = '2', $3 = '69'",,,,,,,,"","client backend"
2024-06-16 19:00:40.544 CST,"raingage","benchmark",54599,"127.0.0.1:48958",666ec5b9.d547,248,"SELECT",2024-06-16 19:00:09 CST,8/19,0,LOG,00000,"execute S_1: SELECT c_discount, c_last, c_credit, w_tax     FROM bmsql_customer     JOIN bmsql_warehouse ON (w_id = c_w_id)     WHERE c_w_id = $1 AND c_d_id = $2 AND c_id = $3","parameters: $1 = '1', $2 = '2', $3 = '69'",,,,,,,,"","client backend"
2024-06-16 19:00:40.607 CST,"raingage","benchmark",54599,"127.0.0.1:48958",666ec5b9.d547,249,"SELECT",2024-06-16 19:00:09 CST,8/19,0,LOG,00000,"execute S_1: SELECT c_discount, c_last, c_credit, w_tax     FROM bmsql_customer     JOIN bmsql_warehouse ON (w_id = c_w_id)     WHERE c_w_id = $1 AND c_d_id = $2 AND c_id = $3","parameters: $1 = '1', $2 = '2', $3 = '69'",,,,,,,,"","client backend"
2024-06-16 19:00:40.674 CST,"raingage","benchmark",54599,"127.0.0.1:48958",666ec5b9.d547,250,"SELECT",2024-06-16 19:00:09 CST,8/19,0,LOG,00000,"execute S_1: SELECT c_discount, c_last, c_credit, w_tax     FROM bmsql_customer     JOIN bmsql_warehouse ON (w_id = c_w_id)     WHERE c_w_id = $1 AND c_d_id = $2 AND c_id = $3","parameters: $1 = '1', $2 = '2', $3 = '69'",,,,,,,,"","client backend"
2024-06-16 19:00:40.743 CST,"raingage","benchmark",54599,"127.0.0.1:48958",666ec5b9.d547,251,"SELECT",2024-06-16 19:00:09 CST,8/19,0,LOG,00000,"execute S_1: SELECT c_discount, c_last, c_credit, w_tax     FROM bmsql_customer     JOIN bmsql_warehouse ON (w_id = c_w_id)     WHERE c_w_id = $1 AND c_d_id = $2 AND c_id = $3","parameters: $1 = '1', $2 = '2', $3 = '69'",,,,,,,,"","client backend"
2024-06-16 19:00:40.808 CST,"raingage","benchmark",54599,"127.0.0.1:48958",666ec5b9.d547,252,"SELECT",2024-06-16 19:00:09 CST,8/19,0,LOG,00000,"execute S_1: SELECT c_discount, c_last, c_credit, w_tax     FROM bmsql_customer     JOIN bmsql_warehouse ON (w_id = c_w_id)     WHERE c_w_id = $1 AND c_d_id = $2 AND c_id = $3","parameters: $1 = '1', $2 = '2', $3 = '69'",,,,,,,,"","client backend"
2024-06-16 19:00:40.873 CST,"raingage","benchmark",54599,"127.0.0.1:48958",666ec5b9.d547,253,"SELECT",2024-06-16 19:00:09 CST,8/19,0,LOG,00000,"execute S_1: SELECT c_discount, c_last, c_credit, w_tax     FROM bmsql_customer     JOIN bmsql_warehouse ON (w_id = c_w_id)     WHERE c_w_id = $1 AND c_d_id = $2 AND c_id = $3","parameters: $1 = '1', $2 = '2', $3 = '69'",,,,,,,,"","client backend"
2024-06-16 19:00:40.937 CST,"raingage","benchmark",54599,"127.0.0.1:48958",666ec5b9.d547,254,"SELECT",2024-06-16 19:00:09 CST,8/19,0,LOG,00000,"execute S_1: SELECT c_discount, c_last, c_credit, w_tax     FROM bmsql_customer     JOIN bmsql_warehouse ON (w_id = c_w_id)     WHERE c_w_id = $1 AND c_d_id = $2 AND c_id = $3","parameters: $1 = '1', $2 = '2', $3 = '69'",,,,,,,,"","client backend"
2024-06-16 19:00:40.952 CST,"raingage","benchmark",54599,"127.0.0.1:48958",666ec5b9.d547,255,"SELECT",2024-06-16 19:00:09 CST,8/19,0,LOG,00000,"execute S_5: SELECT i_price, i_name, i_data     FROM bmsql_item     WHERE i_id = $1","parameters: $1 = '28'",,,,,,,,"","client backend"
2024-06-16 19:00:40.969 CST,"raingage","benchmark",54599,"127.0.0.1:48958",666ec5b9.d547,256,"SELECT",2024-06-16 19:00:09 CST,8/19,0,LOG,00000,"execute S_6: SELECT s_quantity, s_data,        s_dist_01, s_dist_02, s_dist_03, s_dist_04,        s_dist_05, s_dist_06, s_dist_07, s_dist_08,        s_dist_09, s_dist_10     FROM bmsql_stock     WHERE s_w_id = $1 AND s_i_id = $2 ","parameters: $1 = '1', $2 = '28'",,,,,,,,"","client backend"
2024-06-16 19:00:40.990 CST,"raingage","benchmark",54599,"127.0.0.1:48958",666ec5b9.d547,257,"UPDATE",2024-06-16 19:00:09 CST,8/19,0,LOG,00000,"execute S_7: UPDATE bmsql_stock     SET s_quantity = $1, s_ytd = s_ytd + $2,         s_order_cnt = s_order_cnt + 1,         s_remote_cnt = s_remote_cnt + $3     WHERE s_w_id = $4 AND s_i_id = $5","parameters: $1 = '13', $2 = '4', $3 = '0', $4 = '1', $5 = '28'",,,,,,,,"","client backend"
2024-06-16 19:00:41.006 CST,"raingage","benchmark",54599,"127.0.0.1:48958",666ec5b9.d547,258,"COMMIT",2024-06-16 19:00:09 CST,8/19,115301,LOG,00000,"execute S_2: COMMIT",,,,,,,,,"","client backend"
2024-06-16 19:00:41.024 CST,"raingage","benchmark",54599,"127.0.0.1:48958",666ec5b9.d547,259,"BEGIN",2024-06-16 19:00:09 CST,8/20,0,LOG,00000,"execute S_3: BEGIN",,,,,,,,,"","client backend"
2024-06-16 19:00:41.042 CST,"raingage","benchmark",54599,"127.0.0.1:48958",666ec5b9.d547,260,"SELECT",2024-06-16 19:00:09 CST,8/20,0,LOG,00000,"execute S_4: SELECT d_tax, d_next_o_id     FROM bmsql_district     WHERE d_w_id = $1 AND d_id = $2 ","parameters: $1 = '1', $2 = '2'",,,,,,,,"","client backend"
2024-06-16 19:00:41.105 CST,"raingage","benchmark",54599,"127.0.0.1:48958",666ec5b9.d547,261,"SELECT",2024-06-16 19:00:09 CST,8/20,0,LOG,00000,"execute S_1: SELECT c_discount, c_last, c_credit, w_tax     FROM bmsql_customer     JOIN bmsql_warehouse ON (w_id = c_w_id)     WHERE c_w_id = $1 AND c_d_id = $2 AND c_id = $3","parameters: $1 = '1', $2 = '2', $3 = '69'",,,,,,,,"","client backend"
2024-06-16 19:00:41.170 CST,"raingage","benchmark",54599,"127.0.0.1:48958",666ec5b9.d547,262,"SELECT",2024-06-16 19:00:09 CST,8/20,0,LOG,00000,"execute S_1: SELECT c_discount, c_last, c_credit, w_tax     FROM bmsql_customer     JOIN bmsql_warehouse ON (w_id = c_w_id)     WHERE c_w_id = $1 AND c_d_id = $2 AND c_id = $3","parameters: $1 = '1', $2 = '2', $3 = '69'",,,,,,,,"","client backend"
2024-06-16 19:00:41.237 CST,"raingage","benchmark",54599,"127.0.0.1:48958",666ec5b9.d547,263,"SELECT",2024-06-16 19:00:09 CST,8/20,0,LOG,00000,"execute S_1: SELECT c_discount, c_last, c_credit, w_tax     FROM bmsql_customer     JOIN bmsql_warehouse ON (w_id = c_w_id)     WHERE c_w_id = $1 AND c_d_id = $2 AND c_id = $3","parameters: $1 = '1', $2 = '2', $3 = '69'",,,,,,,,"","client backend"
2024-06-16 19:00:41.308 CST,"raingage","benchmark",54599,"127.0.0.1:48958",666ec5b9.d547,264,"SELECT",2024-06-16 19:00:09 CST,8/20,0,LOG,00000,"execute S_1: SELECT c_discount, c_last, c_credit, w_tax     FROM bmsql_customer     JOIN bmsql_warehouse ON (w_id = c_w_id)     WHERE c_w_id = $1 AND c_d_id = $2 AND c_id = $3","parameters: $1 = '1', $2 = '2', $3 = '69'",,,,,,,,"","client backend"
2024-06-16 19:00:41.379 CST,"raingage","benchmark",54599,"127.0.0.1:48958",666ec5b9.d547,265,"SELECT",2024-06-16 19:00:09 CST,8/20,0,LOG,00000,"execute S_1: SELECT c_discount, c_last, c_credit, w_tax     FROM bmsql_customer     JOIN bmsql_warehouse ON (w_id = c_w_id)     WHERE c_w_id = $1 AND c_d_id = $2 AND c_id = $3","parameters: $1 = '1', $2 = '2', $3 = '69'",,,,,,,,"","client backend"
2024-06-16 19:00:41.451 CST,"raingage","benchmark",54599,"127.0.0.1:48958",666ec5b9.d547,266,"SELECT",2024-06-16 19:00:09 CST,8/20,0,LOG,00000,"execute S_1: SELECT c_discount, c_last, c_credit, w_tax     FROM bmsql_customer     JOIN bmsql_warehouse ON (w_id = c_w_id)     WHERE c_w_id = $1 AND c_d_id = $2 AND c_id = $3","parameters: $1 = '1', $2 = '2', $3 = '69'",,,,,,,,"","client backend"
2024-06-16 19:00:41.518 CST,"raingage","benchmark",54599,"127.0.0.1:48958",666ec5b9.d547,267,"SELECT",2024-06-16 19:00:09 CST,8/20,0,LOG,00000,"execute S_1: SELECT c_discount, c_last, c_credit, w_tax     FROM bmsql_customer     JOIN bmsql_warehouse ON (w_id = c_w_id)     WHERE c_w_id = $1 AND c_d_id = $2 AND c_id = $3","parameters: $1 = '1', $2 = '2', $3 = '69'",,,,,,,,"","client backend"
2024-06-16 19:00:41.580 CST,"raingage","benchmark",54599,"127.0.0.1:48958",666ec5b9.d547,268,"SELECT",2024-06-16 19:00:09 CST,8/20,0,LOG,00000,"execute S_1: SELECT c_discount, c_last, c_credit, w_tax     FROM bmsql_customer     JOIN bmsql_warehouse ON (w_id = c_w_id)     WHERE c_w_id = $1 AND c_d_id = $2 AND c_id = $3","parameters: $1 = '1', $2 = '2', $3 = '69'",,,,,,,,"","client backend"
2024-06-16 19:00:41.595 CST,"raingage","benchmark",54599,"127.0.0.1:48958",666ec5b9.d547,269,"SELECT",2024-06-16 19:00:09 CST,8/20,0,LOG,00000,"execute S_5: SELECT i_price, i_name, i_data     FROM bmsql_item     WHERE i_id = $1","parameters: $1 = '28'",,,,,,,,"","client backend"
2024-06-16 19:00:41.607 CST,"raingage","benchmark",54599,"127.0.0.1:48958",666ec5b9.d547,270,"SELECT",2024-06-16 19:00:09 CST,8/20,0,LOG,00000,"execute S_6: SELECT s_quantity, s_data,        s_dist_01, s_dist_02, s_dist_03, s_dist_04,        s_dist_05, s_dist_06, s_dist_07, s_dist_08,        s_dist_09, s_dist_10     FROM bmsql_stock     WHERE s_w_id = $1 AND s_i_id = $2 ","parameters: $1 = '1', $2 = '28'",,,,,,,,"","client backend"
2024-06-16 19:00:41.626 CST,"raingage","benchmark",54599,"127.0.0.1:48958",666ec5b9.d547,271,"UPDATE",2024-06-16 19:00:09 CST,8/20,0,LOG,00000,"execute S_7: UPDATE bmsql_stock     SET s_quantity = $1, s_ytd = s_ytd + $2,         s_order_cnt = s_order_cnt + 1,         s_remote_cnt = s_remote_cnt + $3     WHERE s_w_id = $4 AND s_i_id = $5","parameters: $1 = '11', $2 = '2', $3 = '0', $4 = '1', $5 = '28'",,,,,,,,"","client backend"
2024-06-16 19:00:41.643 CST,"raingage","benchmark",54599,"127.0.0.1:48958",666ec5b9.d547,272,"COMMIT",2024-06-16 19:00:09 CST,8/20,115302,LOG,00000,"execute S_2: COMMIT",,,,,,,,,"","client backend"
2024-06-16 19:00:41.661 CST,"raingage","benchmark",54599,"127.0.0.1:48958",666ec5b9.d547,273,"BEGIN",2024-06-16 19:00:09 CST,8/21,0,LOG,00000,"execute S_3: BEGIN",,,,,,,,,"","client backend"
2024-06-16 19:00:41.673 CST,"raingage","benchmark",54599,"127.0.0.1:48958",666ec5b9.d547,274,"SELECT",2024-06-16 19:00:09 CST,8/21,0,LOG,00000,"execute S_4: SELECT d_tax, d_next_o_id     FROM bmsql_district     WHERE d_w_id = $1 AND d_id = $2 ","parameters: $1 = '1', $2 = '2'",,,,,,,,"","client backend"
2024-06-16 19:00:41.739 CST,"raingage","benchmark",54599,"127.0.0.1:48958",666ec5b9.d547,275,"SELECT",2024-06-16 19:00:09 CST,8/21,0,LOG,00000,"execute S_1: SELECT c_discount, c_last, c_credit, w_tax     FROM bmsql_customer     JOIN bmsql_warehouse ON (w_id = c_w_id)     WHERE c_w_id = $1 AND c_d_id = $2 AND c_id = $3","parameters: $1 = '1', $2 = '2', $3 = '2'",,,,,,,,"","client backend"
2024-06-16 19:00:41.802 CST,"raingage","benchmark",54599,"127.0.0.1:48958",666ec5b9.d547,276,"SELECT",2024-06-16 19:00:09 CST,8/21,0,LOG,00000,"execute S_1: SELECT c_discount, c_last, c_credit, w_tax     FROM bmsql_customer     JOIN bmsql_warehouse ON (w_id = c_w_id)     WHERE c_w_id = $1 AND c_d_id = $2 AND c_id = $3","parameters: $1 = '1', $2 = '2', $3 = '2'",,,,,,,,"","client backend"
2024-06-16 19:00:41.866 CST,"raingage","benchmark",54599,"127.0.0.1:48958",666ec5b9.d547,277,"SELECT",2024-06-16 19:00:09 CST,8/21,0,LOG,00000,"execute S_1: SELECT c_discount, c_last, c_credit, w_tax     FROM bmsql_customer     JOIN bmsql_warehouse ON (w_id = c_w_id)     WHERE c_w_id = $1 AND c_d_id = $2 AND c_id = $3","parameters: $1 = '1', $2 = '2', $3 = '2'",,,,,,,,"","client backend"
2024-06-16 19:00:41.886 CST,"raingage","benchmark",54595,"127.0.0.1:48950",666ec5b9.d543,282,"BEGIN",2024-06-16 19:00:09 CST,4/22,0,LOG,00000,"execute S_3: BEGIN",,,,,,,,,"","client backend"
2024-06-16 19:00:41.897 CST,"raingage","benchmark",54595,"127.0.0.1:48950",666ec5b9.d543,283,"SELECT",2024-06-16 19:00:09 CST,4/22,0,LOG,00000,"execute S_4: SELECT d_tax, d_next_o_id     FROM bmsql_district     WHERE d_w_id = $1 AND d_id = $2 ","parameters: $1 = '1', $2 = '1'",,,,,,,,"","client backend"
2024-06-16 19:00:41.936 CST,"raingage","benchmark",54599,"127.0.0.1:48958",666ec5b9.d547,278,"SELECT",2024-06-16 19:00:09 CST,8/21,0,LOG,00000,"execute S_1: SELECT c_discount, c_last, c_credit, w_tax     FROM bmsql_customer     JOIN bmsql_warehouse ON (w_id = c_w_id)     WHERE c_w_id = $1 AND c_d_id = $2 AND c_id = $3","parameters: $1 = '1', $2 = '2', $3 = '2'",,,,,,,,"","client backend"
2024-06-16 19:00:41.965 CST,"raingage","benchmark",54595,"127.0.0.1:48950",666ec5b9.d543,284,"SELECT",2024-06-16 19:00:09 CST,4/22,0,LOG,00000,"execute S_1: SELECT c_discount, c_last, c_credit, w_tax     FROM bmsql_customer     JOIN bmsql_warehouse ON (w_id = c_w_id)     WHERE c_w_id = $1 AND c_d_id = $2 AND c_id = $3","parameters: $1 = '1', $2 = '1', $3 = '31'",,,,,,,,"","client backend"
2024-06-16 19:00:42.001 CST,"raingage","benchmark",54599,"127.0.0.1:48958",666ec5b9.d547,279,"SELECT",2024-06-16 19:00:09 CST,8/21,0,LOG,00000,"execute S_1: SELECT c_discount, c_last, c_credit, w_tax     FROM bmsql_customer     JOIN bmsql_warehouse ON (w_id = c_w_id)     WHERE c_w_id = $1 AND c_d_id = $2 AND c_id = $3","parameters: $1 = '1', $2 = '2', $3 = '2'",,,,,,,,"","client backend"
2024-06-16 19:00:42.030 CST,"raingage","benchmark",54595,"127.0.0.1:48950",666ec5b9.d543,285,"SELECT",2024-06-16 19:00:09 CST,4/22,0,LOG,00000,"execute S_1: SELECT c_discount, c_last, c_credit, w_tax     FROM bmsql_customer     JOIN bmsql_warehouse ON (w_id = c_w_id)     WHERE c_w_id = $1 AND c_d_id = $2 AND c_id = $3","parameters: $1 = '1', $2 = '1', $3 = '31'",,,,,,,,"","client backend"
2024-06-16 19:00:42.069 CST,"raingage","benchmark",54599,"127.0.0.1:48958",666ec5b9.d547,280,"SELECT",2024-06-16 19:00:09 CST,8/21,0,LOG,00000,"execute S_1: SELECT c_discount, c_last, c_credit, w_tax     FROM bmsql_customer     JOIN bmsql_warehouse ON (w_id = c_w_id)     WHERE c_w_id = $1 AND c_d_id = $2 AND c_id = $3","parameters: $1 = '1', $2 = '2', $3 = '2'",,,,,,,,"","client backend"
2024-06-16 19:00:42.094 CST,"raingage","benchmark",54595,"127.0.0.1:48950",666ec5b9.d543,286,"SELECT",2024-06-16 19:00:09 CST,4/22,0,LOG,00000,"execute S_1: SELECT c_discount, c_last, c_credit, w_tax     FROM bmsql_customer     JOIN bmsql_warehouse ON (w_id = c_w_id)     WHERE c_w_id = $1 AND c_d_id = $2 AND c_id = $3","parameters: $1 = '1', $2 = '1', $3 = '31'",,,,,,,,"","client backend"
2024-06-16 19:00:42.133 CST,"raingage","benchmark",54599,"127.0.0.1:48958",666ec5b9.d547,281,"SELECT",2024-06-16 19:00:09 CST,8/21,0,LOG,00000,"execute S_1: SELECT c_discount, c_last, c_credit, w_tax     FROM bmsql_customer     JOIN bmsql_warehouse ON (w_id = c_w_id)     WHERE c_w_id = $1 AND c_d_id = $2 AND c_id = $3","parameters: $1 = '1', $2 = '2', $3 = '2'",,,,,,,,"","client backend"
2024-06-16 19:00:42.161 CST,"raingage","benchmark",54595,"127.0.0.1:48950",666ec5b9.d543,287,"SELECT",2024-06-16 19:00:09 CST,4/22,0,LOG,00000,"execute S_1: SELECT c_discount, c_last, c_credit, w_tax     FROM bmsql_customer     JOIN bmsql_warehouse ON (w_id = c_w_id)     WHERE c_w_id = $1 AND c_d_id = $2 AND c_id = $3","parameters: $1 = '1', $2 = '1', $3 = '31'",,,,,,,,"","client backend"
2024-06-16 19:00:42.196 CST,"raingage","benchmark",54599,"127.0.0.1:48958",666ec5b9.d547,282,"SELECT",2024-06-16 19:00:09 CST,8/21,0,LOG,00000,"execute S_1: SELECT c_discount, c_last, c_credit, w_tax     FROM bmsql_customer     JOIN bmsql_warehouse ON (w_id = c_w_id)     WHERE c_w_id = $1 AND c_d_id = $2 AND c_id = $3","parameters: $1 = '1', $2 = '2', $3 = '2'",,,,,,,,"","client backend"
2024-06-16 19:00:42.216 CST,"raingage","benchmark",54599,"127.0.0.1:48958",666ec5b9.d547,283,"SELECT",2024-06-16 19:00:09 CST,8/21,0,LOG,00000,"execute S_5: SELECT i_price, i_name, i_data     FROM bmsql_item     WHERE i_id = $1","parameters: $1 = '35'",,,,,,,,"","client backend"
2024-06-16 19:00:42.233 CST,"raingage","benchmark",54595,"127.0.0.1:48950",666ec5b9.d543,288,"SELECT",2024-06-16 19:00:09 CST,4/22,0,LOG,00000,"execute S_1: SELECT c_discount, c_last, c_credit, w_tax     FROM bmsql_customer     JOIN bmsql_warehouse ON (w_id = c_w_id)     WHERE c_w_id = $1 AND c_d_id = $2 AND c_id = $3","parameters: $1 = '1', $2 = '1', $3 = '31'",,,,,,,,"","client backend"
2024-06-16 19:00:42.234 CST,"raingage","benchmark",54599,"127.0.0.1:48958",666ec5b9.d547,284,"SELECT",2024-06-16 19:00:09 CST,8/21,0,LOG,00000,"execute S_6: SELECT s_quantity, s_data,        s_dist_01, s_dist_02, s_dist_03, s_dist_04,        s_dist_05, s_dist_06, s_dist_07, s_dist_08,        s_dist_09, s_dist_10     FROM bmsql_stock     WHERE s_w_id = $1 AND s_i_id = $2 ","parameters: $1 = '1', $2 = '35'",,,,,,,,"","client backend"
2024-06-16 19:00:42.248 CST,"raingage","benchmark",54599,"127.0.0.1:48958",666ec5b9.d547,285,"UPDATE",2024-06-16 19:00:09 CST,8/21,0,LOG,00000,"execute S_7: UPDATE bmsql_stock     SET s_quantity = $1, s_ytd = s_ytd + $2,         s_order_cnt = s_order_cnt + 1,         s_remote_cnt = s_remote_cnt + $3     WHERE s_w_id = $4 AND s_i_id = $5","parameters: $1 = '17', $2 = '5', $3 = '0', $4 = '1', $5 = '35'",,,,,,,,"","client backend"
2024-06-16 19:00:42.261 CST,"raingage","benchmark",54599,"127.0.0.1:48958",666ec5b9.d547,286,"COMMIT",2024-06-16 19:00:09 CST,8/21,115303,LOG,00000,"execute S_2: COMMIT",,,,,,,,,"","client backend"
2024-06-16 19:00:42.278 CST,"raingage","benchmark",54599,"127.0.0.1:48958",666ec5b9.d547,287,"BEGIN",2024-06-16 19:00:09 CST,8/22,0,LOG,00000,"execute S_3: BEGIN",,,,,,,,,"","client backend"
2024-06-16 19:00:42.290 CST,"raingage","benchmark",54599,"127.0.0.1:48958",666ec5b9.d547,288,"SELECT",2024-06-16 19:00:09 CST,8/22,0,LOG,00000,"execute S_4: SELECT d_tax, d_next_o_id     FROM bmsql_district     WHERE d_w_id = $1 AND d_id = $2 ","parameters: $1 = '1', $2 = '2'",,,,,,,,"","client backend"
2024-06-16 19:00:42.300 CST,"raingage","benchmark",54595,"127.0.0.1:48950",666ec5b9.d543,289,"SELECT",2024-06-16 19:00:09 CST,4/22,0,LOG,00000,"execute S_1: SELECT c_discount, c_last, c_credit, w_tax     FROM bmsql_customer     JOIN bmsql_warehouse ON (w_id = c_w_id)     WHERE c_w_id = $1 AND c_d_id = $2 AND c_id = $3","parameters: $1 = '1', $2 = '1', $3 = '31'",,,,,,,,"","client backend"
2024-06-16 19:00:42.356 CST,"raingage","benchmark",54599,"127.0.0.1:48958",666ec5b9.d547,289,"SELECT",2024-06-16 19:00:09 CST,8/22,0,LOG,00000,"execute S_1: SELECT c_discount, c_last, c_credit, w_tax     FROM bmsql_customer     JOIN bmsql_warehouse ON (w_id = c_w_id)     WHERE c_w_id = $1 AND c_d_id = $2 AND c_id = $3","parameters: $1 = '1', $2 = '2', $3 = '2'",,,,,,,,"","client backend"
2024-06-16 19:00:42.363 CST,"raingage","benchmark",54595,"127.0.0.1:48950",666ec5b9.d543,290,"SELECT",2024-06-16 19:00:09 CST,4/22,0,LOG,00000,"execute S_1: SELECT c_discount, c_last, c_credit, w_tax     FROM bmsql_customer     JOIN bmsql_warehouse ON (w_id = c_w_id)     WHERE c_w_id = $1 AND c_d_id = $2 AND c_id = $3","parameters: $1 = '1', $2 = '1', $3 = '31'",,,,,,,,"","client backend"
2024-06-16 19:00:42.426 CST,"raingage","benchmark",54599,"127.0.0.1:48958",666ec5b9.d547,290,"SELECT",2024-06-16 19:00:09 CST,8/22,0,LOG,00000,"execute S_1: SELECT c_discount, c_last, c_credit, w_tax     FROM bmsql_customer     JOIN bmsql_warehouse ON (w_id = c_w_id)     WHERE c_w_id = $1 AND c_d_id = $2 AND c_id = $3","parameters: $1 = '1', $2 = '2', $3 = '2'",,,,,,,,"","client backend"
2024-06-16 19:00:42.434 CST,"raingage","benchmark",54595,"127.0.0.1:48950",666ec5b9.d543,291,"SELECT",2024-06-16 19:00:09 CST,4/22,0,LOG,00000,"execute S_1: SELECT c_discount, c_last, c_credit, w_tax     FROM bmsql_customer     JOIN bmsql_warehouse ON (w_id = c_w_id)     WHERE c_w_id = $1 AND c_d_id = $2 AND c_id = $3","parameters: $1 = '1', $2 = '1', $3 = '31'",,,,,,,,"","client backend"
2024-06-16 19:00:42.453 CST,"raingage","benchmark",54595,"127.0.0.1:48950",666ec5b9.d543,292,"SELECT",2024-06-16 19:00:09 CST,4/22,0,LOG,00000,"execute S_5: SELECT i_price, i_name, i_data     FROM bmsql_item     WHERE i_id = $1","parameters: $1 = '68'",,,,,,,,"","client backend"
2024-06-16 19:00:42.464 CST,"raingage","benchmark",54595,"127.0.0.1:48950",666ec5b9.d543,293,"SELECT",2024-06-16 19:00:09 CST,4/22,0,LOG,00000,"execute S_6: SELECT s_quantity, s_data,        s_dist_01, s_dist_02, s_dist_03, s_dist_04,        s_dist_05, s_dist_06, s_dist_07, s_dist_08,        s_dist_09, s_dist_10     FROM bmsql_stock     WHERE s_w_id = $1 AND s_i_id = $2 ","parameters: $1 = '1', $2 = '68'",,,,,,,,"","client backend"
2024-06-16 19:00:42.475 CST,"raingage","benchmark",54595,"127.0.0.1:48950",666ec5b9.d543,294,"UPDATE",2024-06-16 19:00:09 CST,4/22,0,LOG,00000,"execute S_7: UPDATE bmsql_stock     SET s_quantity = $1, s_ytd = s_ytd + $2,         s_order_cnt = s_order_cnt + 1,         s_remote_cnt = s_remote_cnt + $3     WHERE s_w_id = $4 AND s_i_id = $5","parameters: $1 = '19', $2 = '5', $3 = '0', $4 = '1', $5 = '68'",,,,,,,,"","client backend"
2024-06-16 19:00:42.491 CST,"raingage","benchmark",54595,"127.0.0.1:48950",666ec5b9.d543,295,"COMMIT",2024-06-16 19:00:09 CST,4/22,115304,LOG,00000,"execute S_2: COMMIT",,,,,,,,,"","client backend"
2024-06-16 19:00:42.496 CST,"raingage","benchmark",54599,"127.0.0.1:48958",666ec5b9.d547,291,"SELECT",2024-06-16 19:00:09 CST,8/22,0,LOG,00000,"execute S_1: SELECT c_discount, c_last, c_credit, w_tax     FROM bmsql_customer     JOIN bmsql_warehouse ON (w_id = c_w_id)     WHERE c_w_id = $1 AND c_d_id = $2 AND c_id = $3","parameters: $1 = '1', $2 = '2', $3 = '2'",,,,,,,,"","client backend"
2024-06-16 19:00:42.512 CST,"raingage","benchmark",54595,"127.0.0.1:48950",666ec5b9.d543,296,"BEGIN",2024-06-16 19:00:09 CST,4/23,0,LOG,00000,"execute S_3: BEGIN",,,,,,,,,"","client backend"
2024-06-16 19:00:42.529 CST,"raingage","benchmark",54595,"127.0.0.1:48950",666ec5b9.d543,297,"SELECT",2024-06-16 19:00:09 CST,4/23,0,LOG,00000,"execute S_4: SELECT d_tax, d_next_o_id     FROM bmsql_district     WHERE d_w_id = $1 AND d_id = $2 ","parameters: $1 = '1', $2 = '1'",,,,,,,,"","client backend"
2024-06-16 19:00:42.566 CST,"raingage","benchmark",54599,"127.0.0.1:48958",666ec5b9.d547,292,"SELECT",2024-06-16 19:00:09 CST,8/22,0,LOG,00000,"execute S_1: SELECT c_discount, c_last, c_credit, w_tax     FROM bmsql_customer     JOIN bmsql_warehouse ON (w_id = c_w_id)     WHERE c_w_id = $1 AND c_d_id = $2 AND c_id = $3","parameters: $1 = '1', $2 = '2', $3 = '2'",,,,,,,,"","client backend"
2024-06-16 19:00:42.601 CST,"raingage","benchmark",54595,"127.0.0.1:48950",666ec5b9.d543,298,"SELECT",2024-06-16 19:00:09 CST,4/23,0,LOG,00000,"execute S_1: SELECT c_discount, c_last, c_credit, w_tax     FROM bmsql_customer     JOIN bmsql_warehouse ON (w_id = c_w_id)     WHERE c_w_id = $1 AND c_d_id = $2 AND c_id = $3","parameters: $1 = '1', $2 = '1', $3 = '58'",,,,,,,,"","client backend"
2024-06-16 19:00:42.631 CST,"raingage","benchmark",54599,"127.0.0.1:48958",666ec5b9.d547,293,"SELECT",2024-06-16 19:00:09 CST,8/22,0,LOG,00000,"execute S_1: SELECT c_discount, c_last, c_credit, w_tax     FROM bmsql_customer     JOIN bmsql_warehouse ON (w_id = c_w_id)     WHERE c_w_id = $1 AND c_d_id = $2 AND c_id = $3","parameters: $1 = '1', $2 = '2', $3 = '2'",,,,,,,,"","client backend"
2024-06-16 19:00:42.667 CST,"raingage","benchmark",54595,"127.0.0.1:48950",666ec5b9.d543,299,"SELECT",2024-06-16 19:00:09 CST,4/23,0,LOG,00000,"execute S_1: SELECT c_discount, c_last, c_credit, w_tax     FROM bmsql_customer     JOIN bmsql_warehouse ON (w_id = c_w_id)     WHERE c_w_id = $1 AND c_d_id = $2 AND c_id = $3","parameters: $1 = '1', $2 = '1', $3 = '58'",,,,,,,,"","client backend"
2024-06-16 19:00:42.699 CST,"raingage","benchmark",54599,"127.0.0.1:48958",666ec5b9.d547,294,"SELECT",2024-06-16 19:00:09 CST,8/22,0,LOG,00000,"execute S_1: SELECT c_discount, c_last, c_credit, w_tax     FROM bmsql_customer     JOIN bmsql_warehouse ON (w_id = c_w_id)     WHERE c_w_id = $1 AND c_d_id = $2 AND c_id = $3","parameters: $1 = '1', $2 = '2', $3 = '2'",,,,,,,,"","client backend"
2024-06-16 19:00:42.737 CST,"raingage","benchmark",54595,"127.0.0.1:48950",666ec5b9.d543,300,"SELECT",2024-06-16 19:00:09 CST,4/23,0,LOG,00000,"execute S_1: SELECT c_discount, c_last, c_credit, w_tax     FROM bmsql_customer     JOIN bmsql_warehouse ON (w_id = c_w_id)     WHERE c_w_id = $1 AND c_d_id = $2 AND c_id = $3","parameters: $1 = '1', $2 = '1', $3 = '58'",,,,,,,,"","client backend"
2024-06-16 19:00:42.768 CST,"raingage","benchmark",54599,"127.0.0.1:48958",666ec5b9.d547,295,"SELECT",2024-06-16 19:00:09 CST,8/22,0,LOG,00000,"execute S_1: SELECT c_discount, c_last, c_credit, w_tax     FROM bmsql_customer     JOIN bmsql_warehouse ON (w_id = c_w_id)     WHERE c_w_id = $1 AND c_d_id = $2 AND c_id = $3","parameters: $1 = '1', $2 = '2', $3 = '2'",,,,,,,,"","client backend"
2024-06-16 19:00:42.800 CST,"raingage","benchmark",54595,"127.0.0.1:48950",666ec5b9.d543,301,"SELECT",2024-06-16 19:00:09 CST,4/23,0,LOG,00000,"execute S_1: SELECT c_discount, c_last, c_credit, w_tax     FROM bmsql_customer     JOIN bmsql_warehouse ON (w_id = c_w_id)     WHERE c_w_id = $1 AND c_d_id = $2 AND c_id = $3","parameters: $1 = '1', $2 = '1', $3 = '58'",,,,,,,,"","client backend"
2024-06-16 19:00:42.831 CST,"raingage","benchmark",54599,"127.0.0.1:48958",666ec5b9.d547,296,"SELECT",2024-06-16 19:00:09 CST,8/22,0,LOG,00000,"execute S_1: SELECT c_discount, c_last, c_credit, w_tax     FROM bmsql_customer     JOIN bmsql_warehouse ON (w_id = c_w_id)     WHERE c_w_id = $1 AND c_d_id = $2 AND c_id = $3","parameters: $1 = '1', $2 = '2', $3 = '2'",,,,,,,,"","client backend"
2024-06-16 19:00:42.846 CST,"raingage","benchmark",54599,"127.0.0.1:48958",666ec5b9.d547,297,"SELECT",2024-06-16 19:00:09 CST,8/22,0,LOG,00000,"execute S_5: SELECT i_price, i_name, i_data     FROM bmsql_item     WHERE i_id = $1","parameters: $1 = '35'",,,,,,,,"","client backend"
2024-06-16 19:00:42.859 CST,"raingage","benchmark",54599,"127.0.0.1:48958",666ec5b9.d547,298,"SELECT",2024-06-16 19:00:09 CST,8/22,0,LOG,00000,"execute S_6: SELECT s_quantity, s_data,        s_dist_01, s_dist_02, s_dist_03, s_dist_04,        s_dist_05, s_dist_06, s_dist_07, s_dist_08,        s_dist_09, s_dist_10     FROM bmsql_stock     WHERE s_w_id = $1 AND s_i_id = $2 ","parameters: $1 = '1', $2 = '35'",,,,,,,,"","client backend"
2024-06-16 19:00:42.872 CST,"raingage","benchmark",54595,"127.0.0.1:48950",666ec5b9.d543,302,"SELECT",2024-06-16 19:00:09 CST,4/23,0,LOG,00000,"execute S_1: SELECT c_discount, c_last, c_credit, w_tax     FROM bmsql_customer     JOIN bmsql_warehouse ON (w_id = c_w_id)     WHERE c_w_id = $1 AND c_d_id = $2 AND c_id = $3","parameters: $1 = '1', $2 = '1', $3 = '58'",,,,,,,,"","client backend"
2024-06-16 19:00:42.873 CST,"raingage","benchmark",54599,"127.0.0.1:48958",666ec5b9.d547,299,"UPDATE",2024-06-16 19:00:09 CST,8/22,0,LOG,00000,"execute S_7: UPDATE bmsql_stock     SET s_quantity = $1, s_ytd = s_ytd + $2,         s_order_cnt = s_order_cnt + 1,         s_remote_cnt = s_remote_cnt + $3     WHERE s_w_id = $4 AND s_i_id = $5","parameters: $1 = '11', $2 = '6', $3 = '0', $4 = '1', $5 = '35'",,,,,,,,"","client backend"
2024-06-16 19:00:42.886 CST,"raingage","benchmark",54599,"127.0.0.1:48958",666ec5b9.d547,300,"COMMIT",2024-06-16 19:00:09 CST,8/22,115305,LOG,00000,"execute S_2: COMMIT",,,,,,,,,"","client backend"
2024-06-16 19:00:42.901 CST,"raingage","benchmark",54599,"127.0.0.1:48958",666ec5b9.d547,301,"BEGIN",2024-06-16 19:00:09 CST,8/23,0,LOG,00000,"execute S_3: BEGIN",,,,,,,,,"","client backend"
2024-06-16 19:00:42.912 CST,"raingage","benchmark",54599,"127.0.0.1:48958",666ec5b9.d547,302,"SELECT",2024-06-16 19:00:09 CST,8/23,0,LOG,00000,"execute S_4: SELECT d_tax, d_next_o_id     FROM bmsql_district     WHERE d_w_id = $1 AND d_id = $2 ","parameters: $1 = '1', $2 = '1'",,,,,,,,"","client backend"
2024-06-16 19:00:42.939 CST,"raingage","benchmark",54595,"127.0.0.1:48950",666ec5b9.d543,303,"SELECT",2024-06-16 19:00:09 CST,4/23,0,LOG,00000,"execute S_1: SELECT c_discount, c_last, c_credit, w_tax     FROM bmsql_customer     JOIN bmsql_warehouse ON (w_id = c_w_id)     WHERE c_w_id = $1 AND c_d_id = $2 AND c_id = $3","parameters: $1 = '1', $2 = '1', $3 = '58'",,,,,,,,"","client backend"
2024-06-16 19:00:43.001 CST,"raingage","benchmark",54595,"127.0.0.1:48950",666ec5b9.d543,304,"SELECT",2024-06-16 19:00:09 CST,4/23,0,LOG,00000,"execute S_1: SELECT c_discount, c_last, c_credit, w_tax     FROM bmsql_customer     JOIN bmsql_warehouse ON (w_id = c_w_id)     WHERE c_w_id = $1 AND c_d_id = $2 AND c_id = $3","parameters: $1 = '1', $2 = '1', $3 = '58'",,,,,,,,"","client backend"
2024-06-16 19:00:43.070 CST,"raingage","benchmark",54595,"127.0.0.1:48950",666ec5b9.d543,305,"SELECT",2024-06-16 19:00:09 CST,4/23,0,LOG,00000,"execute S_1: SELECT c_discount, c_last, c_credit, w_tax     FROM bmsql_customer     JOIN bmsql_warehouse ON (w_id = c_w_id)     WHERE c_w_id = $1 AND c_d_id = $2 AND c_id = $3","parameters: $1 = '1', $2 = '1', $3 = '58'",,,,,,,,"","client backend"
2024-06-16 19:00:43.090 CST,"raingage","benchmark",54595,"127.0.0.1:48950",666ec5b9.d543,306,"SELECT",2024-06-16 19:00:09 CST,4/23,0,LOG,00000,"execute S_5: SELECT i_price, i_name, i_data     FROM bmsql_item     WHERE i_id = $1","parameters: $1 = '45'",,,,,,,,"","client backend"
2024-06-16 19:00:43.104 CST,"raingage","benchmark",54595,"127.0.0.1:48950",666ec5b9.d543,307,"SELECT",2024-06-16 19:00:09 CST,4/23,0,LOG,00000,"execute S_6: SELECT s_quantity, s_data,        s_dist_01, s_dist_02, s_dist_03, s_dist_04,        s_dist_05, s_dist_06, s_dist_07, s_dist_08,        s_dist_09, s_dist_10     FROM bmsql_stock     WHERE s_w_id = $1 AND s_i_id = $2 ","parameters: $1 = '1', $2 = '45'",,,,,,,,"","client backend"
2024-06-16 19:00:43.123 CST,"raingage","benchmark",54595,"127.0.0.1:48950",666ec5b9.d543,308,"UPDATE",2024-06-16 19:00:09 CST,4/23,0,LOG,00000,"execute S_7: UPDATE bmsql_stock     SET s_quantity = $1, s_ytd = s_ytd + $2,         s_order_cnt = s_order_cnt + 1,         s_remote_cnt = s_remote_cnt + $3     WHERE s_w_id = $4 AND s_i_id = $5","parameters: $1 = '91', $2 = '10', $3 = '0', $4 = '1', $5 = '45'",,,,,,,,"","client backend"
2024-06-16 19:00:43.144 CST,"raingage","benchmark",54595,"127.0.0.1:48950",666ec5b9.d543,309,"COMMIT",2024-06-16 19:00:09 CST,4/23,115306,LOG,00000,"execute S_2: COMMIT",,,,,,,,,"","client backend"
2024-06-16 19:00:43.145 CST,"raingage","benchmark",54599,"127.0.0.1:48958",666ec5b9.d547,303,"SELECT",2024-06-16 19:00:09 CST,8/23,0,LOG,00000,"execute S_1: SELECT c_discount, c_last, c_credit, w_tax     FROM bmsql_customer     JOIN bmsql_warehouse ON (w_id = c_w_id)     WHERE c_w_id = $1 AND c_d_id = $2 AND c_id = $3","parameters: $1 = '1', $2 = '1', $3 = '58'",,,,,,,,"","client backend"
2024-06-16 19:00:43.146 CST,"raingage","benchmark",54597,"127.0.0.1:48954",666ec5b9.d545,129,"BEGIN",2024-06-16 19:00:09 CST,6/11,0,LOG,00000,"execute S_3: BEGIN",,,,,,,,,"","client backend"
2024-06-16 19:00:43.165 CST,"raingage","benchmark",54597,"127.0.0.1:48954",666ec5b9.d545,130,"SELECT",2024-06-16 19:00:09 CST,6/11,0,LOG,00000,"execute S_4: SELECT d_tax, d_next_o_id     FROM bmsql_district     WHERE d_w_id = $1 AND d_id = $2 ","parameters: $1 = '1', $2 = '1'",,,,,,,,"","client backend"
2024-06-16 19:00:43.165 CST,"raingage","benchmark",54595,"127.0.0.1:48950",666ec5b9.d543,310,"BEGIN",2024-06-16 19:00:09 CST,4/24,0,LOG,00000,"execute S_3: BEGIN",,,,,,,,,"","client backend"
2024-06-16 19:00:43.181 CST,"raingage","benchmark",54595,"127.0.0.1:48950",666ec5b9.d543,311,"SELECT",2024-06-16 19:00:09 CST,4/24,0,LOG,00000,"execute S_4: SELECT d_tax, d_next_o_id     FROM bmsql_district     WHERE d_w_id = $1 AND d_id = $2 ","parameters: $1 = '1', $2 = '1'",,,,,,,,"","client backend"
2024-06-16 19:00:43.215 CST,"raingage","benchmark",54599,"127.0.0.1:48958",666ec5b9.d547,304,"SELECT",2024-06-16 19:00:09 CST,8/23,0,LOG,00000,"execute S_1: SELECT c_discount, c_last, c_credit, w_tax     FROM bmsql_customer     JOIN bmsql_warehouse ON (w_id = c_w_id)     WHERE c_w_id = $1 AND c_d_id = $2 AND c_id = $3","parameters: $1 = '1', $2 = '1', $3 = '58'",,,,,,,,"","client backend"
2024-06-16 19:00:43.235 CST,"raingage","benchmark",54597,"127.0.0.1:48954",666ec5b9.d545,131,"SELECT",2024-06-16 19:00:09 CST,6/11,0,LOG,00000,"execute S_1: SELECT c_discount, c_last, c_credit, w_tax     FROM bmsql_customer     JOIN bmsql_warehouse ON (w_id = c_w_id)     WHERE c_w_id = $1 AND c_d_id = $2 AND c_id = $3","parameters: $1 = '1', $2 = '1', $3 = '52'",,,,,,,,"","client backend"
2024-06-16 19:00:43.252 CST,"raingage","benchmark",54595,"127.0.0.1:48950",666ec5b9.d543,312,"SELECT",2024-06-16 19:00:09 CST,4/24,0,LOG,00000,"execute S_1: SELECT c_discount, c_last, c_credit, w_tax     FROM bmsql_customer     JOIN bmsql_warehouse ON (w_id = c_w_id)     WHERE c_w_id = $1 AND c_d_id = $2 AND c_id = $3","parameters: $1 = '1', $2 = '1', $3 = '96'",,,,,,,,"","client backend"
2024-06-16 19:00:43.281 CST,"raingage","benchmark",54599,"127.0.0.1:48958",666ec5b9.d547,305,"SELECT",2024-06-16 19:00:09 CST,8/23,0,LOG,00000,"execute S_1: SELECT c_discount, c_last, c_credit, w_tax     FROM bmsql_customer     JOIN bmsql_warehouse ON (w_id = c_w_id)     WHERE c_w_id = $1 AND c_d_id = $2 AND c_id = $3","parameters: $1 = '1', $2 = '1', $3 = '58'",,,,,,,,"","client backend"
2024-06-16 19:00:43.304 CST,"raingage","benchmark",54597,"127.0.0.1:48954",666ec5b9.d545,132,"SELECT",2024-06-16 19:00:09 CST,6/11,0,LOG,00000,"execute S_1: SELECT c_discount, c_last, c_credit, w_tax     FROM bmsql_customer     JOIN bmsql_warehouse ON (w_id = c_w_id)     WHERE c_w_id = $1 AND c_d_id = $2 AND c_id = $3","parameters: $1 = '1', $2 = '1', $3 = '52'",,,,,,,,"","client backend"
2024-06-16 19:00:43.318 CST,"raingage","benchmark",54595,"127.0.0.1:48950",666ec5b9.d543,313,"SELECT",2024-06-16 19:00:09 CST,4/24,0,LOG,00000,"execute S_1: SELECT c_discount, c_last, c_credit, w_tax     FROM bmsql_customer     JOIN bmsql_warehouse ON (w_id = c_w_id)     WHERE c_w_id = $1 AND c_d_id = $2 AND c_id = $3","parameters: $1 = '1', $2 = '1', $3 = '96'",,,,,,,,"","client backend"
2024-06-16 19:00:43.343 CST,"raingage","benchmark",54599,"127.0.0.1:48958",666ec5b9.d547,306,"SELECT",2024-06-16 19:00:09 CST,8/23,0,LOG,00000,"execute S_1: SELECT c_discount, c_last, c_credit, w_tax     FROM bmsql_customer     JOIN bmsql_warehouse ON (w_id = c_w_id)     WHERE c_w_id = $1 AND c_d_id = $2 AND c_id = $3","parameters: $1 = '1', $2 = '1', $3 = '58'",,,,,,,,"","client backend"
2024-06-16 19:00:43.367 CST,"raingage","benchmark",54597,"127.0.0.1:48954",666ec5b9.d545,133,"SELECT",2024-06-16 19:00:09 CST,6/11,0,LOG,00000,"execute S_1: SELECT c_discount, c_last, c_credit, w_tax     FROM bmsql_customer     JOIN bmsql_warehouse ON (w_id = c_w_id)     WHERE c_w_id = $1 AND c_d_id = $2 AND c_id = $3","parameters: $1 = '1', $2 = '1', $3 = '52'",,,,,,,,"","client backend"
2024-06-16 19:00:43.389 CST,"raingage","benchmark",54595,"127.0.0.1:48950",666ec5b9.d543,314,"SELECT",2024-06-16 19:00:09 CST,4/24,0,LOG,00000,"execute S_1: SELECT c_discount, c_last, c_credit, w_tax     FROM bmsql_customer     JOIN bmsql_warehouse ON (w_id = c_w_id)     WHERE c_w_id = $1 AND c_d_id = $2 AND c_id = $3","parameters: $1 = '1', $2 = '1', $3 = '96'",,,,,,,,"","client backend"
2024-06-16 19:00:43.414 CST,"raingage","benchmark",54599,"127.0.0.1:48958",666ec5b9.d547,307,"SELECT",2024-06-16 19:00:09 CST,8/23,0,LOG,00000,"execute S_1: SELECT c_discount, c_last, c_credit, w_tax     FROM bmsql_customer     JOIN bmsql_warehouse ON (w_id = c_w_id)     WHERE c_w_id = $1 AND c_d_id = $2 AND c_id = $3","parameters: $1 = '1', $2 = '1', $3 = '58'",,,,,,,,"","client backend"
2024-06-16 19:00:43.437 CST,"raingage","benchmark",54597,"127.0.0.1:48954",666ec5b9.d545,134,"SELECT",2024-06-16 19:00:09 CST,6/11,0,LOG,00000,"execute S_1: SELECT c_discount, c_last, c_credit, w_tax     FROM bmsql_customer     JOIN bmsql_warehouse ON (w_id = c_w_id)     WHERE c_w_id = $1 AND c_d_id = $2 AND c_id = $3","parameters: $1 = '1', $2 = '1', $3 = '52'",,,,,,,,"","client backend"
2024-06-16 19:00:43.457 CST,"raingage","benchmark",54595,"127.0.0.1:48950",666ec5b9.d543,315,"SELECT",2024-06-16 19:00:09 CST,4/24,0,LOG,00000,"execute S_1: SELECT c_discount, c_last, c_credit, w_tax     FROM bmsql_customer     JOIN bmsql_warehouse ON (w_id = c_w_id)     WHERE c_w_id = $1 AND c_d_id = $2 AND c_id = $3","parameters: $1 = '1', $2 = '1', $3 = '96'",,,,,,,,"","client backend"
2024-06-16 19:00:43.485 CST,"raingage","benchmark",54599,"127.0.0.1:48958",666ec5b9.d547,308,"SELECT",2024-06-16 19:00:09 CST,8/23,0,LOG,00000,"execute S_1: SELECT c_discount, c_last, c_credit, w_tax     FROM bmsql_customer     JOIN bmsql_warehouse ON (w_id = c_w_id)     WHERE c_w_id = $1 AND c_d_id = $2 AND c_id = $3","parameters: $1 = '1', $2 = '1', $3 = '58'",,,,,,,,"","client backend"
2024-06-16 19:00:43.509 CST,"raingage","benchmark",54597,"127.0.0.1:48954",666ec5b9.d545,135,"SELECT",2024-06-16 19:00:09 CST,6/11,0,LOG,00000,"execute S_1: SELECT c_discount, c_last, c_credit, w_tax     FROM bmsql_customer     JOIN bmsql_warehouse ON (w_id = c_w_id)     WHERE c_w_id = $1 AND c_d_id = $2 AND c_id = $3","parameters: $1 = '1', $2 = '1', $3 = '52'",,,,,,,,"","client backend"
2024-06-16 19:00:43.527 CST,"raingage","benchmark",54595,"127.0.0.1:48950",666ec5b9.d543,316,"SELECT",2024-06-16 19:00:09 CST,4/24,0,LOG,00000,"execute S_1: SELECT c_discount, c_last, c_credit, w_tax     FROM bmsql_customer     JOIN bmsql_warehouse ON (w_id = c_w_id)     WHERE c_w_id = $1 AND c_d_id = $2 AND c_id = $3","parameters: $1 = '1', $2 = '1', $3 = '96'",,,,,,,,"","client backend"
2024-06-16 19:00:43.554 CST,"raingage","benchmark",54599,"127.0.0.1:48958",666ec5b9.d547,309,"SELECT",2024-06-16 19:00:09 CST,8/23,0,LOG,00000,"execute S_1: SELECT c_discount, c_last, c_credit, w_tax     FROM bmsql_customer     JOIN bmsql_warehouse ON (w_id = c_w_id)     WHERE c_w_id = $1 AND c_d_id = $2 AND c_id = $3","parameters: $1 = '1', $2 = '1', $3 = '58'",,,,,,,,"","client backend"
2024-06-16 19:00:43.578 CST,"raingage","benchmark",54597,"127.0.0.1:48954",666ec5b9.d545,136,"SELECT",2024-06-16 19:00:09 CST,6/11,0,LOG,00000,"execute S_1: SELECT c_discount, c_last, c_credit, w_tax     FROM bmsql_customer     JOIN bmsql_warehouse ON (w_id = c_w_id)     WHERE c_w_id = $1 AND c_d_id = $2 AND c_id = $3","parameters: $1 = '1', $2 = '1', $3 = '52'",,,,,,,,"","client backend"
2024-06-16 19:00:43.591 CST,"raingage","benchmark",54595,"127.0.0.1:48950",666ec5b9.d543,317,"SELECT",2024-06-16 19:00:09 CST,4/24,0,LOG,00000,"execute S_1: SELECT c_discount, c_last, c_credit, w_tax     FROM bmsql_customer     JOIN bmsql_warehouse ON (w_id = c_w_id)     WHERE c_w_id = $1 AND c_d_id = $2 AND c_id = $3","parameters: $1 = '1', $2 = '1', $3 = '96'",,,,,,,,"","client backend"
2024-06-16 19:00:43.619 CST,"raingage","benchmark",54599,"127.0.0.1:48958",666ec5b9.d547,310,"SELECT",2024-06-16 19:00:09 CST,8/23,0,LOG,00000,"execute S_1: SELECT c_discount, c_last, c_credit, w_tax     FROM bmsql_customer     JOIN bmsql_warehouse ON (w_id = c_w_id)     WHERE c_w_id = $1 AND c_d_id = $2 AND c_id = $3","parameters: $1 = '1', $2 = '1', $3 = '58'",,,,,,,,"","client backend"
2024-06-16 19:00:43.634 CST,"raingage","benchmark",54599,"127.0.0.1:48958",666ec5b9.d547,311,"SELECT",2024-06-16 19:00:09 CST,8/23,0,LOG,00000,"execute S_5: SELECT i_price, i_name, i_data     FROM bmsql_item     WHERE i_id = $1","parameters: $1 = '45'",,,,,,,,"","client backend"
2024-06-16 19:00:43.642 CST,"raingage","benchmark",54597,"127.0.0.1:48954",666ec5b9.d545,137,"SELECT",2024-06-16 19:00:09 CST,6/11,0,LOG,00000,"execute S_1: SELECT c_discount, c_last, c_credit, w_tax     FROM bmsql_customer     JOIN bmsql_warehouse ON (w_id = c_w_id)     WHERE c_w_id = $1 AND c_d_id = $2 AND c_id = $3","parameters: $1 = '1', $2 = '1', $3 = '52'",,,,,,,,"","client backend"
2024-06-16 19:00:43.653 CST,"raingage","benchmark",54595,"127.0.0.1:48950",666ec5b9.d543,318,"SELECT",2024-06-16 19:00:09 CST,4/24,0,LOG,00000,"execute S_1: SELECT c_discount, c_last, c_credit, w_tax     FROM bmsql_customer     JOIN bmsql_warehouse ON (w_id = c_w_id)     WHERE c_w_id = $1 AND c_d_id = $2 AND c_id = $3","parameters: $1 = '1', $2 = '1', $3 = '96'",,,,,,,,"","client backend"
2024-06-16 19:00:43.655 CST,"raingage","benchmark",54599,"127.0.0.1:48958",666ec5b9.d547,312,"SELECT",2024-06-16 19:00:09 CST,8/23,0,LOG,00000,"execute S_6: SELECT s_quantity, s_data,        s_dist_01, s_dist_02, s_dist_03, s_dist_04,        s_dist_05, s_dist_06, s_dist_07, s_dist_08,        s_dist_09, s_dist_10     FROM bmsql_stock     WHERE s_w_id = $1 AND s_i_id = $2 ","parameters: $1 = '1', $2 = '45'",,,,,,,,"","client backend"
2024-06-16 19:00:43.670 CST,"raingage","benchmark",54599,"127.0.0.1:48958",666ec5b9.d547,313,"UPDATE",2024-06-16 19:00:09 CST,8/23,0,LOG,00000,"execute S_7: UPDATE bmsql_stock     SET s_quantity = $1, s_ytd = s_ytd + $2,         s_order_cnt = s_order_cnt + 1,         s_remote_cnt = s_remote_cnt + $3     WHERE s_w_id = $4 AND s_i_id = $5","parameters: $1 = '91', $2 = '10', $3 = '0', $4 = '1', $5 = '45'",,,,,,,,"","client backend"
2024-06-16 19:00:43.686 CST,"raingage","benchmark",54599,"127.0.0.1:48958",666ec5b9.d547,314,"COMMIT",2024-06-16 19:00:09 CST,8/23,115307,LOG,00000,"execute S_2: COMMIT",,,,,,,,,"","client backend"
2024-06-16 19:00:43.687 CST,"raingage","benchmark",54599,"127.0.0.1:48958",666ec5b9.d547,315,"COMMIT",2024-06-16 19:00:09 CST,8/0,115307,WARNING,01000,"registered snapshots seem to remain after cleanup",,,,,,,,,"","client backend"
2024-06-16 19:00:43.703 CST,"raingage","benchmark",54599,"127.0.0.1:48958",666ec5b9.d547,316,"BEGIN",2024-06-16 19:00:09 CST,8/24,0,LOG,00000,"execute S_3: BEGIN",,,,,,,,,"","client backend"
2024-06-16 19:00:43.710 CST,"raingage","benchmark",54597,"127.0.0.1:48954",666ec5b9.d545,138,"SELECT",2024-06-16 19:00:09 CST,6/11,0,LOG,00000,"execute S_1: SELECT c_discount, c_last, c_credit, w_tax     FROM bmsql_customer     JOIN bmsql_warehouse ON (w_id = c_w_id)     WHERE c_w_id = $1 AND c_d_id = $2 AND c_id = $3","parameters: $1 = '1', $2 = '1', $3 = '52'",,,,,,,,"","client backend"
2024-06-16 19:00:43.720 CST,"raingage","benchmark",54599,"127.0.0.1:48958",666ec5b9.d547,317,"SELECT",2024-06-16 19:00:09 CST,8/24,0,LOG,00000,"execute S_4: SELECT d_tax, d_next_o_id     FROM bmsql_district     WHERE d_w_id = $1 AND d_id = $2 ","parameters: $1 = '1', $2 = '1'",,,,,,,,"","client backend"
2024-06-16 19:00:43.723 CST,"raingage","benchmark",54595,"127.0.0.1:48950",666ec5b9.d543,319,"SELECT",2024-06-16 19:00:09 CST,4/24,0,LOG,00000,"execute S_1: SELECT c_discount, c_last, c_credit, w_tax     FROM bmsql_customer     JOIN bmsql_warehouse ON (w_id = c_w_id)     WHERE c_w_id = $1 AND c_d_id = $2 AND c_id = $3","parameters: $1 = '1', $2 = '1', $3 = '96'",,,,,,,,"","client backend"
2024-06-16 19:00:43.731 CST,"raingage","benchmark",54597,"127.0.0.1:48954",666ec5b9.d545,139,"SELECT",2024-06-16 19:00:09 CST,6/11,0,LOG,00000,"execute S_5: SELECT i_price, i_name, i_data     FROM bmsql_item     WHERE i_id = $1","parameters: $1 = '82'",,,,,,,,"","client backend"
2024-06-16 19:00:43.739 CST,"raingage","benchmark",54595,"127.0.0.1:48950",666ec5b9.d543,320,"SELECT",2024-06-16 19:00:09 CST,4/24,0,LOG,00000,"execute S_5: SELECT i_price, i_name, i_data     FROM bmsql_item     WHERE i_id = $1","parameters: $1 = '86'",,,,,,,,"","client backend"
2024-06-16 19:00:43.746 CST,"raingage","benchmark",54597,"127.0.0.1:48954",666ec5b9.d545,140,"SELECT",2024-06-16 19:00:09 CST,6/11,0,LOG,00000,"execute S_6: SELECT s_quantity, s_data,        s_dist_01, s_dist_02, s_dist_03, s_dist_04,        s_dist_05, s_dist_06, s_dist_07, s_dist_08,        s_dist_09, s_dist_10     FROM bmsql_stock     WHERE s_w_id = $1 AND s_i_id = $2 ","parameters: $1 = '1', $2 = '82'",,,,,,,,"","client backend"
2024-06-16 19:00:43.754 CST,"raingage","benchmark",54595,"127.0.0.1:48950",666ec5b9.d543,321,"SELECT",2024-06-16 19:00:09 CST,4/24,0,LOG,00000,"execute S_6: SELECT s_quantity, s_data,        s_dist_01, s_dist_02, s_dist_03, s_dist_04,        s_dist_05, s_dist_06, s_dist_07, s_dist_08,        s_dist_09, s_dist_10     FROM bmsql_stock     WHERE s_w_id = $1 AND s_i_id = $2 ","parameters: $1 = '1', $2 = '86'",,,,,,,,"","client backend"
2024-06-16 19:00:43.760 CST,"raingage","benchmark",54597,"127.0.0.1:48954",666ec5b9.d545,141,"UPDATE",2024-06-16 19:00:09 CST,6/11,0,LOG,00000,"execute S_7: UPDATE bmsql_stock     SET s_quantity = $1, s_ytd = s_ytd + $2,         s_order_cnt = s_order_cnt + 1,         s_remote_cnt = s_remote_cnt + $3     WHERE s_w_id = $4 AND s_i_id = $5","parameters: $1 = '105', $2 = '10', $3 = '0', $4 = '1', $5 = '82'",,,,,,,,"","client backend"
2024-06-16 19:00:43.772 CST,"raingage","benchmark",54595,"127.0.0.1:48950",666ec5b9.d543,322,"UPDATE",2024-06-16 19:00:09 CST,4/24,0,LOG,00000,"execute S_7: UPDATE bmsql_stock     SET s_quantity = $1, s_ytd = s_ytd + $2,         s_order_cnt = s_order_cnt + 1,         s_remote_cnt = s_remote_cnt + $3     WHERE s_w_id = $4 AND s_i_id = $5","parameters: $1 = '52', $2 = '7', $3 = '0', $4 = '1', $5 = '86'",,,,,,,,"","client backend"
2024-06-16 19:00:43.774 CST,"raingage","benchmark",54597,"127.0.0.1:48954",666ec5b9.d545,142,"COMMIT",2024-06-16 19:00:09 CST,6/11,115308,LOG,00000,"execute S_2: COMMIT",,,,,,,,,"","client backend"
2024-06-16 19:00:43.787 CST,"raingage","benchmark",54595,"127.0.0.1:48950",666ec5b9.d543,323,"COMMIT",2024-06-16 19:00:09 CST,4/24,115309,LOG,00000,"execute S_2: COMMIT",,,,,,,,,"","client backend"
2024-06-16 19:00:43.789 CST,"raingage","benchmark",54599,"127.0.0.1:48958",666ec5b9.d547,318,"SELECT",2024-06-16 19:00:09 CST,8/24,0,LOG,00000,"execute S_1: SELECT c_discount, c_last, c_credit, w_tax     FROM bmsql_customer     JOIN bmsql_warehouse ON (w_id = c_w_id)     WHERE c_w_id = $1 AND c_d_id = $2 AND c_id = $3","parameters: $1 = '1', $2 = '1', $3 = '57'",,,,,,,,"","client backend"
2024-06-16 19:00:43.792 CST,"raingage","benchmark",54597,"127.0.0.1:48954",666ec5b9.d545,143,"BEGIN",2024-06-16 19:00:09 CST,6/12,0,LOG,00000,"execute S_3: BEGIN",,,,,,,,,"","client backend"
2024-06-16 19:00:43.804 CST,"raingage","benchmark",54595,"127.0.0.1:48950",666ec5b9.d543,324,"BEGIN",2024-06-16 19:00:09 CST,4/25,0,LOG,00000,"execute S_3: BEGIN",,,,,,,,,"","client backend"
2024-06-16 19:00:43.805 CST,"raingage","benchmark",54597,"127.0.0.1:48954",666ec5b9.d545,144,"SELECT",2024-06-16 19:00:09 CST,6/12,0,LOG,00000,"execute S_4: SELECT d_tax, d_next_o_id     FROM bmsql_district     WHERE d_w_id = $1 AND d_id = $2 ","parameters: $1 = '1', $2 = '1'",,,,,,,,"","client backend"
2024-06-16 19:00:43.822 CST,"raingage","benchmark",54595,"127.0.0.1:48950",666ec5b9.d543,325,"SELECT",2024-06-16 19:00:09 CST,4/25,0,LOG,00000,"execute S_4: SELECT d_tax, d_next_o_id     FROM bmsql_district     WHERE d_w_id = $1 AND d_id = $2 ","parameters: $1 = '1', $2 = '1'",,,,,,,,"","client backend"
2024-06-16 19:00:43.860 CST,"raingage","benchmark",54599,"127.0.0.1:48958",666ec5b9.d547,319,"SELECT",2024-06-16 19:00:09 CST,8/24,0,LOG,00000,"execute S_1: SELECT c_discount, c_last, c_credit, w_tax     FROM bmsql_customer     JOIN bmsql_warehouse ON (w_id = c_w_id)     WHERE c_w_id = $1 AND c_d_id = $2 AND c_id = $3","parameters: $1 = '1', $2 = '1', $3 = '57'",,,,,,,,"","client backend"
2024-06-16 19:00:43.893 CST,"raingage","benchmark",54595,"127.0.0.1:48950",666ec5b9.d543,326,"SELECT",2024-06-16 19:00:09 CST,4/25,0,LOG,00000,"execute S_1: SELECT c_discount, c_last, c_credit, w_tax     FROM bmsql_customer     JOIN bmsql_warehouse ON (w_id = c_w_id)     WHERE c_w_id = $1 AND c_d_id = $2 AND c_id = $3","parameters: $1 = '1', $2 = '1', $3 = '48'",,,,,,,,"","client backend"
2024-06-16 19:00:43.931 CST,"raingage","benchmark",54599,"127.0.0.1:48958",666ec5b9.d547,320,"SELECT",2024-06-16 19:00:09 CST,8/24,0,LOG,00000,"execute S_1: SELECT c_discount, c_last, c_credit, w_tax     FROM bmsql_customer     JOIN bmsql_warehouse ON (w_id = c_w_id)     WHERE c_w_id = $1 AND c_d_id = $2 AND c_id = $3","parameters: $1 = '1', $2 = '1', $3 = '57'",,,,,,,,"","client backend"
2024-06-16 19:00:43.959 CST,"raingage","benchmark",54595,"127.0.0.1:48950",666ec5b9.d543,327,"SELECT",2024-06-16 19:00:09 CST,4/25,0,LOG,00000,"execute S_1: SELECT c_discount, c_last, c_credit, w_tax     FROM bmsql_customer     JOIN bmsql_warehouse ON (w_id = c_w_id)     WHERE c_w_id = $1 AND c_d_id = $2 AND c_id = $3","parameters: $1 = '1', $2 = '1', $3 = '48'",,,,,,,,"","client backend"
2024-06-16 19:00:43.997 CST,"raingage","benchmark",54599,"127.0.0.1:48958",666ec5b9.d547,321,"SELECT",2024-06-16 19:00:09 CST,8/24,0,LOG,00000,"execute S_1: SELECT c_discount, c_last, c_credit, w_tax     FROM bmsql_customer     JOIN bmsql_warehouse ON (w_id = c_w_id)     WHERE c_w_id = $1 AND c_d_id = $2 AND c_id = $3","parameters: $1 = '1', $2 = '1', $3 = '57'",,,,,,,,"","client backend"
2024-06-16 19:00:44.027 CST,"raingage","benchmark",54595,"127.0.0.1:48950",666ec5b9.d543,328,"SELECT",2024-06-16 19:00:09 CST,4/25,0,LOG,00000,"execute S_1: SELECT c_discount, c_last, c_credit, w_tax     FROM bmsql_customer     JOIN bmsql_warehouse ON (w_id = c_w_id)     WHERE c_w_id = $1 AND c_d_id = $2 AND c_id = $3","parameters: $1 = '1', $2 = '1', $3 = '48'",,,,,,,,"","client backend"
2024-06-16 19:00:44.066 CST,"raingage","benchmark",54599,"127.0.0.1:48958",666ec5b9.d547,322,"SELECT",2024-06-16 19:00:09 CST,8/24,0,LOG,00000,"execute S_1: SELECT c_discount, c_last, c_credit, w_tax     FROM bmsql_customer     JOIN bmsql_warehouse ON (w_id = c_w_id)     WHERE c_w_id = $1 AND c_d_id = $2 AND c_id = $3","parameters: $1 = '1', $2 = '1', $3 = '57'",,,,,,,,"","client backend"
2024-06-16 19:00:44.089 CST,"raingage","benchmark",54595,"127.0.0.1:48950",666ec5b9.d543,329,"SELECT",2024-06-16 19:00:09 CST,4/25,0,LOG,00000,"execute S_1: SELECT c_discount, c_last, c_credit, w_tax     FROM bmsql_customer     JOIN bmsql_warehouse ON (w_id = c_w_id)     WHERE c_w_id = $1 AND c_d_id = $2 AND c_id = $3","parameters: $1 = '1', $2 = '1', $3 = '48'",,,,,,,,"","client backend"
2024-06-16 19:00:44.134 CST,"raingage","benchmark",54599,"127.0.0.1:48958",666ec5b9.d547,323,"SELECT",2024-06-16 19:00:09 CST,8/24,0,LOG,00000,"execute S_1: SELECT c_discount, c_last, c_credit, w_tax     FROM bmsql_customer     JOIN bmsql_warehouse ON (w_id = c_w_id)     WHERE c_w_id = $1 AND c_d_id = $2 AND c_id = $3","parameters: $1 = '1', $2 = '1', $3 = '57'",,,,,,,,"","client backend"
2024-06-16 19:00:44.160 CST,"raingage","benchmark",54595,"127.0.0.1:48950",666ec5b9.d543,330,"SELECT",2024-06-16 19:00:09 CST,4/25,0,LOG,00000,"execute S_1: SELECT c_discount, c_last, c_credit, w_tax     FROM bmsql_customer     JOIN bmsql_warehouse ON (w_id = c_w_id)     WHERE c_w_id = $1 AND c_d_id = $2 AND c_id = $3","parameters: $1 = '1', $2 = '1', $3 = '48'",,,,,,,,"","client backend"
2024-06-16 19:00:44.198 CST,"raingage","benchmark",54599,"127.0.0.1:48958",666ec5b9.d547,324,"SELECT",2024-06-16 19:00:09 CST,8/24,0,LOG,00000,"execute S_1: SELECT c_discount, c_last, c_credit, w_tax     FROM bmsql_customer     JOIN bmsql_warehouse ON (w_id = c_w_id)     WHERE c_w_id = $1 AND c_d_id = $2 AND c_id = $3","parameters: $1 = '1', $2 = '1', $3 = '57'",,,,,,,,"","client backend"
2024-06-16 19:00:44.225 CST,"raingage","benchmark",54595,"127.0.0.1:48950",666ec5b9.d543,331,"SELECT",2024-06-16 19:00:09 CST,4/25,0,LOG,00000,"execute S_1: SELECT c_discount, c_last, c_credit, w_tax     FROM bmsql_customer     JOIN bmsql_warehouse ON (w_id = c_w_id)     WHERE c_w_id = $1 AND c_d_id = $2 AND c_id = $3","parameters: $1 = '1', $2 = '1', $3 = '48'",,,,,,,,"","client backend"
2024-06-16 19:00:44.269 CST,"raingage","benchmark",54599,"127.0.0.1:48958",666ec5b9.d547,325,"SELECT",2024-06-16 19:00:09 CST,8/24,0,LOG,00000,"execute S_1: SELECT c_discount, c_last, c_credit, w_tax     FROM bmsql_customer     JOIN bmsql_warehouse ON (w_id = c_w_id)     WHERE c_w_id = $1 AND c_d_id = $2 AND c_id = $3","parameters: $1 = '1', $2 = '1', $3 = '57'",,,,,,,,"","client backend"
2024-06-16 19:00:44.282 CST,"raingage","benchmark",54599,"127.0.0.1:48958",666ec5b9.d547,326,"SELECT",2024-06-16 19:00:09 CST,8/24,0,LOG,00000,"execute S_5: SELECT i_price, i_name, i_data     FROM bmsql_item     WHERE i_id = $1","parameters: $1 = '61'",,,,,,,,"","client backend"
2024-06-16 19:00:44.288 CST,"raingage","benchmark",54595,"127.0.0.1:48950",666ec5b9.d543,332,"SELECT",2024-06-16 19:00:09 CST,4/25,0,LOG,00000,"execute S_1: SELECT c_discount, c_last, c_credit, w_tax     FROM bmsql_customer     JOIN bmsql_warehouse ON (w_id = c_w_id)     WHERE c_w_id = $1 AND c_d_id = $2 AND c_id = $3","parameters: $1 = '1', $2 = '1', $3 = '48'",,,,,,,,"","client backend"
2024-06-16 19:00:44.294 CST,"raingage","benchmark",54599,"127.0.0.1:48958",666ec5b9.d547,327,"SELECT",2024-06-16 19:00:09 CST,8/24,0,LOG,00000,"execute S_6: SELECT s_quantity, s_data,        s_dist_01, s_dist_02, s_dist_03, s_dist_04,        s_dist_05, s_dist_06, s_dist_07, s_dist_08,        s_dist_09, s_dist_10     FROM bmsql_stock     WHERE s_w_id = $1 AND s_i_id = $2 ","parameters: $1 = '1', $2 = '61'",,,,,,,,"","client backend"
2024-06-16 19:00:44.306 CST,"raingage","benchmark",54599,"127.0.0.1:48958",666ec5b9.d547,328,"UPDATE",2024-06-16 19:00:09 CST,8/24,0,LOG,00000,"execute S_7: UPDATE bmsql_stock     SET s_quantity = $1, s_ytd = s_ytd + $2,         s_order_cnt = s_order_cnt + 1,         s_remote_cnt = s_remote_cnt + $3     WHERE s_w_id = $4 AND s_i_id = $5","parameters: $1 = '66', $2 = '7', $3 = '0', $4 = '1', $5 = '61'",,,,,,,,"","client backend"
2024-06-16 19:00:44.326 CST,"raingage","benchmark",54599,"127.0.0.1:48958",666ec5b9.d547,329,"COMMIT",2024-06-16 19:00:09 CST,8/24,115310,LOG,00000,"execute S_2: COMMIT",,,,,,,,,"","client backend"
2024-06-16 19:00:44.327 CST,"raingage","benchmark",54597,"127.0.0.1:48954",666ec5b9.d545,145,"SELECT",2024-06-16 19:00:09 CST,6/12,0,LOG,00000,"execute S_1: SELECT c_discount, c_last, c_credit, w_tax     FROM bmsql_customer     JOIN bmsql_warehouse ON (w_id = c_w_id)     WHERE c_w_id = $1 AND c_d_id = $2 AND c_id = $3","parameters: $1 = '1', $2 = '1', $3 = '57'",,,,,,,,"","client backend"
2024-06-16 19:00:44.342 CST,"raingage","benchmark",54599,"127.0.0.1:48958",666ec5b9.d547,330,"BEGIN",2024-06-16 19:00:09 CST,8/25,0,LOG,00000,"execute S_3: BEGIN",,,,,,,,,"","client backend"
2024-06-16 19:00:44.359 CST,"raingage","benchmark",54599,"127.0.0.1:48958",666ec5b9.d547,331,"SELECT",2024-06-16 19:00:09 CST,8/25,0,LOG,00000,"execute S_4: SELECT d_tax, d_next_o_id     FROM bmsql_district     WHERE d_w_id = $1 AND d_id = $2 ","parameters: $1 = '1', $2 = '1'",,,,,,,,"","client backend"
2024-06-16 19:00:44.359 CST,"raingage","benchmark",54595,"127.0.0.1:48950",666ec5b9.d543,333,"SELECT",2024-06-16 19:00:09 CST,4/25,0,LOG,00000,"execute S_1: SELECT c_discount, c_last, c_credit, w_tax     FROM bmsql_customer     JOIN bmsql_warehouse ON (w_id = c_w_id)     WHERE c_w_id = $1 AND c_d_id = $2 AND c_id = $3","parameters: $1 = '1', $2 = '1', $3 = '48'",,,,,,,,"","client backend"
2024-06-16 19:00:44.379 CST,"raingage","benchmark",54595,"127.0.0.1:48950",666ec5b9.d543,334,"SELECT",2024-06-16 19:00:09 CST,4/25,0,LOG,00000,"execute S_5: SELECT i_price, i_name, i_data     FROM bmsql_item     WHERE i_id = $1","parameters: $1 = '102'",,,,,,,,"","client backend"
2024-06-16 19:00:44.393 CST,"raingage","benchmark",54595,"127.0.0.1:48950",666ec5b9.d543,335,"SELECT",2024-06-16 19:00:09 CST,4/25,0,LOG,00000,"execute S_6: SELECT s_quantity, s_data,        s_dist_01, s_dist_02, s_dist_03, s_dist_04,        s_dist_05, s_dist_06, s_dist_07, s_dist_08,        s_dist_09, s_dist_10     FROM bmsql_stock     WHERE s_w_id = $1 AND s_i_id = $2 ","parameters: $1 = '1', $2 = '102'",,,,,,,,"","client backend"
2024-06-16 19:00:44.398 CST,"raingage","benchmark",54597,"127.0.0.1:48954",666ec5b9.d545,146,"SELECT",2024-06-16 19:00:09 CST,6/12,0,LOG,00000,"execute S_1: SELECT c_discount, c_last, c_credit, w_tax     FROM bmsql_customer     JOIN bmsql_warehouse ON (w_id = c_w_id)     WHERE c_w_id = $1 AND c_d_id = $2 AND c_id = $3","parameters: $1 = '1', $2 = '1', $3 = '57'",,,,,,,,"","client backend"
2024-06-16 19:00:44.411 CST,"raingage","benchmark",54595,"127.0.0.1:48950",666ec5b9.d543,336,"UPDATE",2024-06-16 19:00:09 CST,4/25,0,LOG,00000,"execute S_7: UPDATE bmsql_stock     SET s_quantity = $1, s_ytd = s_ytd + $2,         s_order_cnt = s_order_cnt + 1,         s_remote_cnt = s_remote_cnt + $3     WHERE s_w_id = $4 AND s_i_id = $5","parameters: $1 = '60', $2 = '7', $3 = '0', $4 = '1', $5 = '102'",,,,,,,,"","client backend"
2024-06-16 19:00:44.431 CST,"raingage","benchmark",54595,"127.0.0.1:48950",666ec5b9.d543,337,"COMMIT",2024-06-16 19:00:09 CST,4/25,115311,LOG,00000,"execute S_2: COMMIT",,,,,,,,,"","client backend"
2024-06-16 19:00:44.432 CST,"raingage","benchmark",54599,"127.0.0.1:48958",666ec5b9.d547,332,"SELECT",2024-06-16 19:00:09 CST,8/25,0,LOG,00000,"execute S_1: SELECT c_discount, c_last, c_credit, w_tax     FROM bmsql_customer     JOIN bmsql_warehouse ON (w_id = c_w_id)     WHERE c_w_id = $1 AND c_d_id = $2 AND c_id = $3","parameters: $1 = '1', $2 = '1', $3 = '48'",,,,,,,,"","client backend"
2024-06-16 19:00:44.462 CST,"raingage","benchmark",54597,"127.0.0.1:48954",666ec5b9.d545,147,"SELECT",2024-06-16 19:00:09 CST,6/12,0,LOG,00000,"execute S_1: SELECT c_discount, c_last, c_credit, w_tax     FROM bmsql_customer     JOIN bmsql_warehouse ON (w_id = c_w_id)     WHERE c_w_id = $1 AND c_d_id = $2 AND c_id = $3","parameters: $1 = '1', $2 = '1', $3 = '57'",,,,,,,,"","client backend"
2024-06-16 19:00:44.499 CST,"raingage","benchmark",54599,"127.0.0.1:48958",666ec5b9.d547,333,"SELECT",2024-06-16 19:00:09 CST,8/25,0,LOG,00000,"execute S_1: SELECT c_discount, c_last, c_credit, w_tax     FROM bmsql_customer     JOIN bmsql_warehouse ON (w_id = c_w_id)     WHERE c_w_id = $1 AND c_d_id = $2 AND c_id = $3","parameters: $1 = '1', $2 = '1', $3 = '48'",,,,,,,,"","client backend"
2024-06-16 19:00:44.531 CST,"raingage","benchmark",54597,"127.0.0.1:48954",666ec5b9.d545,148,"SELECT",2024-06-16 19:00:09 CST,6/12,0,LOG,00000,"execute S_1: SELECT c_discount, c_last, c_credit, w_tax     FROM bmsql_customer     JOIN bmsql_warehouse ON (w_id = c_w_id)     WHERE c_w_id = $1 AND c_d_id = $2 AND c_id = $3","parameters: $1 = '1', $2 = '1', $3 = '57'",,,,,,,,"","client backend"
2024-06-16 19:00:44.567 CST,"raingage","benchmark",54599,"127.0.0.1:48958",666ec5b9.d547,334,"SELECT",2024-06-16 19:00:09 CST,8/25,0,LOG,00000,"execute S_1: SELECT c_discount, c_last, c_credit, w_tax     FROM bmsql_customer     JOIN bmsql_warehouse ON (w_id = c_w_id)     WHERE c_w_id = $1 AND c_d_id = $2 AND c_id = $3","parameters: $1 = '1', $2 = '1', $3 = '48'",,,,,,,,"","client backend"
2024-06-16 19:00:44.596 CST,"raingage","benchmark",54597,"127.0.0.1:48954",666ec5b9.d545,149,"SELECT",2024-06-16 19:00:09 CST,6/12,0,LOG,00000,"execute S_1: SELECT c_discount, c_last, c_credit, w_tax     FROM bmsql_customer     JOIN bmsql_warehouse ON (w_id = c_w_id)     WHERE c_w_id = $1 AND c_d_id = $2 AND c_id = $3","parameters: $1 = '1', $2 = '1', $3 = '57'",,,,,,,,"","client backend"
2024-06-16 19:00:44.635 CST,"raingage","benchmark",54599,"127.0.0.1:48958",666ec5b9.d547,335,"SELECT",2024-06-16 19:00:09 CST,8/25,0,LOG,00000,"execute S_1: SELECT c_discount, c_last, c_credit, w_tax     FROM bmsql_customer     JOIN bmsql_warehouse ON (w_id = c_w_id)     WHERE c_w_id = $1 AND c_d_id = $2 AND c_id = $3","parameters: $1 = '1', $2 = '1', $3 = '48'",,,,,,,,"","client backend"
2024-06-16 19:00:44.660 CST,"raingage","benchmark",54597,"127.0.0.1:48954",666ec5b9.d545,150,"SELECT",2024-06-16 19:00:09 CST,6/12,0,LOG,00000,"execute S_1: SELECT c_discount, c_last, c_credit, w_tax     FROM bmsql_customer     JOIN bmsql_warehouse ON (w_id = c_w_id)     WHERE c_w_id = $1 AND c_d_id = $2 AND c_id = $3","parameters: $1 = '1', $2 = '1', $3 = '57'",,,,,,,,"","client backend"
2024-06-16 19:00:44.702 CST,"raingage","benchmark",54599,"127.0.0.1:48958",666ec5b9.d547,336,"SELECT",2024-06-16 19:00:09 CST,8/25,0,LOG,00000,"execute S_1: SELECT c_discount, c_last, c_credit, w_tax     FROM bmsql_customer     JOIN bmsql_warehouse ON (w_id = c_w_id)     WHERE c_w_id = $1 AND c_d_id = $2 AND c_id = $3","parameters: $1 = '1', $2 = '1', $3 = '48'",,,,,,,,"","client backend"
2024-06-16 19:00:44.728 CST,"raingage","benchmark",54597,"127.0.0.1:48954",666ec5b9.d545,151,"SELECT",2024-06-16 19:00:09 CST,6/12,0,LOG,00000,"execute S_1: SELECT c_discount, c_last, c_credit, w_tax     FROM bmsql_customer     JOIN bmsql_warehouse ON (w_id = c_w_id)     WHERE c_w_id = $1 AND c_d_id = $2 AND c_id = $3","parameters: $1 = '1', $2 = '1', $3 = '57'",,,,,,,,"","client backend"
2024-06-16 19:00:44.767 CST,"raingage","benchmark",54599,"127.0.0.1:48958",666ec5b9.d547,337,"SELECT",2024-06-16 19:00:09 CST,8/25,0,LOG,00000,"execute S_1: SELECT c_discount, c_last, c_credit, w_tax     FROM bmsql_customer     JOIN bmsql_warehouse ON (w_id = c_w_id)     WHERE c_w_id = $1 AND c_d_id = $2 AND c_id = $3","parameters: $1 = '1', $2 = '1', $3 = '48'",,,,,,,,"","client backend"
2024-06-16 19:00:44.797 CST,"raingage","benchmark",54597,"127.0.0.1:48954",666ec5b9.d545,152,"SELECT",2024-06-16 19:00:09 CST,6/12,0,LOG,00000,"execute S_1: SELECT c_discount, c_last, c_credit, w_tax     FROM bmsql_customer     JOIN bmsql_warehouse ON (w_id = c_w_id)     WHERE c_w_id = $1 AND c_d_id = $2 AND c_id = $3","parameters: $1 = '1', $2 = '1', $3 = '57'",,,,,,,,"","client backend"
2024-06-16 19:00:44.811 CST,"raingage","benchmark",54597,"127.0.0.1:48954",666ec5b9.d545,153,"SELECT",2024-06-16 19:00:09 CST,6/12,0,LOG,00000,"execute S_5: SELECT i_price, i_name, i_data     FROM bmsql_item     WHERE i_id = $1","parameters: $1 = '61'",,,,,,,,"","client backend"
2024-06-16 19:00:44.823 CST,"raingage","benchmark",54597,"127.0.0.1:48954",666ec5b9.d545,154,"SELECT",2024-06-16 19:00:09 CST,6/12,0,LOG,00000,"execute S_6: SELECT s_quantity, s_data,        s_dist_01, s_dist_02, s_dist_03, s_dist_04,        s_dist_05, s_dist_06, s_dist_07, s_dist_08,        s_dist_09, s_dist_10     FROM bmsql_stock     WHERE s_w_id = $1 AND s_i_id = $2 ","parameters: $1 = '1', $2 = '61'",,,,,,,,"","client backend"
2024-06-16 19:00:44.835 CST,"raingage","benchmark",54599,"127.0.0.1:48958",666ec5b9.d547,338,"SELECT",2024-06-16 19:00:09 CST,8/25,0,LOG,00000,"execute S_1: SELECT c_discount, c_last, c_credit, w_tax     FROM bmsql_customer     JOIN bmsql_warehouse ON (w_id = c_w_id)     WHERE c_w_id = $1 AND c_d_id = $2 AND c_id = $3","parameters: $1 = '1', $2 = '1', $3 = '48'",,,,,,,,"","client backend"
2024-06-16 19:00:44.838 CST,"raingage","benchmark",54597,"127.0.0.1:48954",666ec5b9.d545,155,"UPDATE",2024-06-16 19:00:09 CST,6/12,0,LOG,00000,"execute S_7: UPDATE bmsql_stock     SET s_quantity = $1, s_ytd = s_ytd + $2,         s_order_cnt = s_order_cnt + 1,         s_remote_cnt = s_remote_cnt + $3     WHERE s_w_id = $4 AND s_i_id = $5","parameters: $1 = '66', $2 = '7', $3 = '0', $4 = '1', $5 = '61'",,,,,,,,"","client backend"
2024-06-16 19:00:44.859 CST,"raingage","benchmark",54597,"127.0.0.1:48954",666ec5b9.d545,156,"COMMIT",2024-06-16 19:00:09 CST,6/12,115312,LOG,00000,"execute S_2: COMMIT",,,,,,,,,"","client backend"
2024-06-16 19:00:44.859 CST,"raingage","benchmark",54597,"127.0.0.1:48954",666ec5b9.d545,157,"COMMIT",2024-06-16 19:00:09 CST,6/0,115312,WARNING,01000,"registered snapshots seem to remain after cleanup",,,,,,,,,"","client backend"
2024-06-16 19:00:44.902 CST,"raingage","benchmark",54599,"127.0.0.1:48958",666ec5b9.d547,339,"SELECT",2024-06-16 19:00:09 CST,8/25,0,LOG,00000,"execute S_1: SELECT c_discount, c_last, c_credit, w_tax     FROM bmsql_customer     JOIN bmsql_warehouse ON (w_id = c_w_id)     WHERE c_w_id = $1 AND c_d_id = $2 AND c_id = $3","parameters: $1 = '1', $2 = '1', $3 = '48'",,,,,,,,"","client backend"
2024-06-16 19:00:44.916 CST,"raingage","benchmark",54599,"127.0.0.1:48958",666ec5b9.d547,340,"SELECT",2024-06-16 19:00:09 CST,8/25,0,LOG,00000,"execute S_5: SELECT i_price, i_name, i_data     FROM bmsql_item     WHERE i_id = $1","parameters: $1 = '102'",,,,,,,,"","client backend"
2024-06-16 19:00:44.932 CST,"raingage","benchmark",54599,"127.0.0.1:48958",666ec5b9.d547,341,"SELECT",2024-06-16 19:00:09 CST,8/25,0,LOG,00000,"execute S_6: SELECT s_quantity, s_data,        s_dist_01, s_dist_02, s_dist_03, s_dist_04,        s_dist_05, s_dist_06, s_dist_07, s_dist_08,        s_dist_09, s_dist_10     FROM bmsql_stock     WHERE s_w_id = $1 AND s_i_id = $2 ","parameters: $1 = '1', $2 = '102'",,,,,,,,"","client backend"
2024-06-16 19:00:44.952 CST,"raingage","benchmark",54599,"127.0.0.1:48958",666ec5b9.d547,342,"UPDATE",2024-06-16 19:00:09 CST,8/25,0,LOG,00000,"execute S_7: UPDATE bmsql_stock     SET s_quantity = $1, s_ytd = s_ytd + $2,         s_order_cnt = s_order_cnt + 1,         s_remote_cnt = s_remote_cnt + $3     WHERE s_w_id = $4 AND s_i_id = $5","parameters: $1 = '64', $2 = '3', $3 = '0', $4 = '1', $5 = '102'",,,,,,,,"","client backend"
2024-06-16 19:00:44.974 CST,"raingage","benchmark",54599,"127.0.0.1:48958",666ec5b9.d547,343,"COMMIT",2024-06-16 19:00:09 CST,8/25,115313,LOG,00000,"execute S_2: COMMIT",,,,,,,,,"","client backend"
2024-06-16 19:00:44.975 CST,"raingage","benchmark",54599,"127.0.0.1:48958",666ec5b9.d547,344,"COMMIT",2024-06-16 19:00:09 CST,8/0,115313,WARNING,01000,"registered snapshots seem to remain after cleanup",,,,,,,,,"","client backend"
2024-06-16 19:00:44.992 CST,"raingage","benchmark",54599,"127.0.0.1:48958",666ec5b9.d547,345,"BEGIN",2024-06-16 19:00:09 CST,8/26,0,LOG,00000,"execute S_3: BEGIN",,,,,,,,,"","client backend"
2024-06-16 19:00:45.004 CST,"raingage","benchmark",54599,"127.0.0.1:48958",666ec5b9.d547,346,"SELECT",2024-06-16 19:00:09 CST,8/26,0,LOG,00000,"execute S_4: SELECT d_tax, d_next_o_id     FROM bmsql_district     WHERE d_w_id = $1 AND d_id = $2 ","parameters: $1 = '1', $2 = '3'",,,,,,,,"","client backend"
2024-06-16 19:00:45.070 CST,"raingage","benchmark",54599,"127.0.0.1:48958",666ec5b9.d547,347,"SELECT",2024-06-16 19:00:09 CST,8/26,0,LOG,00000,"execute S_1: SELECT c_discount, c_last, c_credit, w_tax     FROM bmsql_customer     JOIN bmsql_warehouse ON (w_id = c_w_id)     WHERE c_w_id = $1 AND c_d_id = $2 AND c_id = $3","parameters: $1 = '1', $2 = '3', $3 = '14'",,,,,,,,"","client backend"
2024-06-16 19:00:45.133 CST,"raingage","benchmark",54599,"127.0.0.1:48958",666ec5b9.d547,348,"SELECT",2024-06-16 19:00:09 CST,8/26,0,LOG,00000,"execute S_1: SELECT c_discount, c_last, c_credit, w_tax     FROM bmsql_customer     JOIN bmsql_warehouse ON (w_id = c_w_id)     WHERE c_w_id = $1 AND c_d_id = $2 AND c_id = $3","parameters: $1 = '1', $2 = '3', $3 = '14'",,,,,,,,"","client backend"
2024-06-16 19:00:45.203 CST,"raingage","benchmark",54599,"127.0.0.1:48958",666ec5b9.d547,349,"SELECT",2024-06-16 19:00:09 CST,8/26,0,LOG,00000,"execute S_1: SELECT c_discount, c_last, c_credit, w_tax     FROM bmsql_customer     JOIN bmsql_warehouse ON (w_id = c_w_id)     WHERE c_w_id = $1 AND c_d_id = $2 AND c_id = $3","parameters: $1 = '1', $2 = '3', $3 = '14'",,,,,,,,"","client backend"
2024-06-16 19:00:45.266 CST,"raingage","benchmark",54599,"127.0.0.1:48958",666ec5b9.d547,350,"SELECT",2024-06-16 19:00:09 CST,8/26,0,LOG,00000,"execute S_1: SELECT c_discount, c_last, c_credit, w_tax     FROM bmsql_customer     JOIN bmsql_warehouse ON (w_id = c_w_id)     WHERE c_w_id = $1 AND c_d_id = $2 AND c_id = $3","parameters: $1 = '1', $2 = '3', $3 = '14'",,,,,,,,"","client backend"
2024-06-16 19:00:45.330 CST,"raingage","benchmark",54599,"127.0.0.1:48958",666ec5b9.d547,351,"SELECT",2024-06-16 19:00:09 CST,8/26,0,LOG,00000,"execute S_1: SELECT c_discount, c_last, c_credit, w_tax     FROM bmsql_customer     JOIN bmsql_warehouse ON (w_id = c_w_id)     WHERE c_w_id = $1 AND c_d_id = $2 AND c_id = $3","parameters: $1 = '1', $2 = '3', $3 = '14'",,,,,,,,"","client backend"
2024-06-16 19:00:45.398 CST,"raingage","benchmark",54599,"127.0.0.1:48958",666ec5b9.d547,352,"SELECT",2024-06-16 19:00:09 CST,8/26,0,LOG,00000,"execute S_1: SELECT c_discount, c_last, c_credit, w_tax     FROM bmsql_customer     JOIN bmsql_warehouse ON (w_id = c_w_id)     WHERE c_w_id = $1 AND c_d_id = $2 AND c_id = $3","parameters: $1 = '1', $2 = '3', $3 = '14'",,,,,,,,"","client backend"
2024-06-16 19:00:45.465 CST,"raingage","benchmark",54599,"127.0.0.1:48958",666ec5b9.d547,353,"SELECT",2024-06-16 19:00:09 CST,8/26,0,LOG,00000,"execute S_1: SELECT c_discount, c_last, c_credit, w_tax     FROM bmsql_customer     JOIN bmsql_warehouse ON (w_id = c_w_id)     WHERE c_w_id = $1 AND c_d_id = $2 AND c_id = $3","parameters: $1 = '1', $2 = '3', $3 = '14'",,,,,,,,"","client backend"
2024-06-16 19:00:45.527 CST,"raingage","benchmark",54599,"127.0.0.1:48958",666ec5b9.d547,354,"SELECT",2024-06-16 19:00:09 CST,8/26,0,LOG,00000,"execute S_1: SELECT c_discount, c_last, c_credit, w_tax     FROM bmsql_customer     JOIN bmsql_warehouse ON (w_id = c_w_id)     WHERE c_w_id = $1 AND c_d_id = $2 AND c_id = $3","parameters: $1 = '1', $2 = '3', $3 = '14'",,,,,,,,"","client backend"
2024-06-16 19:00:45.544 CST,"raingage","benchmark",54599,"127.0.0.1:48958",666ec5b9.d547,355,"SELECT",2024-06-16 19:00:09 CST,8/26,0,LOG,00000,"execute S_5: SELECT i_price, i_name, i_data     FROM bmsql_item     WHERE i_id = $1","parameters: $1 = '79'",,,,,,,,"","client backend"
2024-06-16 19:00:45.564 CST,"raingage","benchmark",54599,"127.0.0.1:48958",666ec5b9.d547,356,"SELECT",2024-06-16 19:00:09 CST,8/26,0,LOG,00000,"execute S_6: SELECT s_quantity, s_data,        s_dist_01, s_dist_02, s_dist_03, s_dist_04,        s_dist_05, s_dist_06, s_dist_07, s_dist_08,        s_dist_09, s_dist_10     FROM bmsql_stock     WHERE s_w_id = $1 AND s_i_id = $2 ","parameters: $1 = '1', $2 = '79'",,,,,,,,"","client backend"
2024-06-16 19:00:45.576 CST,"raingage","benchmark",54599,"127.0.0.1:48958",666ec5b9.d547,357,"UPDATE",2024-06-16 19:00:09 CST,8/26,0,LOG,00000,"execute S_7: UPDATE bmsql_stock     SET s_quantity = $1, s_ytd = s_ytd + $2,         s_order_cnt = s_order_cnt + 1,         s_remote_cnt = s_remote_cnt + $3     WHERE s_w_id = $4 AND s_i_id = $5","parameters: $1 = '11', $2 = '5', $3 = '0', $4 = '1', $5 = '79'",,,,,,,,"","client backend"
2024-06-16 19:00:45.588 CST,"raingage","benchmark",54599,"127.0.0.1:48958",666ec5b9.d547,358,"COMMIT",2024-06-16 19:00:09 CST,8/26,115314,LOG,00000,"execute S_2: COMMIT",,,,,,,,,"","client backend"
2024-06-16 19:00:45.609 CST,"raingage","benchmark",54599,"127.0.0.1:48958",666ec5b9.d547,359,"BEGIN",2024-06-16 19:00:09 CST,8/27,0,LOG,00000,"execute S_3: BEGIN",,,,,,,,,"","client backend"
2024-06-16 19:00:45.624 CST,"raingage","benchmark",54599,"127.0.0.1:48958",666ec5b9.d547,360,"SELECT",2024-06-16 19:00:09 CST,8/27,0,LOG,00000,"execute S_4: SELECT d_tax, d_next_o_id     FROM bmsql_district     WHERE d_w_id = $1 AND d_id = $2 ","parameters: $1 = '1', $2 = '2'",,,,,,,,"","client backend"
2024-06-16 19:00:45.687 CST,"raingage","benchmark",54599,"127.0.0.1:48958",666ec5b9.d547,361,"SELECT",2024-06-16 19:00:09 CST,8/27,0,LOG,00000,"execute S_1: SELECT c_discount, c_last, c_credit, w_tax     FROM bmsql_customer     JOIN bmsql_warehouse ON (w_id = c_w_id)     WHERE c_w_id = $1 AND c_d_id = $2 AND c_id = $3","parameters: $1 = '1', $2 = '2', $3 = '86'",,,,,,,,"","client backend"
2024-06-16 19:00:45.751 CST,"raingage","benchmark",54599,"127.0.0.1:48958",666ec5b9.d547,362,"SELECT",2024-06-16 19:00:09 CST,8/27,0,LOG,00000,"execute S_1: SELECT c_discount, c_last, c_credit, w_tax     FROM bmsql_customer     JOIN bmsql_warehouse ON (w_id = c_w_id)     WHERE c_w_id = $1 AND c_d_id = $2 AND c_id = $3","parameters: $1 = '1', $2 = '2', $3 = '86'",,,,,,,,"","client backend"
2024-06-16 19:00:45.822 CST,"raingage","benchmark",54599,"127.0.0.1:48958",666ec5b9.d547,363,"SELECT",2024-06-16 19:00:09 CST,8/27,0,LOG,00000,"execute S_1: SELECT c_discount, c_last, c_credit, w_tax     FROM bmsql_customer     JOIN bmsql_warehouse ON (w_id = c_w_id)     WHERE c_w_id = $1 AND c_d_id = $2 AND c_id = $3","parameters: $1 = '1', $2 = '2', $3 = '86'",,,,,,,,"","client backend"
2024-06-16 19:00:45.887 CST,"raingage","benchmark",54599,"127.0.0.1:48958",666ec5b9.d547,364,"SELECT",2024-06-16 19:00:09 CST,8/27,0,LOG,00000,"execute S_1: SELECT c_discount, c_last, c_credit, w_tax     FROM bmsql_customer     JOIN bmsql_warehouse ON (w_id = c_w_id)     WHERE c_w_id = $1 AND c_d_id = $2 AND c_id = $3","parameters: $1 = '1', $2 = '2', $3 = '86'",,,,,,,,"","client backend"
2024-06-16 19:00:45.955 CST,"raingage","benchmark",54599,"127.0.0.1:48958",666ec5b9.d547,365,"SELECT",2024-06-16 19:00:09 CST,8/27,0,LOG,00000,"execute S_1: SELECT c_discount, c_last, c_credit, w_tax     FROM bmsql_customer     JOIN bmsql_warehouse ON (w_id = c_w_id)     WHERE c_w_id = $1 AND c_d_id = $2 AND c_id = $3","parameters: $1 = '1', $2 = '2', $3 = '86'",,,,,,,,"","client backend"
2024-06-16 19:00:46.026 CST,"raingage","benchmark",54599,"127.0.0.1:48958",666ec5b9.d547,366,"SELECT",2024-06-16 19:00:09 CST,8/27,0,LOG,00000,"execute S_1: SELECT c_discount, c_last, c_credit, w_tax     FROM bmsql_customer     JOIN bmsql_warehouse ON (w_id = c_w_id)     WHERE c_w_id = $1 AND c_d_id = $2 AND c_id = $3","parameters: $1 = '1', $2 = '2', $3 = '86'",,,,,,,,"","client backend"
2024-06-16 19:00:46.097 CST,"raingage","benchmark",54599,"127.0.0.1:48958",666ec5b9.d547,367,"SELECT",2024-06-16 19:00:09 CST,8/27,0,LOG,00000,"execute S_1: SELECT c_discount, c_last, c_credit, w_tax     FROM bmsql_customer     JOIN bmsql_warehouse ON (w_id = c_w_id)     WHERE c_w_id = $1 AND c_d_id = $2 AND c_id = $3","parameters: $1 = '1', $2 = '2', $3 = '86'",,,,,,,,"","client backend"
2024-06-16 19:00:46.164 CST,"raingage","benchmark",54599,"127.0.0.1:48958",666ec5b9.d547,368,"SELECT",2024-06-16 19:00:09 CST,8/27,0,LOG,00000,"execute S_1: SELECT c_discount, c_last, c_credit, w_tax     FROM bmsql_customer     JOIN bmsql_warehouse ON (w_id = c_w_id)     WHERE c_w_id = $1 AND c_d_id = $2 AND c_id = $3","parameters: $1 = '1', $2 = '2', $3 = '86'",,,,,,,,"","client backend"
2024-06-16 19:00:46.176 CST,"raingage","benchmark",54599,"127.0.0.1:48958",666ec5b9.d547,369,"SELECT",2024-06-16 19:00:09 CST,8/27,0,LOG,00000,"execute S_5: SELECT i_price, i_name, i_data     FROM bmsql_item     WHERE i_id = $1","parameters: $1 = '84'",,,,,,,,"","client backend"
2024-06-16 19:00:46.194 CST,"raingage","benchmark",54599,"127.0.0.1:48958",666ec5b9.d547,370,"SELECT",2024-06-16 19:00:09 CST,8/27,0,LOG,00000,"execute S_6: SELECT s_quantity, s_data,        s_dist_01, s_dist_02, s_dist_03, s_dist_04,        s_dist_05, s_dist_06, s_dist_07, s_dist_08,        s_dist_09, s_dist_10     FROM bmsql_stock     WHERE s_w_id = $1 AND s_i_id = $2 ","parameters: $1 = '1', $2 = '84'",,,,,,,,"","client backend"
2024-06-16 19:00:46.207 CST,"raingage","benchmark",54599,"127.0.0.1:48958",666ec5b9.d547,371,"UPDATE",2024-06-16 19:00:09 CST,8/27,0,LOG,00000,"execute S_7: UPDATE bmsql_stock     SET s_quantity = $1, s_ytd = s_ytd + $2,         s_order_cnt = s_order_cnt + 1,         s_remote_cnt = s_remote_cnt + $3     WHERE s_w_id = $4 AND s_i_id = $5","parameters: $1 = '93', $2 = '5', $3 = '0', $4 = '1', $5 = '84'",,,,,,,,"","client backend"
2024-06-16 19:00:46.225 CST,"raingage","benchmark",54599,"127.0.0.1:48958",666ec5b9.d547,372,"COMMIT",2024-06-16 19:00:09 CST,8/27,115315,LOG,00000,"execute S_2: COMMIT",,,,,,,,,"","client backend"
2024-06-16 19:00:46.240 CST,"raingage","benchmark",54599,"127.0.0.1:48958",666ec5b9.d547,373,"BEGIN",2024-06-16 19:00:09 CST,8/28,0,LOG,00000,"execute S_3: BEGIN",,,,,,,,,"","client backend"
2024-06-16 19:00:46.260 CST,"raingage","benchmark",54599,"127.0.0.1:48958",666ec5b9.d547,374,"SELECT",2024-06-16 19:00:09 CST,8/28,0,LOG,00000,"execute S_4: SELECT d_tax, d_next_o_id     FROM bmsql_district     WHERE d_w_id = $1 AND d_id = $2 ","parameters: $1 = '1', $2 = '2'",,,,,,,,"","client backend"
2024-06-16 19:00:46.327 CST,"raingage","benchmark",54599,"127.0.0.1:48958",666ec5b9.d547,375,"SELECT",2024-06-16 19:00:09 CST,8/28,0,LOG,00000,"execute S_1: SELECT c_discount, c_last, c_credit, w_tax     FROM bmsql_customer     JOIN bmsql_warehouse ON (w_id = c_w_id)     WHERE c_w_id = $1 AND c_d_id = $2 AND c_id = $3","parameters: $1 = '1', $2 = '2', $3 = '86'",,,,,,,,"","client backend"
2024-06-16 19:00:46.389 CST,"raingage","benchmark",54599,"127.0.0.1:48958",666ec5b9.d547,376,"SELECT",2024-06-16 19:00:09 CST,8/28,0,LOG,00000,"execute S_1: SELECT c_discount, c_last, c_credit, w_tax     FROM bmsql_customer     JOIN bmsql_warehouse ON (w_id = c_w_id)     WHERE c_w_id = $1 AND c_d_id = $2 AND c_id = $3","parameters: $1 = '1', $2 = '2', $3 = '86'",,,,,,,,"","client backend"
2024-06-16 19:00:46.453 CST,"raingage","benchmark",54599,"127.0.0.1:48958",666ec5b9.d547,377,"SELECT",2024-06-16 19:00:09 CST,8/28,0,LOG,00000,"execute S_1: SELECT c_discount, c_last, c_credit, w_tax     FROM bmsql_customer     JOIN bmsql_warehouse ON (w_id = c_w_id)     WHERE c_w_id = $1 AND c_d_id = $2 AND c_id = $3","parameters: $1 = '1', $2 = '2', $3 = '86'",,,,,,,,"","client backend"
2024-06-16 19:00:46.515 CST,"raingage","benchmark",54599,"127.0.0.1:48958",666ec5b9.d547,378,"SELECT",2024-06-16 19:00:09 CST,8/28,0,LOG,00000,"execute S_1: SELECT c_discount, c_last, c_credit, w_tax     FROM bmsql_customer     JOIN bmsql_warehouse ON (w_id = c_w_id)     WHERE c_w_id = $1 AND c_d_id = $2 AND c_id = $3","parameters: $1 = '1', $2 = '2', $3 = '86'",,,,,,,,"","client backend"
2024-06-16 19:00:46.580 CST,"raingage","benchmark",54599,"127.0.0.1:48958",666ec5b9.d547,379,"SELECT",2024-06-16 19:00:09 CST,8/28,0,LOG,00000,"execute S_1: SELECT c_discount, c_last, c_credit, w_tax     FROM bmsql_customer     JOIN bmsql_warehouse ON (w_id = c_w_id)     WHERE c_w_id = $1 AND c_d_id = $2 AND c_id = $3","parameters: $1 = '1', $2 = '2', $3 = '86'",,,,,,,,"","client backend"
2024-06-16 19:00:46.643 CST,"raingage","benchmark",54599,"127.0.0.1:48958",666ec5b9.d547,380,"SELECT",2024-06-16 19:00:09 CST,8/28,0,LOG,00000,"execute S_1: SELECT c_discount, c_last, c_credit, w_tax     FROM bmsql_customer     JOIN bmsql_warehouse ON (w_id = c_w_id)     WHERE c_w_id = $1 AND c_d_id = $2 AND c_id = $3","parameters: $1 = '1', $2 = '2', $3 = '86'",,,,,,,,"","client backend"
2024-06-16 19:00:46.707 CST,"raingage","benchmark",54599,"127.0.0.1:48958",666ec5b9.d547,381,"SELECT",2024-06-16 19:00:09 CST,8/28,0,LOG,00000,"execute S_1: SELECT c_discount, c_last, c_credit, w_tax     FROM bmsql_customer     JOIN bmsql_warehouse ON (w_id = c_w_id)     WHERE c_w_id = $1 AND c_d_id = $2 AND c_id = $3","parameters: $1 = '1', $2 = '2', $3 = '86'",,,,,,,,"","client backend"
2024-06-16 19:00:46.775 CST,"raingage","benchmark",54599,"127.0.0.1:48958",666ec5b9.d547,382,"SELECT",2024-06-16 19:00:09 CST,8/28,0,LOG,00000,"execute S_1: SELECT c_discount, c_last, c_credit, w_tax     FROM bmsql_customer     JOIN bmsql_warehouse ON (w_id = c_w_id)     WHERE c_w_id = $1 AND c_d_id = $2 AND c_id = $3","parameters: $1 = '1', $2 = '2', $3 = '86'",,,,,,,,"","client backend"
2024-06-16 19:00:46.787 CST,"raingage","benchmark",54599,"127.0.0.1:48958",666ec5b9.d547,383,"SELECT",2024-06-16 19:00:09 CST,8/28,0,LOG,00000,"execute S_5: SELECT i_price, i_name, i_data     FROM bmsql_item     WHERE i_id = $1","parameters: $1 = '84'",,,,,,,,"","client backend"
2024-06-16 19:00:46.806 CST,"raingage","benchmark",54599,"127.0.0.1:48958",666ec5b9.d547,384,"SELECT",2024-06-16 19:00:09 CST,8/28,0,LOG,00000,"execute S_6: SELECT s_quantity, s_data,        s_dist_01, s_dist_02, s_dist_03, s_dist_04,        s_dist_05, s_dist_06, s_dist_07, s_dist_08,        s_dist_09, s_dist_10     FROM bmsql_stock     WHERE s_w_id = $1 AND s_i_id = $2 ","parameters: $1 = '1', $2 = '84'",,,,,,,,"","client backend"
2024-06-16 19:00:46.827 CST,"raingage","benchmark",54599,"127.0.0.1:48958",666ec5b9.d547,385,"UPDATE",2024-06-16 19:00:09 CST,8/28,0,LOG,00000,"execute S_7: UPDATE bmsql_stock     SET s_quantity = $1, s_ytd = s_ytd + $2,         s_order_cnt = s_order_cnt + 1,         s_remote_cnt = s_remote_cnt + $3     WHERE s_w_id = $4 AND s_i_id = $5","parameters: $1 = '90', $2 = '3', $3 = '0', $4 = '1', $5 = '84'",,,,,,,,"","client backend"
2024-06-16 19:00:46.846 CST,"raingage","benchmark",54599,"127.0.0.1:48958",666ec5b9.d547,386,"COMMIT",2024-06-16 19:00:09 CST,8/28,115316,LOG,00000,"execute S_2: COMMIT",,,,,,,,,"","client backend"
2024-06-16 19:00:46.867 CST,"raingage","benchmark",54599,"127.0.0.1:48958",666ec5b9.d547,387,"BEGIN",2024-06-16 19:00:09 CST,8/29,0,LOG,00000,"execute S_3: BEGIN",,,,,,,,,"","client backend"
2024-06-16 19:00:46.878 CST,"raingage","benchmark",54599,"127.0.0.1:48958",666ec5b9.d547,388,"SELECT",2024-06-16 19:00:09 CST,8/29,0,LOG,00000,"execute S_4: SELECT d_tax, d_next_o_id     FROM bmsql_district     WHERE d_w_id = $1 AND d_id = $2 ","parameters: $1 = '1', $2 = '1'",,,,,,,,"","client backend"
2024-06-16 19:00:46.947 CST,"raingage","benchmark",54599,"127.0.0.1:48958",666ec5b9.d547,389,"SELECT",2024-06-16 19:00:09 CST,8/29,0,LOG,00000,"execute S_1: SELECT c_discount, c_last, c_credit, w_tax     FROM bmsql_customer     JOIN bmsql_warehouse ON (w_id = c_w_id)     WHERE c_w_id = $1 AND c_d_id = $2 AND c_id = $3","parameters: $1 = '1', $2 = '1', $3 = '49'",,,,,,,,"","client backend"
2024-06-16 19:00:47.017 CST,"raingage","benchmark",54599,"127.0.0.1:48958",666ec5b9.d547,390,"SELECT",2024-06-16 19:00:09 CST,8/29,0,LOG,00000,"execute S_1: SELECT c_discount, c_last, c_credit, w_tax     FROM bmsql_customer     JOIN bmsql_warehouse ON (w_id = c_w_id)     WHERE c_w_id = $1 AND c_d_id = $2 AND c_id = $3","parameters: $1 = '1', $2 = '1', $3 = '49'",,,,,,,,"","client backend"
2024-06-16 19:00:47.083 CST,"raingage","benchmark",54599,"127.0.0.1:48958",666ec5b9.d547,391,"SELECT",2024-06-16 19:00:09 CST,8/29,0,LOG,00000,"execute S_1: SELECT c_discount, c_last, c_credit, w_tax     FROM bmsql_customer     JOIN bmsql_warehouse ON (w_id = c_w_id)     WHERE c_w_id = $1 AND c_d_id = $2 AND c_id = $3","parameters: $1 = '1', $2 = '1', $3 = '49'",,,,,,,,"","client backend"
2024-06-16 19:00:47.147 CST,"raingage","benchmark",54599,"127.0.0.1:48958",666ec5b9.d547,392,"SELECT",2024-06-16 19:00:09 CST,8/29,0,LOG,00000,"execute S_1: SELECT c_discount, c_last, c_credit, w_tax     FROM bmsql_customer     JOIN bmsql_warehouse ON (w_id = c_w_id)     WHERE c_w_id = $1 AND c_d_id = $2 AND c_id = $3","parameters: $1 = '1', $2 = '1', $3 = '49'",,,,,,,,"","client backend"
2024-06-16 19:00:47.212 CST,"raingage","benchmark",54599,"127.0.0.1:48958",666ec5b9.d547,393,"SELECT",2024-06-16 19:00:09 CST,8/29,0,LOG,00000,"execute S_1: SELECT c_discount, c_last, c_credit, w_tax     FROM bmsql_customer     JOIN bmsql_warehouse ON (w_id = c_w_id)     WHERE c_w_id = $1 AND c_d_id = $2 AND c_id = $3","parameters: $1 = '1', $2 = '1', $3 = '49'",,,,,,,,"","client backend"
2024-06-16 19:00:47.279 CST,"raingage","benchmark",54599,"127.0.0.1:48958",666ec5b9.d547,394,"SELECT",2024-06-16 19:00:09 CST,8/29,0,LOG,00000,"execute S_1: SELECT c_discount, c_last, c_credit, w_tax     FROM bmsql_customer     JOIN bmsql_warehouse ON (w_id = c_w_id)     WHERE c_w_id = $1 AND c_d_id = $2 AND c_id = $3","parameters: $1 = '1', $2 = '1', $3 = '49'",,,,,,,,"","client backend"
2024-06-16 19:00:47.346 CST,"raingage","benchmark",54599,"127.0.0.1:48958",666ec5b9.d547,395,"SELECT",2024-06-16 19:00:09 CST,8/29,0,LOG,00000,"execute S_1: SELECT c_discount, c_last, c_credit, w_tax     FROM bmsql_customer     JOIN bmsql_warehouse ON (w_id = c_w_id)     WHERE c_w_id = $1 AND c_d_id = $2 AND c_id = $3","parameters: $1 = '1', $2 = '1', $3 = '49'",,,,,,,,"","client backend"
2024-06-16 19:00:47.409 CST,"raingage","benchmark",54599,"127.0.0.1:48958",666ec5b9.d547,396,"SELECT",2024-06-16 19:00:09 CST,8/29,0,LOG,00000,"execute S_1: SELECT c_discount, c_last, c_credit, w_tax     FROM bmsql_customer     JOIN bmsql_warehouse ON (w_id = c_w_id)     WHERE c_w_id = $1 AND c_d_id = $2 AND c_id = $3","parameters: $1 = '1', $2 = '1', $3 = '49'",,,,,,,,"","client backend"
2024-06-16 19:00:47.416 CST,"raingage","benchmark",54596,"127.0.0.1:48952",666ec5b9.d544,411,"BEGIN",2024-06-16 19:00:09 CST,5/31,0,LOG,00000,"execute S_3: BEGIN",,,,,,,,,"","client backend"
2024-06-16 19:00:47.423 CST,"raingage","benchmark",54599,"127.0.0.1:48958",666ec5b9.d547,397,"SELECT",2024-06-16 19:00:09 CST,8/29,0,LOG,00000,"execute S_5: SELECT i_price, i_name, i_data     FROM bmsql_item     WHERE i_id = $1","parameters: $1 = '27'",,,,,,,,"","client backend"
2024-06-16 19:00:47.426 CST,"raingage","benchmark",54596,"127.0.0.1:48952",666ec5b9.d544,412,"SELECT",2024-06-16 19:00:09 CST,5/31,0,LOG,00000,"execute S_4: SELECT d_tax, d_next_o_id     FROM bmsql_district     WHERE d_w_id = $1 AND d_id = $2 ","parameters: $1 = '1', $2 = '3'",,,,,,,,"","client backend"
2024-06-16 19:00:47.441 CST,"raingage","benchmark",54599,"127.0.0.1:48958",666ec5b9.d547,398,"SELECT",2024-06-16 19:00:09 CST,8/29,0,LOG,00000,"execute S_6: SELECT s_quantity, s_data,        s_dist_01, s_dist_02, s_dist_03, s_dist_04,        s_dist_05, s_dist_06, s_dist_07, s_dist_08,        s_dist_09, s_dist_10     FROM bmsql_stock     WHERE s_w_id = $1 AND s_i_id = $2 ","parameters: $1 = '1', $2 = '27'",,,,,,,,"","client backend"
2024-06-16 19:00:47.459 CST,"raingage","benchmark",54599,"127.0.0.1:48958",666ec5b9.d547,399,"UPDATE",2024-06-16 19:00:09 CST,8/29,0,LOG,00000,"execute S_7: UPDATE bmsql_stock     SET s_quantity = $1, s_ytd = s_ytd + $2,         s_order_cnt = s_order_cnt + 1,         s_remote_cnt = s_remote_cnt + $3     WHERE s_w_id = $4 AND s_i_id = $5","parameters: $1 = '43', $2 = '3', $3 = '0', $4 = '1', $5 = '27'",,,,,,,,"","client backend"
2024-06-16 19:00:47.476 CST,"raingage","benchmark",54599,"127.0.0.1:48958",666ec5b9.d547,400,"COMMIT",2024-06-16 19:00:09 CST,8/29,115317,LOG,00000,"execute S_2: COMMIT",,,,,,,,,"","client backend"
2024-06-16 19:00:47.491 CST,"raingage","benchmark",54596,"127.0.0.1:48952",666ec5b9.d544,413,"SELECT",2024-06-16 19:00:09 CST,5/31,0,LOG,00000,"execute S_1: SELECT c_discount, c_last, c_credit, w_tax     FROM bmsql_customer     JOIN bmsql_warehouse ON (w_id = c_w_id)     WHERE c_w_id = $1 AND c_d_id = $2 AND c_id = $3","parameters: $1 = '1', $2 = '3', $3 = '35'",,,,,,,,"","client backend"
2024-06-16 19:00:47.494 CST,"raingage","benchmark",54599,"127.0.0.1:48958",666ec5b9.d547,401,"BEGIN",2024-06-16 19:00:09 CST,8/30,0,LOG,00000,"execute S_3: BEGIN",,,,,,,,,"","client backend"
2024-06-16 19:00:47.512 CST,"raingage","benchmark",54599,"127.0.0.1:48958",666ec5b9.d547,402,"SELECT",2024-06-16 19:00:09 CST,8/30,0,LOG,00000,"execute S_4: SELECT d_tax, d_next_o_id     FROM bmsql_district     WHERE d_w_id = $1 AND d_id = $2 ","parameters: $1 = '1', $2 = '1'",,,,,,,,"","client backend"
2024-06-16 19:00:47.554 CST,"raingage","benchmark",54596,"127.0.0.1:48952",666ec5b9.d544,414,"SELECT",2024-06-16 19:00:09 CST,5/31,0,LOG,00000,"execute S_1: SELECT c_discount, c_last, c_credit, w_tax     FROM bmsql_customer     JOIN bmsql_warehouse ON (w_id = c_w_id)     WHERE c_w_id = $1 AND c_d_id = $2 AND c_id = $3","parameters: $1 = '1', $2 = '3', $3 = '35'",,,,,,,,"","client backend"
2024-06-16 19:00:47.575 CST,"raingage","benchmark",54599,"127.0.0.1:48958",666ec5b9.d547,403,"SELECT",2024-06-16 19:00:09 CST,8/30,0,LOG,00000,"execute S_1: SELECT c_discount, c_last, c_credit, w_tax     FROM bmsql_customer     JOIN bmsql_warehouse ON (w_id = c_w_id)     WHERE c_w_id = $1 AND c_d_id = $2 AND c_id = $3","parameters: $1 = '1', $2 = '1', $3 = '49'",,,,,,,,"","client backend"
2024-06-16 19:00:47.618 CST,"raingage","benchmark",54596,"127.0.0.1:48952",666ec5b9.d544,415,"SELECT",2024-06-16 19:00:09 CST,5/31,0,LOG,00000,"execute S_1: SELECT c_discount, c_last, c_credit, w_tax     FROM bmsql_customer     JOIN bmsql_warehouse ON (w_id = c_w_id)     WHERE c_w_id = $1 AND c_d_id = $2 AND c_id = $3","parameters: $1 = '1', $2 = '3', $3 = '35'",,,,,,,,"","client backend"
2024-06-16 19:00:47.636 CST,"raingage","benchmark",54599,"127.0.0.1:48958",666ec5b9.d547,404,"SELECT",2024-06-16 19:00:09 CST,8/30,0,LOG,00000,"execute S_1: SELECT c_discount, c_last, c_credit, w_tax     FROM bmsql_customer     JOIN bmsql_warehouse ON (w_id = c_w_id)     WHERE c_w_id = $1 AND c_d_id = $2 AND c_id = $3","parameters: $1 = '1', $2 = '1', $3 = '49'",,,,,,,,"","client backend"
2024-06-16 19:00:47.685 CST,"raingage","benchmark",54596,"127.0.0.1:48952",666ec5b9.d544,416,"SELECT",2024-06-16 19:00:09 CST,5/31,0,LOG,00000,"execute S_1: SELECT c_discount, c_last, c_credit, w_tax     FROM bmsql_customer     JOIN bmsql_warehouse ON (w_id = c_w_id)     WHERE c_w_id = $1 AND c_d_id = $2 AND c_id = $3","parameters: $1 = '1', $2 = '3', $3 = '35'",,,,,,,,"","client backend"
2024-06-16 19:00:47.697 CST,"raingage","benchmark",54599,"127.0.0.1:48958",666ec5b9.d547,405,"SELECT",2024-06-16 19:00:09 CST,8/30,0,LOG,00000,"execute S_1: SELECT c_discount, c_last, c_credit, w_tax     FROM bmsql_customer     JOIN bmsql_warehouse ON (w_id = c_w_id)     WHERE c_w_id = $1 AND c_d_id = $2 AND c_id = $3","parameters: $1 = '1', $2 = '1', $3 = '49'",,,,,,,,"","client backend"
2024-06-16 19:00:47.749 CST,"raingage","benchmark",54596,"127.0.0.1:48952",666ec5b9.d544,417,"SELECT",2024-06-16 19:00:09 CST,5/31,0,LOG,00000,"execute S_1: SELECT c_discount, c_last, c_credit, w_tax     FROM bmsql_customer     JOIN bmsql_warehouse ON (w_id = c_w_id)     WHERE c_w_id = $1 AND c_d_id = $2 AND c_id = $3","parameters: $1 = '1', $2 = '3', $3 = '35'",,,,,,,,"","client backend"
2024-06-16 19:00:47.765 CST,"raingage","benchmark",54599,"127.0.0.1:48958",666ec5b9.d547,406,"SELECT",2024-06-16 19:00:09 CST,8/30,0,LOG,00000,"execute S_1: SELECT c_discount, c_last, c_credit, w_tax     FROM bmsql_customer     JOIN bmsql_warehouse ON (w_id = c_w_id)     WHERE c_w_id = $1 AND c_d_id = $2 AND c_id = $3","parameters: $1 = '1', $2 = '1', $3 = '49'",,,,,,,,"","client backend"
2024-06-16 19:00:47.820 CST,"raingage","benchmark",54596,"127.0.0.1:48952",666ec5b9.d544,418,"SELECT",2024-06-16 19:00:09 CST,5/31,0,LOG,00000,"execute S_1: SELECT c_discount, c_last, c_credit, w_tax     FROM bmsql_customer     JOIN bmsql_warehouse ON (w_id = c_w_id)     WHERE c_w_id = $1 AND c_d_id = $2 AND c_id = $3","parameters: $1 = '1', $2 = '3', $3 = '35'",,,,,,,,"","client backend"
2024-06-16 19:00:47.827 CST,"raingage","benchmark",54599,"127.0.0.1:48958",666ec5b9.d547,407,"SELECT",2024-06-16 19:00:09 CST,8/30,0,LOG,00000,"execute S_1: SELECT c_discount, c_last, c_credit, w_tax     FROM bmsql_customer     JOIN bmsql_warehouse ON (w_id = c_w_id)     WHERE c_w_id = $1 AND c_d_id = $2 AND c_id = $3","parameters: $1 = '1', $2 = '1', $3 = '49'",,,,,,,,"","client backend"
2024-06-16 19:00:47.883 CST,"raingage","benchmark",54596,"127.0.0.1:48952",666ec5b9.d544,419,"SELECT",2024-06-16 19:00:09 CST,5/31,0,LOG,00000,"execute S_1: SELECT c_discount, c_last, c_credit, w_tax     FROM bmsql_customer     JOIN bmsql_warehouse ON (w_id = c_w_id)     WHERE c_w_id = $1 AND c_d_id = $2 AND c_id = $3","parameters: $1 = '1', $2 = '3', $3 = '35'",,,,,,,,"","client backend"
2024-06-16 19:00:47.891 CST,"raingage","benchmark",54599,"127.0.0.1:48958",666ec5b9.d547,408,"SELECT",2024-06-16 19:00:09 CST,8/30,0,LOG,00000,"execute S_1: SELECT c_discount, c_last, c_credit, w_tax     FROM bmsql_customer     JOIN bmsql_warehouse ON (w_id = c_w_id)     WHERE c_w_id = $1 AND c_d_id = $2 AND c_id = $3","parameters: $1 = '1', $2 = '1', $3 = '49'",,,,,,,,"","client backend"
2024-06-16 19:00:47.949 CST,"raingage","benchmark",54596,"127.0.0.1:48952",666ec5b9.d544,420,"SELECT",2024-06-16 19:00:09 CST,5/31,0,LOG,00000,"execute S_1: SELECT c_discount, c_last, c_credit, w_tax     FROM bmsql_customer     JOIN bmsql_warehouse ON (w_id = c_w_id)     WHERE c_w_id = $1 AND c_d_id = $2 AND c_id = $3","parameters: $1 = '1', $2 = '3', $3 = '35'",,,,,,,,"","client backend"
2024-06-16 19:00:47.961 CST,"raingage","benchmark",54599,"127.0.0.1:48958",666ec5b9.d547,409,"SELECT",2024-06-16 19:00:09 CST,8/30,0,LOG,00000,"execute S_1: SELECT c_discount, c_last, c_credit, w_tax     FROM bmsql_customer     JOIN bmsql_warehouse ON (w_id = c_w_id)     WHERE c_w_id = $1 AND c_d_id = $2 AND c_id = $3","parameters: $1 = '1', $2 = '1', $3 = '49'",,,,,,,,"","client backend"
2024-06-16 19:00:47.965 CST,"raingage","benchmark",54596,"127.0.0.1:48952",666ec5b9.d544,421,"SELECT",2024-06-16 19:00:09 CST,5/31,0,LOG,00000,"execute S_5: SELECT i_price, i_name, i_data     FROM bmsql_item     WHERE i_id = $1","parameters: $1 = '11'",,,,,,,,"","client backend"
2024-06-16 19:00:47.985 CST,"raingage","benchmark",54596,"127.0.0.1:48952",666ec5b9.d544,422,"SELECT",2024-06-16 19:00:09 CST,5/31,0,LOG,00000,"execute S_6: SELECT s_quantity, s_data,        s_dist_01, s_dist_02, s_dist_03, s_dist_04,        s_dist_05, s_dist_06, s_dist_07, s_dist_08,        s_dist_09, s_dist_10     FROM bmsql_stock     WHERE s_w_id = $1 AND s_i_id = $2 ","parameters: $1 = '1', $2 = '11'",,,,,,,,"","client backend"
2024-06-16 19:00:48.001 CST,"raingage","benchmark",54596,"127.0.0.1:48952",666ec5b9.d544,423,"UPDATE",2024-06-16 19:00:09 CST,5/31,0,LOG,00000,"execute S_7: UPDATE bmsql_stock     SET s_quantity = $1, s_ytd = s_ytd + $2,         s_order_cnt = s_order_cnt + 1,         s_remote_cnt = s_remote_cnt + $3     WHERE s_w_id = $4 AND s_i_id = $5","parameters: $1 = '96', $2 = '3', $3 = '0', $4 = '1', $5 = '11'",,,,,,,,"","client backend"
2024-06-16 19:00:48.016 CST,"raingage","benchmark",54596,"127.0.0.1:48952",666ec5b9.d544,424,"COMMIT",2024-06-16 19:00:09 CST,5/31,115318,LOG,00000,"execute S_2: COMMIT",,,,,,,,,"","client backend"
2024-06-16 19:00:48.026 CST,"raingage","benchmark",54599,"127.0.0.1:48958",666ec5b9.d547,410,"SELECT",2024-06-16 19:00:09 CST,8/30,0,LOG,00000,"execute S_1: SELECT c_discount, c_last, c_credit, w_tax     FROM bmsql_customer     JOIN bmsql_warehouse ON (w_id = c_w_id)     WHERE c_w_id = $1 AND c_d_id = $2 AND c_id = $3","parameters: $1 = '1', $2 = '1', $3 = '49'",,,,,,,,"","client backend"
2024-06-16 19:00:48.034 CST,"raingage","benchmark",54596,"127.0.0.1:48952",666ec5b9.d544,425,"BEGIN",2024-06-16 19:00:09 CST,5/32,0,LOG,00000,"execute S_3: BEGIN",,,,,,,,,"","client backend"
2024-06-16 19:00:48.043 CST,"raingage","benchmark",54599,"127.0.0.1:48958",666ec5b9.d547,411,"SELECT",2024-06-16 19:00:09 CST,8/30,0,LOG,00000,"execute S_5: SELECT i_price, i_name, i_data     FROM bmsql_item     WHERE i_id = $1","parameters: $1 = '27'",,,,,,,,"","client backend"
2024-06-16 19:00:48.050 CST,"raingage","benchmark",54596,"127.0.0.1:48952",666ec5b9.d544,426,"SELECT",2024-06-16 19:00:09 CST,5/32,0,LOG,00000,"execute S_4: SELECT d_tax, d_next_o_id     FROM bmsql_district     WHERE d_w_id = $1 AND d_id = $2 ","parameters: $1 = '1', $2 = '1'",,,,,,,,"","client backend"
2024-06-16 19:00:48.054 CST,"raingage","benchmark",54599,"127.0.0.1:48958",666ec5b9.d547,412,"SELECT",2024-06-16 19:00:09 CST,8/30,0,LOG,00000,"execute S_6: SELECT s_quantity, s_data,        s_dist_01, s_dist_02, s_dist_03, s_dist_04,        s_dist_05, s_dist_06, s_dist_07, s_dist_08,        s_dist_09, s_dist_10     FROM bmsql_stock     WHERE s_w_id = $1 AND s_i_id = $2 ","parameters: $1 = '1', $2 = '27'",,,,,,,,"","client backend"
2024-06-16 19:00:48.068 CST,"raingage","benchmark",54599,"127.0.0.1:48958",666ec5b9.d547,413,"UPDATE",2024-06-16 19:00:09 CST,8/30,0,LOG,00000,"execute S_7: UPDATE bmsql_stock     SET s_quantity = $1, s_ytd = s_ytd + $2,         s_order_cnt = s_order_cnt + 1,         s_remote_cnt = s_remote_cnt + $3     WHERE s_w_id = $4 AND s_i_id = $5","parameters: $1 = '37', $2 = '6', $3 = '0', $4 = '1', $5 = '27'",,,,,,,,"","client backend"
2024-06-16 19:00:48.087 CST,"raingage","benchmark",54599,"127.0.0.1:48958",666ec5b9.d547,414,"COMMIT",2024-06-16 19:00:09 CST,8/30,115319,LOG,00000,"execute S_2: COMMIT",,,,,,,,,"","client backend"
2024-06-16 19:00:48.099 CST,"raingage","benchmark",54599,"127.0.0.1:48958",666ec5b9.d547,415,"BEGIN",2024-06-16 19:00:09 CST,8/31,0,LOG,00000,"execute S_3: BEGIN",,,,,,,,,"","client backend"
2024-06-16 19:00:48.111 CST,"raingage","benchmark",54599,"127.0.0.1:48958",666ec5b9.d547,416,"SELECT",2024-06-16 19:00:09 CST,8/31,0,LOG,00000,"execute S_4: SELECT d_tax, d_next_o_id     FROM bmsql_district     WHERE d_w_id = $1 AND d_id = $2 ","parameters: $1 = '1', $2 = '1'",,,,,,,,"","client backend"
2024-06-16 19:00:48.121 CST,"raingage","benchmark",54596,"127.0.0.1:48952",666ec5b9.d544,427,"SELECT",2024-06-16 19:00:09 CST,5/32,0,LOG,00000,"execute S_1: SELECT c_discount, c_last, c_credit, w_tax     FROM bmsql_customer     JOIN bmsql_warehouse ON (w_id = c_w_id)     WHERE c_w_id = $1 AND c_d_id = $2 AND c_id = $3","parameters: $1 = '1', $2 = '1', $3 = '5'",,,,,,,,"","client backend"
2024-06-16 19:00:48.186 CST,"raingage","benchmark",54596,"127.0.0.1:48952",666ec5b9.d544,428,"SELECT",2024-06-16 19:00:09 CST,5/32,0,LOG,00000,"execute S_1: SELECT c_discount, c_last, c_credit, w_tax     FROM bmsql_customer     JOIN bmsql_warehouse ON (w_id = c_w_id)     WHERE c_w_id = $1 AND c_d_id = $2 AND c_id = $3","parameters: $1 = '1', $2 = '1', $3 = '5'",,,,,,,,"","client backend"
2024-06-16 19:00:48.250 CST,"raingage","benchmark",54596,"127.0.0.1:48952",666ec5b9.d544,429,"SELECT",2024-06-16 19:00:09 CST,5/32,0,LOG,00000,"execute S_1: SELECT c_discount, c_last, c_credit, w_tax     FROM bmsql_customer     JOIN bmsql_warehouse ON (w_id = c_w_id)     WHERE c_w_id = $1 AND c_d_id = $2 AND c_id = $3","parameters: $1 = '1', $2 = '1', $3 = '5'",,,,,,,,"","client backend"
2024-06-16 19:00:48.319 CST,"raingage","benchmark",54596,"127.0.0.1:48952",666ec5b9.d544,430,"SELECT",2024-06-16 19:00:09 CST,5/32,0,LOG,00000,"execute S_1: SELECT c_discount, c_last, c_credit, w_tax     FROM bmsql_customer     JOIN bmsql_warehouse ON (w_id = c_w_id)     WHERE c_w_id = $1 AND c_d_id = $2 AND c_id = $3","parameters: $1 = '1', $2 = '1', $3 = '5'",,,,,,,,"","client backend"
2024-06-16 19:00:48.384 CST,"raingage","benchmark",54596,"127.0.0.1:48952",666ec5b9.d544,431,"SELECT",2024-06-16 19:00:09 CST,5/32,0,LOG,00000,"execute S_1: SELECT c_discount, c_last, c_credit, w_tax     FROM bmsql_customer     JOIN bmsql_warehouse ON (w_id = c_w_id)     WHERE c_w_id = $1 AND c_d_id = $2 AND c_id = $3","parameters: $1 = '1', $2 = '1', $3 = '5'",,,,,,,,"","client backend"
2024-06-16 19:00:48.456 CST,"raingage","benchmark",54596,"127.0.0.1:48952",666ec5b9.d544,432,"SELECT",2024-06-16 19:00:09 CST,5/32,0,LOG,00000,"execute S_1: SELECT c_discount, c_last, c_credit, w_tax     FROM bmsql_customer     JOIN bmsql_warehouse ON (w_id = c_w_id)     WHERE c_w_id = $1 AND c_d_id = $2 AND c_id = $3","parameters: $1 = '1', $2 = '1', $3 = '5'",,,,,,,,"","client backend"
2024-06-16 19:00:48.523 CST,"raingage","benchmark",54596,"127.0.0.1:48952",666ec5b9.d544,433,"SELECT",2024-06-16 19:00:09 CST,5/32,0,LOG,00000,"execute S_1: SELECT c_discount, c_last, c_credit, w_tax     FROM bmsql_customer     JOIN bmsql_warehouse ON (w_id = c_w_id)     WHERE c_w_id = $1 AND c_d_id = $2 AND c_id = $3","parameters: $1 = '1', $2 = '1', $3 = '5'",,,,,,,,"","client backend"
2024-06-16 19:00:48.592 CST,"raingage","benchmark",54596,"127.0.0.1:48952",666ec5b9.d544,434,"SELECT",2024-06-16 19:00:09 CST,5/32,0,LOG,00000,"execute S_1: SELECT c_discount, c_last, c_credit, w_tax     FROM bmsql_customer     JOIN bmsql_warehouse ON (w_id = c_w_id)     WHERE c_w_id = $1 AND c_d_id = $2 AND c_id = $3","parameters: $1 = '1', $2 = '1', $3 = '5'",,,,,,,,"","client backend"
2024-06-16 19:00:48.607 CST,"raingage","benchmark",54596,"127.0.0.1:48952",666ec5b9.d544,435,"SELECT",2024-06-16 19:00:09 CST,5/32,0,LOG,00000,"execute S_5: SELECT i_price, i_name, i_data     FROM bmsql_item     WHERE i_id = $1","parameters: $1 = '101'",,,,,,,,"","client backend"
2024-06-16 19:00:48.626 CST,"raingage","benchmark",54596,"127.0.0.1:48952",666ec5b9.d544,436,"SELECT",2024-06-16 19:00:09 CST,5/32,0,LOG,00000,"execute S_6: SELECT s_quantity, s_data,        s_dist_01, s_dist_02, s_dist_03, s_dist_04,        s_dist_05, s_dist_06, s_dist_07, s_dist_08,        s_dist_09, s_dist_10     FROM bmsql_stock     WHERE s_w_id = $1 AND s_i_id = $2 ","parameters: $1 = '1', $2 = '101'",,,,,,,,"","client backend"
2024-06-16 19:00:48.642 CST,"raingage","benchmark",54596,"127.0.0.1:48952",666ec5b9.d544,437,"UPDATE",2024-06-16 19:00:09 CST,5/32,0,LOG,00000,"execute S_7: UPDATE bmsql_stock     SET s_quantity = $1, s_ytd = s_ytd + $2,         s_order_cnt = s_order_cnt + 1,         s_remote_cnt = s_remote_cnt + $3     WHERE s_w_id = $4 AND s_i_id = $5","parameters: $1 = '91', $2 = '2', $3 = '0', $4 = '1', $5 = '101'",,,,,,,,"","client backend"
2024-06-16 19:00:48.660 CST,"raingage","benchmark",54596,"127.0.0.1:48952",666ec5b9.d544,438,"COMMIT",2024-06-16 19:00:09 CST,5/32,115320,LOG,00000,"execute S_2: COMMIT",,,,,,,,,"","client backend"
2024-06-16 19:00:48.661 CST,"raingage","benchmark",54599,"127.0.0.1:48958",666ec5b9.d547,417,"SELECT",2024-06-16 19:00:09 CST,8/31,0,LOG,00000,"execute S_1: SELECT c_discount, c_last, c_credit, w_tax     FROM bmsql_customer     JOIN bmsql_warehouse ON (w_id = c_w_id)     WHERE c_w_id = $1 AND c_d_id = $2 AND c_id = $3","parameters: $1 = '1', $2 = '1', $3 = '5'",,,,,,,,"","client backend"
2024-06-16 19:00:48.673 CST,"raingage","benchmark",54596,"127.0.0.1:48952",666ec5b9.d544,439,"BEGIN",2024-06-16 19:00:09 CST,5/33,0,LOG,00000,"execute S_3: BEGIN",,,,,,,,,"","client backend"
2024-06-16 19:00:48.685 CST,"raingage","benchmark",54596,"127.0.0.1:48952",666ec5b9.d544,440,"SELECT",2024-06-16 19:00:09 CST,5/33,0,LOG,00000,"execute S_4: SELECT d_tax, d_next_o_id     FROM bmsql_district     WHERE d_w_id = $1 AND d_id = $2 ","parameters: $1 = '1', $2 = '3'",,,,,,,,"","client backend"
2024-06-16 19:00:48.723 CST,"raingage","benchmark",54599,"127.0.0.1:48958",666ec5b9.d547,418,"SELECT",2024-06-16 19:00:09 CST,8/31,0,LOG,00000,"execute S_1: SELECT c_discount, c_last, c_credit, w_tax     FROM bmsql_customer     JOIN bmsql_warehouse ON (w_id = c_w_id)     WHERE c_w_id = $1 AND c_d_id = $2 AND c_id = $3","parameters: $1 = '1', $2 = '1', $3 = '5'",,,,,,,,"","client backend"
2024-06-16 19:00:48.734 CST,"raingage","benchmark",54598,"127.0.0.1:48956",666ec5b9.d546,254,"BEGIN",2024-06-16 19:00:09 CST,7/20,0,LOG,00000,"execute S_3: BEGIN",,,,,,,,,"","client backend"
2024-06-16 19:00:48.748 CST,"raingage","benchmark",54598,"127.0.0.1:48956",666ec5b9.d546,255,"SELECT",2024-06-16 19:00:09 CST,7/20,0,LOG,00000,"execute S_4: SELECT d_tax, d_next_o_id     FROM bmsql_district     WHERE d_w_id = $1 AND d_id = $2 ","parameters: $1 = '1', $2 = '3'",,,,,,,,"","client backend"
2024-06-16 19:00:48.755 CST,"raingage","benchmark",54596,"127.0.0.1:48952",666ec5b9.d544,441,"SELECT",2024-06-16 19:00:09 CST,5/33,0,LOG,00000,"execute S_1: SELECT c_discount, c_last, c_credit, w_tax     FROM bmsql_customer     JOIN bmsql_warehouse ON (w_id = c_w_id)     WHERE c_w_id = $1 AND c_d_id = $2 AND c_id = $3","parameters: $1 = '1', $2 = '3', $3 = '55'",,,,,,,,"","client backend"
2024-06-16 19:00:48.788 CST,"raingage","benchmark",54599,"127.0.0.1:48958",666ec5b9.d547,419,"SELECT",2024-06-16 19:00:09 CST,8/31,0,LOG,00000,"execute S_1: SELECT c_discount, c_last, c_credit, w_tax     FROM bmsql_customer     JOIN bmsql_warehouse ON (w_id = c_w_id)     WHERE c_w_id = $1 AND c_d_id = $2 AND c_id = $3","parameters: $1 = '1', $2 = '1', $3 = '5'",,,,,,,,"","client backend"
2024-06-16 19:00:48.816 CST,"raingage","benchmark",54598,"127.0.0.1:48956",666ec5b9.d546,256,"SELECT",2024-06-16 19:00:09 CST,7/20,0,LOG,00000,"execute S_1: SELECT c_discount, c_last, c_credit, w_tax     FROM bmsql_customer     JOIN bmsql_warehouse ON (w_id = c_w_id)     WHERE c_w_id = $1 AND c_d_id = $2 AND c_id = $3","parameters: $1 = '1', $2 = '3', $3 = '56'",,,,,,,,"","client backend"
2024-06-16 19:00:48.818 CST,"raingage","benchmark",54596,"127.0.0.1:48952",666ec5b9.d544,442,"SELECT",2024-06-16 19:00:09 CST,5/33,0,LOG,00000,"execute S_1: SELECT c_discount, c_last, c_credit, w_tax     FROM bmsql_customer     JOIN bmsql_warehouse ON (w_id = c_w_id)     WHERE c_w_id = $1 AND c_d_id = $2 AND c_id = $3","parameters: $1 = '1', $2 = '3', $3 = '55'",,,,,,,,"","client backend"
2024-06-16 19:00:48.858 CST,"raingage","benchmark",54599,"127.0.0.1:48958",666ec5b9.d547,420,"SELECT",2024-06-16 19:00:09 CST,8/31,0,LOG,00000,"execute S_1: SELECT c_discount, c_last, c_credit, w_tax     FROM bmsql_customer     JOIN bmsql_warehouse ON (w_id = c_w_id)     WHERE c_w_id = $1 AND c_d_id = $2 AND c_id = $3","parameters: $1 = '1', $2 = '1', $3 = '5'",,,,,,,,"","client backend"
2024-06-16 19:00:48.881 CST,"raingage","benchmark",54596,"127.0.0.1:48952",666ec5b9.d544,443,"SELECT",2024-06-16 19:00:09 CST,5/33,0,LOG,00000,"execute S_1: SELECT c_discount, c_last, c_credit, w_tax     FROM bmsql_customer     JOIN bmsql_warehouse ON (w_id = c_w_id)     WHERE c_w_id = $1 AND c_d_id = $2 AND c_id = $3","parameters: $1 = '1', $2 = '3', $3 = '55'",,,,,,,,"","client backend"
2024-06-16 19:00:48.887 CST,"raingage","benchmark",54598,"127.0.0.1:48956",666ec5b9.d546,257,"SELECT",2024-06-16 19:00:09 CST,7/20,0,LOG,00000,"execute S_1: SELECT c_discount, c_last, c_credit, w_tax     FROM bmsql_customer     JOIN bmsql_warehouse ON (w_id = c_w_id)     WHERE c_w_id = $1 AND c_d_id = $2 AND c_id = $3","parameters: $1 = '1', $2 = '3', $3 = '56'",,,,,,,,"","client backend"
2024-06-16 19:00:48.920 CST,"raingage","benchmark",54599,"127.0.0.1:48958",666ec5b9.d547,421,"SELECT",2024-06-16 19:00:09 CST,8/31,0,LOG,00000,"execute S_1: SELECT c_discount, c_last, c_credit, w_tax     FROM bmsql_customer     JOIN bmsql_warehouse ON (w_id = c_w_id)     WHERE c_w_id = $1 AND c_d_id = $2 AND c_id = $3","parameters: $1 = '1', $2 = '1', $3 = '5'",,,,,,,,"","client backend"
2024-06-16 19:00:48.946 CST,"raingage","benchmark",54596,"127.0.0.1:48952",666ec5b9.d544,444,"SELECT",2024-06-16 19:00:09 CST,5/33,0,LOG,00000,"execute S_1: SELECT c_discount, c_last, c_credit, w_tax     FROM bmsql_customer     JOIN bmsql_warehouse ON (w_id = c_w_id)     WHERE c_w_id = $1 AND c_d_id = $2 AND c_id = $3","parameters: $1 = '1', $2 = '3', $3 = '55'",,,,,,,,"","client backend"
2024-06-16 19:00:48.956 CST,"raingage","benchmark",54598,"127.0.0.1:48956",666ec5b9.d546,258,"SELECT",2024-06-16 19:00:09 CST,7/20,0,LOG,00000,"execute S_1: SELECT c_discount, c_last, c_credit, w_tax     FROM bmsql_customer     JOIN bmsql_warehouse ON (w_id = c_w_id)     WHERE c_w_id = $1 AND c_d_id = $2 AND c_id = $3","parameters: $1 = '1', $2 = '3', $3 = '56'",,,,,,,,"","client backend"
2024-06-16 19:00:48.989 CST,"raingage","benchmark",54599,"127.0.0.1:48958",666ec5b9.d547,422,"SELECT",2024-06-16 19:00:09 CST,8/31,0,LOG,00000,"execute S_1: SELECT c_discount, c_last, c_credit, w_tax     FROM bmsql_customer     JOIN bmsql_warehouse ON (w_id = c_w_id)     WHERE c_w_id = $1 AND c_d_id = $2 AND c_id = $3","parameters: $1 = '1', $2 = '1', $3 = '5'",,,,,,,,"","client backend"
2024-06-16 19:00:49.010 CST,"raingage","benchmark",54596,"127.0.0.1:48952",666ec5b9.d544,445,"SELECT",2024-06-16 19:00:09 CST,5/33,0,LOG,00000,"execute S_1: SELECT c_discount, c_last, c_credit, w_tax     FROM bmsql_customer     JOIN bmsql_warehouse ON (w_id = c_w_id)     WHERE c_w_id = $1 AND c_d_id = $2 AND c_id = $3","parameters: $1 = '1', $2 = '3', $3 = '55'",,,,,,,,"","client backend"
2024-06-16 19:00:49.021 CST,"raingage","benchmark",54598,"127.0.0.1:48956",666ec5b9.d546,259,"SELECT",2024-06-16 19:00:09 CST,7/20,0,LOG,00000,"execute S_1: SELECT c_discount, c_last, c_credit, w_tax     FROM bmsql_customer     JOIN bmsql_warehouse ON (w_id = c_w_id)     WHERE c_w_id = $1 AND c_d_id = $2 AND c_id = $3","parameters: $1 = '1', $2 = '3', $3 = '56'",,,,,,,,"","client backend"
2024-06-16 19:00:49.053 CST,"raingage","benchmark",54599,"127.0.0.1:48958",666ec5b9.d547,423,"SELECT",2024-06-16 19:00:09 CST,8/31,0,LOG,00000,"execute S_1: SELECT c_discount, c_last, c_credit, w_tax     FROM bmsql_customer     JOIN bmsql_warehouse ON (w_id = c_w_id)     WHERE c_w_id = $1 AND c_d_id = $2 AND c_id = $3","parameters: $1 = '1', $2 = '1', $3 = '5'",,,,,,,,"","client backend"
2024-06-16 19:00:49.075 CST,"raingage","benchmark",54596,"127.0.0.1:48952",666ec5b9.d544,446,"SELECT",2024-06-16 19:00:09 CST,5/33,0,LOG,00000,"execute S_1: SELECT c_discount, c_last, c_credit, w_tax     FROM bmsql_customer     JOIN bmsql_warehouse ON (w_id = c_w_id)     WHERE c_w_id = $1 AND c_d_id = $2 AND c_id = $3","parameters: $1 = '1', $2 = '3', $3 = '55'",,,,,,,,"","client backend"
2024-06-16 19:00:49.086 CST,"raingage","benchmark",54598,"127.0.0.1:48956",666ec5b9.d546,260,"SELECT",2024-06-16 19:00:09 CST,7/20,0,LOG,00000,"execute S_1: SELECT c_discount, c_last, c_credit, w_tax     FROM bmsql_customer     JOIN bmsql_warehouse ON (w_id = c_w_id)     WHERE c_w_id = $1 AND c_d_id = $2 AND c_id = $3","parameters: $1 = '1', $2 = '3', $3 = '56'",,,,,,,,"","client backend"
2024-06-16 19:00:49.119 CST,"raingage","benchmark",54599,"127.0.0.1:48958",666ec5b9.d547,424,"SELECT",2024-06-16 19:00:09 CST,8/31,0,LOG,00000,"execute S_1: SELECT c_discount, c_last, c_credit, w_tax     FROM bmsql_customer     JOIN bmsql_warehouse ON (w_id = c_w_id)     WHERE c_w_id = $1 AND c_d_id = $2 AND c_id = $3","parameters: $1 = '1', $2 = '1', $3 = '5'",,,,,,,,"","client backend"
2024-06-16 19:00:49.133 CST,"raingage","benchmark",54599,"127.0.0.1:48958",666ec5b9.d547,425,"SELECT",2024-06-16 19:00:09 CST,8/31,0,LOG,00000,"execute S_5: SELECT i_price, i_name, i_data     FROM bmsql_item     WHERE i_id = $1","parameters: $1 = '101'",,,,,,,,"","client backend"
2024-06-16 19:00:49.145 CST,"raingage","benchmark",54599,"127.0.0.1:48958",666ec5b9.d547,426,"SELECT",2024-06-16 19:00:09 CST,8/31,0,LOG,00000,"execute S_6: SELECT s_quantity, s_data,        s_dist_01, s_dist_02, s_dist_03, s_dist_04,        s_dist_05, s_dist_06, s_dist_07, s_dist_08,        s_dist_09, s_dist_10     FROM bmsql_stock     WHERE s_w_id = $1 AND s_i_id = $2 ","parameters: $1 = '1', $2 = '101'",,,,,,,,"","client backend"
2024-06-16 19:00:49.146 CST,"raingage","benchmark",54596,"127.0.0.1:48952",666ec5b9.d544,447,"SELECT",2024-06-16 19:00:09 CST,5/33,0,LOG,00000,"execute S_1: SELECT c_discount, c_last, c_credit, w_tax     FROM bmsql_customer     JOIN bmsql_warehouse ON (w_id = c_w_id)     WHERE c_w_id = $1 AND c_d_id = $2 AND c_id = $3","parameters: $1 = '1', $2 = '3', $3 = '55'",,,,,,,,"","client backend"
2024-06-16 19:00:49.151 CST,"raingage","benchmark",54598,"127.0.0.1:48956",666ec5b9.d546,261,"SELECT",2024-06-16 19:00:09 CST,7/20,0,LOG,00000,"execute S_1: SELECT c_discount, c_last, c_credit, w_tax     FROM bmsql_customer     JOIN bmsql_warehouse ON (w_id = c_w_id)     WHERE c_w_id = $1 AND c_d_id = $2 AND c_id = $3","parameters: $1 = '1', $2 = '3', $3 = '56'",,,,,,,,"","client backend"
2024-06-16 19:00:49.163 CST,"raingage","benchmark",54599,"127.0.0.1:48958",666ec5b9.d547,427,"UPDATE",2024-06-16 19:00:09 CST,8/31,0,LOG,00000,"execute S_7: UPDATE bmsql_stock     SET s_quantity = $1, s_ytd = s_ytd + $2,         s_order_cnt = s_order_cnt + 1,         s_remote_cnt = s_remote_cnt + $3     WHERE s_w_id = $4 AND s_i_id = $5","parameters: $1 = '91', $2 = '2', $3 = '0', $4 = '1', $5 = '101'",,,,,,,,"","client backend"
2024-06-16 19:00:49.183 CST,"raingage","benchmark",54599,"127.0.0.1:48958",666ec5b9.d547,428,"COMMIT",2024-06-16 19:00:09 CST,8/31,115321,LOG,00000,"execute S_2: COMMIT",,,,,,,,,"","client backend"
2024-06-16 19:00:49.185 CST,"raingage","benchmark",54599,"127.0.0.1:48958",666ec5b9.d547,429,"COMMIT",2024-06-16 19:00:09 CST,8/0,115321,WARNING,01000,"registered snapshots seem to remain after cleanup",,,,,,,,,"","client backend"
2024-06-16 19:00:49.205 CST,"raingage","benchmark",54599,"127.0.0.1:48958",666ec5b9.d547,430,"BEGIN",2024-06-16 19:00:09 CST,8/32,0,LOG,00000,"execute S_3: BEGIN",,,,,,,,,"","client backend"
2024-06-16 19:00:49.217 CST,"raingage","benchmark",54596,"127.0.0.1:48952",666ec5b9.d544,448,"SELECT",2024-06-16 19:00:09 CST,5/33,0,LOG,00000,"execute S_1: SELECT c_discount, c_last, c_credit, w_tax     FROM bmsql_customer     JOIN bmsql_warehouse ON (w_id = c_w_id)     WHERE c_w_id = $1 AND c_d_id = $2 AND c_id = $3","parameters: $1 = '1', $2 = '3', $3 = '55'",,,,,,,,"","client backend"
2024-06-16 19:00:49.220 CST,"raingage","benchmark",54598,"127.0.0.1:48956",666ec5b9.d546,262,"SELECT",2024-06-16 19:00:09 CST,7/20,0,LOG,00000,"execute S_1: SELECT c_discount, c_last, c_credit, w_tax     FROM bmsql_customer     JOIN bmsql_warehouse ON (w_id = c_w_id)     WHERE c_w_id = $1 AND c_d_id = $2 AND c_id = $3","parameters: $1 = '1', $2 = '3', $3 = '56'",,,,,,,,"","client backend"
2024-06-16 19:00:49.221 CST,"raingage","benchmark",54599,"127.0.0.1:48958",666ec5b9.d547,431,"SELECT",2024-06-16 19:00:09 CST,8/32,0,LOG,00000,"execute S_4: SELECT d_tax, d_next_o_id     FROM bmsql_district     WHERE d_w_id = $1 AND d_id = $2 ","parameters: $1 = '1', $2 = '3'",,,,,,,,"","client backend"
2024-06-16 19:00:49.231 CST,"raingage","benchmark",54596,"127.0.0.1:48952",666ec5b9.d544,449,"SELECT",2024-06-16 19:00:09 CST,5/33,0,LOG,00000,"execute S_5: SELECT i_price, i_name, i_data     FROM bmsql_item     WHERE i_id = $1","parameters: $1 = '104'",,,,,,,,"","client backend"
2024-06-16 19:00:49.244 CST,"raingage","benchmark",54596,"127.0.0.1:48952",666ec5b9.d544,450,"SELECT",2024-06-16 19:00:09 CST,5/33,0,LOG,00000,"execute S_6: SELECT s_quantity, s_data,        s_dist_01, s_dist_02, s_dist_03, s_dist_04,        s_dist_05, s_dist_06, s_dist_07, s_dist_08,        s_dist_09, s_dist_10     FROM bmsql_stock     WHERE s_w_id = $1 AND s_i_id = $2 ","parameters: $1 = '1', $2 = '104'",,,,,,,,"","client backend"
2024-06-16 19:00:49.258 CST,"raingage","benchmark",54596,"127.0.0.1:48952",666ec5b9.d544,451,"UPDATE",2024-06-16 19:00:09 CST,5/33,0,LOG,00000,"execute S_7: UPDATE bmsql_stock     SET s_quantity = $1, s_ytd = s_ytd + $2,         s_order_cnt = s_order_cnt + 1,         s_remote_cnt = s_remote_cnt + $3     WHERE s_w_id = $4 AND s_i_id = $5","parameters: $1 = '56', $2 = '6', $3 = '0', $4 = '1', $5 = '104'",,,,,,,,"","client backend"
2024-06-16 19:00:49.279 CST,"raingage","benchmark",54596,"127.0.0.1:48952",666ec5b9.d544,452,"COMMIT",2024-06-16 19:00:09 CST,5/33,115322,LOG,00000,"execute S_2: COMMIT",,,,,,,,,"","client backend"
2024-06-16 19:00:49.287 CST,"raingage","benchmark",54599,"127.0.0.1:48958",666ec5b9.d547,432,"SELECT",2024-06-16 19:00:09 CST,8/32,0,LOG,00000,"execute S_1: SELECT c_discount, c_last, c_credit, w_tax     FROM bmsql_customer     JOIN bmsql_warehouse ON (w_id = c_w_id)     WHERE c_w_id = $1 AND c_d_id = $2 AND c_id = $3","parameters: $1 = '1', $2 = '3', $3 = '55'",,,,,,,,"","client backend"
2024-06-16 19:00:49.289 CST,"raingage","benchmark",54598,"127.0.0.1:48956",666ec5b9.d546,263,"SELECT",2024-06-16 19:00:09 CST,7/20,0,LOG,00000,"execute S_1: SELECT c_discount, c_last, c_credit, w_tax     FROM bmsql_customer     JOIN bmsql_warehouse ON (w_id = c_w_id)     WHERE c_w_id = $1 AND c_d_id = $2 AND c_id = $3","parameters: $1 = '1', $2 = '3', $3 = '56'",,,,,,,,"","client backend"
2024-06-16 19:00:49.292 CST,"raingage","benchmark",54596,"127.0.0.1:48952",666ec5b9.d544,453,"BEGIN",2024-06-16 19:00:09 CST,5/34,0,LOG,00000,"execute S_3: BEGIN",,,,,,,,,"","client backend"
2024-06-16 19:00:49.309 CST,"raingage","benchmark",54598,"127.0.0.1:48956",666ec5b9.d546,264,"SELECT",2024-06-16 19:00:09 CST,7/20,0,LOG,00000,"execute S_5: SELECT i_price, i_name, i_data     FROM bmsql_item     WHERE i_id = $1","parameters: $1 = '32'",,,,,,,,"","client backend"
2024-06-16 19:00:49.311 CST,"raingage","benchmark",54596,"127.0.0.1:48952",666ec5b9.d544,454,"SELECT",2024-06-16 19:00:09 CST,5/34,0,LOG,00000,"execute S_4: SELECT d_tax, d_next_o_id     FROM bmsql_district     WHERE d_w_id = $1 AND d_id = $2 ","parameters: $1 = '1', $2 = '3'",,,,,,,,"","client backend"
2024-06-16 19:00:49.322 CST,"raingage","benchmark",54598,"127.0.0.1:48956",666ec5b9.d546,265,"SELECT",2024-06-16 19:00:09 CST,7/20,0,LOG,00000,"execute S_6: SELECT s_quantity, s_data,        s_dist_01, s_dist_02, s_dist_03, s_dist_04,        s_dist_05, s_dist_06, s_dist_07, s_dist_08,        s_dist_09, s_dist_10     FROM bmsql_stock     WHERE s_w_id = $1 AND s_i_id = $2 ","parameters: $1 = '1', $2 = '32'",,,,,,,,"","client backend"
2024-06-16 19:00:49.334 CST,"raingage","benchmark",54598,"127.0.0.1:48956",666ec5b9.d546,266,"UPDATE",2024-06-16 19:00:09 CST,7/20,0,LOG,00000,"execute S_7: UPDATE bmsql_stock     SET s_quantity = $1, s_ytd = s_ytd + $2,         s_order_cnt = s_order_cnt + 1,         s_remote_cnt = s_remote_cnt + $3     WHERE s_w_id = $4 AND s_i_id = $5","parameters: $1 = '14', $2 = '6', $3 = '0', $4 = '1', $5 = '32'",,,,,,,,"","client backend"
2024-06-16 19:00:49.352 CST,"raingage","benchmark",54598,"127.0.0.1:48956",666ec5b9.d546,267,"COMMIT",2024-06-16 19:00:09 CST,7/20,115323,LOG,00000,"execute S_2: COMMIT",,,,,,,,,"","client backend"
2024-06-16 19:00:49.353 CST,"raingage","benchmark",54599,"127.0.0.1:48958",666ec5b9.d547,433,"SELECT",2024-06-16 19:00:09 CST,8/32,0,LOG,00000,"execute S_1: SELECT c_discount, c_last, c_credit, w_tax     FROM bmsql_customer     JOIN bmsql_warehouse ON (w_id = c_w_id)     WHERE c_w_id = $1 AND c_d_id = $2 AND c_id = $3","parameters: $1 = '1', $2 = '3', $3 = '55'",,,,,,,,"","client backend"
2024-06-16 19:00:49.369 CST,"raingage","benchmark",54598,"127.0.0.1:48956",666ec5b9.d546,268,"BEGIN",2024-06-16 19:00:09 CST,7/21,0,LOG,00000,"execute S_3: BEGIN",,,,,,,,,"","client backend"
2024-06-16 19:00:49.378 CST,"raingage","benchmark",54596,"127.0.0.1:48952",666ec5b9.d544,455,"SELECT",2024-06-16 19:00:09 CST,5/34,0,LOG,00000,"execute S_1: SELECT c_discount, c_last, c_credit, w_tax     FROM bmsql_customer     JOIN bmsql_warehouse ON (w_id = c_w_id)     WHERE c_w_id = $1 AND c_d_id = $2 AND c_id = $3","parameters: $1 = '1', $2 = '3', $3 = '42'",,,,,,,,"","client backend"
2024-06-16 19:00:49.387 CST,"raingage","benchmark",54598,"127.0.0.1:48956",666ec5b9.d546,269,"SELECT",2024-06-16 19:00:09 CST,7/21,0,LOG,00000,"execute S_4: SELECT d_tax, d_next_o_id     FROM bmsql_district     WHERE d_w_id = $1 AND d_id = $2 ","parameters: $1 = '1', $2 = '3'",,,,,,,,"","client backend"
2024-06-16 19:00:49.421 CST,"raingage","benchmark",54599,"127.0.0.1:48958",666ec5b9.d547,434,"SELECT",2024-06-16 19:00:09 CST,8/32,0,LOG,00000,"execute S_1: SELECT c_discount, c_last, c_credit, w_tax     FROM bmsql_customer     JOIN bmsql_warehouse ON (w_id = c_w_id)     WHERE c_w_id = $1 AND c_d_id = $2 AND c_id = $3","parameters: $1 = '1', $2 = '3', $3 = '55'",,,,,,,,"","client backend"
2024-06-16 19:00:49.449 CST,"raingage","benchmark",54596,"127.0.0.1:48952",666ec5b9.d544,456,"SELECT",2024-06-16 19:00:09 CST,5/34,0,LOG,00000,"execute S_1: SELECT c_discount, c_last, c_credit, w_tax     FROM bmsql_customer     JOIN bmsql_warehouse ON (w_id = c_w_id)     WHERE c_w_id = $1 AND c_d_id = $2 AND c_id = $3","parameters: $1 = '1', $2 = '3', $3 = '42'",,,,,,,,"","client backend"
2024-06-16 19:00:49.490 CST,"raingage","benchmark",54599,"127.0.0.1:48958",666ec5b9.d547,435,"SELECT",2024-06-16 19:00:09 CST,8/32,0,LOG,00000,"execute S_1: SELECT c_discount, c_last, c_credit, w_tax     FROM bmsql_customer     JOIN bmsql_warehouse ON (w_id = c_w_id)     WHERE c_w_id = $1 AND c_d_id = $2 AND c_id = $3","parameters: $1 = '1', $2 = '3', $3 = '55'",,,,,,,,"","client backend"
2024-06-16 19:00:49.514 CST,"raingage","benchmark",54596,"127.0.0.1:48952",666ec5b9.d544,457,"SELECT",2024-06-16 19:00:09 CST,5/34,0,LOG,00000,"execute S_1: SELECT c_discount, c_last, c_credit, w_tax     FROM bmsql_customer     JOIN bmsql_warehouse ON (w_id = c_w_id)     WHERE c_w_id = $1 AND c_d_id = $2 AND c_id = $3","parameters: $1 = '1', $2 = '3', $3 = '42'",,,,,,,,"","client backend"
2024-06-16 19:00:49.556 CST,"raingage","benchmark",54599,"127.0.0.1:48958",666ec5b9.d547,436,"SELECT",2024-06-16 19:00:09 CST,8/32,0,LOG,00000,"execute S_1: SELECT c_discount, c_last, c_credit, w_tax     FROM bmsql_customer     JOIN bmsql_warehouse ON (w_id = c_w_id)     WHERE c_w_id = $1 AND c_d_id = $2 AND c_id = $3","parameters: $1 = '1', $2 = '3', $3 = '55'",,,,,,,,"","client backend"
2024-06-16 19:00:49.581 CST,"raingage","benchmark",54596,"127.0.0.1:48952",666ec5b9.d544,458,"SELECT",2024-06-16 19:00:09 CST,5/34,0,LOG,00000,"execute S_1: SELECT c_discount, c_last, c_credit, w_tax     FROM bmsql_customer     JOIN bmsql_warehouse ON (w_id = c_w_id)     WHERE c_w_id = $1 AND c_d_id = $2 AND c_id = $3","parameters: $1 = '1', $2 = '3', $3 = '42'",,,,,,,,"","client backend"
2024-06-16 19:00:49.625 CST,"raingage","benchmark",54599,"127.0.0.1:48958",666ec5b9.d547,437,"SELECT",2024-06-16 19:00:09 CST,8/32,0,LOG,00000,"execute S_1: SELECT c_discount, c_last, c_credit, w_tax     FROM bmsql_customer     JOIN bmsql_warehouse ON (w_id = c_w_id)     WHERE c_w_id = $1 AND c_d_id = $2 AND c_id = $3","parameters: $1 = '1', $2 = '3', $3 = '55'",,,,,,,,"","client backend"
2024-06-16 19:00:49.646 CST,"raingage","benchmark",54596,"127.0.0.1:48952",666ec5b9.d544,459,"SELECT",2024-06-16 19:00:09 CST,5/34,0,LOG,00000,"execute S_1: SELECT c_discount, c_last, c_credit, w_tax     FROM bmsql_customer     JOIN bmsql_warehouse ON (w_id = c_w_id)     WHERE c_w_id = $1 AND c_d_id = $2 AND c_id = $3","parameters: $1 = '1', $2 = '3', $3 = '42'",,,,,,,,"","client backend"
2024-06-16 19:00:49.691 CST,"raingage","benchmark",54599,"127.0.0.1:48958",666ec5b9.d547,438,"SELECT",2024-06-16 19:00:09 CST,8/32,0,LOG,00000,"execute S_1: SELECT c_discount, c_last, c_credit, w_tax     FROM bmsql_customer     JOIN bmsql_warehouse ON (w_id = c_w_id)     WHERE c_w_id = $1 AND c_d_id = $2 AND c_id = $3","parameters: $1 = '1', $2 = '3', $3 = '55'",,,,,,,,"","client backend"
2024-06-16 19:00:49.717 CST,"raingage","benchmark",54596,"127.0.0.1:48952",666ec5b9.d544,460,"SELECT",2024-06-16 19:00:09 CST,5/34,0,LOG,00000,"execute S_1: SELECT c_discount, c_last, c_credit, w_tax     FROM bmsql_customer     JOIN bmsql_warehouse ON (w_id = c_w_id)     WHERE c_w_id = $1 AND c_d_id = $2 AND c_id = $3","parameters: $1 = '1', $2 = '3', $3 = '42'",,,,,,,,"","client backend"
2024-06-16 19:00:49.759 CST,"raingage","benchmark",54599,"127.0.0.1:48958",666ec5b9.d547,439,"SELECT",2024-06-16 19:00:09 CST,8/32,0,LOG,00000,"execute S_1: SELECT c_discount, c_last, c_credit, w_tax     FROM bmsql_customer     JOIN bmsql_warehouse ON (w_id = c_w_id)     WHERE c_w_id = $1 AND c_d_id = $2 AND c_id = $3","parameters: $1 = '1', $2 = '3', $3 = '55'",,,,,,,,"","client backend"
2024-06-16 19:00:49.772 CST,"raingage","benchmark",54599,"127.0.0.1:48958",666ec5b9.d547,440,"SELECT",2024-06-16 19:00:09 CST,8/32,0,LOG,00000,"execute S_5: SELECT i_price, i_name, i_data     FROM bmsql_item     WHERE i_id = $1","parameters: $1 = '104'",,,,,,,,"","client backend"
2024-06-16 19:00:49.780 CST,"raingage","benchmark",54596,"127.0.0.1:48952",666ec5b9.d544,461,"SELECT",2024-06-16 19:00:09 CST,5/34,0,LOG,00000,"execute S_1: SELECT c_discount, c_last, c_credit, w_tax     FROM bmsql_customer     JOIN bmsql_warehouse ON (w_id = c_w_id)     WHERE c_w_id = $1 AND c_d_id = $2 AND c_id = $3","parameters: $1 = '1', $2 = '3', $3 = '42'",,,,,,,,"","client backend"
2024-06-16 19:00:49.785 CST,"raingage","benchmark",54599,"127.0.0.1:48958",666ec5b9.d547,441,"SELECT",2024-06-16 19:00:09 CST,8/32,0,LOG,00000,"execute S_6: SELECT s_quantity, s_data,        s_dist_01, s_dist_02, s_dist_03, s_dist_04,        s_dist_05, s_dist_06, s_dist_07, s_dist_08,        s_dist_09, s_dist_10     FROM bmsql_stock     WHERE s_w_id = $1 AND s_i_id = $2 ","parameters: $1 = '1', $2 = '104'",,,,,,,,"","client backend"
2024-06-16 19:00:49.799 CST,"raingage","benchmark",54599,"127.0.0.1:48958",666ec5b9.d547,442,"UPDATE",2024-06-16 19:00:09 CST,8/32,0,LOG,00000,"execute S_7: UPDATE bmsql_stock     SET s_quantity = $1, s_ytd = s_ytd + $2,         s_order_cnt = s_order_cnt + 1,         s_remote_cnt = s_remote_cnt + $3     WHERE s_w_id = $4 AND s_i_id = $5","parameters: $1 = '56', $2 = '6', $3 = '0', $4 = '1', $5 = '104'",,,,,,,,"","client backend"
2024-06-16 19:00:49.819 CST,"raingage","benchmark",54599,"127.0.0.1:48958",666ec5b9.d547,443,"COMMIT",2024-06-16 19:00:09 CST,8/32,115324,LOG,00000,"execute S_2: COMMIT",,,,,,,,,"","client backend"
2024-06-16 19:00:49.847 CST,"raingage","benchmark",54596,"127.0.0.1:48952",666ec5b9.d544,462,"SELECT",2024-06-16 19:00:09 CST,5/34,0,LOG,00000,"execute S_1: SELECT c_discount, c_last, c_credit, w_tax     FROM bmsql_customer     JOIN bmsql_warehouse ON (w_id = c_w_id)     WHERE c_w_id = $1 AND c_d_id = $2 AND c_id = $3","parameters: $1 = '1', $2 = '3', $3 = '42'",,,,,,,,"","client backend"
2024-06-16 19:00:49.860 CST,"raingage","benchmark",54596,"127.0.0.1:48952",666ec5b9.d544,463,"SELECT",2024-06-16 19:00:09 CST,5/34,0,LOG,00000,"execute S_5: SELECT i_price, i_name, i_data     FROM bmsql_item     WHERE i_id = $1","parameters: $1 = '33'",,,,,,,,"","client backend"
2024-06-16 19:00:49.880 CST,"raingage","benchmark",54596,"127.0.0.1:48952",666ec5b9.d544,464,"SELECT",2024-06-16 19:00:09 CST,5/34,0,LOG,00000,"execute S_6: SELECT s_quantity, s_data,        s_dist_01, s_dist_02, s_dist_03, s_dist_04,        s_dist_05, s_dist_06, s_dist_07, s_dist_08,        s_dist_09, s_dist_10     FROM bmsql_stock     WHERE s_w_id = $1 AND s_i_id = $2 ","parameters: $1 = '1', $2 = '33'",,,,,,,,"","client backend"
2024-06-16 19:00:49.895 CST,"raingage","benchmark",54596,"127.0.0.1:48952",666ec5b9.d544,465,"UPDATE",2024-06-16 19:00:09 CST,5/34,0,LOG,00000,"execute S_7: UPDATE bmsql_stock     SET s_quantity = $1, s_ytd = s_ytd + $2,         s_order_cnt = s_order_cnt + 1,         s_remote_cnt = s_remote_cnt + $3     WHERE s_w_id = $4 AND s_i_id = $5","parameters: $1 = '42', $2 = '5', $3 = '0', $4 = '1', $5 = '33'",,,,,,,,"","client backend"
2024-06-16 19:00:49.910 CST,"raingage","benchmark",54596,"127.0.0.1:48952",666ec5b9.d544,466,"COMMIT",2024-06-16 19:00:09 CST,5/34,115325,LOG,00000,"execute S_2: COMMIT",,,,,,,,,"","client backend"
2024-06-16 19:00:49.912 CST,"raingage","benchmark",54598,"127.0.0.1:48956",666ec5b9.d546,270,"SELECT",2024-06-16 19:00:09 CST,7/21,0,LOG,00000,"execute S_1: SELECT c_discount, c_last, c_credit, w_tax     FROM bmsql_customer     JOIN bmsql_warehouse ON (w_id = c_w_id)     WHERE c_w_id = $1 AND c_d_id = $2 AND c_id = $3","parameters: $1 = '1', $2 = '3', $3 = '42'",,,,,,,,"","client backend"
2024-06-16 19:00:49.930 CST,"raingage","benchmark",54596,"127.0.0.1:48952",666ec5b9.d544,467,"BEGIN",2024-06-16 19:00:09 CST,5/35,0,LOG,00000,"execute S_3: BEGIN",,,,,,,,,"","client backend"
2024-06-16 19:00:49.941 CST,"raingage","benchmark",54596,"127.0.0.1:48952",666ec5b9.d544,468,"SELECT",2024-06-16 19:00:09 CST,5/35,0,LOG,00000,"execute S_4: SELECT d_tax, d_next_o_id     FROM bmsql_district     WHERE d_w_id = $1 AND d_id = $2 ","parameters: $1 = '1', $2 = '2'",,,,,,,,"","client backend"
2024-06-16 19:00:49.977 CST,"raingage","benchmark",54598,"127.0.0.1:48956",666ec5b9.d546,271,"SELECT",2024-06-16 19:00:09 CST,7/21,0,LOG,00000,"execute S_1: SELECT c_discount, c_last, c_credit, w_tax     FROM bmsql_customer     JOIN bmsql_warehouse ON (w_id = c_w_id)     WHERE c_w_id = $1 AND c_d_id = $2 AND c_id = $3","parameters: $1 = '1', $2 = '3', $3 = '42'",,,,,,,,"","client backend"
2024-06-16 19:00:50.003 CST,"raingage","benchmark",54596,"127.0.0.1:48952",666ec5b9.d544,469,"SELECT",2024-06-16 19:00:09 CST,5/35,0,LOG,00000,"execute S_1: SELECT c_discount, c_last, c_credit, w_tax     FROM bmsql_customer     JOIN bmsql_warehouse ON (w_id = c_w_id)     WHERE c_w_id = $1 AND c_d_id = $2 AND c_id = $3","parameters: $1 = '1', $2 = '2', $3 = '89'",,,,,,,,"","client backend"
2024-06-16 19:00:50.045 CST,"raingage","benchmark",54598,"127.0.0.1:48956",666ec5b9.d546,272,"SELECT",2024-06-16 19:00:09 CST,7/21,0,LOG,00000,"execute S_1: SELECT c_discount, c_last, c_credit, w_tax     FROM bmsql_customer     JOIN bmsql_warehouse ON (w_id = c_w_id)     WHERE c_w_id = $1 AND c_d_id = $2 AND c_id = $3","parameters: $1 = '1', $2 = '3', $3 = '42'",,,,,,,,"","client backend"
2024-06-16 19:00:50.065 CST,"raingage","benchmark",54596,"127.0.0.1:48952",666ec5b9.d544,470,"SELECT",2024-06-16 19:00:09 CST,5/35,0,LOG,00000,"execute S_1: SELECT c_discount, c_last, c_credit, w_tax     FROM bmsql_customer     JOIN bmsql_warehouse ON (w_id = c_w_id)     WHERE c_w_id = $1 AND c_d_id = $2 AND c_id = $3","parameters: $1 = '1', $2 = '2', $3 = '89'",,,,,,,,"","client backend"
2024-06-16 19:00:50.112 CST,"raingage","benchmark",54598,"127.0.0.1:48956",666ec5b9.d546,273,"SELECT",2024-06-16 19:00:09 CST,7/21,0,LOG,00000,"execute S_1: SELECT c_discount, c_last, c_credit, w_tax     FROM bmsql_customer     JOIN bmsql_warehouse ON (w_id = c_w_id)     WHERE c_w_id = $1 AND c_d_id = $2 AND c_id = $3","parameters: $1 = '1', $2 = '3', $3 = '42'",,,,,,,,"","client backend"
2024-06-16 19:00:50.127 CST,"raingage","benchmark",54596,"127.0.0.1:48952",666ec5b9.d544,471,"SELECT",2024-06-16 19:00:09 CST,5/35,0,LOG,00000,"execute S_1: SELECT c_discount, c_last, c_credit, w_tax     FROM bmsql_customer     JOIN bmsql_warehouse ON (w_id = c_w_id)     WHERE c_w_id = $1 AND c_d_id = $2 AND c_id = $3","parameters: $1 = '1', $2 = '2', $3 = '89'",,,,,,,,"","client backend"
2024-06-16 19:00:50.180 CST,"raingage","benchmark",54598,"127.0.0.1:48956",666ec5b9.d546,274,"SELECT",2024-06-16 19:00:09 CST,7/21,0,LOG,00000,"execute S_1: SELECT c_discount, c_last, c_credit, w_tax     FROM bmsql_customer     JOIN bmsql_warehouse ON (w_id = c_w_id)     WHERE c_w_id = $1 AND c_d_id = $2 AND c_id = $3","parameters: $1 = '1', $2 = '3', $3 = '42'",,,,,,,,"","client backend"
2024-06-16 19:00:50.191 CST,"raingage","benchmark",54596,"127.0.0.1:48952",666ec5b9.d544,472,"SELECT",2024-06-16 19:00:09 CST,5/35,0,LOG,00000,"execute S_1: SELECT c_discount, c_last, c_credit, w_tax     FROM bmsql_customer     JOIN bmsql_warehouse ON (w_id = c_w_id)     WHERE c_w_id = $1 AND c_d_id = $2 AND c_id = $3","parameters: $1 = '1', $2 = '2', $3 = '89'",,,,,,,,"","client backend"
2024-06-16 19:00:50.252 CST,"raingage","benchmark",54598,"127.0.0.1:48956",666ec5b9.d546,275,"SELECT",2024-06-16 19:00:09 CST,7/21,0,LOG,00000,"execute S_1: SELECT c_discount, c_last, c_credit, w_tax     FROM bmsql_customer     JOIN bmsql_warehouse ON (w_id = c_w_id)     WHERE c_w_id = $1 AND c_d_id = $2 AND c_id = $3","parameters: $1 = '1', $2 = '3', $3 = '42'",,,,,,,,"","client backend"
2024-06-16 19:00:50.254 CST,"raingage","benchmark",54596,"127.0.0.1:48952",666ec5b9.d544,473,"SELECT",2024-06-16 19:00:09 CST,5/35,0,LOG,00000,"execute S_1: SELECT c_discount, c_last, c_credit, w_tax     FROM bmsql_customer     JOIN bmsql_warehouse ON (w_id = c_w_id)     WHERE c_w_id = $1 AND c_d_id = $2 AND c_id = $3","parameters: $1 = '1', $2 = '2', $3 = '89'",,,,,,,,"","client backend"
2024-06-16 19:00:50.318 CST,"raingage","benchmark",54596,"127.0.0.1:48952",666ec5b9.d544,474,"SELECT",2024-06-16 19:00:09 CST,5/35,0,LOG,00000,"execute S_1: SELECT c_discount, c_last, c_credit, w_tax     FROM bmsql_customer     JOIN bmsql_warehouse ON (w_id = c_w_id)     WHERE c_w_id = $1 AND c_d_id = $2 AND c_id = $3","parameters: $1 = '1', $2 = '2', $3 = '89'",,,,,,,,"","client backend"
2024-06-16 19:00:50.322 CST,"raingage","benchmark",54598,"127.0.0.1:48956",666ec5b9.d546,276,"SELECT",2024-06-16 19:00:09 CST,7/21,0,LOG,00000,"execute S_1: SELECT c_discount, c_last, c_credit, w_tax     FROM bmsql_customer     JOIN bmsql_warehouse ON (w_id = c_w_id)     WHERE c_w_id = $1 AND c_d_id = $2 AND c_id = $3","parameters: $1 = '1', $2 = '3', $3 = '42'",,,,,,,,"","client backend"
2024-06-16 19:00:50.383 CST,"raingage","benchmark",54596,"127.0.0.1:48952",666ec5b9.d544,475,"SELECT",2024-06-16 19:00:09 CST,5/35,0,LOG,00000,"execute S_1: SELECT c_discount, c_last, c_credit, w_tax     FROM bmsql_customer     JOIN bmsql_warehouse ON (w_id = c_w_id)     WHERE c_w_id = $1 AND c_d_id = $2 AND c_id = $3","parameters: $1 = '1', $2 = '2', $3 = '89'",,,,,,,,"","client backend"
2024-06-16 19:00:50.386 CST,"raingage","benchmark",54598,"127.0.0.1:48956",666ec5b9.d546,277,"SELECT",2024-06-16 19:00:09 CST,7/21,0,LOG,00000,"execute S_1: SELECT c_discount, c_last, c_credit, w_tax     FROM bmsql_customer     JOIN bmsql_warehouse ON (w_id = c_w_id)     WHERE c_w_id = $1 AND c_d_id = $2 AND c_id = $3","parameters: $1 = '1', $2 = '3', $3 = '42'",,,,,,,,"","client backend"
2024-06-16 19:00:50.402 CST,"raingage","benchmark",54598,"127.0.0.1:48956",666ec5b9.d546,278,"SELECT",2024-06-16 19:00:09 CST,7/21,0,LOG,00000,"execute S_5: SELECT i_price, i_name, i_data     FROM bmsql_item     WHERE i_id = $1","parameters: $1 = '33'",,,,,,,,"","client backend"
2024-06-16 19:00:50.419 CST,"raingage","benchmark",54598,"127.0.0.1:48956",666ec5b9.d546,279,"SELECT",2024-06-16 19:00:09 CST,7/21,0,LOG,00000,"execute S_6: SELECT s_quantity, s_data,        s_dist_01, s_dist_02, s_dist_03, s_dist_04,        s_dist_05, s_dist_06, s_dist_07, s_dist_08,        s_dist_09, s_dist_10     FROM bmsql_stock     WHERE s_w_id = $1 AND s_i_id = $2 ","parameters: $1 = '1', $2 = '33'",,,,,,,,"","client backend"
2024-06-16 19:00:50.433 CST,"raingage","benchmark",54598,"127.0.0.1:48956",666ec5b9.d546,280,"UPDATE",2024-06-16 19:00:09 CST,7/21,0,LOG,00000,"execute S_7: UPDATE bmsql_stock     SET s_quantity = $1, s_ytd = s_ytd + $2,         s_order_cnt = s_order_cnt + 1,         s_remote_cnt = s_remote_cnt + $3     WHERE s_w_id = $4 AND s_i_id = $5","parameters: $1 = '42', $2 = '5', $3 = '0', $4 = '1', $5 = '33'",,,,,,,,"","client backend"
2024-06-16 19:00:50.447 CST,"raingage","benchmark",54598,"127.0.0.1:48956",666ec5b9.d546,281,"COMMIT",2024-06-16 19:00:09 CST,7/21,115326,LOG,00000,"execute S_2: COMMIT",,,,,,,,,"","client backend"
2024-06-16 19:00:50.448 CST,"raingage","benchmark",54598,"127.0.0.1:48956",666ec5b9.d546,282,"COMMIT",2024-06-16 19:00:09 CST,7/0,115326,WARNING,01000,"registered snapshots seem to remain after cleanup",,,,,,,,,"","client backend"
2024-06-16 19:00:50.451 CST,"raingage","benchmark",54596,"127.0.0.1:48952",666ec5b9.d544,476,"SELECT",2024-06-16 19:00:09 CST,5/35,0,LOG,00000,"execute S_1: SELECT c_discount, c_last, c_credit, w_tax     FROM bmsql_customer     JOIN bmsql_warehouse ON (w_id = c_w_id)     WHERE c_w_id = $1 AND c_d_id = $2 AND c_id = $3","parameters: $1 = '1', $2 = '2', $3 = '89'",,,,,,,,"","client backend"
2024-06-16 19:00:50.468 CST,"raingage","benchmark",54596,"127.0.0.1:48952",666ec5b9.d544,477,"SELECT",2024-06-16 19:00:09 CST,5/35,0,LOG,00000,"execute S_5: SELECT i_price, i_name, i_data     FROM bmsql_item     WHERE i_id = $1","parameters: $1 = '88'",,,,,,,,"","client backend"
2024-06-16 19:00:50.469 CST,"raingage","benchmark",54598,"127.0.0.1:48956",666ec5b9.d546,283,"BEGIN",2024-06-16 19:00:09 CST,7/22,0,LOG,00000,"execute S_3: BEGIN",,,,,,,,,"","client backend"
2024-06-16 19:00:50.481 CST,"raingage","benchmark",54596,"127.0.0.1:48952",666ec5b9.d544,478,"SELECT",2024-06-16 19:00:09 CST,5/35,0,LOG,00000,"execute S_6: SELECT s_quantity, s_data,        s_dist_01, s_dist_02, s_dist_03, s_dist_04,        s_dist_05, s_dist_06, s_dist_07, s_dist_08,        s_dist_09, s_dist_10     FROM bmsql_stock     WHERE s_w_id = $1 AND s_i_id = $2 ","parameters: $1 = '1', $2 = '88'",,,,,,,,"","client backend"
2024-06-16 19:00:50.486 CST,"raingage","benchmark",54598,"127.0.0.1:48956",666ec5b9.d546,284,"SELECT",2024-06-16 19:00:09 CST,7/22,0,LOG,00000,"execute S_4: SELECT d_tax, d_next_o_id     FROM bmsql_district     WHERE d_w_id = $1 AND d_id = $2 ","parameters: $1 = '1', $2 = '1'",,,,,,,,"","client backend"
2024-06-16 19:00:50.498 CST,"raingage","benchmark",54596,"127.0.0.1:48952",666ec5b9.d544,479,"UPDATE",2024-06-16 19:00:09 CST,5/35,0,LOG,00000,"execute S_7: UPDATE bmsql_stock     SET s_quantity = $1, s_ytd = s_ytd + $2,         s_order_cnt = s_order_cnt + 1,         s_remote_cnt = s_remote_cnt + $3     WHERE s_w_id = $4 AND s_i_id = $5","parameters: $1 = '99', $2 = '2', $3 = '0', $4 = '1', $5 = '88'",,,,,,,,"","client backend"
2024-06-16 19:00:50.519 CST,"raingage","benchmark",54596,"127.0.0.1:48952",666ec5b9.d544,480,"COMMIT",2024-06-16 19:00:09 CST,5/35,115327,LOG,00000,"execute S_2: COMMIT",,,,,,,,,"","client backend"
2024-06-16 19:00:50.537 CST,"raingage","benchmark",54596,"127.0.0.1:48952",666ec5b9.d544,481,"BEGIN",2024-06-16 19:00:09 CST,5/36,0,LOG,00000,"execute S_3: BEGIN",,,,,,,,,"","client backend"
2024-06-16 19:00:50.552 CST,"raingage","benchmark",54598,"127.0.0.1:48956",666ec5b9.d546,285,"SELECT",2024-06-16 19:00:09 CST,7/22,0,LOG,00000,"execute S_1: SELECT c_discount, c_last, c_credit, w_tax     FROM bmsql_customer     JOIN bmsql_warehouse ON (w_id = c_w_id)     WHERE c_w_id = $1 AND c_d_id = $2 AND c_id = $3","parameters: $1 = '1', $2 = '1', $3 = '68'",,,,,,,,"","client backend"
2024-06-16 19:00:50.556 CST,"raingage","benchmark",54596,"127.0.0.1:48952",666ec5b9.d544,482,"SELECT",2024-06-16 19:00:09 CST,5/36,0,LOG,00000,"execute S_4: SELECT d_tax, d_next_o_id     FROM bmsql_district     WHERE d_w_id = $1 AND d_id = $2 ","parameters: $1 = '1', $2 = '1'",,,,,,,,"","client backend"
2024-06-16 19:00:50.617 CST,"raingage","benchmark",54598,"127.0.0.1:48956",666ec5b9.d546,286,"SELECT",2024-06-16 19:00:09 CST,7/22,0,LOG,00000,"execute S_1: SELECT c_discount, c_last, c_credit, w_tax     FROM bmsql_customer     JOIN bmsql_warehouse ON (w_id = c_w_id)     WHERE c_w_id = $1 AND c_d_id = $2 AND c_id = $3","parameters: $1 = '1', $2 = '1', $3 = '68'",,,,,,,,"","client backend"
2024-06-16 19:00:50.682 CST,"raingage","benchmark",54598,"127.0.0.1:48956",666ec5b9.d546,287,"SELECT",2024-06-16 19:00:09 CST,7/22,0,LOG,00000,"execute S_1: SELECT c_discount, c_last, c_credit, w_tax     FROM bmsql_customer     JOIN bmsql_warehouse ON (w_id = c_w_id)     WHERE c_w_id = $1 AND c_d_id = $2 AND c_id = $3","parameters: $1 = '1', $2 = '1', $3 = '68'",,,,,,,,"","client backend"
2024-06-16 19:00:50.753 CST,"raingage","benchmark",54598,"127.0.0.1:48956",666ec5b9.d546,288,"SELECT",2024-06-16 19:00:09 CST,7/22,0,LOG,00000,"execute S_1: SELECT c_discount, c_last, c_credit, w_tax     FROM bmsql_customer     JOIN bmsql_warehouse ON (w_id = c_w_id)     WHERE c_w_id = $1 AND c_d_id = $2 AND c_id = $3","parameters: $1 = '1', $2 = '1', $3 = '68'",,,,,,,,"","client backend"
2024-06-16 19:00:50.819 CST,"raingage","benchmark",54598,"127.0.0.1:48956",666ec5b9.d546,289,"SELECT",2024-06-16 19:00:09 CST,7/22,0,LOG,00000,"execute S_1: SELECT c_discount, c_last, c_credit, w_tax     FROM bmsql_customer     JOIN bmsql_warehouse ON (w_id = c_w_id)     WHERE c_w_id = $1 AND c_d_id = $2 AND c_id = $3","parameters: $1 = '1', $2 = '1', $3 = '68'",,,,,,,,"","client backend"
2024-06-16 19:00:50.890 CST,"raingage","benchmark",54598,"127.0.0.1:48956",666ec5b9.d546,290,"SELECT",2024-06-16 19:00:09 CST,7/22,0,LOG,00000,"execute S_1: SELECT c_discount, c_last, c_credit, w_tax     FROM bmsql_customer     JOIN bmsql_warehouse ON (w_id = c_w_id)     WHERE c_w_id = $1 AND c_d_id = $2 AND c_id = $3","parameters: $1 = '1', $2 = '1', $3 = '68'",,,,,,,,"","client backend"
2024-06-16 19:00:50.957 CST,"raingage","benchmark",54598,"127.0.0.1:48956",666ec5b9.d546,291,"SELECT",2024-06-16 19:00:09 CST,7/22,0,LOG,00000,"execute S_1: SELECT c_discount, c_last, c_credit, w_tax     FROM bmsql_customer     JOIN bmsql_warehouse ON (w_id = c_w_id)     WHERE c_w_id = $1 AND c_d_id = $2 AND c_id = $3","parameters: $1 = '1', $2 = '1', $3 = '68'",,,,,,,,"","client backend"
2024-06-16 19:00:51.026 CST,"raingage","benchmark",54598,"127.0.0.1:48956",666ec5b9.d546,292,"SELECT",2024-06-16 19:00:09 CST,7/22,0,LOG,00000,"execute S_1: SELECT c_discount, c_last, c_credit, w_tax     FROM bmsql_customer     JOIN bmsql_warehouse ON (w_id = c_w_id)     WHERE c_w_id = $1 AND c_d_id = $2 AND c_id = $3","parameters: $1 = '1', $2 = '1', $3 = '68'",,,,,,,,"","client backend"
2024-06-16 19:00:51.041 CST,"raingage","benchmark",54598,"127.0.0.1:48956",666ec5b9.d546,293,"SELECT",2024-06-16 19:00:09 CST,7/22,0,LOG,00000,"execute S_5: SELECT i_price, i_name, i_data     FROM bmsql_item     WHERE i_id = $1","parameters: $1 = '66'",,,,,,,,"","client backend"
2024-06-16 19:00:51.054 CST,"raingage","benchmark",54598,"127.0.0.1:48956",666ec5b9.d546,294,"SELECT",2024-06-16 19:00:09 CST,7/22,0,LOG,00000,"execute S_6: SELECT s_quantity, s_data,        s_dist_01, s_dist_02, s_dist_03, s_dist_04,        s_dist_05, s_dist_06, s_dist_07, s_dist_08,        s_dist_09, s_dist_10     FROM bmsql_stock     WHERE s_w_id = $1 AND s_i_id = $2 ","parameters: $1 = '1', $2 = '66'",,,,,,,,"","client backend"
2024-06-16 19:00:51.067 CST,"raingage","benchmark",54598,"127.0.0.1:48956",666ec5b9.d546,295,"UPDATE",2024-06-16 19:00:09 CST,7/22,0,LOG,00000,"execute S_7: UPDATE bmsql_stock     SET s_quantity = $1, s_ytd = s_ytd + $2,         s_order_cnt = s_order_cnt + 1,         s_remote_cnt = s_remote_cnt + $3     WHERE s_w_id = $4 AND s_i_id = $5","parameters: $1 = '13', $2 = '5', $3 = '0', $4 = '1', $5 = '66'",,,,,,,,"","client backend"
2024-06-16 19:00:51.081 CST,"raingage","benchmark",54598,"127.0.0.1:48956",666ec5b9.d546,296,"COMMIT",2024-06-16 19:00:09 CST,7/22,115328,LOG,00000,"execute S_2: COMMIT",,,,,,,,,"","client backend"
2024-06-16 19:00:51.081 CST,"raingage","benchmark",54596,"127.0.0.1:48952",666ec5b9.d544,483,"SELECT",2024-06-16 19:00:09 CST,5/36,0,LOG,00000,"execute S_1: SELECT c_discount, c_last, c_credit, w_tax     FROM bmsql_customer     JOIN bmsql_warehouse ON (w_id = c_w_id)     WHERE c_w_id = $1 AND c_d_id = $2 AND c_id = $3","parameters: $1 = '1', $2 = '1', $3 = '68'",,,,,,,,"","client backend"
2024-06-16 19:00:51.152 CST,"raingage","benchmark",54596,"127.0.0.1:48952",666ec5b9.d544,484,"SELECT",2024-06-16 19:00:09 CST,5/36,0,LOG,00000,"execute S_1: SELECT c_discount, c_last, c_credit, w_tax     FROM bmsql_customer     JOIN bmsql_warehouse ON (w_id = c_w_id)     WHERE c_w_id = $1 AND c_d_id = $2 AND c_id = $3","parameters: $1 = '1', $2 = '1', $3 = '68'",,,,,,,,"","client backend"
2024-06-16 19:00:51.222 CST,"raingage","benchmark",54596,"127.0.0.1:48952",666ec5b9.d544,485,"SELECT",2024-06-16 19:00:09 CST,5/36,0,LOG,00000,"execute S_1: SELECT c_discount, c_last, c_credit, w_tax     FROM bmsql_customer     JOIN bmsql_warehouse ON (w_id = c_w_id)     WHERE c_w_id = $1 AND c_d_id = $2 AND c_id = $3","parameters: $1 = '1', $2 = '1', $3 = '68'",,,,,,,,"","client backend"
2024-06-16 19:00:51.290 CST,"raingage","benchmark",54596,"127.0.0.1:48952",666ec5b9.d544,486,"SELECT",2024-06-16 19:00:09 CST,5/36,0,LOG,00000,"execute S_1: SELECT c_discount, c_last, c_credit, w_tax     FROM bmsql_customer     JOIN bmsql_warehouse ON (w_id = c_w_id)     WHERE c_w_id = $1 AND c_d_id = $2 AND c_id = $3","parameters: $1 = '1', $2 = '1', $3 = '68'",,,,,,,,"","client backend"
2024-06-16 19:00:51.360 CST,"raingage","benchmark",54596,"127.0.0.1:48952",666ec5b9.d544,487,"SELECT",2024-06-16 19:00:09 CST,5/36,0,LOG,00000,"execute S_1: SELECT c_discount, c_last, c_credit, w_tax     FROM bmsql_customer     JOIN bmsql_warehouse ON (w_id = c_w_id)     WHERE c_w_id = $1 AND c_d_id = $2 AND c_id = $3","parameters: $1 = '1', $2 = '1', $3 = '68'",,,,,,,,"","client backend"
2024-06-16 19:00:51.424 CST,"raingage","benchmark",54596,"127.0.0.1:48952",666ec5b9.d544,488,"SELECT",2024-06-16 19:00:09 CST,5/36,0,LOG,00000,"execute S_1: SELECT c_discount, c_last, c_credit, w_tax     FROM bmsql_customer     JOIN bmsql_warehouse ON (w_id = c_w_id)     WHERE c_w_id = $1 AND c_d_id = $2 AND c_id = $3","parameters: $1 = '1', $2 = '1', $3 = '68'",,,,,,,,"","client backend"
2024-06-16 19:00:51.489 CST,"raingage","benchmark",54596,"127.0.0.1:48952",666ec5b9.d544,489,"SELECT",2024-06-16 19:00:09 CST,5/36,0,LOG,00000,"execute S_1: SELECT c_discount, c_last, c_credit, w_tax     FROM bmsql_customer     JOIN bmsql_warehouse ON (w_id = c_w_id)     WHERE c_w_id = $1 AND c_d_id = $2 AND c_id = $3","parameters: $1 = '1', $2 = '1', $3 = '68'",,,,,,,,"","client backend"
2024-06-16 19:00:51.561 CST,"raingage","benchmark",54596,"127.0.0.1:48952",666ec5b9.d544,490,"SELECT",2024-06-16 19:00:09 CST,5/36,0,LOG,00000,"execute S_1: SELECT c_discount, c_last, c_credit, w_tax     FROM bmsql_customer     JOIN bmsql_warehouse ON (w_id = c_w_id)     WHERE c_w_id = $1 AND c_d_id = $2 AND c_id = $3","parameters: $1 = '1', $2 = '1', $3 = '68'",,,,,,,,"","client backend"
2024-06-16 19:00:51.575 CST,"raingage","benchmark",54596,"127.0.0.1:48952",666ec5b9.d544,491,"SELECT",2024-06-16 19:00:09 CST,5/36,0,LOG,00000,"execute S_5: SELECT i_price, i_name, i_data     FROM bmsql_item     WHERE i_id = $1","parameters: $1 = '66'",,,,,,,,"","client backend"
2024-06-16 19:00:51.591 CST,"raingage","benchmark",54596,"127.0.0.1:48952",666ec5b9.d544,492,"SELECT",2024-06-16 19:00:09 CST,5/36,0,LOG,00000,"execute S_6: SELECT s_quantity, s_data,        s_dist_01, s_dist_02, s_dist_03, s_dist_04,        s_dist_05, s_dist_06, s_dist_07, s_dist_08,        s_dist_09, s_dist_10     FROM bmsql_stock     WHERE s_w_id = $1 AND s_i_id = $2 ","parameters: $1 = '1', $2 = '66'",,,,,,,,"","client backend"
2024-06-16 19:00:51.611 CST,"raingage","benchmark",54596,"127.0.0.1:48952",666ec5b9.d544,493,"UPDATE",2024-06-16 19:00:09 CST,5/36,0,LOG,00000,"execute S_7: UPDATE bmsql_stock     SET s_quantity = $1, s_ytd = s_ytd + $2,         s_order_cnt = s_order_cnt + 1,         s_remote_cnt = s_remote_cnt + $3     WHERE s_w_id = $4 AND s_i_id = $5","parameters: $1 = '13', $2 = '5', $3 = '0', $4 = '1', $5 = '66'",,,,,,,,"","client backend"
2024-06-16 19:00:51.625 CST,"raingage","benchmark",54596,"127.0.0.1:48952",666ec5b9.d544,494,"COMMIT",2024-06-16 19:00:09 CST,5/36,115329,LOG,00000,"execute S_2: COMMIT",,,,,,,,,"","client backend"
2024-06-16 19:00:51.626 CST,"raingage","benchmark",54596,"127.0.0.1:48952",666ec5b9.d544,495,"COMMIT",2024-06-16 19:00:09 CST,5/0,115329,WARNING,01000,"registered snapshots seem to remain after cleanup",,,,,,,,,"","client backend"
2024-06-16 19:00:51.642 CST,"raingage","benchmark",54596,"127.0.0.1:48952",666ec5b9.d544,496,"BEGIN",2024-06-16 19:00:09 CST,5/37,0,LOG,00000,"execute S_3: BEGIN",,,,,,,,,"","client backend"
2024-06-16 19:00:51.654 CST,"raingage","benchmark",54596,"127.0.0.1:48952",666ec5b9.d544,497,"SELECT",2024-06-16 19:00:09 CST,5/37,0,LOG,00000,"execute S_4: SELECT d_tax, d_next_o_id     FROM bmsql_district     WHERE d_w_id = $1 AND d_id = $2 ","parameters: $1 = '1', $2 = '2'",,,,,,,,"","client backend"
2024-06-16 19:00:51.723 CST,"raingage","benchmark",54596,"127.0.0.1:48952",666ec5b9.d544,498,"SELECT",2024-06-16 19:00:09 CST,5/37,0,LOG,00000,"execute S_1: SELECT c_discount, c_last, c_credit, w_tax     FROM bmsql_customer     JOIN bmsql_warehouse ON (w_id = c_w_id)     WHERE c_w_id = $1 AND c_d_id = $2 AND c_id = $3","parameters: $1 = '1', $2 = '2', $3 = '92'",,,,,,,,"","client backend"
2024-06-16 19:00:51.787 CST,"raingage","benchmark",54596,"127.0.0.1:48952",666ec5b9.d544,499,"SELECT",2024-06-16 19:00:09 CST,5/37,0,LOG,00000,"execute S_1: SELECT c_discount, c_last, c_credit, w_tax     FROM bmsql_customer     JOIN bmsql_warehouse ON (w_id = c_w_id)     WHERE c_w_id = $1 AND c_d_id = $2 AND c_id = $3","parameters: $1 = '1', $2 = '2', $3 = '92'",,,,,,,,"","client backend"
2024-06-16 19:00:51.850 CST,"raingage","benchmark",54596,"127.0.0.1:48952",666ec5b9.d544,500,"SELECT",2024-06-16 19:00:09 CST,5/37,0,LOG,00000,"execute S_1: SELECT c_discount, c_last, c_credit, w_tax     FROM bmsql_customer     JOIN bmsql_warehouse ON (w_id = c_w_id)     WHERE c_w_id = $1 AND c_d_id = $2 AND c_id = $3","parameters: $1 = '1', $2 = '2', $3 = '92'",,,,,,,,"","client backend"
2024-06-16 19:00:51.920 CST,"raingage","benchmark",54596,"127.0.0.1:48952",666ec5b9.d544,501,"SELECT",2024-06-16 19:00:09 CST,5/37,0,LOG,00000,"execute S_1: SELECT c_discount, c_last, c_credit, w_tax     FROM bmsql_customer     JOIN bmsql_warehouse ON (w_id = c_w_id)     WHERE c_w_id = $1 AND c_d_id = $2 AND c_id = $3","parameters: $1 = '1', $2 = '2', $3 = '92'",,,,,,,,"","client backend"
2024-06-16 19:00:51.985 CST,"raingage","benchmark",54596,"127.0.0.1:48952",666ec5b9.d544,502,"SELECT",2024-06-16 19:00:09 CST,5/37,0,LOG,00000,"execute S_1: SELECT c_discount, c_last, c_credit, w_tax     FROM bmsql_customer     JOIN bmsql_warehouse ON (w_id = c_w_id)     WHERE c_w_id = $1 AND c_d_id = $2 AND c_id = $3","parameters: $1 = '1', $2 = '2', $3 = '92'",,,,,,,,"","client backend"
2024-06-16 19:00:52.050 CST,"raingage","benchmark",54596,"127.0.0.1:48952",666ec5b9.d544,503,"SELECT",2024-06-16 19:00:09 CST,5/37,0,LOG,00000,"execute S_1: SELECT c_discount, c_last, c_credit, w_tax     FROM bmsql_customer     JOIN bmsql_warehouse ON (w_id = c_w_id)     WHERE c_w_id = $1 AND c_d_id = $2 AND c_id = $3","parameters: $1 = '1', $2 = '2', $3 = '92'",,,,,,,,"","client backend"
2024-06-16 19:00:52.121 CST,"raingage","benchmark",54596,"127.0.0.1:48952",666ec5b9.d544,504,"SELECT",2024-06-16 19:00:09 CST,5/37,0,LOG,00000,"execute S_1: SELECT c_discount, c_last, c_credit, w_tax     FROM bmsql_customer     JOIN bmsql_warehouse ON (w_id = c_w_id)     WHERE c_w_id = $1 AND c_d_id = $2 AND c_id = $3","parameters: $1 = '1', $2 = '2', $3 = '92'",,,,,,,,"","client backend"
2024-06-16 19:00:52.189 CST,"raingage","benchmark",54596,"127.0.0.1:48952",666ec5b9.d544,505,"SELECT",2024-06-16 19:00:09 CST,5/37,0,LOG,00000,"execute S_1: SELECT c_discount, c_last, c_credit, w_tax     FROM bmsql_customer     JOIN bmsql_warehouse ON (w_id = c_w_id)     WHERE c_w_id = $1 AND c_d_id = $2 AND c_id = $3","parameters: $1 = '1', $2 = '2', $3 = '92'",,,,,,,,"","client backend"
2024-06-16 19:00:52.206 CST,"raingage","benchmark",54596,"127.0.0.1:48952",666ec5b9.d544,506,"SELECT",2024-06-16 19:00:09 CST,5/37,0,LOG,00000,"execute S_5: SELECT i_price, i_name, i_data     FROM bmsql_item     WHERE i_id = $1","parameters: $1 = '89'",,,,,,,,"","client backend"
2024-06-16 19:00:52.235 CST,"raingage","benchmark",54596,"127.0.0.1:48952",666ec5b9.d544,507,"SELECT",2024-06-16 19:00:09 CST,5/37,0,LOG,00000,"execute S_6: SELECT s_quantity, s_data,        s_dist_01, s_dist_02, s_dist_03, s_dist_04,        s_dist_05, s_dist_06, s_dist_07, s_dist_08,        s_dist_09, s_dist_10     FROM bmsql_stock     WHERE s_w_id = $1 AND s_i_id = $2 ","parameters: $1 = '1', $2 = '89'",,,,,,,,"","client backend"
2024-06-16 19:00:52.247 CST,"raingage","benchmark",54596,"127.0.0.1:48952",666ec5b9.d544,508,"UPDATE",2024-06-16 19:00:09 CST,5/37,0,LOG,00000,"execute S_7: UPDATE bmsql_stock     SET s_quantity = $1, s_ytd = s_ytd + $2,         s_order_cnt = s_order_cnt + 1,         s_remote_cnt = s_remote_cnt + $3     WHERE s_w_id = $4 AND s_i_id = $5","parameters: $1 = '41', $2 = '2', $3 = '0', $4 = '1', $5 = '89'",,,,,,,,"","client backend"
2024-06-16 19:00:52.260 CST,"raingage","benchmark",54596,"127.0.0.1:48952",666ec5b9.d544,509,"COMMIT",2024-06-16 19:00:09 CST,5/37,115330,LOG,00000,"execute S_2: COMMIT",,,,,,,,,"","client backend"
2024-06-16 19:00:52.281 CST,"raingage","benchmark",54596,"127.0.0.1:48952",666ec5b9.d544,510,"BEGIN",2024-06-16 19:00:09 CST,5/38,0,LOG,00000,"execute S_3: BEGIN",,,,,,,,,"","client backend"
2024-06-16 19:00:52.298 CST,"raingage","benchmark",54596,"127.0.0.1:48952",666ec5b9.d544,511,"SELECT",2024-06-16 19:00:09 CST,5/38,0,LOG,00000,"execute S_4: SELECT d_tax, d_next_o_id     FROM bmsql_district     WHERE d_w_id = $1 AND d_id = $2 ","parameters: $1 = '1', $2 = '2'",,,,,,,,"","client backend"
2024-06-16 19:00:52.362 CST,"raingage","benchmark",54596,"127.0.0.1:48952",666ec5b9.d544,512,"SELECT",2024-06-16 19:00:09 CST,5/38,0,LOG,00000,"execute S_1: SELECT c_discount, c_last, c_credit, w_tax     FROM bmsql_customer     JOIN bmsql_warehouse ON (w_id = c_w_id)     WHERE c_w_id = $1 AND c_d_id = $2 AND c_id = $3","parameters: $1 = '1', $2 = '2', $3 = '37'",,,,,,,,"","client backend"
2024-06-16 19:00:52.427 CST,"raingage","benchmark",54596,"127.0.0.1:48952",666ec5b9.d544,513,"SELECT",2024-06-16 19:00:09 CST,5/38,0,LOG,00000,"execute S_1: SELECT c_discount, c_last, c_credit, w_tax     FROM bmsql_customer     JOIN bmsql_warehouse ON (w_id = c_w_id)     WHERE c_w_id = $1 AND c_d_id = $2 AND c_id = $3","parameters: $1 = '1', $2 = '2', $3 = '37'",,,,,,,,"","client backend"
2024-06-16 19:00:52.495 CST,"raingage","benchmark",54596,"127.0.0.1:48952",666ec5b9.d544,514,"SELECT",2024-06-16 19:00:09 CST,5/38,0,LOG,00000,"execute S_1: SELECT c_discount, c_last, c_credit, w_tax     FROM bmsql_customer     JOIN bmsql_warehouse ON (w_id = c_w_id)     WHERE c_w_id = $1 AND c_d_id = $2 AND c_id = $3","parameters: $1 = '1', $2 = '2', $3 = '37'",,,,,,,,"","client backend"
2024-06-16 19:00:52.561 CST,"raingage","benchmark",54596,"127.0.0.1:48952",666ec5b9.d544,515,"SELECT",2024-06-16 19:00:09 CST,5/38,0,LOG,00000,"execute S_1: SELECT c_discount, c_last, c_credit, w_tax     FROM bmsql_customer     JOIN bmsql_warehouse ON (w_id = c_w_id)     WHERE c_w_id = $1 AND c_d_id = $2 AND c_id = $3","parameters: $1 = '1', $2 = '2', $3 = '37'",,,,,,,,"","client backend"
2024-06-16 19:00:52.624 CST,"raingage","benchmark",54596,"127.0.0.1:48952",666ec5b9.d544,516,"SELECT",2024-06-16 19:00:09 CST,5/38,0,LOG,00000,"execute S_1: SELECT c_discount, c_last, c_credit, w_tax     FROM bmsql_customer     JOIN bmsql_warehouse ON (w_id = c_w_id)     WHERE c_w_id = $1 AND c_d_id = $2 AND c_id = $3","parameters: $1 = '1', $2 = '2', $3 = '37'",,,,,,,,"","client backend"
2024-06-16 19:00:52.688 CST,"raingage","benchmark",54596,"127.0.0.1:48952",666ec5b9.d544,517,"SELECT",2024-06-16 19:00:09 CST,5/38,0,LOG,00000,"execute S_1: SELECT c_discount, c_last, c_credit, w_tax     FROM bmsql_customer     JOIN bmsql_warehouse ON (w_id = c_w_id)     WHERE c_w_id = $1 AND c_d_id = $2 AND c_id = $3","parameters: $1 = '1', $2 = '2', $3 = '37'",,,,,,,,"","client backend"
2024-06-16 19:00:52.759 CST,"raingage","benchmark",54596,"127.0.0.1:48952",666ec5b9.d544,518,"SELECT",2024-06-16 19:00:09 CST,5/38,0,LOG,00000,"execute S_1: SELECT c_discount, c_last, c_credit, w_tax     FROM bmsql_customer     JOIN bmsql_warehouse ON (w_id = c_w_id)     WHERE c_w_id = $1 AND c_d_id = $2 AND c_id = $3","parameters: $1 = '1', $2 = '2', $3 = '37'",,,,,,,,"","client backend"
2024-06-16 19:00:52.822 CST,"raingage","benchmark",54596,"127.0.0.1:48952",666ec5b9.d544,519,"SELECT",2024-06-16 19:00:09 CST,5/38,0,LOG,00000,"execute S_1: SELECT c_discount, c_last, c_credit, w_tax     FROM bmsql_customer     JOIN bmsql_warehouse ON (w_id = c_w_id)     WHERE c_w_id = $1 AND c_d_id = $2 AND c_id = $3","parameters: $1 = '1', $2 = '2', $3 = '37'",,,,,,,,"","client backend"
2024-06-16 19:00:52.839 CST,"raingage","benchmark",54596,"127.0.0.1:48952",666ec5b9.d544,520,"SELECT",2024-06-16 19:00:09 CST,5/38,0,LOG,00000,"execute S_5: SELECT i_price, i_name, i_data     FROM bmsql_item     WHERE i_id = $1","parameters: $1 = '21'",,,,,,,,"","client backend"
2024-06-16 19:00:52.853 CST,"raingage","benchmark",54596,"127.0.0.1:48952",666ec5b9.d544,521,"SELECT",2024-06-16 19:00:09 CST,5/38,0,LOG,00000,"execute S_6: SELECT s_quantity, s_data,        s_dist_01, s_dist_02, s_dist_03, s_dist_04,        s_dist_05, s_dist_06, s_dist_07, s_dist_08,        s_dist_09, s_dist_10     FROM bmsql_stock     WHERE s_w_id = $1 AND s_i_id = $2 ","parameters: $1 = '1', $2 = '21'",,,,,,,,"","client backend"
2024-06-16 19:00:52.865 CST,"raingage","benchmark",54596,"127.0.0.1:48952",666ec5b9.d544,522,"UPDATE",2024-06-16 19:00:09 CST,5/38,0,LOG,00000,"execute S_7: UPDATE bmsql_stock     SET s_quantity = $1, s_ytd = s_ytd + $2,         s_order_cnt = s_order_cnt + 1,         s_remote_cnt = s_remote_cnt + $3     WHERE s_w_id = $4 AND s_i_id = $5","parameters: $1 = '66', $2 = '4', $3 = '0', $4 = '1', $5 = '21'",,,,,,,,"","client backend"
2024-06-16 19:00:52.885 CST,"raingage","benchmark",54596,"127.0.0.1:48952",666ec5b9.d544,523,"COMMIT",2024-06-16 19:00:09 CST,5/38,115331,LOG,00000,"execute S_2: COMMIT",,,,,,,,,"","client backend"
2024-06-16 19:00:52.906 CST,"raingage","benchmark",54596,"127.0.0.1:48952",666ec5b9.d544,524,"BEGIN",2024-06-16 19:00:09 CST,5/39,0,LOG,00000,"execute S_3: BEGIN",,,,,,,,,"","client backend"
2024-06-16 19:00:52.923 CST,"raingage","benchmark",54596,"127.0.0.1:48952",666ec5b9.d544,525,"SELECT",2024-06-16 19:00:09 CST,5/39,0,LOG,00000,"execute S_4: SELECT d_tax, d_next_o_id     FROM bmsql_district     WHERE d_w_id = $1 AND d_id = $2 ","parameters: $1 = '1', $2 = '2'",,,,,,,,"","client backend"
2024-06-16 19:00:52.985 CST,"raingage","benchmark",54596,"127.0.0.1:48952",666ec5b9.d544,526,"SELECT",2024-06-16 19:00:09 CST,5/39,0,LOG,00000,"execute S_1: SELECT c_discount, c_last, c_credit, w_tax     FROM bmsql_customer     JOIN bmsql_warehouse ON (w_id = c_w_id)     WHERE c_w_id = $1 AND c_d_id = $2 AND c_id = $3","parameters: $1 = '1', $2 = '2', $3 = '37'",,,,,,,,"","client backend"
2024-06-16 19:00:53.051 CST,"raingage","benchmark",54596,"127.0.0.1:48952",666ec5b9.d544,527,"SELECT",2024-06-16 19:00:09 CST,5/39,0,LOG,00000,"execute S_1: SELECT c_discount, c_last, c_credit, w_tax     FROM bmsql_customer     JOIN bmsql_warehouse ON (w_id = c_w_id)     WHERE c_w_id = $1 AND c_d_id = $2 AND c_id = $3","parameters: $1 = '1', $2 = '2', $3 = '37'",,,,,,,,"","client backend"
2024-06-16 19:00:53.121 CST,"raingage","benchmark",54596,"127.0.0.1:48952",666ec5b9.d544,528,"SELECT",2024-06-16 19:00:09 CST,5/39,0,LOG,00000,"execute S_1: SELECT c_discount, c_last, c_credit, w_tax     FROM bmsql_customer     JOIN bmsql_warehouse ON (w_id = c_w_id)     WHERE c_w_id = $1 AND c_d_id = $2 AND c_id = $3","parameters: $1 = '1', $2 = '2', $3 = '37'",,,,,,,,"","client backend"
2024-06-16 19:00:53.191 CST,"raingage","benchmark",54596,"127.0.0.1:48952",666ec5b9.d544,529,"SELECT",2024-06-16 19:00:09 CST,5/39,0,LOG,00000,"execute S_1: SELECT c_discount, c_last, c_credit, w_tax     FROM bmsql_customer     JOIN bmsql_warehouse ON (w_id = c_w_id)     WHERE c_w_id = $1 AND c_d_id = $2 AND c_id = $3","parameters: $1 = '1', $2 = '2', $3 = '37'",,,,,,,,"","client backend"
2024-06-16 19:00:53.258 CST,"raingage","benchmark",54596,"127.0.0.1:48952",666ec5b9.d544,530,"SELECT",2024-06-16 19:00:09 CST,5/39,0,LOG,00000,"execute S_1: SELECT c_discount, c_last, c_credit, w_tax     FROM bmsql_customer     JOIN bmsql_warehouse ON (w_id = c_w_id)     WHERE c_w_id = $1 AND c_d_id = $2 AND c_id = $3","parameters: $1 = '1', $2 = '2', $3 = '37'",,,,,,,,"","client backend"
2024-06-16 19:00:53.322 CST,"raingage","benchmark",54596,"127.0.0.1:48952",666ec5b9.d544,531,"SELECT",2024-06-16 19:00:09 CST,5/39,0,LOG,00000,"execute S_1: SELECT c_discount, c_last, c_credit, w_tax     FROM bmsql_customer     JOIN bmsql_warehouse ON (w_id = c_w_id)     WHERE c_w_id = $1 AND c_d_id = $2 AND c_id = $3","parameters: $1 = '1', $2 = '2', $3 = '37'",,,,,,,,"","client backend"
2024-06-16 19:00:53.391 CST,"raingage","benchmark",54596,"127.0.0.1:48952",666ec5b9.d544,532,"SELECT",2024-06-16 19:00:09 CST,5/39,0,LOG,00000,"execute S_1: SELECT c_discount, c_last, c_credit, w_tax     FROM bmsql_customer     JOIN bmsql_warehouse ON (w_id = c_w_id)     WHERE c_w_id = $1 AND c_d_id = $2 AND c_id = $3","parameters: $1 = '1', $2 = '2', $3 = '37'",,,,,,,,"","client backend"
2024-06-16 19:00:53.462 CST,"raingage","benchmark",54596,"127.0.0.1:48952",666ec5b9.d544,533,"SELECT",2024-06-16 19:00:09 CST,5/39,0,LOG,00000,"execute S_1: SELECT c_discount, c_last, c_credit, w_tax     FROM bmsql_customer     JOIN bmsql_warehouse ON (w_id = c_w_id)     WHERE c_w_id = $1 AND c_d_id = $2 AND c_id = $3","parameters: $1 = '1', $2 = '2', $3 = '37'",,,,,,,,"","client backend"
2024-06-16 19:00:53.480 CST,"raingage","benchmark",54596,"127.0.0.1:48952",666ec5b9.d544,534,"SELECT",2024-06-16 19:00:09 CST,5/39,0,LOG,00000,"execute S_5: SELECT i_price, i_name, i_data     FROM bmsql_item     WHERE i_id = $1","parameters: $1 = '21'",,,,,,,,"","client backend"
2024-06-16 19:00:53.499 CST,"raingage","benchmark",54596,"127.0.0.1:48952",666ec5b9.d544,535,"SELECT",2024-06-16 19:00:09 CST,5/39,0,LOG,00000,"execute S_6: SELECT s_quantity, s_data,        s_dist_01, s_dist_02, s_dist_03, s_dist_04,        s_dist_05, s_dist_06, s_dist_07, s_dist_08,        s_dist_09, s_dist_10     FROM bmsql_stock     WHERE s_w_id = $1 AND s_i_id = $2 ","parameters: $1 = '1', $2 = '21'",,,,,,,,"","client backend"
2024-06-16 19:00:53.514 CST,"raingage","benchmark",54596,"127.0.0.1:48952",666ec5b9.d544,536,"UPDATE",2024-06-16 19:00:09 CST,5/39,0,LOG,00000,"execute S_7: UPDATE bmsql_stock     SET s_quantity = $1, s_ytd = s_ytd + $2,         s_order_cnt = s_order_cnt + 1,         s_remote_cnt = s_remote_cnt + $3     WHERE s_w_id = $4 AND s_i_id = $5","parameters: $1 = '62', $2 = '4', $3 = '0', $4 = '1', $5 = '21'",,,,,,,,"","client backend"
2024-06-16 19:00:53.527 CST,"raingage","benchmark",54596,"127.0.0.1:48952",666ec5b9.d544,537,"COMMIT",2024-06-16 19:00:09 CST,5/39,115332,LOG,00000,"execute S_2: COMMIT",,,,,,,,,"","client backend"
2024-06-16 19:00:53.543 CST,"raingage","benchmark",54596,"127.0.0.1:48952",666ec5b9.d544,538,"BEGIN",2024-06-16 19:00:09 CST,5/40,0,LOG,00000,"execute S_3: BEGIN",,,,,,,,,"","client backend"
2024-06-16 19:00:53.560 CST,"raingage","benchmark",54596,"127.0.0.1:48952",666ec5b9.d544,539,"SELECT",2024-06-16 19:00:09 CST,5/40,0,LOG,00000,"execute S_4: SELECT d_tax, d_next_o_id     FROM bmsql_district     WHERE d_w_id = $1 AND d_id = $2 ","parameters: $1 = '1', $2 = '1'",,,,,,,,"","client backend"
2024-06-16 19:00:53.626 CST,"raingage","benchmark",54596,"127.0.0.1:48952",666ec5b9.d544,540,"SELECT",2024-06-16 19:00:09 CST,5/40,0,LOG,00000,"execute S_1: SELECT c_discount, c_last, c_credit, w_tax     FROM bmsql_customer     JOIN bmsql_warehouse ON (w_id = c_w_id)     WHERE c_w_id = $1 AND c_d_id = $2 AND c_id = $3","parameters: $1 = '1', $2 = '1', $3 = '83'",,,,,,,,"","client backend"
2024-06-16 19:00:53.688 CST,"raingage","benchmark",54596,"127.0.0.1:48952",666ec5b9.d544,541,"SELECT",2024-06-16 19:00:09 CST,5/40,0,LOG,00000,"execute S_1: SELECT c_discount, c_last, c_credit, w_tax     FROM bmsql_customer     JOIN bmsql_warehouse ON (w_id = c_w_id)     WHERE c_w_id = $1 AND c_d_id = $2 AND c_id = $3","parameters: $1 = '1', $2 = '1', $3 = '83'",,,,,,,,"","client backend"
2024-06-16 19:00:53.754 CST,"raingage","benchmark",54596,"127.0.0.1:48952",666ec5b9.d544,542,"SELECT",2024-06-16 19:00:09 CST,5/40,0,LOG,00000,"execute S_1: SELECT c_discount, c_last, c_credit, w_tax     FROM bmsql_customer     JOIN bmsql_warehouse ON (w_id = c_w_id)     WHERE c_w_id = $1 AND c_d_id = $2 AND c_id = $3","parameters: $1 = '1', $2 = '1', $3 = '83'",,,,,,,,"","client backend"
2024-06-16 19:00:53.822 CST,"raingage","benchmark",54596,"127.0.0.1:48952",666ec5b9.d544,543,"SELECT",2024-06-16 19:00:09 CST,5/40,0,LOG,00000,"execute S_1: SELECT c_discount, c_last, c_credit, w_tax     FROM bmsql_customer     JOIN bmsql_warehouse ON (w_id = c_w_id)     WHERE c_w_id = $1 AND c_d_id = $2 AND c_id = $3","parameters: $1 = '1', $2 = '1', $3 = '83'",,,,,,,,"","client backend"
2024-06-16 19:00:53.830 CST,"raingage","benchmark",54597,"127.0.0.1:48954",666ec5b9.d545,158,"BEGIN",2024-06-16 19:00:09 CST,6/13,0,LOG,00000,"execute S_3: BEGIN",,,,,,,,,"","client backend"
2024-06-16 19:00:53.846 CST,"raingage","benchmark",54597,"127.0.0.1:48954",666ec5b9.d545,159,"SELECT",2024-06-16 19:00:09 CST,6/13,0,LOG,00000,"execute S_4: SELECT d_tax, d_next_o_id     FROM bmsql_district     WHERE d_w_id = $1 AND d_id = $2 ","parameters: $1 = '1', $2 = '3'",,,,,,,,"","client backend"
2024-06-16 19:00:53.887 CST,"raingage","benchmark",54596,"127.0.0.1:48952",666ec5b9.d544,544,"SELECT",2024-06-16 19:00:09 CST,5/40,0,LOG,00000,"execute S_1: SELECT c_discount, c_last, c_credit, w_tax     FROM bmsql_customer     JOIN bmsql_warehouse ON (w_id = c_w_id)     WHERE c_w_id = $1 AND c_d_id = $2 AND c_id = $3","parameters: $1 = '1', $2 = '1', $3 = '83'",,,,,,,,"","client backend"
2024-06-16 19:00:53.914 CST,"raingage","benchmark",54597,"127.0.0.1:48954",666ec5b9.d545,160,"SELECT",2024-06-16 19:00:09 CST,6/13,0,LOG,00000,"execute S_1: SELECT c_discount, c_last, c_credit, w_tax     FROM bmsql_customer     JOIN bmsql_warehouse ON (w_id = c_w_id)     WHERE c_w_id = $1 AND c_d_id = $2 AND c_id = $3","parameters: $1 = '1', $2 = '3', $3 = '94'",,,,,,,,"","client backend"
2024-06-16 19:00:53.956 CST,"raingage","benchmark",54596,"127.0.0.1:48952",666ec5b9.d544,545,"SELECT",2024-06-16 19:00:09 CST,5/40,0,LOG,00000,"execute S_1: SELECT c_discount, c_last, c_credit, w_tax     FROM bmsql_customer     JOIN bmsql_warehouse ON (w_id = c_w_id)     WHERE c_w_id = $1 AND c_d_id = $2 AND c_id = $3","parameters: $1 = '1', $2 = '1', $3 = '83'",,,,,,,,"","client backend"
2024-06-16 19:00:53.976 CST,"raingage","benchmark",54597,"127.0.0.1:48954",666ec5b9.d545,161,"SELECT",2024-06-16 19:00:09 CST,6/13,0,LOG,00000,"execute S_1: SELECT c_discount, c_last, c_credit, w_tax     FROM bmsql_customer     JOIN bmsql_warehouse ON (w_id = c_w_id)     WHERE c_w_id = $1 AND c_d_id = $2 AND c_id = $3","parameters: $1 = '1', $2 = '3', $3 = '94'",,,,,,,,"","client backend"
2024-06-16 19:00:54.027 CST,"raingage","benchmark",54596,"127.0.0.1:48952",666ec5b9.d544,546,"SELECT",2024-06-16 19:00:09 CST,5/40,0,LOG,00000,"execute S_1: SELECT c_discount, c_last, c_credit, w_tax     FROM bmsql_customer     JOIN bmsql_warehouse ON (w_id = c_w_id)     WHERE c_w_id = $1 AND c_d_id = $2 AND c_id = $3","parameters: $1 = '1', $2 = '1', $3 = '83'",,,,,,,,"","client backend"
2024-06-16 19:00:54.040 CST,"raingage","benchmark",54597,"127.0.0.1:48954",666ec5b9.d545,162,"SELECT",2024-06-16 19:00:09 CST,6/13,0,LOG,00000,"execute S_1: SELECT c_discount, c_last, c_credit, w_tax     FROM bmsql_customer     JOIN bmsql_warehouse ON (w_id = c_w_id)     WHERE c_w_id = $1 AND c_d_id = $2 AND c_id = $3","parameters: $1 = '1', $2 = '3', $3 = '94'",,,,,,,,"","client backend"
2024-06-16 19:00:54.095 CST,"raingage","benchmark",54596,"127.0.0.1:48952",666ec5b9.d544,547,"SELECT",2024-06-16 19:00:09 CST,5/40,0,LOG,00000,"execute S_1: SELECT c_discount, c_last, c_credit, w_tax     FROM bmsql_customer     JOIN bmsql_warehouse ON (w_id = c_w_id)     WHERE c_w_id = $1 AND c_d_id = $2 AND c_id = $3","parameters: $1 = '1', $2 = '1', $3 = '83'",,,,,,,,"","client backend"
2024-06-16 19:00:54.107 CST,"raingage","benchmark",54596,"127.0.0.1:48952",666ec5b9.d544,548,"SELECT",2024-06-16 19:00:09 CST,5/40,0,LOG,00000,"execute S_5: SELECT i_price, i_name, i_data     FROM bmsql_item     WHERE i_id = $1","parameters: $1 = '59'",,,,,,,,"","client backend"
2024-06-16 19:00:54.109 CST,"raingage","benchmark",54597,"127.0.0.1:48954",666ec5b9.d545,163,"SELECT",2024-06-16 19:00:09 CST,6/13,0,LOG,00000,"execute S_1: SELECT c_discount, c_last, c_credit, w_tax     FROM bmsql_customer     JOIN bmsql_warehouse ON (w_id = c_w_id)     WHERE c_w_id = $1 AND c_d_id = $2 AND c_id = $3","parameters: $1 = '1', $2 = '3', $3 = '94'",,,,,,,,"","client backend"
2024-06-16 19:00:54.126 CST,"raingage","benchmark",54596,"127.0.0.1:48952",666ec5b9.d544,549,"SELECT",2024-06-16 19:00:09 CST,5/40,0,LOG,00000,"execute S_6: SELECT s_quantity, s_data,        s_dist_01, s_dist_02, s_dist_03, s_dist_04,        s_dist_05, s_dist_06, s_dist_07, s_dist_08,        s_dist_09, s_dist_10     FROM bmsql_stock     WHERE s_w_id = $1 AND s_i_id = $2 ","parameters: $1 = '1', $2 = '59'",,,,,,,,"","client backend"
2024-06-16 19:00:54.144 CST,"raingage","benchmark",54596,"127.0.0.1:48952",666ec5b9.d544,550,"UPDATE",2024-06-16 19:00:09 CST,5/40,0,LOG,00000,"execute S_7: UPDATE bmsql_stock     SET s_quantity = $1, s_ytd = s_ytd + $2,         s_order_cnt = s_order_cnt + 1,         s_remote_cnt = s_remote_cnt + $3     WHERE s_w_id = $4 AND s_i_id = $5","parameters: $1 = '16', $2 = '5', $3 = '0', $4 = '1', $5 = '59'",,,,,,,,"","client backend"
2024-06-16 19:00:54.162 CST,"raingage","benchmark",54596,"127.0.0.1:48952",666ec5b9.d544,551,"COMMIT",2024-06-16 19:00:09 CST,5/40,115333,LOG,00000,"execute S_2: COMMIT",,,,,,,,,"","client backend"
2024-06-16 19:00:54.177 CST,"raingage","benchmark",54597,"127.0.0.1:48954",666ec5b9.d545,164,"SELECT",2024-06-16 19:00:09 CST,6/13,0,LOG,00000,"execute S_1: SELECT c_discount, c_last, c_credit, w_tax     FROM bmsql_customer     JOIN bmsql_warehouse ON (w_id = c_w_id)     WHERE c_w_id = $1 AND c_d_id = $2 AND c_id = $3","parameters: $1 = '1', $2 = '3', $3 = '94'",,,,,,,,"","client backend"
2024-06-16 19:00:54.178 CST,"raingage","benchmark",54596,"127.0.0.1:48952",666ec5b9.d544,552,"BEGIN",2024-06-16 19:00:09 CST,5/41,0,LOG,00000,"execute S_3: BEGIN",,,,,,,,,"","client backend"
2024-06-16 19:00:54.197 CST,"raingage","benchmark",54596,"127.0.0.1:48952",666ec5b9.d544,553,"SELECT",2024-06-16 19:00:09 CST,5/41,0,LOG,00000,"execute S_4: SELECT d_tax, d_next_o_id     FROM bmsql_district     WHERE d_w_id = $1 AND d_id = $2 ","parameters: $1 = '1', $2 = '1'",,,,,,,,"","client backend"
2024-06-16 19:00:54.244 CST,"raingage","benchmark",54597,"127.0.0.1:48954",666ec5b9.d545,165,"SELECT",2024-06-16 19:00:09 CST,6/13,0,LOG,00000,"execute S_1: SELECT c_discount, c_last, c_credit, w_tax     FROM bmsql_customer     JOIN bmsql_warehouse ON (w_id = c_w_id)     WHERE c_w_id = $1 AND c_d_id = $2 AND c_id = $3","parameters: $1 = '1', $2 = '3', $3 = '94'",,,,,,,,"","client backend"
2024-06-16 19:00:54.265 CST,"raingage","benchmark",54596,"127.0.0.1:48952",666ec5b9.d544,554,"SELECT",2024-06-16 19:00:09 CST,5/41,0,LOG,00000,"execute S_1: SELECT c_discount, c_last, c_credit, w_tax     FROM bmsql_customer     JOIN bmsql_warehouse ON (w_id = c_w_id)     WHERE c_w_id = $1 AND c_d_id = $2 AND c_id = $3","parameters: $1 = '1', $2 = '1', $3 = '83'",,,,,,,,"","client backend"
2024-06-16 19:00:54.310 CST,"raingage","benchmark",54597,"127.0.0.1:48954",666ec5b9.d545,166,"SELECT",2024-06-16 19:00:09 CST,6/13,0,LOG,00000,"execute S_1: SELECT c_discount, c_last, c_credit, w_tax     FROM bmsql_customer     JOIN bmsql_warehouse ON (w_id = c_w_id)     WHERE c_w_id = $1 AND c_d_id = $2 AND c_id = $3","parameters: $1 = '1', $2 = '3', $3 = '94'",,,,,,,,"","client backend"
2024-06-16 19:00:54.328 CST,"raingage","benchmark",54596,"127.0.0.1:48952",666ec5b9.d544,555,"SELECT",2024-06-16 19:00:09 CST,5/41,0,LOG,00000,"execute S_1: SELECT c_discount, c_last, c_credit, w_tax     FROM bmsql_customer     JOIN bmsql_warehouse ON (w_id = c_w_id)     WHERE c_w_id = $1 AND c_d_id = $2 AND c_id = $3","parameters: $1 = '1', $2 = '1', $3 = '83'",,,,,,,,"","client backend"
2024-06-16 19:00:54.378 CST,"raingage","benchmark",54597,"127.0.0.1:48954",666ec5b9.d545,167,"SELECT",2024-06-16 19:00:09 CST,6/13,0,LOG,00000,"execute S_1: SELECT c_discount, c_last, c_credit, w_tax     FROM bmsql_customer     JOIN bmsql_warehouse ON (w_id = c_w_id)     WHERE c_w_id = $1 AND c_d_id = $2 AND c_id = $3","parameters: $1 = '1', $2 = '3', $3 = '94'",,,,,,,,"","client backend"
2024-06-16 19:00:54.390 CST,"raingage","benchmark",54597,"127.0.0.1:48954",666ec5b9.d545,168,"SELECT",2024-06-16 19:00:09 CST,6/13,0,LOG,00000,"execute S_5: SELECT i_price, i_name, i_data     FROM bmsql_item     WHERE i_id = $1","parameters: $1 = '8'",,,,,,,,"","client backend"
2024-06-16 19:00:54.395 CST,"raingage","benchmark",54596,"127.0.0.1:48952",666ec5b9.d544,556,"SELECT",2024-06-16 19:00:09 CST,5/41,0,LOG,00000,"execute S_1: SELECT c_discount, c_last, c_credit, w_tax     FROM bmsql_customer     JOIN bmsql_warehouse ON (w_id = c_w_id)     WHERE c_w_id = $1 AND c_d_id = $2 AND c_id = $3","parameters: $1 = '1', $2 = '1', $3 = '83'",,,,,,,,"","client backend"
2024-06-16 19:00:54.407 CST,"raingage","benchmark",54597,"127.0.0.1:48954",666ec5b9.d545,169,"SELECT",2024-06-16 19:00:09 CST,6/13,0,LOG,00000,"execute S_6: SELECT s_quantity, s_data,        s_dist_01, s_dist_02, s_dist_03, s_dist_04,        s_dist_05, s_dist_06, s_dist_07, s_dist_08,        s_dist_09, s_dist_10     FROM bmsql_stock     WHERE s_w_id = $1 AND s_i_id = $2 ","parameters: $1 = '1', $2 = '8'",,,,,,,,"","client backend"
2024-06-16 19:00:54.422 CST,"raingage","benchmark",54597,"127.0.0.1:48954",666ec5b9.d545,170,"UPDATE",2024-06-16 19:00:09 CST,6/13,0,LOG,00000,"execute S_7: UPDATE bmsql_stock     SET s_quantity = $1, s_ytd = s_ytd + $2,         s_order_cnt = s_order_cnt + 1,         s_remote_cnt = s_remote_cnt + $3     WHERE s_w_id = $4 AND s_i_id = $5","parameters: $1 = '48', $2 = '5', $3 = '0', $4 = '1', $5 = '8'",,,,,,,,"","client backend"
2024-06-16 19:00:54.437 CST,"raingage","benchmark",54597,"127.0.0.1:48954",666ec5b9.d545,171,"COMMIT",2024-06-16 19:00:09 CST,6/13,115334,LOG,00000,"execute S_2: COMMIT",,,,,,,,,"","client backend"
2024-06-16 19:00:54.459 CST,"raingage","benchmark",54597,"127.0.0.1:48954",666ec5b9.d545,172,"BEGIN",2024-06-16 19:00:09 CST,6/14,0,LOG,00000,"execute S_3: BEGIN",,,,,,,,,"","client backend"
2024-06-16 19:00:54.466 CST,"raingage","benchmark",54596,"127.0.0.1:48952",666ec5b9.d544,557,"SELECT",2024-06-16 19:00:09 CST,5/41,0,LOG,00000,"execute S_1: SELECT c_discount, c_last, c_credit, w_tax     FROM bmsql_customer     JOIN bmsql_warehouse ON (w_id = c_w_id)     WHERE c_w_id = $1 AND c_d_id = $2 AND c_id = $3","parameters: $1 = '1', $2 = '1', $3 = '83'",,,,,,,,"","client backend"
2024-06-16 19:00:54.477 CST,"raingage","benchmark",54597,"127.0.0.1:48954",666ec5b9.d545,173,"SELECT",2024-06-16 19:00:09 CST,6/14,0,LOG,00000,"execute S_4: SELECT d_tax, d_next_o_id     FROM bmsql_district     WHERE d_w_id = $1 AND d_id = $2 ","parameters: $1 = '1', $2 = '1'",,,,,,,,"","client backend"
2024-06-16 19:00:54.531 CST,"raingage","benchmark",54596,"127.0.0.1:48952",666ec5b9.d544,558,"SELECT",2024-06-16 19:00:09 CST,5/41,0,LOG,00000,"execute S_1: SELECT c_discount, c_last, c_credit, w_tax     FROM bmsql_customer     JOIN bmsql_warehouse ON (w_id = c_w_id)     WHERE c_w_id = $1 AND c_d_id = $2 AND c_id = $3","parameters: $1 = '1', $2 = '1', $3 = '83'",,,,,,,,"","client backend"
2024-06-16 19:00:54.545 CST,"raingage","benchmark",54597,"127.0.0.1:48954",666ec5b9.d545,174,"SELECT",2024-06-16 19:00:09 CST,6/14,0,LOG,00000,"execute S_1: SELECT c_discount, c_last, c_credit, w_tax     FROM bmsql_customer     JOIN bmsql_warehouse ON (w_id = c_w_id)     WHERE c_w_id = $1 AND c_d_id = $2 AND c_id = $3","parameters: $1 = '1', $2 = '1', $3 = '94'",,,,,,,,"","client backend"
2024-06-16 19:00:54.601 CST,"raingage","benchmark",54596,"127.0.0.1:48952",666ec5b9.d544,559,"SELECT",2024-06-16 19:00:09 CST,5/41,0,LOG,00000,"execute S_1: SELECT c_discount, c_last, c_credit, w_tax     FROM bmsql_customer     JOIN bmsql_warehouse ON (w_id = c_w_id)     WHERE c_w_id = $1 AND c_d_id = $2 AND c_id = $3","parameters: $1 = '1', $2 = '1', $3 = '83'",,,,,,,,"","client backend"
2024-06-16 19:00:54.615 CST,"raingage","benchmark",54597,"127.0.0.1:48954",666ec5b9.d545,175,"SELECT",2024-06-16 19:00:09 CST,6/14,0,LOG,00000,"execute S_1: SELECT c_discount, c_last, c_credit, w_tax     FROM bmsql_customer     JOIN bmsql_warehouse ON (w_id = c_w_id)     WHERE c_w_id = $1 AND c_d_id = $2 AND c_id = $3","parameters: $1 = '1', $2 = '1', $3 = '94'",,,,,,,,"","client backend"
2024-06-16 19:00:54.670 CST,"raingage","benchmark",54596,"127.0.0.1:48952",666ec5b9.d544,560,"SELECT",2024-06-16 19:00:09 CST,5/41,0,LOG,00000,"execute S_1: SELECT c_discount, c_last, c_credit, w_tax     FROM bmsql_customer     JOIN bmsql_warehouse ON (w_id = c_w_id)     WHERE c_w_id = $1 AND c_d_id = $2 AND c_id = $3","parameters: $1 = '1', $2 = '1', $3 = '83'",,,,,,,,"","client backend"
2024-06-16 19:00:54.685 CST,"raingage","benchmark",54597,"127.0.0.1:48954",666ec5b9.d545,176,"SELECT",2024-06-16 19:00:09 CST,6/14,0,LOG,00000,"execute S_1: SELECT c_discount, c_last, c_credit, w_tax     FROM bmsql_customer     JOIN bmsql_warehouse ON (w_id = c_w_id)     WHERE c_w_id = $1 AND c_d_id = $2 AND c_id = $3","parameters: $1 = '1', $2 = '1', $3 = '94'",,,,,,,,"","client backend"
2024-06-16 19:00:54.732 CST,"raingage","benchmark",54596,"127.0.0.1:48952",666ec5b9.d544,561,"SELECT",2024-06-16 19:00:09 CST,5/41,0,LOG,00000,"execute S_1: SELECT c_discount, c_last, c_credit, w_tax     FROM bmsql_customer     JOIN bmsql_warehouse ON (w_id = c_w_id)     WHERE c_w_id = $1 AND c_d_id = $2 AND c_id = $3","parameters: $1 = '1', $2 = '1', $3 = '83'",,,,,,,,"","client backend"
2024-06-16 19:00:54.749 CST,"raingage","benchmark",54597,"127.0.0.1:48954",666ec5b9.d545,177,"SELECT",2024-06-16 19:00:09 CST,6/14,0,LOG,00000,"execute S_1: SELECT c_discount, c_last, c_credit, w_tax     FROM bmsql_customer     JOIN bmsql_warehouse ON (w_id = c_w_id)     WHERE c_w_id = $1 AND c_d_id = $2 AND c_id = $3","parameters: $1 = '1', $2 = '1', $3 = '94'",,,,,,,,"","client backend"
2024-06-16 19:00:54.753 CST,"raingage","benchmark",54596,"127.0.0.1:48952",666ec5b9.d544,562,"SELECT",2024-06-16 19:00:09 CST,5/41,0,LOG,00000,"execute S_5: SELECT i_price, i_name, i_data     FROM bmsql_item     WHERE i_id = $1","parameters: $1 = '59'",,,,,,,,"","client backend"
2024-06-16 19:00:54.770 CST,"raingage","benchmark",54596,"127.0.0.1:48952",666ec5b9.d544,563,"SELECT",2024-06-16 19:00:09 CST,5/41,0,LOG,00000,"execute S_6: SELECT s_quantity, s_data,        s_dist_01, s_dist_02, s_dist_03, s_dist_04,        s_dist_05, s_dist_06, s_dist_07, s_dist_08,        s_dist_09, s_dist_10     FROM bmsql_stock     WHERE s_w_id = $1 AND s_i_id = $2 ","parameters: $1 = '1', $2 = '59'",,,,,,,,"","client backend"
2024-06-16 19:00:54.791 CST,"raingage","benchmark",54596,"127.0.0.1:48952",666ec5b9.d544,564,"UPDATE",2024-06-16 19:00:09 CST,5/41,0,LOG,00000,"execute S_7: UPDATE bmsql_stock     SET s_quantity = $1, s_ytd = s_ytd + $2,         s_order_cnt = s_order_cnt + 1,         s_remote_cnt = s_remote_cnt + $3     WHERE s_w_id = $4 AND s_i_id = $5","parameters: $1 = '11', $2 = '5', $3 = '0', $4 = '1', $5 = '59'",,,,,,,,"","client backend"
2024-06-16 19:00:54.810 CST,"raingage","benchmark",54596,"127.0.0.1:48952",666ec5b9.d544,565,"COMMIT",2024-06-16 19:00:09 CST,5/41,115335,LOG,00000,"execute S_2: COMMIT",,,,,,,,,"","client backend"
2024-06-16 19:00:54.820 CST,"raingage","benchmark",54597,"127.0.0.1:48954",666ec5b9.d545,178,"SELECT",2024-06-16 19:00:09 CST,6/14,0,LOG,00000,"execute S_1: SELECT c_discount, c_last, c_credit, w_tax     FROM bmsql_customer     JOIN bmsql_warehouse ON (w_id = c_w_id)     WHERE c_w_id = $1 AND c_d_id = $2 AND c_id = $3","parameters: $1 = '1', $2 = '1', $3 = '94'",,,,,,,,"","client backend"
2024-06-16 19:00:54.827 CST,"raingage","benchmark",54596,"127.0.0.1:48952",666ec5b9.d544,566,"BEGIN",2024-06-16 19:00:09 CST,5/42,0,LOG,00000,"execute S_3: BEGIN",,,,,,,,,"","client backend"
2024-06-16 19:00:54.842 CST,"raingage","benchmark",54596,"127.0.0.1:48952",666ec5b9.d544,567,"SELECT",2024-06-16 19:00:09 CST,5/42,0,LOG,00000,"execute S_4: SELECT d_tax, d_next_o_id     FROM bmsql_district     WHERE d_w_id = $1 AND d_id = $2 ","parameters: $1 = '1', $2 = '1'",,,,,,,,"","client backend"
2024-06-16 19:00:54.882 CST,"raingage","benchmark",54597,"127.0.0.1:48954",666ec5b9.d545,179,"SELECT",2024-06-16 19:00:09 CST,6/14,0,LOG,00000,"execute S_1: SELECT c_discount, c_last, c_credit, w_tax     FROM bmsql_customer     JOIN bmsql_warehouse ON (w_id = c_w_id)     WHERE c_w_id = $1 AND c_d_id = $2 AND c_id = $3","parameters: $1 = '1', $2 = '1', $3 = '94'",,,,,,,,"","client backend"
2024-06-16 19:00:54.946 CST,"raingage","benchmark",54597,"127.0.0.1:48954",666ec5b9.d545,180,"SELECT",2024-06-16 19:00:09 CST,6/14,0,LOG,00000,"execute S_1: SELECT c_discount, c_last, c_credit, w_tax     FROM bmsql_customer     JOIN bmsql_warehouse ON (w_id = c_w_id)     WHERE c_w_id = $1 AND c_d_id = $2 AND c_id = $3","parameters: $1 = '1', $2 = '1', $3 = '94'",,,,,,,,"","client backend"
2024-06-16 19:00:55.012 CST,"raingage","benchmark",54597,"127.0.0.1:48954",666ec5b9.d545,181,"SELECT",2024-06-16 19:00:09 CST,6/14,0,LOG,00000,"execute S_1: SELECT c_discount, c_last, c_credit, w_tax     FROM bmsql_customer     JOIN bmsql_warehouse ON (w_id = c_w_id)     WHERE c_w_id = $1 AND c_d_id = $2 AND c_id = $3","parameters: $1 = '1', $2 = '1', $3 = '94'",,,,,,,,"","client backend"
2024-06-16 19:00:55.027 CST,"raingage","benchmark",54597,"127.0.0.1:48954",666ec5b9.d545,182,"SELECT",2024-06-16 19:00:09 CST,6/14,0,LOG,00000,"execute S_5: SELECT i_price, i_name, i_data     FROM bmsql_item     WHERE i_id = $1","parameters: $1 = '8'",,,,,,,,"","client backend"
2024-06-16 19:00:55.045 CST,"raingage","benchmark",54597,"127.0.0.1:48954",666ec5b9.d545,183,"SELECT",2024-06-16 19:00:09 CST,6/14,0,LOG,00000,"execute S_6: SELECT s_quantity, s_data,        s_dist_01, s_dist_02, s_dist_03, s_dist_04,        s_dist_05, s_dist_06, s_dist_07, s_dist_08,        s_dist_09, s_dist_10     FROM bmsql_stock     WHERE s_w_id = $1 AND s_i_id = $2 ","parameters: $1 = '1', $2 = '8'",,,,,,,,"","client backend"
2024-06-16 19:00:55.061 CST,"raingage","benchmark",54597,"127.0.0.1:48954",666ec5b9.d545,184,"UPDATE",2024-06-16 19:00:09 CST,6/14,0,LOG,00000,"execute S_7: UPDATE bmsql_stock     SET s_quantity = $1, s_ytd = s_ytd + $2,         s_order_cnt = s_order_cnt + 1,         s_remote_cnt = s_remote_cnt + $3     WHERE s_w_id = $4 AND s_i_id = $5","parameters: $1 = '43', $2 = '5', $3 = '0', $4 = '1', $5 = '8'",,,,,,,,"","client backend"
2024-06-16 19:00:55.080 CST,"raingage","benchmark",54597,"127.0.0.1:48954",666ec5b9.d545,185,"COMMIT",2024-06-16 19:00:09 CST,6/14,115336,LOG,00000,"execute S_2: COMMIT",,,,,,,,,"","client backend"
2024-06-16 19:00:55.081 CST,"raingage","benchmark",54596,"127.0.0.1:48952",666ec5b9.d544,568,"SELECT",2024-06-16 19:00:09 CST,5/42,0,LOG,00000,"execute S_1: SELECT c_discount, c_last, c_credit, w_tax     FROM bmsql_customer     JOIN bmsql_warehouse ON (w_id = c_w_id)     WHERE c_w_id = $1 AND c_d_id = $2 AND c_id = $3","parameters: $1 = '1', $2 = '1', $3 = '94'",,,,,,,,"","client backend"
2024-06-16 19:00:55.104 CST,"raingage","benchmark",54597,"127.0.0.1:48954",666ec5b9.d545,186,"BEGIN",2024-06-16 19:00:09 CST,6/15,0,LOG,00000,"execute S_3: BEGIN",,,,,,,,,"","client backend"
2024-06-16 19:00:55.122 CST,"raingage","benchmark",54597,"127.0.0.1:48954",666ec5b9.d545,187,"SELECT",2024-06-16 19:00:09 CST,6/15,0,LOG,00000,"execute S_4: SELECT d_tax, d_next_o_id     FROM bmsql_district     WHERE d_w_id = $1 AND d_id = $2 ","parameters: $1 = '1', $2 = '2'",,,,,,,,"","client backend"
2024-06-16 19:00:55.150 CST,"raingage","benchmark",54596,"127.0.0.1:48952",666ec5b9.d544,569,"SELECT",2024-06-16 19:00:09 CST,5/42,0,LOG,00000,"execute S_1: SELECT c_discount, c_last, c_credit, w_tax     FROM bmsql_customer     JOIN bmsql_warehouse ON (w_id = c_w_id)     WHERE c_w_id = $1 AND c_d_id = $2 AND c_id = $3","parameters: $1 = '1', $2 = '1', $3 = '94'",,,,,,,,"","client backend"
2024-06-16 19:00:55.192 CST,"raingage","benchmark",54597,"127.0.0.1:48954",666ec5b9.d545,188,"SELECT",2024-06-16 19:00:09 CST,6/15,0,LOG,00000,"execute S_1: SELECT c_discount, c_last, c_credit, w_tax     FROM bmsql_customer     JOIN bmsql_warehouse ON (w_id = c_w_id)     WHERE c_w_id = $1 AND c_d_id = $2 AND c_id = $3","parameters: $1 = '1', $2 = '2', $3 = '56'",,,,,,,,"","client backend"
2024-06-16 19:00:55.214 CST,"raingage","benchmark",54596,"127.0.0.1:48952",666ec5b9.d544,570,"SELECT",2024-06-16 19:00:09 CST,5/42,0,LOG,00000,"execute S_1: SELECT c_discount, c_last, c_credit, w_tax     FROM bmsql_customer     JOIN bmsql_warehouse ON (w_id = c_w_id)     WHERE c_w_id = $1 AND c_d_id = $2 AND c_id = $3","parameters: $1 = '1', $2 = '1', $3 = '94'",,,,,,,,"","client backend"
2024-06-16 19:00:55.257 CST,"raingage","benchmark",54597,"127.0.0.1:48954",666ec5b9.d545,189,"SELECT",2024-06-16 19:00:09 CST,6/15,0,LOG,00000,"execute S_1: SELECT c_discount, c_last, c_credit, w_tax     FROM bmsql_customer     JOIN bmsql_warehouse ON (w_id = c_w_id)     WHERE c_w_id = $1 AND c_d_id = $2 AND c_id = $3","parameters: $1 = '1', $2 = '2', $3 = '56'",,,,,,,,"","client backend"
2024-06-16 19:00:55.280 CST,"raingage","benchmark",54596,"127.0.0.1:48952",666ec5b9.d544,571,"SELECT",2024-06-16 19:00:09 CST,5/42,0,LOG,00000,"execute S_1: SELECT c_discount, c_last, c_credit, w_tax     FROM bmsql_customer     JOIN bmsql_warehouse ON (w_id = c_w_id)     WHERE c_w_id = $1 AND c_d_id = $2 AND c_id = $3","parameters: $1 = '1', $2 = '1', $3 = '94'",,,,,,,,"","client backend"
2024-06-16 19:00:55.322 CST,"raingage","benchmark",54597,"127.0.0.1:48954",666ec5b9.d545,190,"SELECT",2024-06-16 19:00:09 CST,6/15,0,LOG,00000,"execute S_1: SELECT c_discount, c_last, c_credit, w_tax     FROM bmsql_customer     JOIN bmsql_warehouse ON (w_id = c_w_id)     WHERE c_w_id = $1 AND c_d_id = $2 AND c_id = $3","parameters: $1 = '1', $2 = '2', $3 = '56'",,,,,,,,"","client backend"
2024-06-16 19:00:55.350 CST,"raingage","benchmark",54596,"127.0.0.1:48952",666ec5b9.d544,572,"SELECT",2024-06-16 19:00:09 CST,5/42,0,LOG,00000,"execute S_1: SELECT c_discount, c_last, c_credit, w_tax     FROM bmsql_customer     JOIN bmsql_warehouse ON (w_id = c_w_id)     WHERE c_w_id = $1 AND c_d_id = $2 AND c_id = $3","parameters: $1 = '1', $2 = '1', $3 = '94'",,,,,,,,"","client backend"
2024-06-16 19:00:55.390 CST,"raingage","benchmark",54597,"127.0.0.1:48954",666ec5b9.d545,191,"SELECT",2024-06-16 19:00:09 CST,6/15,0,LOG,00000,"execute S_1: SELECT c_discount, c_last, c_credit, w_tax     FROM bmsql_customer     JOIN bmsql_warehouse ON (w_id = c_w_id)     WHERE c_w_id = $1 AND c_d_id = $2 AND c_id = $3","parameters: $1 = '1', $2 = '2', $3 = '56'",,,,,,,,"","client backend"
2024-06-16 19:00:55.416 CST,"raingage","benchmark",54596,"127.0.0.1:48952",666ec5b9.d544,573,"SELECT",2024-06-16 19:00:09 CST,5/42,0,LOG,00000,"execute S_1: SELECT c_discount, c_last, c_credit, w_tax     FROM bmsql_customer     JOIN bmsql_warehouse ON (w_id = c_w_id)     WHERE c_w_id = $1 AND c_d_id = $2 AND c_id = $3","parameters: $1 = '1', $2 = '1', $3 = '94'",,,,,,,,"","client backend"
2024-06-16 19:00:55.458 CST,"raingage","benchmark",54597,"127.0.0.1:48954",666ec5b9.d545,192,"SELECT",2024-06-16 19:00:09 CST,6/15,0,LOG,00000,"execute S_1: SELECT c_discount, c_last, c_credit, w_tax     FROM bmsql_customer     JOIN bmsql_warehouse ON (w_id = c_w_id)     WHERE c_w_id = $1 AND c_d_id = $2 AND c_id = $3","parameters: $1 = '1', $2 = '2', $3 = '56'",,,,,,,,"","client backend"
2024-06-16 19:00:55.478 CST,"raingage","benchmark",54596,"127.0.0.1:48952",666ec5b9.d544,574,"SELECT",2024-06-16 19:00:09 CST,5/42,0,LOG,00000,"execute S_1: SELECT c_discount, c_last, c_credit, w_tax     FROM bmsql_customer     JOIN bmsql_warehouse ON (w_id = c_w_id)     WHERE c_w_id = $1 AND c_d_id = $2 AND c_id = $3","parameters: $1 = '1', $2 = '1', $3 = '94'",,,,,,,,"","client backend"
2024-06-16 19:00:55.525 CST,"raingage","benchmark",54597,"127.0.0.1:48954",666ec5b9.d545,193,"SELECT",2024-06-16 19:00:09 CST,6/15,0,LOG,00000,"execute S_1: SELECT c_discount, c_last, c_credit, w_tax     FROM bmsql_customer     JOIN bmsql_warehouse ON (w_id = c_w_id)     WHERE c_w_id = $1 AND c_d_id = $2 AND c_id = $3","parameters: $1 = '1', $2 = '2', $3 = '56'",,,,,,,,"","client backend"
2024-06-16 19:00:55.541 CST,"raingage","benchmark",54596,"127.0.0.1:48952",666ec5b9.d544,575,"SELECT",2024-06-16 19:00:09 CST,5/42,0,LOG,00000,"execute S_1: SELECT c_discount, c_last, c_credit, w_tax     FROM bmsql_customer     JOIN bmsql_warehouse ON (w_id = c_w_id)     WHERE c_w_id = $1 AND c_d_id = $2 AND c_id = $3","parameters: $1 = '1', $2 = '1', $3 = '94'",,,,,,,,"","client backend"
2024-06-16 19:00:55.555 CST,"raingage","benchmark",54596,"127.0.0.1:48952",666ec5b9.d544,576,"SELECT",2024-06-16 19:00:09 CST,5/42,0,LOG,00000,"execute S_5: SELECT i_price, i_name, i_data     FROM bmsql_item     WHERE i_id = $1","parameters: $1 = '8'",,,,,,,,"","client backend"
2024-06-16 19:00:55.575 CST,"raingage","benchmark",54596,"127.0.0.1:48952",666ec5b9.d544,577,"SELECT",2024-06-16 19:00:09 CST,5/42,0,LOG,00000,"execute S_6: SELECT s_quantity, s_data,        s_dist_01, s_dist_02, s_dist_03, s_dist_04,        s_dist_05, s_dist_06, s_dist_07, s_dist_08,        s_dist_09, s_dist_10     FROM bmsql_stock     WHERE s_w_id = $1 AND s_i_id = $2 ","parameters: $1 = '1', $2 = '8'",,,,,,,,"","client backend"
2024-06-16 19:00:55.590 CST,"raingage","benchmark",54597,"127.0.0.1:48954",666ec5b9.d545,194,"SELECT",2024-06-16 19:00:09 CST,6/15,0,LOG,00000,"execute S_1: SELECT c_discount, c_last, c_credit, w_tax     FROM bmsql_customer     JOIN bmsql_warehouse ON (w_id = c_w_id)     WHERE c_w_id = $1 AND c_d_id = $2 AND c_id = $3","parameters: $1 = '1', $2 = '2', $3 = '56'",,,,,,,,"","client backend"
2024-06-16 19:00:55.596 CST,"raingage","benchmark",54596,"127.0.0.1:48952",666ec5b9.d544,578,"UPDATE",2024-06-16 19:00:09 CST,5/42,0,LOG,00000,"execute S_7: UPDATE bmsql_stock     SET s_quantity = $1, s_ytd = s_ytd + $2,         s_order_cnt = s_order_cnt + 1,         s_remote_cnt = s_remote_cnt + $3     WHERE s_w_id = $4 AND s_i_id = $5","parameters: $1 = '43', $2 = '5', $3 = '0', $4 = '1', $5 = '8'",,,,,,,,"","client backend"
2024-06-16 19:00:55.611 CST,"raingage","benchmark",54596,"127.0.0.1:48952",666ec5b9.d544,579,"COMMIT",2024-06-16 19:00:09 CST,5/42,115337,LOG,00000,"execute S_2: COMMIT",,,,,,,,,"","client backend"
2024-06-16 19:00:55.613 CST,"raingage","benchmark",54596,"127.0.0.1:48952",666ec5b9.d544,580,"COMMIT",2024-06-16 19:00:09 CST,5/0,115337,WARNING,01000,"registered snapshots seem to remain after cleanup",,,,,,,,,"","client backend"
2024-06-16 19:00:55.634 CST,"raingage","benchmark",54596,"127.0.0.1:48952",666ec5b9.d544,581,"BEGIN",2024-06-16 19:00:09 CST,5/43,0,LOG,00000,"execute S_3: BEGIN",,,,,,,,,"","client backend"
2024-06-16 19:00:55.650 CST,"raingage","benchmark",54596,"127.0.0.1:48952",666ec5b9.d544,582,"SELECT",2024-06-16 19:00:09 CST,5/43,0,LOG,00000,"execute S_4: SELECT d_tax, d_next_o_id     FROM bmsql_district     WHERE d_w_id = $1 AND d_id = $2 ","parameters: $1 = '1', $2 = '2'",,,,,,,,"","client backend"
2024-06-16 19:00:55.656 CST,"raingage","benchmark",54597,"127.0.0.1:48954",666ec5b9.d545,195,"SELECT",2024-06-16 19:00:09 CST,6/15,0,LOG,00000,"execute S_1: SELECT c_discount, c_last, c_credit, w_tax     FROM bmsql_customer     JOIN bmsql_warehouse ON (w_id = c_w_id)     WHERE c_w_id = $1 AND c_d_id = $2 AND c_id = $3","parameters: $1 = '1', $2 = '2', $3 = '56'",,,,,,,,"","client backend"
2024-06-16 19:00:55.669 CST,"raingage","benchmark",54597,"127.0.0.1:48954",666ec5b9.d545,196,"SELECT",2024-06-16 19:00:09 CST,6/15,0,LOG,00000,"execute S_5: SELECT i_price, i_name, i_data     FROM bmsql_item     WHERE i_id = $1","parameters: $1 = '32'",,,,,,,,"","client backend"
2024-06-16 19:00:55.686 CST,"raingage","benchmark",54597,"127.0.0.1:48954",666ec5b9.d545,197,"SELECT",2024-06-16 19:00:09 CST,6/15,0,LOG,00000,"execute S_6: SELECT s_quantity, s_data,        s_dist_01, s_dist_02, s_dist_03, s_dist_04,        s_dist_05, s_dist_06, s_dist_07, s_dist_08,        s_dist_09, s_dist_10     FROM bmsql_stock     WHERE s_w_id = $1 AND s_i_id = $2 ","parameters: $1 = '1', $2 = '32'",,,,,,,,"","client backend"
2024-06-16 19:00:55.699 CST,"raingage","benchmark",54597,"127.0.0.1:48954",666ec5b9.d545,198,"UPDATE",2024-06-16 19:00:09 CST,6/15,0,LOG,00000,"execute S_7: UPDATE bmsql_stock     SET s_quantity = $1, s_ytd = s_ytd + $2,         s_order_cnt = s_order_cnt + 1,         s_remote_cnt = s_remote_cnt + $3     WHERE s_w_id = $4 AND s_i_id = $5","parameters: $1 = '13', $2 = '1', $3 = '0', $4 = '1', $5 = '32'",,,,,,,,"","client backend"
2024-06-16 19:00:55.714 CST,"raingage","benchmark",54597,"127.0.0.1:48954",666ec5b9.d545,199,"COMMIT",2024-06-16 19:00:09 CST,6/15,115338,LOG,00000,"execute S_2: COMMIT",,,,,,,,,"","client backend"
2024-06-16 19:00:55.714 CST,"raingage","benchmark",54596,"127.0.0.1:48952",666ec5b9.d544,583,"SELECT",2024-06-16 19:00:09 CST,5/43,0,LOG,00000,"execute S_1: SELECT c_discount, c_last, c_credit, w_tax     FROM bmsql_customer     JOIN bmsql_warehouse ON (w_id = c_w_id)     WHERE c_w_id = $1 AND c_d_id = $2 AND c_id = $3","parameters: $1 = '1', $2 = '2', $3 = '25'",,,,,,,,"","client backend"
2024-06-16 19:00:55.730 CST,"raingage","benchmark",54597,"127.0.0.1:48954",666ec5b9.d545,200,"BEGIN",2024-06-16 19:00:09 CST,6/16,0,LOG,00000,"execute S_3: BEGIN",,,,,,,,,"","client backend"
2024-06-16 19:00:55.746 CST,"raingage","benchmark",54597,"127.0.0.1:48954",666ec5b9.d545,201,"SELECT",2024-06-16 19:00:09 CST,6/16,0,LOG,00000,"execute S_4: SELECT d_tax, d_next_o_id     FROM bmsql_district     WHERE d_w_id = $1 AND d_id = $2 ","parameters: $1 = '1', $2 = '2'",,,,,,,,"","client backend"
2024-06-16 19:00:55.781 CST,"raingage","benchmark",54596,"127.0.0.1:48952",666ec5b9.d544,584,"SELECT",2024-06-16 19:00:09 CST,5/43,0,LOG,00000,"execute S_1: SELECT c_discount, c_last, c_credit, w_tax     FROM bmsql_customer     JOIN bmsql_warehouse ON (w_id = c_w_id)     WHERE c_w_id = $1 AND c_d_id = $2 AND c_id = $3","parameters: $1 = '1', $2 = '2', $3 = '25'",,,,,,,,"","client backend"
2024-06-16 19:00:55.815 CST,"raingage","benchmark",54597,"127.0.0.1:48954",666ec5b9.d545,202,"SELECT",2024-06-16 19:00:09 CST,6/16,0,LOG,00000,"execute S_1: SELECT c_discount, c_last, c_credit, w_tax     FROM bmsql_customer     JOIN bmsql_warehouse ON (w_id = c_w_id)     WHERE c_w_id = $1 AND c_d_id = $2 AND c_id = $3","parameters: $1 = '1', $2 = '2', $3 = '69'",,,,,,,,"","client backend"
2024-06-16 19:00:55.849 CST,"raingage","benchmark",54596,"127.0.0.1:48952",666ec5b9.d544,585,"SELECT",2024-06-16 19:00:09 CST,5/43,0,LOG,00000,"execute S_1: SELECT c_discount, c_last, c_credit, w_tax     FROM bmsql_customer     JOIN bmsql_warehouse ON (w_id = c_w_id)     WHERE c_w_id = $1 AND c_d_id = $2 AND c_id = $3","parameters: $1 = '1', $2 = '2', $3 = '25'",,,,,,,,"","client backend"
2024-06-16 19:00:55.881 CST,"raingage","benchmark",54597,"127.0.0.1:48954",666ec5b9.d545,203,"SELECT",2024-06-16 19:00:09 CST,6/16,0,LOG,00000,"execute S_1: SELECT c_discount, c_last, c_credit, w_tax     FROM bmsql_customer     JOIN bmsql_warehouse ON (w_id = c_w_id)     WHERE c_w_id = $1 AND c_d_id = $2 AND c_id = $3","parameters: $1 = '1', $2 = '2', $3 = '69'",,,,,,,,"","client backend"
2024-06-16 19:00:55.919 CST,"raingage","benchmark",54596,"127.0.0.1:48952",666ec5b9.d544,586,"SELECT",2024-06-16 19:00:09 CST,5/43,0,LOG,00000,"execute S_1: SELECT c_discount, c_last, c_credit, w_tax     FROM bmsql_customer     JOIN bmsql_warehouse ON (w_id = c_w_id)     WHERE c_w_id = $1 AND c_d_id = $2 AND c_id = $3","parameters: $1 = '1', $2 = '2', $3 = '25'",,,,,,,,"","client backend"
2024-06-16 19:00:55.946 CST,"raingage","benchmark",54597,"127.0.0.1:48954",666ec5b9.d545,204,"SELECT",2024-06-16 19:00:09 CST,6/16,0,LOG,00000,"execute S_1: SELECT c_discount, c_last, c_credit, w_tax     FROM bmsql_customer     JOIN bmsql_warehouse ON (w_id = c_w_id)     WHERE c_w_id = $1 AND c_d_id = $2 AND c_id = $3","parameters: $1 = '1', $2 = '2', $3 = '69'",,,,,,,,"","client backend"
2024-06-16 19:00:55.985 CST,"raingage","benchmark",54596,"127.0.0.1:48952",666ec5b9.d544,587,"SELECT",2024-06-16 19:00:09 CST,5/43,0,LOG,00000,"execute S_1: SELECT c_discount, c_last, c_credit, w_tax     FROM bmsql_customer     JOIN bmsql_warehouse ON (w_id = c_w_id)     WHERE c_w_id = $1 AND c_d_id = $2 AND c_id = $3","parameters: $1 = '1', $2 = '2', $3 = '25'",,,,,,,,"","client backend"
2024-06-16 19:00:56.013 CST,"raingage","benchmark",54597,"127.0.0.1:48954",666ec5b9.d545,205,"SELECT",2024-06-16 19:00:09 CST,6/16,0,LOG,00000,"execute S_1: SELECT c_discount, c_last, c_credit, w_tax     FROM bmsql_customer     JOIN bmsql_warehouse ON (w_id = c_w_id)     WHERE c_w_id = $1 AND c_d_id = $2 AND c_id = $3","parameters: $1 = '1', $2 = '2', $3 = '69'",,,,,,,,"","client backend"
2024-06-16 19:00:56.051 CST,"raingage","benchmark",54596,"127.0.0.1:48952",666ec5b9.d544,588,"SELECT",2024-06-16 19:00:09 CST,5/43,0,LOG,00000,"execute S_1: SELECT c_discount, c_last, c_credit, w_tax     FROM bmsql_customer     JOIN bmsql_warehouse ON (w_id = c_w_id)     WHERE c_w_id = $1 AND c_d_id = $2 AND c_id = $3","parameters: $1 = '1', $2 = '2', $3 = '25'",,,,,,,,"","client backend"
2024-06-16 19:00:56.079 CST,"raingage","benchmark",54597,"127.0.0.1:48954",666ec5b9.d545,206,"SELECT",2024-06-16 19:00:09 CST,6/16,0,LOG,00000,"execute S_1: SELECT c_discount, c_last, c_credit, w_tax     FROM bmsql_customer     JOIN bmsql_warehouse ON (w_id = c_w_id)     WHERE c_w_id = $1 AND c_d_id = $2 AND c_id = $3","parameters: $1 = '1', $2 = '2', $3 = '69'",,,,,,,,"","client backend"
2024-06-16 19:00:56.120 CST,"raingage","benchmark",54596,"127.0.0.1:48952",666ec5b9.d544,589,"SELECT",2024-06-16 19:00:09 CST,5/43,0,LOG,00000,"execute S_1: SELECT c_discount, c_last, c_credit, w_tax     FROM bmsql_customer     JOIN bmsql_warehouse ON (w_id = c_w_id)     WHERE c_w_id = $1 AND c_d_id = $2 AND c_id = $3","parameters: $1 = '1', $2 = '2', $3 = '25'",,,,,,,,"","client backend"
2024-06-16 19:00:56.142 CST,"raingage","benchmark",54597,"127.0.0.1:48954",666ec5b9.d545,207,"SELECT",2024-06-16 19:00:09 CST,6/16,0,LOG,00000,"execute S_1: SELECT c_discount, c_last, c_credit, w_tax     FROM bmsql_customer     JOIN bmsql_warehouse ON (w_id = c_w_id)     WHERE c_w_id = $1 AND c_d_id = $2 AND c_id = $3","parameters: $1 = '1', $2 = '2', $3 = '69'",,,,,,,,"","client backend"
2024-06-16 19:00:56.192 CST,"raingage","benchmark",54596,"127.0.0.1:48952",666ec5b9.d544,590,"SELECT",2024-06-16 19:00:09 CST,5/43,0,LOG,00000,"execute S_1: SELECT c_discount, c_last, c_credit, w_tax     FROM bmsql_customer     JOIN bmsql_warehouse ON (w_id = c_w_id)     WHERE c_w_id = $1 AND c_d_id = $2 AND c_id = $3","parameters: $1 = '1', $2 = '2', $3 = '25'",,,,,,,,"","client backend"
2024-06-16 19:00:56.213 CST,"raingage","benchmark",54597,"127.0.0.1:48954",666ec5b9.d545,208,"SELECT",2024-06-16 19:00:09 CST,6/16,0,LOG,00000,"execute S_1: SELECT c_discount, c_last, c_credit, w_tax     FROM bmsql_customer     JOIN bmsql_warehouse ON (w_id = c_w_id)     WHERE c_w_id = $1 AND c_d_id = $2 AND c_id = $3","parameters: $1 = '1', $2 = '2', $3 = '69'",,,,,,,,"","client backend"
2024-06-16 19:00:56.213 CST,"raingage","benchmark",54596,"127.0.0.1:48952",666ec5b9.d544,591,"SELECT",2024-06-16 19:00:09 CST,5/43,0,LOG,00000,"execute S_5: SELECT i_price, i_name, i_data     FROM bmsql_item     WHERE i_id = $1","parameters: $1 = '16'",,,,,,,,"","client backend"
2024-06-16 19:00:56.231 CST,"raingage","benchmark",54596,"127.0.0.1:48952",666ec5b9.d544,592,"SELECT",2024-06-16 19:00:09 CST,5/43,0,LOG,00000,"execute S_6: SELECT s_quantity, s_data,        s_dist_01, s_dist_02, s_dist_03, s_dist_04,        s_dist_05, s_dist_06, s_dist_07, s_dist_08,        s_dist_09, s_dist_10     FROM bmsql_stock     WHERE s_w_id = $1 AND s_i_id = $2 ","parameters: $1 = '1', $2 = '16'",,,,,,,,"","client backend"
2024-06-16 19:00:56.243 CST,"raingage","benchmark",54596,"127.0.0.1:48952",666ec5b9.d544,593,"UPDATE",2024-06-16 19:00:09 CST,5/43,0,LOG,00000,"execute S_7: UPDATE bmsql_stock     SET s_quantity = $1, s_ytd = s_ytd + $2,         s_order_cnt = s_order_cnt + 1,         s_remote_cnt = s_remote_cnt + $3     WHERE s_w_id = $4 AND s_i_id = $5","parameters: $1 = '46', $2 = '1', $3 = '0', $4 = '1', $5 = '16'",,,,,,,,"","client backend"
2024-06-16 19:00:56.257 CST,"raingage","benchmark",54596,"127.0.0.1:48952",666ec5b9.d544,594,"COMMIT",2024-06-16 19:00:09 CST,5/43,115339,LOG,00000,"execute S_2: COMMIT",,,,,,,,,"","client backend"
2024-06-16 19:00:56.279 CST,"raingage","benchmark",54597,"127.0.0.1:48954",666ec5b9.d545,209,"SELECT",2024-06-16 19:00:09 CST,6/16,0,LOG,00000,"execute S_1: SELECT c_discount, c_last, c_credit, w_tax     FROM bmsql_customer     JOIN bmsql_warehouse ON (w_id = c_w_id)     WHERE c_w_id = $1 AND c_d_id = $2 AND c_id = $3","parameters: $1 = '1', $2 = '2', $3 = '69'",,,,,,,,"","client backend"
2024-06-16 19:00:56.294 CST,"raingage","benchmark",54597,"127.0.0.1:48954",666ec5b9.d545,210,"SELECT",2024-06-16 19:00:09 CST,6/16,0,LOG,00000,"execute S_5: SELECT i_price, i_name, i_data     FROM bmsql_item     WHERE i_id = $1","parameters: $1 = '28'",,,,,,,,"","client backend"
2024-06-16 19:00:56.315 CST,"raingage","benchmark",54597,"127.0.0.1:48954",666ec5b9.d545,211,"SELECT",2024-06-16 19:00:09 CST,6/16,0,LOG,00000,"execute S_6: SELECT s_quantity, s_data,        s_dist_01, s_dist_02, s_dist_03, s_dist_04,        s_dist_05, s_dist_06, s_dist_07, s_dist_08,        s_dist_09, s_dist_10     FROM bmsql_stock     WHERE s_w_id = $1 AND s_i_id = $2 ","parameters: $1 = '1', $2 = '28'",,,,,,,,"","client backend"
2024-06-16 19:00:56.335 CST,"raingage","benchmark",54597,"127.0.0.1:48954",666ec5b9.d545,212,"UPDATE",2024-06-16 19:00:09 CST,6/16,0,LOG,00000,"execute S_7: UPDATE bmsql_stock     SET s_quantity = $1, s_ytd = s_ytd + $2,         s_order_cnt = s_order_cnt + 1,         s_remote_cnt = s_remote_cnt + $3     WHERE s_w_id = $4 AND s_i_id = $5","parameters: $1 = '102', $2 = '2', $3 = '0', $4 = '1', $5 = '28'",,,,,,,,"","client backend"
2024-06-16 19:00:56.346 CST,"raingage","benchmark",54597,"127.0.0.1:48954",666ec5b9.d545,213,"COMMIT",2024-06-16 19:00:09 CST,6/16,115340,LOG,00000,"execute S_2: COMMIT",,,,,,,,,"","client backend"
2024-06-16 19:00:56.368 CST,"raingage","benchmark",54597,"127.0.0.1:48954",666ec5b9.d545,214,"BEGIN",2024-06-16 19:00:09 CST,6/17,0,LOG,00000,"execute S_3: BEGIN",,,,,,,,,"","client backend"
2024-06-16 19:00:56.380 CST,"raingage","benchmark",54597,"127.0.0.1:48954",666ec5b9.d545,215,"SELECT",2024-06-16 19:00:09 CST,6/17,0,LOG,00000,"execute S_4: SELECT d_tax, d_next_o_id     FROM bmsql_district     WHERE d_w_id = $1 AND d_id = $2 ","parameters: $1 = '1', $2 = '4'",,,,,,,,"","client backend"
2024-06-16 19:00:56.451 CST,"raingage","benchmark",54597,"127.0.0.1:48954",666ec5b9.d545,216,"SELECT",2024-06-16 19:00:09 CST,6/17,0,LOG,00000,"execute S_1: SELECT c_discount, c_last, c_credit, w_tax     FROM bmsql_customer     JOIN bmsql_warehouse ON (w_id = c_w_id)     WHERE c_w_id = $1 AND c_d_id = $2 AND c_id = $3","parameters: $1 = '1', $2 = '4', $3 = '83'",,,,,,,,"","client backend"
2024-06-16 19:00:56.522 CST,"raingage","benchmark",54597,"127.0.0.1:48954",666ec5b9.d545,217,"SELECT",2024-06-16 19:00:09 CST,6/17,0,LOG,00000,"execute S_1: SELECT c_discount, c_last, c_credit, w_tax     FROM bmsql_customer     JOIN bmsql_warehouse ON (w_id = c_w_id)     WHERE c_w_id = $1 AND c_d_id = $2 AND c_id = $3","parameters: $1 = '1', $2 = '4', $3 = '83'",,,,,,,,"","client backend"
2024-06-16 19:00:56.594 CST,"raingage","benchmark",54597,"127.0.0.1:48954",666ec5b9.d545,218,"SELECT",2024-06-16 19:00:09 CST,6/17,0,LOG,00000,"execute S_1: SELECT c_discount, c_last, c_credit, w_tax     FROM bmsql_customer     JOIN bmsql_warehouse ON (w_id = c_w_id)     WHERE c_w_id = $1 AND c_d_id = $2 AND c_id = $3","parameters: $1 = '1', $2 = '4', $3 = '83'",,,,,,,,"","client backend"
2024-06-16 19:00:56.663 CST,"raingage","benchmark",54597,"127.0.0.1:48954",666ec5b9.d545,219,"SELECT",2024-06-16 19:00:09 CST,6/17,0,LOG,00000,"execute S_1: SELECT c_discount, c_last, c_credit, w_tax     FROM bmsql_customer     JOIN bmsql_warehouse ON (w_id = c_w_id)     WHERE c_w_id = $1 AND c_d_id = $2 AND c_id = $3","parameters: $1 = '1', $2 = '4', $3 = '83'",,,,,,,,"","client backend"
2024-06-16 19:00:56.729 CST,"raingage","benchmark",54597,"127.0.0.1:48954",666ec5b9.d545,220,"SELECT",2024-06-16 19:00:09 CST,6/17,0,LOG,00000,"execute S_1: SELECT c_discount, c_last, c_credit, w_tax     FROM bmsql_customer     JOIN bmsql_warehouse ON (w_id = c_w_id)     WHERE c_w_id = $1 AND c_d_id = $2 AND c_id = $3","parameters: $1 = '1', $2 = '4', $3 = '83'",,,,,,,,"","client backend"
2024-06-16 19:00:56.795 CST,"raingage","benchmark",54597,"127.0.0.1:48954",666ec5b9.d545,221,"SELECT",2024-06-16 19:00:09 CST,6/17,0,LOG,00000,"execute S_1: SELECT c_discount, c_last, c_credit, w_tax     FROM bmsql_customer     JOIN bmsql_warehouse ON (w_id = c_w_id)     WHERE c_w_id = $1 AND c_d_id = $2 AND c_id = $3","parameters: $1 = '1', $2 = '4', $3 = '83'",,,,,,,,"","client backend"
2024-06-16 19:00:56.865 CST,"raingage","benchmark",54597,"127.0.0.1:48954",666ec5b9.d545,222,"SELECT",2024-06-16 19:00:09 CST,6/17,0,LOG,00000,"execute S_1: SELECT c_discount, c_last, c_credit, w_tax     FROM bmsql_customer     JOIN bmsql_warehouse ON (w_id = c_w_id)     WHERE c_w_id = $1 AND c_d_id = $2 AND c_id = $3","parameters: $1 = '1', $2 = '4', $3 = '83'",,,,,,,,"","client backend"
2024-06-16 19:00:56.928 CST,"raingage","benchmark",54597,"127.0.0.1:48954",666ec5b9.d545,223,"SELECT",2024-06-16 19:00:09 CST,6/17,0,LOG,00000,"execute S_1: SELECT c_discount, c_last, c_credit, w_tax     FROM bmsql_customer     JOIN bmsql_warehouse ON (w_id = c_w_id)     WHERE c_w_id = $1 AND c_d_id = $2 AND c_id = $3","parameters: $1 = '1', $2 = '4', $3 = '83'",,,,,,,,"","client backend"
2024-06-16 19:00:56.941 CST,"raingage","benchmark",54597,"127.0.0.1:48954",666ec5b9.d545,224,"SELECT",2024-06-16 19:00:09 CST,6/17,0,LOG,00000,"execute S_5: SELECT i_price, i_name, i_data     FROM bmsql_item     WHERE i_id = $1","parameters: $1 = '59'",,,,,,,,"","client backend"
2024-06-16 19:00:56.997 CST,"raingage","benchmark",54597,"127.0.0.1:48954",666ec5b9.d545,225,"SELECT",2024-06-16 19:00:09 CST,6/17,0,LOG,00000,"execute S_6: SELECT s_quantity, s_data,        s_dist_01, s_dist_02, s_dist_03, s_dist_04,        s_dist_05, s_dist_06, s_dist_07, s_dist_08,        s_dist_09, s_dist_10     FROM bmsql_stock     WHERE s_w_id = $1 AND s_i_id = $2 ","parameters: $1 = '1', $2 = '59'",,,,,,,,"","client backend"
2024-06-16 19:00:57.040 CST,"raingage","benchmark",54597,"127.0.0.1:48954",666ec5b9.d545,226,"UPDATE",2024-06-16 19:00:09 CST,6/17,0,LOG,00000,"execute S_7: UPDATE bmsql_stock     SET s_quantity = $1, s_ytd = s_ytd + $2,         s_order_cnt = s_order_cnt + 1,         s_remote_cnt = s_remote_cnt + $3     WHERE s_w_id = $4 AND s_i_id = $5","parameters: $1 = '102', $2 = '3', $3 = '0', $4 = '1', $5 = '59'",,,,,,,,"","client backend"
2024-06-16 19:00:57.055 CST,"raingage","benchmark",54597,"127.0.0.1:48954",666ec5b9.d545,227,"COMMIT",2024-06-16 19:00:09 CST,6/17,115341,LOG,00000,"execute S_2: COMMIT",,,,,,,,,"","client backend"
2024-06-16 19:00:57.079 CST,"raingage","benchmark",54597,"127.0.0.1:48954",666ec5b9.d545,228,"BEGIN",2024-06-16 19:00:09 CST,6/18,0,LOG,00000,"execute S_3: BEGIN",,,,,,,,,"","client backend"
2024-06-16 19:00:57.098 CST,"raingage","benchmark",54597,"127.0.0.1:48954",666ec5b9.d545,229,"SELECT",2024-06-16 19:00:09 CST,6/18,0,LOG,00000,"execute S_4: SELECT d_tax, d_next_o_id     FROM bmsql_district     WHERE d_w_id = $1 AND d_id = $2 ","parameters: $1 = '1', $2 = '4'",,,,,,,,"","client backend"
2024-06-16 19:00:57.169 CST,"raingage","benchmark",54597,"127.0.0.1:48954",666ec5b9.d545,230,"SELECT",2024-06-16 19:00:09 CST,6/18,0,LOG,00000,"execute S_1: SELECT c_discount, c_last, c_credit, w_tax     FROM bmsql_customer     JOIN bmsql_warehouse ON (w_id = c_w_id)     WHERE c_w_id = $1 AND c_d_id = $2 AND c_id = $3","parameters: $1 = '1', $2 = '4', $3 = '74'",,,,,,,,"","client backend"
2024-06-16 19:00:57.231 CST,"raingage","benchmark",54597,"127.0.0.1:48954",666ec5b9.d545,231,"SELECT",2024-06-16 19:00:09 CST,6/18,0,LOG,00000,"execute S_1: SELECT c_discount, c_last, c_credit, w_tax     FROM bmsql_customer     JOIN bmsql_warehouse ON (w_id = c_w_id)     WHERE c_w_id = $1 AND c_d_id = $2 AND c_id = $3","parameters: $1 = '1', $2 = '4', $3 = '74'",,,,,,,,"","client backend"
2024-06-16 19:00:57.296 CST,"raingage","benchmark",54597,"127.0.0.1:48954",666ec5b9.d545,232,"SELECT",2024-06-16 19:00:09 CST,6/18,0,LOG,00000,"execute S_1: SELECT c_discount, c_last, c_credit, w_tax     FROM bmsql_customer     JOIN bmsql_warehouse ON (w_id = c_w_id)     WHERE c_w_id = $1 AND c_d_id = $2 AND c_id = $3","parameters: $1 = '1', $2 = '4', $3 = '74'",,,,,,,,"","client backend"
2024-06-16 19:00:57.365 CST,"raingage","benchmark",54597,"127.0.0.1:48954",666ec5b9.d545,233,"SELECT",2024-06-16 19:00:09 CST,6/18,0,LOG,00000,"execute S_1: SELECT c_discount, c_last, c_credit, w_tax     FROM bmsql_customer     JOIN bmsql_warehouse ON (w_id = c_w_id)     WHERE c_w_id = $1 AND c_d_id = $2 AND c_id = $3","parameters: $1 = '1', $2 = '4', $3 = '74'",,,,,,,,"","client backend"
2024-06-16 19:00:57.435 CST,"raingage","benchmark",54597,"127.0.0.1:48954",666ec5b9.d545,234,"SELECT",2024-06-16 19:00:09 CST,6/18,0,LOG,00000,"execute S_1: SELECT c_discount, c_last, c_credit, w_tax     FROM bmsql_customer     JOIN bmsql_warehouse ON (w_id = c_w_id)     WHERE c_w_id = $1 AND c_d_id = $2 AND c_id = $3","parameters: $1 = '1', $2 = '4', $3 = '74'",,,,,,,,"","client backend"
2024-06-16 19:00:57.503 CST,"raingage","benchmark",54597,"127.0.0.1:48954",666ec5b9.d545,235,"SELECT",2024-06-16 19:00:09 CST,6/18,0,LOG,00000,"execute S_1: SELECT c_discount, c_last, c_credit, w_tax     FROM bmsql_customer     JOIN bmsql_warehouse ON (w_id = c_w_id)     WHERE c_w_id = $1 AND c_d_id = $2 AND c_id = $3","parameters: $1 = '1', $2 = '4', $3 = '74'",,,,,,,,"","client backend"
2024-06-16 19:00:57.568 CST,"raingage","benchmark",54597,"127.0.0.1:48954",666ec5b9.d545,236,"SELECT",2024-06-16 19:00:09 CST,6/18,0,LOG,00000,"execute S_1: SELECT c_discount, c_last, c_credit, w_tax     FROM bmsql_customer     JOIN bmsql_warehouse ON (w_id = c_w_id)     WHERE c_w_id = $1 AND c_d_id = $2 AND c_id = $3","parameters: $1 = '1', $2 = '4', $3 = '74'",,,,,,,,"","client backend"
2024-06-16 19:00:57.631 CST,"raingage","benchmark",54597,"127.0.0.1:48954",666ec5b9.d545,237,"SELECT",2024-06-16 19:00:09 CST,6/18,0,LOG,00000,"execute S_1: SELECT c_discount, c_last, c_credit, w_tax     FROM bmsql_customer     JOIN bmsql_warehouse ON (w_id = c_w_id)     WHERE c_w_id = $1 AND c_d_id = $2 AND c_id = $3","parameters: $1 = '1', $2 = '4', $3 = '74'",,,,,,,,"","client backend"
2024-06-16 19:00:57.642 CST,"raingage","benchmark",54597,"127.0.0.1:48954",666ec5b9.d545,238,"SELECT",2024-06-16 19:00:09 CST,6/18,0,LOG,00000,"execute S_5: SELECT i_price, i_name, i_data     FROM bmsql_item     WHERE i_id = $1","parameters: $1 = '36'",,,,,,,,"","client backend"
2024-06-16 19:00:57.656 CST,"raingage","benchmark",54597,"127.0.0.1:48954",666ec5b9.d545,239,"SELECT",2024-06-16 19:00:09 CST,6/18,0,LOG,00000,"execute S_6: SELECT s_quantity, s_data,        s_dist_01, s_dist_02, s_dist_03, s_dist_04,        s_dist_05, s_dist_06, s_dist_07, s_dist_08,        s_dist_09, s_dist_10     FROM bmsql_stock     WHERE s_w_id = $1 AND s_i_id = $2 ","parameters: $1 = '1', $2 = '36'",,,,,,,,"","client backend"
2024-06-16 19:00:57.674 CST,"raingage","benchmark",54597,"127.0.0.1:48954",666ec5b9.d545,240,"UPDATE",2024-06-16 19:00:09 CST,6/18,0,LOG,00000,"execute S_7: UPDATE bmsql_stock     SET s_quantity = $1, s_ytd = s_ytd + $2,         s_order_cnt = s_order_cnt + 1,         s_remote_cnt = s_remote_cnt + $3     WHERE s_w_id = $4 AND s_i_id = $5","parameters: $1 = '83', $2 = '3', $3 = '0', $4 = '1', $5 = '36'",,,,,,,,"","client backend"
2024-06-16 19:00:57.691 CST,"raingage","benchmark",54597,"127.0.0.1:48954",666ec5b9.d545,241,"COMMIT",2024-06-16 19:00:09 CST,6/18,115342,LOG,00000,"execute S_2: COMMIT",,,,,,,,,"","client backend"
2024-06-16 19:00:58.789 CST,"raingage","benchmark",54599,"127.0.0.1:48958",666ec5b9.d547,444,"BEGIN",2024-06-16 19:00:09 CST,8/33,0,LOG,00000,"execute S_3: BEGIN",,,,,,,,,"","client backend"
2024-06-16 19:00:58.804 CST,"raingage","benchmark",54599,"127.0.0.1:48958",666ec5b9.d547,445,"SELECT",2024-06-16 19:00:09 CST,8/33,0,LOG,00000,"execute S_4: SELECT d_tax, d_next_o_id     FROM bmsql_district     WHERE d_w_id = $1 AND d_id = $2 ","parameters: $1 = '1', $2 = '2'",,,,,,,,"","client backend"
2024-06-16 19:00:58.875 CST,"raingage","benchmark",54599,"127.0.0.1:48958",666ec5b9.d547,446,"SELECT",2024-06-16 19:00:09 CST,8/33,0,LOG,00000,"execute S_1: SELECT c_discount, c_last, c_credit, w_tax     FROM bmsql_customer     JOIN bmsql_warehouse ON (w_id = c_w_id)     WHERE c_w_id = $1 AND c_d_id = $2 AND c_id = $3","parameters: $1 = '1', $2 = '2', $3 = '89'",,,,,,,,"","client backend"
2024-06-16 19:00:58.942 CST,"raingage","benchmark",54599,"127.0.0.1:48958",666ec5b9.d547,447,"SELECT",2024-06-16 19:00:09 CST,8/33,0,LOG,00000,"execute S_1: SELECT c_discount, c_last, c_credit, w_tax     FROM bmsql_customer     JOIN bmsql_warehouse ON (w_id = c_w_id)     WHERE c_w_id = $1 AND c_d_id = $2 AND c_id = $3","parameters: $1 = '1', $2 = '2', $3 = '89'",,,,,,,,"","client backend"
2024-06-16 19:00:59.010 CST,"raingage","benchmark",54599,"127.0.0.1:48958",666ec5b9.d547,448,"SELECT",2024-06-16 19:00:09 CST,8/33,0,LOG,00000,"execute S_1: SELECT c_discount, c_last, c_credit, w_tax     FROM bmsql_customer     JOIN bmsql_warehouse ON (w_id = c_w_id)     WHERE c_w_id = $1 AND c_d_id = $2 AND c_id = $3","parameters: $1 = '1', $2 = '2', $3 = '89'",,,,,,,,"","client backend"
2024-06-16 19:00:59.080 CST,"raingage","benchmark",54599,"127.0.0.1:48958",666ec5b9.d547,449,"SELECT",2024-06-16 19:00:09 CST,8/33,0,LOG,00000,"execute S_1: SELECT c_discount, c_last, c_credit, w_tax     FROM bmsql_customer     JOIN bmsql_warehouse ON (w_id = c_w_id)     WHERE c_w_id = $1 AND c_d_id = $2 AND c_id = $3","parameters: $1 = '1', $2 = '2', $3 = '89'",,,,,,,,"","client backend"
2024-06-16 19:00:59.149 CST,"raingage","benchmark",54599,"127.0.0.1:48958",666ec5b9.d547,450,"SELECT",2024-06-16 19:00:09 CST,8/33,0,LOG,00000,"execute S_1: SELECT c_discount, c_last, c_credit, w_tax     FROM bmsql_customer     JOIN bmsql_warehouse ON (w_id = c_w_id)     WHERE c_w_id = $1 AND c_d_id = $2 AND c_id = $3","parameters: $1 = '1', $2 = '2', $3 = '89'",,,,,,,,"","client backend"
2024-06-16 19:00:59.211 CST,"raingage","benchmark",54599,"127.0.0.1:48958",666ec5b9.d547,451,"SELECT",2024-06-16 19:00:09 CST,8/33,0,LOG,00000,"execute S_1: SELECT c_discount, c_last, c_credit, w_tax     FROM bmsql_customer     JOIN bmsql_warehouse ON (w_id = c_w_id)     WHERE c_w_id = $1 AND c_d_id = $2 AND c_id = $3","parameters: $1 = '1', $2 = '2', $3 = '89'",,,,,,,,"","client backend"
2024-06-16 19:00:59.280 CST,"raingage","benchmark",54599,"127.0.0.1:48958",666ec5b9.d547,452,"SELECT",2024-06-16 19:00:09 CST,8/33,0,LOG,00000,"execute S_1: SELECT c_discount, c_last, c_credit, w_tax     FROM bmsql_customer     JOIN bmsql_warehouse ON (w_id = c_w_id)     WHERE c_w_id = $1 AND c_d_id = $2 AND c_id = $3","parameters: $1 = '1', $2 = '2', $3 = '89'",,,,,,,,"","client backend"
2024-06-16 19:00:59.351 CST,"raingage","benchmark",54599,"127.0.0.1:48958",666ec5b9.d547,453,"SELECT",2024-06-16 19:00:09 CST,8/33,0,LOG,00000,"execute S_1: SELECT c_discount, c_last, c_credit, w_tax     FROM bmsql_customer     JOIN bmsql_warehouse ON (w_id = c_w_id)     WHERE c_w_id = $1 AND c_d_id = $2 AND c_id = $3","parameters: $1 = '1', $2 = '2', $3 = '89'",,,,,,,,"","client backend"
2024-06-16 19:00:59.372 CST,"raingage","benchmark",54599,"127.0.0.1:48958",666ec5b9.d547,454,"SELECT",2024-06-16 19:00:09 CST,8/33,0,LOG,00000,"execute S_5: SELECT i_price, i_name, i_data     FROM bmsql_item     WHERE i_id = $1","parameters: $1 = '88'",,,,,,,,"","client backend"
2024-06-16 19:00:59.393 CST,"raingage","benchmark",54599,"127.0.0.1:48958",666ec5b9.d547,455,"SELECT",2024-06-16 19:00:09 CST,8/33,0,LOG,00000,"execute S_6: SELECT s_quantity, s_data,        s_dist_01, s_dist_02, s_dist_03, s_dist_04,        s_dist_05, s_dist_06, s_dist_07, s_dist_08,        s_dist_09, s_dist_10     FROM bmsql_stock     WHERE s_w_id = $1 AND s_i_id = $2 ","parameters: $1 = '1', $2 = '88'",,,,,,,,"","client backend"
2024-06-16 19:00:59.410 CST,"raingage","benchmark",54599,"127.0.0.1:48958",666ec5b9.d547,456,"UPDATE",2024-06-16 19:00:09 CST,8/33,0,LOG,00000,"execute S_7: UPDATE bmsql_stock     SET s_quantity = $1, s_ytd = s_ytd + $2,         s_order_cnt = s_order_cnt + 1,         s_remote_cnt = s_remote_cnt + $3     WHERE s_w_id = $4 AND s_i_id = $5","parameters: $1 = '96', $2 = '3', $3 = '0', $4 = '1', $5 = '88'",,,,,,,,"","client backend"
2024-06-16 19:00:59.426 CST,"raingage","benchmark",54599,"127.0.0.1:48958",666ec5b9.d547,457,"COMMIT",2024-06-16 19:00:09 CST,8/33,115343,LOG,00000,"execute S_2: COMMIT",,,,,,,,,"","client backend"
2024-06-16 19:00:59.440 CST,"raingage","benchmark",54599,"127.0.0.1:48958",666ec5b9.d547,458,"BEGIN",2024-06-16 19:00:09 CST,8/34,0,LOG,00000,"execute S_3: BEGIN",,,,,,,,,"","client backend"
2024-06-16 19:00:59.454 CST,"raingage","benchmark",54599,"127.0.0.1:48958",666ec5b9.d547,459,"SELECT",2024-06-16 19:00:09 CST,8/34,0,LOG,00000,"execute S_4: SELECT d_tax, d_next_o_id     FROM bmsql_district     WHERE d_w_id = $1 AND d_id = $2 ","parameters: $1 = '1', $2 = '3'",,,,,,,,"","client backend"
2024-06-16 19:00:59.519 CST,"raingage","benchmark",54599,"127.0.0.1:48958",666ec5b9.d547,460,"SELECT",2024-06-16 19:00:09 CST,8/34,0,LOG,00000,"execute S_1: SELECT c_discount, c_last, c_credit, w_tax     FROM bmsql_customer     JOIN bmsql_warehouse ON (w_id = c_w_id)     WHERE c_w_id = $1 AND c_d_id = $2 AND c_id = $3","parameters: $1 = '1', $2 = '3', $3 = '24'",,,,,,,,"","client backend"
2024-06-16 19:00:59.588 CST,"raingage","benchmark",54599,"127.0.0.1:48958",666ec5b9.d547,461,"SELECT",2024-06-16 19:00:09 CST,8/34,0,LOG,00000,"execute S_1: SELECT c_discount, c_last, c_credit, w_tax     FROM bmsql_customer     JOIN bmsql_warehouse ON (w_id = c_w_id)     WHERE c_w_id = $1 AND c_d_id = $2 AND c_id = $3","parameters: $1 = '1', $2 = '3', $3 = '24'",,,,,,,,"","client backend"
2024-06-16 19:00:59.658 CST,"raingage","benchmark",54599,"127.0.0.1:48958",666ec5b9.d547,462,"SELECT",2024-06-16 19:00:09 CST,8/34,0,LOG,00000,"execute S_1: SELECT c_discount, c_last, c_credit, w_tax     FROM bmsql_customer     JOIN bmsql_warehouse ON (w_id = c_w_id)     WHERE c_w_id = $1 AND c_d_id = $2 AND c_id = $3","parameters: $1 = '1', $2 = '3', $3 = '24'",,,,,,,,"","client backend"
2024-06-16 19:00:59.725 CST,"raingage","benchmark",54599,"127.0.0.1:48958",666ec5b9.d547,463,"SELECT",2024-06-16 19:00:09 CST,8/34,0,LOG,00000,"execute S_1: SELECT c_discount, c_last, c_credit, w_tax     FROM bmsql_customer     JOIN bmsql_warehouse ON (w_id = c_w_id)     WHERE c_w_id = $1 AND c_d_id = $2 AND c_id = $3","parameters: $1 = '1', $2 = '3', $3 = '24'",,,,,,,,"","client backend"
2024-06-16 19:00:59.790 CST,"raingage","benchmark",54599,"127.0.0.1:48958",666ec5b9.d547,464,"SELECT",2024-06-16 19:00:09 CST,8/34,0,LOG,00000,"execute S_1: SELECT c_discount, c_last, c_credit, w_tax     FROM bmsql_customer     JOIN bmsql_warehouse ON (w_id = c_w_id)     WHERE c_w_id = $1 AND c_d_id = $2 AND c_id = $3","parameters: $1 = '1', $2 = '3', $3 = '24'",,,,,,,,"","client backend"
2024-06-16 19:00:59.857 CST,"raingage","benchmark",54599,"127.0.0.1:48958",666ec5b9.d547,465,"SELECT",2024-06-16 19:00:09 CST,8/34,0,LOG,00000,"execute S_1: SELECT c_discount, c_last, c_credit, w_tax     FROM bmsql_customer     JOIN bmsql_warehouse ON (w_id = c_w_id)     WHERE c_w_id = $1 AND c_d_id = $2 AND c_id = $3","parameters: $1 = '1', $2 = '3', $3 = '24'",,,,,,,,"","client backend"
2024-06-16 19:00:59.920 CST,"raingage","benchmark",54599,"127.0.0.1:48958",666ec5b9.d547,466,"SELECT",2024-06-16 19:00:09 CST,8/34,0,LOG,00000,"execute S_1: SELECT c_discount, c_last, c_credit, w_tax     FROM bmsql_customer     JOIN bmsql_warehouse ON (w_id = c_w_id)     WHERE c_w_id = $1 AND c_d_id = $2 AND c_id = $3","parameters: $1 = '1', $2 = '3', $3 = '24'",,,,,,,,"","client backend"
2024-06-16 19:00:59.991 CST,"raingage","benchmark",54599,"127.0.0.1:48958",666ec5b9.d547,467,"SELECT",2024-06-16 19:00:09 CST,8/34,0,LOG,00000,"execute S_1: SELECT c_discount, c_last, c_credit, w_tax     FROM bmsql_customer     JOIN bmsql_warehouse ON (w_id = c_w_id)     WHERE c_w_id = $1 AND c_d_id = $2 AND c_id = $3","parameters: $1 = '1', $2 = '3', $3 = '24'",,,,,,,,"","client backend"
2024-06-16 19:01:00.005 CST,"raingage","benchmark",54599,"127.0.0.1:48958",666ec5b9.d547,468,"SELECT",2024-06-16 19:00:09 CST,8/34,0,LOG,00000,"execute S_5: SELECT i_price, i_name, i_data     FROM bmsql_item     WHERE i_id = $1","parameters: $1 = '13'",,,,,,,,"","client backend"
2024-06-16 19:01:00.022 CST,"raingage","benchmark",54599,"127.0.0.1:48958",666ec5b9.d547,469,"SELECT",2024-06-16 19:00:09 CST,8/34,0,LOG,00000,"execute S_6: SELECT s_quantity, s_data,        s_dist_01, s_dist_02, s_dist_03, s_dist_04,        s_dist_05, s_dist_06, s_dist_07, s_dist_08,        s_dist_09, s_dist_10     FROM bmsql_stock     WHERE s_w_id = $1 AND s_i_id = $2 ","parameters: $1 = '1', $2 = '13'",,,,,,,,"","client backend"
2024-06-16 19:01:00.038 CST,"raingage","benchmark",54599,"127.0.0.1:48958",666ec5b9.d547,470,"UPDATE",2024-06-16 19:00:09 CST,8/34,0,LOG,00000,"execute S_7: UPDATE bmsql_stock     SET s_quantity = $1, s_ytd = s_ytd + $2,         s_order_cnt = s_order_cnt + 1,         s_remote_cnt = s_remote_cnt + $3     WHERE s_w_id = $4 AND s_i_id = $5","parameters: $1 = '62', $2 = '6', $3 = '0', $4 = '1', $5 = '13'",,,,,,,,"","client backend"
2024-06-16 19:01:00.053 CST,"raingage","benchmark",54599,"127.0.0.1:48958",666ec5b9.d547,471,"COMMIT",2024-06-16 19:00:09 CST,8/34,115344,LOG,00000,"execute S_2: COMMIT",,,,,,,,,"","client backend"
2024-06-16 19:01:00.074 CST,"raingage","benchmark",54599,"127.0.0.1:48958",666ec5b9.d547,472,"BEGIN",2024-06-16 19:00:09 CST,8/35,0,LOG,00000,"execute S_3: BEGIN",,,,,,,,,"","client backend"
2024-06-16 19:01:00.092 CST,"raingage","benchmark",54599,"127.0.0.1:48958",666ec5b9.d547,473,"SELECT",2024-06-16 19:00:09 CST,8/35,0,LOG,00000,"execute S_4: SELECT d_tax, d_next_o_id     FROM bmsql_district     WHERE d_w_id = $1 AND d_id = $2 ","parameters: $1 = '1', $2 = '3'",,,,,,,,"","client backend"
2024-06-16 19:01:00.158 CST,"raingage","benchmark",54599,"127.0.0.1:48958",666ec5b9.d547,474,"SELECT",2024-06-16 19:00:09 CST,8/35,0,LOG,00000,"execute S_1: SELECT c_discount, c_last, c_credit, w_tax     FROM bmsql_customer     JOIN bmsql_warehouse ON (w_id = c_w_id)     WHERE c_w_id = $1 AND c_d_id = $2 AND c_id = $3","parameters: $1 = '1', $2 = '3', $3 = '2'",,,,,,,,"","client backend"
2024-06-16 19:01:00.222 CST,"raingage","benchmark",54599,"127.0.0.1:48958",666ec5b9.d547,475,"SELECT",2024-06-16 19:00:09 CST,8/35,0,LOG,00000,"execute S_1: SELECT c_discount, c_last, c_credit, w_tax     FROM bmsql_customer     JOIN bmsql_warehouse ON (w_id = c_w_id)     WHERE c_w_id = $1 AND c_d_id = $2 AND c_id = $3","parameters: $1 = '1', $2 = '3', $3 = '2'",,,,,,,,"","client backend"
2024-06-16 19:01:00.285 CST,"raingage","benchmark",54599,"127.0.0.1:48958",666ec5b9.d547,476,"SELECT",2024-06-16 19:00:09 CST,8/35,0,LOG,00000,"execute S_1: SELECT c_discount, c_last, c_credit, w_tax     FROM bmsql_customer     JOIN bmsql_warehouse ON (w_id = c_w_id)     WHERE c_w_id = $1 AND c_d_id = $2 AND c_id = $3","parameters: $1 = '1', $2 = '3', $3 = '2'",,,,,,,,"","client backend"
2024-06-16 19:01:00.351 CST,"raingage","benchmark",54599,"127.0.0.1:48958",666ec5b9.d547,477,"SELECT",2024-06-16 19:00:09 CST,8/35,0,LOG,00000,"execute S_1: SELECT c_discount, c_last, c_credit, w_tax     FROM bmsql_customer     JOIN bmsql_warehouse ON (w_id = c_w_id)     WHERE c_w_id = $1 AND c_d_id = $2 AND c_id = $3","parameters: $1 = '1', $2 = '3', $3 = '2'",,,,,,,,"","client backend"
2024-06-16 19:01:00.421 CST,"raingage","benchmark",54599,"127.0.0.1:48958",666ec5b9.d547,478,"SELECT",2024-06-16 19:00:09 CST,8/35,0,LOG,00000,"execute S_1: SELECT c_discount, c_last, c_credit, w_tax     FROM bmsql_customer     JOIN bmsql_warehouse ON (w_id = c_w_id)     WHERE c_w_id = $1 AND c_d_id = $2 AND c_id = $3","parameters: $1 = '1', $2 = '3', $3 = '2'",,,,,,,,"","client backend"
2024-06-16 19:01:00.493 CST,"raingage","benchmark",54599,"127.0.0.1:48958",666ec5b9.d547,479,"SELECT",2024-06-16 19:00:09 CST,8/35,0,LOG,00000,"execute S_1: SELECT c_discount, c_last, c_credit, w_tax     FROM bmsql_customer     JOIN bmsql_warehouse ON (w_id = c_w_id)     WHERE c_w_id = $1 AND c_d_id = $2 AND c_id = $3","parameters: $1 = '1', $2 = '3', $3 = '2'",,,,,,,,"","client backend"
2024-06-16 19:01:00.556 CST,"raingage","benchmark",54599,"127.0.0.1:48958",666ec5b9.d547,480,"SELECT",2024-06-16 19:00:09 CST,8/35,0,LOG,00000,"execute S_1: SELECT c_discount, c_last, c_credit, w_tax     FROM bmsql_customer     JOIN bmsql_warehouse ON (w_id = c_w_id)     WHERE c_w_id = $1 AND c_d_id = $2 AND c_id = $3","parameters: $1 = '1', $2 = '3', $3 = '2'",,,,,,,,"","client backend"
2024-06-16 19:01:00.624 CST,"raingage","benchmark",54599,"127.0.0.1:48958",666ec5b9.d547,481,"SELECT",2024-06-16 19:00:09 CST,8/35,0,LOG,00000,"execute S_1: SELECT c_discount, c_last, c_credit, w_tax     FROM bmsql_customer     JOIN bmsql_warehouse ON (w_id = c_w_id)     WHERE c_w_id = $1 AND c_d_id = $2 AND c_id = $3","parameters: $1 = '1', $2 = '3', $3 = '2'",,,,,,,,"","client backend"
2024-06-16 19:01:00.644 CST,"raingage","benchmark",54599,"127.0.0.1:48958",666ec5b9.d547,482,"SELECT",2024-06-16 19:00:09 CST,8/35,0,LOG,00000,"execute S_5: SELECT i_price, i_name, i_data     FROM bmsql_item     WHERE i_id = $1","parameters: $1 = '35'",,,,,,,,"","client backend"
2024-06-16 19:01:00.664 CST,"raingage","benchmark",54599,"127.0.0.1:48958",666ec5b9.d547,483,"SELECT",2024-06-16 19:00:09 CST,8/35,0,LOG,00000,"execute S_6: SELECT s_quantity, s_data,        s_dist_01, s_dist_02, s_dist_03, s_dist_04,        s_dist_05, s_dist_06, s_dist_07, s_dist_08,        s_dist_09, s_dist_10     FROM bmsql_stock     WHERE s_w_id = $1 AND s_i_id = $2 ","parameters: $1 = '1', $2 = '35'",,,,,,,,"","client backend"
2024-06-16 19:01:00.682 CST,"raingage","benchmark",54599,"127.0.0.1:48958",666ec5b9.d547,484,"UPDATE",2024-06-16 19:00:09 CST,8/35,0,LOG,00000,"execute S_7: UPDATE bmsql_stock     SET s_quantity = $1, s_ytd = s_ytd + $2,         s_order_cnt = s_order_cnt + 1,         s_remote_cnt = s_remote_cnt + $3     WHERE s_w_id = $4 AND s_i_id = $5","parameters: $1 = '102', $2 = '6', $3 = '0', $4 = '1', $5 = '35'",,,,,,,,"","client backend"
2024-06-16 19:01:00.703 CST,"raingage","benchmark",54599,"127.0.0.1:48958",666ec5b9.d547,485,"COMMIT",2024-06-16 19:00:09 CST,8/35,115345,LOG,00000,"execute S_2: COMMIT",,,,,,,,,"","client backend"
2024-06-16 19:01:00.725 CST,"raingage","benchmark",54599,"127.0.0.1:48958",666ec5b9.d547,486,"BEGIN",2024-06-16 19:00:09 CST,8/36,0,LOG,00000,"execute S_3: BEGIN",,,,,,,,,"","client backend"
2024-06-16 19:01:00.738 CST,"raingage","benchmark",54599,"127.0.0.1:48958",666ec5b9.d547,487,"SELECT",2024-06-16 19:00:09 CST,8/36,0,LOG,00000,"execute S_4: SELECT d_tax, d_next_o_id     FROM bmsql_district     WHERE d_w_id = $1 AND d_id = $2 ","parameters: $1 = '1', $2 = '3'",,,,,,,,"","client backend"
2024-06-16 19:01:00.802 CST,"raingage","benchmark",54599,"127.0.0.1:48958",666ec5b9.d547,488,"SELECT",2024-06-16 19:00:09 CST,8/36,0,LOG,00000,"execute S_1: SELECT c_discount, c_last, c_credit, w_tax     FROM bmsql_customer     JOIN bmsql_warehouse ON (w_id = c_w_id)     WHERE c_w_id = $1 AND c_d_id = $2 AND c_id = $3","parameters: $1 = '1', $2 = '3', $3 = '2'",,,,,,,,"","client backend"
2024-06-16 19:01:00.865 CST,"raingage","benchmark",54599,"127.0.0.1:48958",666ec5b9.d547,489,"SELECT",2024-06-16 19:00:09 CST,8/36,0,LOG,00000,"execute S_1: SELECT c_discount, c_last, c_credit, w_tax     FROM bmsql_customer     JOIN bmsql_warehouse ON (w_id = c_w_id)     WHERE c_w_id = $1 AND c_d_id = $2 AND c_id = $3","parameters: $1 = '1', $2 = '3', $3 = '2'",,,,,,,,"","client backend"
2024-06-16 19:01:00.932 CST,"raingage","benchmark",54599,"127.0.0.1:48958",666ec5b9.d547,490,"SELECT",2024-06-16 19:00:09 CST,8/36,0,LOG,00000,"execute S_1: SELECT c_discount, c_last, c_credit, w_tax     FROM bmsql_customer     JOIN bmsql_warehouse ON (w_id = c_w_id)     WHERE c_w_id = $1 AND c_d_id = $2 AND c_id = $3","parameters: $1 = '1', $2 = '3', $3 = '2'",,,,,,,,"","client backend"
2024-06-16 19:01:01.001 CST,"raingage","benchmark",54599,"127.0.0.1:48958",666ec5b9.d547,491,"SELECT",2024-06-16 19:00:09 CST,8/36,0,LOG,00000,"execute S_1: SELECT c_discount, c_last, c_credit, w_tax     FROM bmsql_customer     JOIN bmsql_warehouse ON (w_id = c_w_id)     WHERE c_w_id = $1 AND c_d_id = $2 AND c_id = $3","parameters: $1 = '1', $2 = '3', $3 = '2'",,,,,,,,"","client backend"
2024-06-16 19:01:01.064 CST,"raingage","benchmark",54599,"127.0.0.1:48958",666ec5b9.d547,492,"SELECT",2024-06-16 19:00:09 CST,8/36,0,LOG,00000,"execute S_1: SELECT c_discount, c_last, c_credit, w_tax     FROM bmsql_customer     JOIN bmsql_warehouse ON (w_id = c_w_id)     WHERE c_w_id = $1 AND c_d_id = $2 AND c_id = $3","parameters: $1 = '1', $2 = '3', $3 = '2'",,,,,,,,"","client backend"
2024-06-16 19:01:01.130 CST,"raingage","benchmark",54599,"127.0.0.1:48958",666ec5b9.d547,493,"SELECT",2024-06-16 19:00:09 CST,8/36,0,LOG,00000,"execute S_1: SELECT c_discount, c_last, c_credit, w_tax     FROM bmsql_customer     JOIN bmsql_warehouse ON (w_id = c_w_id)     WHERE c_w_id = $1 AND c_d_id = $2 AND c_id = $3","parameters: $1 = '1', $2 = '3', $3 = '2'",,,,,,,,"","client backend"
2024-06-16 19:01:01.194 CST,"raingage","benchmark",54599,"127.0.0.1:48958",666ec5b9.d547,494,"SELECT",2024-06-16 19:00:09 CST,8/36,0,LOG,00000,"execute S_1: SELECT c_discount, c_last, c_credit, w_tax     FROM bmsql_customer     JOIN bmsql_warehouse ON (w_id = c_w_id)     WHERE c_w_id = $1 AND c_d_id = $2 AND c_id = $3","parameters: $1 = '1', $2 = '3', $3 = '2'",,,,,,,,"","client backend"
2024-06-16 19:01:01.260 CST,"raingage","benchmark",54599,"127.0.0.1:48958",666ec5b9.d547,495,"SELECT",2024-06-16 19:00:09 CST,8/36,0,LOG,00000,"execute S_1: SELECT c_discount, c_last, c_credit, w_tax     FROM bmsql_customer     JOIN bmsql_warehouse ON (w_id = c_w_id)     WHERE c_w_id = $1 AND c_d_id = $2 AND c_id = $3","parameters: $1 = '1', $2 = '3', $3 = '2'",,,,,,,,"","client backend"
2024-06-16 19:01:01.272 CST,"raingage","benchmark",54599,"127.0.0.1:48958",666ec5b9.d547,496,"SELECT",2024-06-16 19:00:09 CST,8/36,0,LOG,00000,"execute S_5: SELECT i_price, i_name, i_data     FROM bmsql_item     WHERE i_id = $1","parameters: $1 = '35'",,,,,,,,"","client backend"
2024-06-16 19:01:01.289 CST,"raingage","benchmark",54599,"127.0.0.1:48958",666ec5b9.d547,497,"SELECT",2024-06-16 19:00:09 CST,8/36,0,LOG,00000,"execute S_6: SELECT s_quantity, s_data,        s_dist_01, s_dist_02, s_dist_03, s_dist_04,        s_dist_05, s_dist_06, s_dist_07, s_dist_08,        s_dist_09, s_dist_10     FROM bmsql_stock     WHERE s_w_id = $1 AND s_i_id = $2 ","parameters: $1 = '1', $2 = '35'",,,,,,,,"","client backend"
2024-06-16 19:01:01.305 CST,"raingage","benchmark",54599,"127.0.0.1:48958",666ec5b9.d547,498,"UPDATE",2024-06-16 19:00:09 CST,8/36,0,LOG,00000,"execute S_7: UPDATE bmsql_stock     SET s_quantity = $1, s_ytd = s_ytd + $2,         s_order_cnt = s_order_cnt + 1,         s_remote_cnt = s_remote_cnt + $3     WHERE s_w_id = $4 AND s_i_id = $5","parameters: $1 = '100', $2 = '2', $3 = '0', $4 = '1', $5 = '35'",,,,,,,,"","client backend"
2024-06-16 19:01:01.321 CST,"raingage","benchmark",54599,"127.0.0.1:48958",666ec5b9.d547,499,"COMMIT",2024-06-16 19:00:09 CST,8/36,115346,LOG,00000,"execute S_2: COMMIT",,,,,,,,,"","client backend"
2024-06-16 19:01:05.232 CST,"raingage","benchmark",54596,"127.0.0.1:48952",666ec5b9.d544,595,"BEGIN",2024-06-16 19:00:09 CST,5/44,0,LOG,00000,"execute S_3: BEGIN",,,,,,,,,"","client backend"
2024-06-16 19:01:05.243 CST,"raingage","benchmark",54596,"127.0.0.1:48952",666ec5b9.d544,596,"SELECT",2024-06-16 19:00:09 CST,5/44,0,LOG,00000,"execute S_4: SELECT d_tax, d_next_o_id     FROM bmsql_district     WHERE d_w_id = $1 AND d_id = $2 ","parameters: $1 = '1', $2 = '4'",,,,,,,,"","client backend"
2024-06-16 19:01:05.313 CST,"raingage","benchmark",54596,"127.0.0.1:48952",666ec5b9.d544,597,"SELECT",2024-06-16 19:00:09 CST,5/44,0,LOG,00000,"execute S_1: SELECT c_discount, c_last, c_credit, w_tax     FROM bmsql_customer     JOIN bmsql_warehouse ON (w_id = c_w_id)     WHERE c_w_id = $1 AND c_d_id = $2 AND c_id = $3","parameters: $1 = '1', $2 = '4', $3 = '83'",,,,,,,,"","client backend"
2024-06-16 19:01:05.375 CST,"raingage","benchmark",54596,"127.0.0.1:48952",666ec5b9.d544,598,"SELECT",2024-06-16 19:00:09 CST,5/44,0,LOG,00000,"execute S_1: SELECT c_discount, c_last, c_credit, w_tax     FROM bmsql_customer     JOIN bmsql_warehouse ON (w_id = c_w_id)     WHERE c_w_id = $1 AND c_d_id = $2 AND c_id = $3","parameters: $1 = '1', $2 = '4', $3 = '83'",,,,,,,,"","client backend"
2024-06-16 19:01:05.444 CST,"raingage","benchmark",54596,"127.0.0.1:48952",666ec5b9.d544,599,"SELECT",2024-06-16 19:00:09 CST,5/44,0,LOG,00000,"execute S_1: SELECT c_discount, c_last, c_credit, w_tax     FROM bmsql_customer     JOIN bmsql_warehouse ON (w_id = c_w_id)     WHERE c_w_id = $1 AND c_d_id = $2 AND c_id = $3","parameters: $1 = '1', $2 = '4', $3 = '83'",,,,,,,,"","client backend"
2024-06-16 19:01:05.514 CST,"raingage","benchmark",54596,"127.0.0.1:48952",666ec5b9.d544,600,"SELECT",2024-06-16 19:00:09 CST,5/44,0,LOG,00000,"execute S_1: SELECT c_discount, c_last, c_credit, w_tax     FROM bmsql_customer     JOIN bmsql_warehouse ON (w_id = c_w_id)     WHERE c_w_id = $1 AND c_d_id = $2 AND c_id = $3","parameters: $1 = '1', $2 = '4', $3 = '83'",,,,,,,,"","client backend"
2024-06-16 19:01:05.583 CST,"raingage","benchmark",54596,"127.0.0.1:48952",666ec5b9.d544,601,"SELECT",2024-06-16 19:00:09 CST,5/44,0,LOG,00000,"execute S_1: SELECT c_discount, c_last, c_credit, w_tax     FROM bmsql_customer     JOIN bmsql_warehouse ON (w_id = c_w_id)     WHERE c_w_id = $1 AND c_d_id = $2 AND c_id = $3","parameters: $1 = '1', $2 = '4', $3 = '83'",,,,,,,,"","client backend"
2024-06-16 19:01:05.653 CST,"raingage","benchmark",54596,"127.0.0.1:48952",666ec5b9.d544,602,"SELECT",2024-06-16 19:00:09 CST,5/44,0,LOG,00000,"execute S_1: SELECT c_discount, c_last, c_credit, w_tax     FROM bmsql_customer     JOIN bmsql_warehouse ON (w_id = c_w_id)     WHERE c_w_id = $1 AND c_d_id = $2 AND c_id = $3","parameters: $1 = '1', $2 = '4', $3 = '83'",,,,,,,,"","client backend"
2024-06-16 19:01:05.716 CST,"raingage","benchmark",54596,"127.0.0.1:48952",666ec5b9.d544,603,"SELECT",2024-06-16 19:00:09 CST,5/44,0,LOG,00000,"execute S_1: SELECT c_discount, c_last, c_credit, w_tax     FROM bmsql_customer     JOIN bmsql_warehouse ON (w_id = c_w_id)     WHERE c_w_id = $1 AND c_d_id = $2 AND c_id = $3","parameters: $1 = '1', $2 = '4', $3 = '83'",,,,,,,,"","client backend"
2024-06-16 19:01:05.784 CST,"raingage","benchmark",54596,"127.0.0.1:48952",666ec5b9.d544,604,"SELECT",2024-06-16 19:00:09 CST,5/44,0,LOG,00000,"execute S_1: SELECT c_discount, c_last, c_credit, w_tax     FROM bmsql_customer     JOIN bmsql_warehouse ON (w_id = c_w_id)     WHERE c_w_id = $1 AND c_d_id = $2 AND c_id = $3","parameters: $1 = '1', $2 = '4', $3 = '83'",,,,,,,,"","client backend"
2024-06-16 19:01:05.800 CST,"raingage","benchmark",54596,"127.0.0.1:48952",666ec5b9.d544,605,"SELECT",2024-06-16 19:00:09 CST,5/44,0,LOG,00000,"execute S_5: SELECT i_price, i_name, i_data     FROM bmsql_item     WHERE i_id = $1","parameters: $1 = '59'",,,,,,,,"","client backend"
2024-06-16 19:01:05.814 CST,"raingage","benchmark",54596,"127.0.0.1:48952",666ec5b9.d544,606,"SELECT",2024-06-16 19:00:09 CST,5/44,0,LOG,00000,"execute S_6: SELECT s_quantity, s_data,        s_dist_01, s_dist_02, s_dist_03, s_dist_04,        s_dist_05, s_dist_06, s_dist_07, s_dist_08,        s_dist_09, s_dist_10     FROM bmsql_stock     WHERE s_w_id = $1 AND s_i_id = $2 ","parameters: $1 = '1', $2 = '59'",,,,,,,,"","client backend"
2024-06-16 19:01:05.834 CST,"raingage","benchmark",54596,"127.0.0.1:48952",666ec5b9.d544,607,"UPDATE",2024-06-16 19:00:09 CST,5/44,0,LOG,00000,"execute S_7: UPDATE bmsql_stock     SET s_quantity = $1, s_ytd = s_ytd + $2,         s_order_cnt = s_order_cnt + 1,         s_remote_cnt = s_remote_cnt + $3     WHERE s_w_id = $4 AND s_i_id = $5","parameters: $1 = '99', $2 = '3', $3 = '0', $4 = '1', $5 = '59'",,,,,,,,"","client backend"
2024-06-16 19:01:05.852 CST,"raingage","benchmark",54596,"127.0.0.1:48952",666ec5b9.d544,608,"COMMIT",2024-06-16 19:00:09 CST,5/44,115347,LOG,00000,"execute S_2: COMMIT",,,,,,,,,"","client backend"
2024-06-16 19:01:05.869 CST,"raingage","benchmark",54596,"127.0.0.1:48952",666ec5b9.d544,609,"BEGIN",2024-06-16 19:00:09 CST,5/45,0,LOG,00000,"execute S_3: BEGIN",,,,,,,,,"","client backend"
2024-06-16 19:01:05.887 CST,"raingage","benchmark",54596,"127.0.0.1:48952",666ec5b9.d544,610,"SELECT",2024-06-16 19:00:09 CST,5/45,0,LOG,00000,"execute S_4: SELECT d_tax, d_next_o_id     FROM bmsql_district     WHERE d_w_id = $1 AND d_id = $2 ","parameters: $1 = '1', $2 = '3'",,,,,,,,"","client backend"
2024-06-16 19:01:05.952 CST,"raingage","benchmark",54596,"127.0.0.1:48952",666ec5b9.d544,611,"SELECT",2024-06-16 19:00:09 CST,5/45,0,LOG,00000,"execute S_1: SELECT c_discount, c_last, c_credit, w_tax     FROM bmsql_customer     JOIN bmsql_warehouse ON (w_id = c_w_id)     WHERE c_w_id = $1 AND c_d_id = $2 AND c_id = $3","parameters: $1 = '1', $2 = '3', $3 = '76'",,,,,,,,"","client backend"
2024-06-16 19:01:06.020 CST,"raingage","benchmark",54596,"127.0.0.1:48952",666ec5b9.d544,612,"SELECT",2024-06-16 19:00:09 CST,5/45,0,LOG,00000,"execute S_1: SELECT c_discount, c_last, c_credit, w_tax     FROM bmsql_customer     JOIN bmsql_warehouse ON (w_id = c_w_id)     WHERE c_w_id = $1 AND c_d_id = $2 AND c_id = $3","parameters: $1 = '1', $2 = '3', $3 = '76'",,,,,,,,"","client backend"
2024-06-16 19:01:06.087 CST,"raingage","benchmark",54596,"127.0.0.1:48952",666ec5b9.d544,613,"SELECT",2024-06-16 19:00:09 CST,5/45,0,LOG,00000,"execute S_1: SELECT c_discount, c_last, c_credit, w_tax     FROM bmsql_customer     JOIN bmsql_warehouse ON (w_id = c_w_id)     WHERE c_w_id = $1 AND c_d_id = $2 AND c_id = $3","parameters: $1 = '1', $2 = '3', $3 = '76'",,,,,,,,"","client backend"
2024-06-16 19:01:06.156 CST,"raingage","benchmark",54596,"127.0.0.1:48952",666ec5b9.d544,614,"SELECT",2024-06-16 19:00:09 CST,5/45,0,LOG,00000,"execute S_1: SELECT c_discount, c_last, c_credit, w_tax     FROM bmsql_customer     JOIN bmsql_warehouse ON (w_id = c_w_id)     WHERE c_w_id = $1 AND c_d_id = $2 AND c_id = $3","parameters: $1 = '1', $2 = '3', $3 = '76'",,,,,,,,"","client backend"
2024-06-16 19:01:06.218 CST,"raingage","benchmark",54596,"127.0.0.1:48952",666ec5b9.d544,615,"SELECT",2024-06-16 19:00:09 CST,5/45,0,LOG,00000,"execute S_1: SELECT c_discount, c_last, c_credit, w_tax     FROM bmsql_customer     JOIN bmsql_warehouse ON (w_id = c_w_id)     WHERE c_w_id = $1 AND c_d_id = $2 AND c_id = $3","parameters: $1 = '1', $2 = '3', $3 = '76'",,,,,,,,"","client backend"
2024-06-16 19:01:06.282 CST,"raingage","benchmark",54596,"127.0.0.1:48952",666ec5b9.d544,616,"SELECT",2024-06-16 19:00:09 CST,5/45,0,LOG,00000,"execute S_1: SELECT c_discount, c_last, c_credit, w_tax     FROM bmsql_customer     JOIN bmsql_warehouse ON (w_id = c_w_id)     WHERE c_w_id = $1 AND c_d_id = $2 AND c_id = $3","parameters: $1 = '1', $2 = '3', $3 = '76'",,,,,,,,"","client backend"
2024-06-16 19:01:06.348 CST,"raingage","benchmark",54596,"127.0.0.1:48952",666ec5b9.d544,617,"SELECT",2024-06-16 19:00:09 CST,5/45,0,LOG,00000,"execute S_1: SELECT c_discount, c_last, c_credit, w_tax     FROM bmsql_customer     JOIN bmsql_warehouse ON (w_id = c_w_id)     WHERE c_w_id = $1 AND c_d_id = $2 AND c_id = $3","parameters: $1 = '1', $2 = '3', $3 = '76'",,,,,,,,"","client backend"
2024-06-16 19:01:06.414 CST,"raingage","benchmark",54596,"127.0.0.1:48952",666ec5b9.d544,618,"SELECT",2024-06-16 19:00:09 CST,5/45,0,LOG,00000,"execute S_1: SELECT c_discount, c_last, c_credit, w_tax     FROM bmsql_customer     JOIN bmsql_warehouse ON (w_id = c_w_id)     WHERE c_w_id = $1 AND c_d_id = $2 AND c_id = $3","parameters: $1 = '1', $2 = '3', $3 = '76'",,,,,,,,"","client backend"
2024-06-16 19:01:06.432 CST,"raingage","benchmark",54596,"127.0.0.1:48952",666ec5b9.d544,619,"SELECT",2024-06-16 19:00:09 CST,5/45,0,LOG,00000,"execute S_5: SELECT i_price, i_name, i_data     FROM bmsql_item     WHERE i_id = $1","parameters: $1 = '12'",,,,,,,,"","client backend"
2024-06-16 19:01:06.447 CST,"raingage","benchmark",54596,"127.0.0.1:48952",666ec5b9.d544,620,"SELECT",2024-06-16 19:00:09 CST,5/45,0,LOG,00000,"execute S_6: SELECT s_quantity, s_data,        s_dist_01, s_dist_02, s_dist_03, s_dist_04,        s_dist_05, s_dist_06, s_dist_07, s_dist_08,        s_dist_09, s_dist_10     FROM bmsql_stock     WHERE s_w_id = $1 AND s_i_id = $2 ","parameters: $1 = '1', $2 = '12'",,,,,,,,"","client backend"
2024-06-16 19:01:06.466 CST,"raingage","benchmark",54596,"127.0.0.1:48952",666ec5b9.d544,621,"UPDATE",2024-06-16 19:00:09 CST,5/45,0,LOG,00000,"execute S_7: UPDATE bmsql_stock     SET s_quantity = $1, s_ytd = s_ytd + $2,         s_order_cnt = s_order_cnt + 1,         s_remote_cnt = s_remote_cnt + $3     WHERE s_w_id = $4 AND s_i_id = $5","parameters: $1 = '72', $2 = '3', $3 = '0', $4 = '1', $5 = '12'",,,,,,,,"","client backend"
2024-06-16 19:01:06.483 CST,"raingage","benchmark",54596,"127.0.0.1:48952",666ec5b9.d544,622,"COMMIT",2024-06-16 19:00:09 CST,5/45,115348,LOG,00000,"execute S_2: COMMIT",,,,,,,,,"","client backend"
2024-06-16 19:01:06.498 CST,"raingage","benchmark",54596,"127.0.0.1:48952",666ec5b9.d544,623,"BEGIN",2024-06-16 19:00:09 CST,5/46,0,LOG,00000,"execute S_3: BEGIN",,,,,,,,,"","client backend"
2024-06-16 19:01:06.515 CST,"raingage","benchmark",54596,"127.0.0.1:48952",666ec5b9.d544,624,"SELECT",2024-06-16 19:00:09 CST,5/46,0,LOG,00000,"execute S_4: SELECT d_tax, d_next_o_id     FROM bmsql_district     WHERE d_w_id = $1 AND d_id = $2 ","parameters: $1 = '1', $2 = '3'",,,,,,,,"","client backend"
2024-06-16 19:01:06.587 CST,"raingage","benchmark",54596,"127.0.0.1:48952",666ec5b9.d544,625,"SELECT",2024-06-16 19:00:09 CST,5/46,0,LOG,00000,"execute S_1: SELECT c_discount, c_last, c_credit, w_tax     FROM bmsql_customer     JOIN bmsql_warehouse ON (w_id = c_w_id)     WHERE c_w_id = $1 AND c_d_id = $2 AND c_id = $3","parameters: $1 = '1', $2 = '3', $3 = '89'",,,,,,,,"","client backend"
2024-06-16 19:01:06.657 CST,"raingage","benchmark",54596,"127.0.0.1:48952",666ec5b9.d544,626,"SELECT",2024-06-16 19:00:09 CST,5/46,0,LOG,00000,"execute S_1: SELECT c_discount, c_last, c_credit, w_tax     FROM bmsql_customer     JOIN bmsql_warehouse ON (w_id = c_w_id)     WHERE c_w_id = $1 AND c_d_id = $2 AND c_id = $3","parameters: $1 = '1', $2 = '3', $3 = '89'",,,,,,,,"","client backend"
2024-06-16 19:01:06.662 CST,"raingage","benchmark",54597,"127.0.0.1:48954",666ec5b9.d545,242,"BEGIN",2024-06-16 19:00:09 CST,6/19,0,LOG,00000,"execute S_3: BEGIN",,,,,,,,,"","client backend"
2024-06-16 19:01:06.677 CST,"raingage","benchmark",54597,"127.0.0.1:48954",666ec5b9.d545,243,"SELECT",2024-06-16 19:00:09 CST,6/19,0,LOG,00000,"execute S_4: SELECT d_tax, d_next_o_id     FROM bmsql_district     WHERE d_w_id = $1 AND d_id = $2 ","parameters: $1 = '1', $2 = '3'",,,,,,,,"","client backend"
2024-06-16 19:01:06.728 CST,"raingage","benchmark",54596,"127.0.0.1:48952",666ec5b9.d544,627,"SELECT",2024-06-16 19:00:09 CST,5/46,0,LOG,00000,"execute S_1: SELECT c_discount, c_last, c_credit, w_tax     FROM bmsql_customer     JOIN bmsql_warehouse ON (w_id = c_w_id)     WHERE c_w_id = $1 AND c_d_id = $2 AND c_id = $3","parameters: $1 = '1', $2 = '3', $3 = '89'",,,,,,,,"","client backend"
2024-06-16 19:01:06.743 CST,"raingage","benchmark",54597,"127.0.0.1:48954",666ec5b9.d545,244,"SELECT",2024-06-16 19:00:09 CST,6/19,0,LOG,00000,"execute S_1: SELECT c_discount, c_last, c_credit, w_tax     FROM bmsql_customer     JOIN bmsql_warehouse ON (w_id = c_w_id)     WHERE c_w_id = $1 AND c_d_id = $2 AND c_id = $3","parameters: $1 = '1', $2 = '3', $3 = '24'",,,,,,,,"","client backend"
2024-06-16 19:01:06.797 CST,"raingage","benchmark",54596,"127.0.0.1:48952",666ec5b9.d544,628,"SELECT",2024-06-16 19:00:09 CST,5/46,0,LOG,00000,"execute S_1: SELECT c_discount, c_last, c_credit, w_tax     FROM bmsql_customer     JOIN bmsql_warehouse ON (w_id = c_w_id)     WHERE c_w_id = $1 AND c_d_id = $2 AND c_id = $3","parameters: $1 = '1', $2 = '3', $3 = '89'",,,,,,,,"","client backend"
2024-06-16 19:01:06.807 CST,"raingage","benchmark",54597,"127.0.0.1:48954",666ec5b9.d545,245,"SELECT",2024-06-16 19:00:09 CST,6/19,0,LOG,00000,"execute S_1: SELECT c_discount, c_last, c_credit, w_tax     FROM bmsql_customer     JOIN bmsql_warehouse ON (w_id = c_w_id)     WHERE c_w_id = $1 AND c_d_id = $2 AND c_id = $3","parameters: $1 = '1', $2 = '3', $3 = '24'",,,,,,,,"","client backend"
2024-06-16 19:01:06.869 CST,"raingage","benchmark",54596,"127.0.0.1:48952",666ec5b9.d544,629,"SELECT",2024-06-16 19:00:09 CST,5/46,0,LOG,00000,"execute S_1: SELECT c_discount, c_last, c_credit, w_tax     FROM bmsql_customer     JOIN bmsql_warehouse ON (w_id = c_w_id)     WHERE c_w_id = $1 AND c_d_id = $2 AND c_id = $3","parameters: $1 = '1', $2 = '3', $3 = '89'",,,,,,,,"","client backend"
2024-06-16 19:01:06.877 CST,"raingage","benchmark",54597,"127.0.0.1:48954",666ec5b9.d545,246,"SELECT",2024-06-16 19:00:09 CST,6/19,0,LOG,00000,"execute S_1: SELECT c_discount, c_last, c_credit, w_tax     FROM bmsql_customer     JOIN bmsql_warehouse ON (w_id = c_w_id)     WHERE c_w_id = $1 AND c_d_id = $2 AND c_id = $3","parameters: $1 = '1', $2 = '3', $3 = '24'",,,,,,,,"","client backend"
2024-06-16 19:01:06.937 CST,"raingage","benchmark",54596,"127.0.0.1:48952",666ec5b9.d544,630,"SELECT",2024-06-16 19:00:09 CST,5/46,0,LOG,00000,"execute S_1: SELECT c_discount, c_last, c_credit, w_tax     FROM bmsql_customer     JOIN bmsql_warehouse ON (w_id = c_w_id)     WHERE c_w_id = $1 AND c_d_id = $2 AND c_id = $3","parameters: $1 = '1', $2 = '3', $3 = '89'",,,,,,,,"","client backend"
2024-06-16 19:01:06.946 CST,"raingage","benchmark",54597,"127.0.0.1:48954",666ec5b9.d545,247,"SELECT",2024-06-16 19:00:09 CST,6/19,0,LOG,00000,"execute S_1: SELECT c_discount, c_last, c_credit, w_tax     FROM bmsql_customer     JOIN bmsql_warehouse ON (w_id = c_w_id)     WHERE c_w_id = $1 AND c_d_id = $2 AND c_id = $3","parameters: $1 = '1', $2 = '3', $3 = '24'",,,,,,,,"","client backend"
2024-06-16 19:01:07.006 CST,"raingage","benchmark",54596,"127.0.0.1:48952",666ec5b9.d544,631,"SELECT",2024-06-16 19:00:09 CST,5/46,0,LOG,00000,"execute S_1: SELECT c_discount, c_last, c_credit, w_tax     FROM bmsql_customer     JOIN bmsql_warehouse ON (w_id = c_w_id)     WHERE c_w_id = $1 AND c_d_id = $2 AND c_id = $3","parameters: $1 = '1', $2 = '3', $3 = '89'",,,,,,,,"","client backend"
2024-06-16 19:01:07.012 CST,"raingage","benchmark",54597,"127.0.0.1:48954",666ec5b9.d545,248,"SELECT",2024-06-16 19:00:09 CST,6/19,0,LOG,00000,"execute S_1: SELECT c_discount, c_last, c_credit, w_tax     FROM bmsql_customer     JOIN bmsql_warehouse ON (w_id = c_w_id)     WHERE c_w_id = $1 AND c_d_id = $2 AND c_id = $3","parameters: $1 = '1', $2 = '3', $3 = '24'",,,,,,,,"","client backend"
2024-06-16 19:01:07.075 CST,"raingage","benchmark",54596,"127.0.0.1:48952",666ec5b9.d544,632,"SELECT",2024-06-16 19:00:09 CST,5/46,0,LOG,00000,"execute S_1: SELECT c_discount, c_last, c_credit, w_tax     FROM bmsql_customer     JOIN bmsql_warehouse ON (w_id = c_w_id)     WHERE c_w_id = $1 AND c_d_id = $2 AND c_id = $3","parameters: $1 = '1', $2 = '3', $3 = '89'",,,,,,,,"","client backend"
2024-06-16 19:01:07.083 CST,"raingage","benchmark",54597,"127.0.0.1:48954",666ec5b9.d545,249,"SELECT",2024-06-16 19:00:09 CST,6/19,0,LOG,00000,"execute S_1: SELECT c_discount, c_last, c_credit, w_tax     FROM bmsql_customer     JOIN bmsql_warehouse ON (w_id = c_w_id)     WHERE c_w_id = $1 AND c_d_id = $2 AND c_id = $3","parameters: $1 = '1', $2 = '3', $3 = '24'",,,,,,,,"","client backend"
2024-06-16 19:01:07.091 CST,"raingage","benchmark",54596,"127.0.0.1:48952",666ec5b9.d544,633,"SELECT",2024-06-16 19:00:09 CST,5/46,0,LOG,00000,"execute S_5: SELECT i_price, i_name, i_data     FROM bmsql_item     WHERE i_id = $1","parameters: $1 = '87'",,,,,,,,"","client backend"
2024-06-16 19:01:07.102 CST,"raingage","benchmark",54596,"127.0.0.1:48952",666ec5b9.d544,634,"SELECT",2024-06-16 19:00:09 CST,5/46,0,LOG,00000,"execute S_6: SELECT s_quantity, s_data,        s_dist_01, s_dist_02, s_dist_03, s_dist_04,        s_dist_05, s_dist_06, s_dist_07, s_dist_08,        s_dist_09, s_dist_10     FROM bmsql_stock     WHERE s_w_id = $1 AND s_i_id = $2 ","parameters: $1 = '1', $2 = '87'",,,,,,,,"","client backend"
2024-06-16 19:01:07.118 CST,"raingage","benchmark",54596,"127.0.0.1:48952",666ec5b9.d544,635,"UPDATE",2024-06-16 19:00:09 CST,5/46,0,LOG,00000,"execute S_7: UPDATE bmsql_stock     SET s_quantity = $1, s_ytd = s_ytd + $2,         s_order_cnt = s_order_cnt + 1,         s_remote_cnt = s_remote_cnt + $3     WHERE s_w_id = $4 AND s_i_id = $5","parameters: $1 = '22', $2 = '2', $3 = '0', $4 = '1', $5 = '87'",,,,,,,,"","client backend"
2024-06-16 19:01:07.138 CST,"raingage","benchmark",54596,"127.0.0.1:48952",666ec5b9.d544,636,"COMMIT",2024-06-16 19:00:09 CST,5/46,115349,LOG,00000,"execute S_2: COMMIT",,,,,,,,,"","client backend"
2024-06-16 19:01:07.152 CST,"raingage","benchmark",54597,"127.0.0.1:48954",666ec5b9.d545,250,"SELECT",2024-06-16 19:00:09 CST,6/19,0,LOG,00000,"execute S_1: SELECT c_discount, c_last, c_credit, w_tax     FROM bmsql_customer     JOIN bmsql_warehouse ON (w_id = c_w_id)     WHERE c_w_id = $1 AND c_d_id = $2 AND c_id = $3","parameters: $1 = '1', $2 = '3', $3 = '24'",,,,,,,,"","client backend"
2024-06-16 19:01:07.156 CST,"raingage","benchmark",54596,"127.0.0.1:48952",666ec5b9.d544,637,"BEGIN",2024-06-16 19:00:09 CST,5/47,0,LOG,00000,"execute S_3: BEGIN",,,,,,,,,"","client backend"
2024-06-16 19:01:07.169 CST,"raingage","benchmark",54596,"127.0.0.1:48952",666ec5b9.d544,638,"SELECT",2024-06-16 19:00:09 CST,5/47,0,LOG,00000,"execute S_4: SELECT d_tax, d_next_o_id     FROM bmsql_district     WHERE d_w_id = $1 AND d_id = $2 ","parameters: $1 = '1', $2 = '3'",,,,,,,,"","client backend"
2024-06-16 19:01:07.223 CST,"raingage","benchmark",54597,"127.0.0.1:48954",666ec5b9.d545,251,"SELECT",2024-06-16 19:00:09 CST,6/19,0,LOG,00000,"execute S_1: SELECT c_discount, c_last, c_credit, w_tax     FROM bmsql_customer     JOIN bmsql_warehouse ON (w_id = c_w_id)     WHERE c_w_id = $1 AND c_d_id = $2 AND c_id = $3","parameters: $1 = '1', $2 = '3', $3 = '24'",,,,,,,,"","client backend"
2024-06-16 19:01:07.238 CST,"raingage","benchmark",54596,"127.0.0.1:48952",666ec5b9.d544,639,"SELECT",2024-06-16 19:00:09 CST,5/47,0,LOG,00000,"execute S_1: SELECT c_discount, c_last, c_credit, w_tax     FROM bmsql_customer     JOIN bmsql_warehouse ON (w_id = c_w_id)     WHERE c_w_id = $1 AND c_d_id = $2 AND c_id = $3","parameters: $1 = '1', $2 = '3', $3 = '89'",,,,,,,,"","client backend"
2024-06-16 19:01:07.238 CST,"raingage","benchmark",54597,"127.0.0.1:48954",666ec5b9.d545,252,"SELECT",2024-06-16 19:00:09 CST,6/19,0,LOG,00000,"execute S_5: SELECT i_price, i_name, i_data     FROM bmsql_item     WHERE i_id = $1","parameters: $1 = '13'",,,,,,,,"","client backend"
2024-06-16 19:01:07.253 CST,"raingage","benchmark",54597,"127.0.0.1:48954",666ec5b9.d545,253,"SELECT",2024-06-16 19:00:09 CST,6/19,0,LOG,00000,"execute S_6: SELECT s_quantity, s_data,        s_dist_01, s_dist_02, s_dist_03, s_dist_04,        s_dist_05, s_dist_06, s_dist_07, s_dist_08,        s_dist_09, s_dist_10     FROM bmsql_stock     WHERE s_w_id = $1 AND s_i_id = $2 ","parameters: $1 = '1', $2 = '13'",,,,,,,,"","client backend"
2024-06-16 19:01:07.267 CST,"raingage","benchmark",54597,"127.0.0.1:48954",666ec5b9.d545,254,"UPDATE",2024-06-16 19:00:09 CST,6/19,0,LOG,00000,"execute S_7: UPDATE bmsql_stock     SET s_quantity = $1, s_ytd = s_ytd + $2,         s_order_cnt = s_order_cnt + 1,         s_remote_cnt = s_remote_cnt + $3     WHERE s_w_id = $4 AND s_i_id = $5","parameters: $1 = '60', $2 = '2', $3 = '0', $4 = '1', $5 = '13'",,,,,,,,"","client backend"
2024-06-16 19:01:07.284 CST,"raingage","benchmark",54597,"127.0.0.1:48954",666ec5b9.d545,255,"COMMIT",2024-06-16 19:00:09 CST,6/19,115350,LOG,00000,"execute S_2: COMMIT",,,,,,,,,"","client backend"
2024-06-16 19:01:07.299 CST,"raingage","benchmark",54597,"127.0.0.1:48954",666ec5b9.d545,256,"BEGIN",2024-06-16 19:00:09 CST,6/20,0,LOG,00000,"execute S_3: BEGIN",,,,,,,,,"","client backend"
2024-06-16 19:01:07.299 CST,"raingage","benchmark",54596,"127.0.0.1:48952",666ec5b9.d544,640,"SELECT",2024-06-16 19:00:09 CST,5/47,0,LOG,00000,"execute S_1: SELECT c_discount, c_last, c_credit, w_tax     FROM bmsql_customer     JOIN bmsql_warehouse ON (w_id = c_w_id)     WHERE c_w_id = $1 AND c_d_id = $2 AND c_id = $3","parameters: $1 = '1', $2 = '3', $3 = '89'",,,,,,,,"","client backend"
2024-06-16 19:01:07.317 CST,"raingage","benchmark",54597,"127.0.0.1:48954",666ec5b9.d545,257,"SELECT",2024-06-16 19:00:09 CST,6/20,0,LOG,00000,"execute S_4: SELECT d_tax, d_next_o_id     FROM bmsql_district     WHERE d_w_id = $1 AND d_id = $2 ","parameters: $1 = '1', $2 = '3'",,,,,,,,"","client backend"
2024-06-16 19:01:07.363 CST,"raingage","benchmark",54596,"127.0.0.1:48952",666ec5b9.d544,641,"SELECT",2024-06-16 19:00:09 CST,5/47,0,LOG,00000,"execute S_1: SELECT c_discount, c_last, c_credit, w_tax     FROM bmsql_customer     JOIN bmsql_warehouse ON (w_id = c_w_id)     WHERE c_w_id = $1 AND c_d_id = $2 AND c_id = $3","parameters: $1 = '1', $2 = '3', $3 = '89'",,,,,,,,"","client backend"
2024-06-16 19:01:07.387 CST,"raingage","benchmark",54597,"127.0.0.1:48954",666ec5b9.d545,258,"SELECT",2024-06-16 19:00:09 CST,6/20,0,LOG,00000,"execute S_1: SELECT c_discount, c_last, c_credit, w_tax     FROM bmsql_customer     JOIN bmsql_warehouse ON (w_id = c_w_id)     WHERE c_w_id = $1 AND c_d_id = $2 AND c_id = $3","parameters: $1 = '1', $2 = '3', $3 = '28'",,,,,,,,"","client backend"
2024-06-16 19:01:07.426 CST,"raingage","benchmark",54596,"127.0.0.1:48952",666ec5b9.d544,642,"SELECT",2024-06-16 19:00:09 CST,5/47,0,LOG,00000,"execute S_1: SELECT c_discount, c_last, c_credit, w_tax     FROM bmsql_customer     JOIN bmsql_warehouse ON (w_id = c_w_id)     WHERE c_w_id = $1 AND c_d_id = $2 AND c_id = $3","parameters: $1 = '1', $2 = '3', $3 = '89'",,,,,,,,"","client backend"
2024-06-16 19:01:07.459 CST,"raingage","benchmark",54597,"127.0.0.1:48954",666ec5b9.d545,259,"SELECT",2024-06-16 19:00:09 CST,6/20,0,LOG,00000,"execute S_1: SELECT c_discount, c_last, c_credit, w_tax     FROM bmsql_customer     JOIN bmsql_warehouse ON (w_id = c_w_id)     WHERE c_w_id = $1 AND c_d_id = $2 AND c_id = $3","parameters: $1 = '1', $2 = '3', $3 = '28'",,,,,,,,"","client backend"
2024-06-16 19:01:07.494 CST,"raingage","benchmark",54596,"127.0.0.1:48952",666ec5b9.d544,643,"SELECT",2024-06-16 19:00:09 CST,5/47,0,LOG,00000,"execute S_1: SELECT c_discount, c_last, c_credit, w_tax     FROM bmsql_customer     JOIN bmsql_warehouse ON (w_id = c_w_id)     WHERE c_w_id = $1 AND c_d_id = $2 AND c_id = $3","parameters: $1 = '1', $2 = '3', $3 = '89'",,,,,,,,"","client backend"
2024-06-16 19:01:07.526 CST,"raingage","benchmark",54597,"127.0.0.1:48954",666ec5b9.d545,260,"SELECT",2024-06-16 19:00:09 CST,6/20,0,LOG,00000,"execute S_1: SELECT c_discount, c_last, c_credit, w_tax     FROM bmsql_customer     JOIN bmsql_warehouse ON (w_id = c_w_id)     WHERE c_w_id = $1 AND c_d_id = $2 AND c_id = $3","parameters: $1 = '1', $2 = '3', $3 = '28'",,,,,,,,"","client backend"
2024-06-16 19:01:07.565 CST,"raingage","benchmark",54596,"127.0.0.1:48952",666ec5b9.d544,644,"SELECT",2024-06-16 19:00:09 CST,5/47,0,LOG,00000,"execute S_1: SELECT c_discount, c_last, c_credit, w_tax     FROM bmsql_customer     JOIN bmsql_warehouse ON (w_id = c_w_id)     WHERE c_w_id = $1 AND c_d_id = $2 AND c_id = $3","parameters: $1 = '1', $2 = '3', $3 = '89'",,,,,,,,"","client backend"
2024-06-16 19:01:07.596 CST,"raingage","benchmark",54597,"127.0.0.1:48954",666ec5b9.d545,261,"SELECT",2024-06-16 19:00:09 CST,6/20,0,LOG,00000,"execute S_1: SELECT c_discount, c_last, c_credit, w_tax     FROM bmsql_customer     JOIN bmsql_warehouse ON (w_id = c_w_id)     WHERE c_w_id = $1 AND c_d_id = $2 AND c_id = $3","parameters: $1 = '1', $2 = '3', $3 = '28'",,,,,,,,"","client backend"
2024-06-16 19:01:07.634 CST,"raingage","benchmark",54596,"127.0.0.1:48952",666ec5b9.d544,645,"SELECT",2024-06-16 19:00:09 CST,5/47,0,LOG,00000,"execute S_1: SELECT c_discount, c_last, c_credit, w_tax     FROM bmsql_customer     JOIN bmsql_warehouse ON (w_id = c_w_id)     WHERE c_w_id = $1 AND c_d_id = $2 AND c_id = $3","parameters: $1 = '1', $2 = '3', $3 = '89'",,,,,,,,"","client backend"
2024-06-16 19:01:07.661 CST,"raingage","benchmark",54597,"127.0.0.1:48954",666ec5b9.d545,262,"SELECT",2024-06-16 19:00:09 CST,6/20,0,LOG,00000,"execute S_1: SELECT c_discount, c_last, c_credit, w_tax     FROM bmsql_customer     JOIN bmsql_warehouse ON (w_id = c_w_id)     WHERE c_w_id = $1 AND c_d_id = $2 AND c_id = $3","parameters: $1 = '1', $2 = '3', $3 = '28'",,,,,,,,"","client backend"
2024-06-16 19:01:07.702 CST,"raingage","benchmark",54596,"127.0.0.1:48952",666ec5b9.d544,646,"SELECT",2024-06-16 19:00:09 CST,5/47,0,LOG,00000,"execute S_1: SELECT c_discount, c_last, c_credit, w_tax     FROM bmsql_customer     JOIN bmsql_warehouse ON (w_id = c_w_id)     WHERE c_w_id = $1 AND c_d_id = $2 AND c_id = $3","parameters: $1 = '1', $2 = '3', $3 = '89'",,,,,,,,"","client backend"
2024-06-16 19:01:07.715 CST,"raingage","benchmark",54596,"127.0.0.1:48952",666ec5b9.d544,647,"SELECT",2024-06-16 19:00:09 CST,5/47,0,LOG,00000,"execute S_5: SELECT i_price, i_name, i_data     FROM bmsql_item     WHERE i_id = $1","parameters: $1 = '87'",,,,,,,,"","client backend"
2024-06-16 19:01:07.724 CST,"raingage","benchmark",54597,"127.0.0.1:48954",666ec5b9.d545,263,"SELECT",2024-06-16 19:00:09 CST,6/20,0,LOG,00000,"execute S_1: SELECT c_discount, c_last, c_credit, w_tax     FROM bmsql_customer     JOIN bmsql_warehouse ON (w_id = c_w_id)     WHERE c_w_id = $1 AND c_d_id = $2 AND c_id = $3","parameters: $1 = '1', $2 = '3', $3 = '28'",,,,,,,,"","client backend"
2024-06-16 19:01:07.730 CST,"raingage","benchmark",54596,"127.0.0.1:48952",666ec5b9.d544,648,"SELECT",2024-06-16 19:00:09 CST,5/47,0,LOG,00000,"execute S_6: SELECT s_quantity, s_data,        s_dist_01, s_dist_02, s_dist_03, s_dist_04,        s_dist_05, s_dist_06, s_dist_07, s_dist_08,        s_dist_09, s_dist_10     FROM bmsql_stock     WHERE s_w_id = $1 AND s_i_id = $2 ","parameters: $1 = '1', $2 = '87'",,,,,,,,"","client backend"
2024-06-16 19:01:07.744 CST,"raingage","benchmark",54596,"127.0.0.1:48952",666ec5b9.d544,649,"UPDATE",2024-06-16 19:00:09 CST,5/47,0,LOG,00000,"execute S_7: UPDATE bmsql_stock     SET s_quantity = $1, s_ytd = s_ytd + $2,         s_order_cnt = s_order_cnt + 1,         s_remote_cnt = s_remote_cnt + $3     WHERE s_w_id = $4 AND s_i_id = $5","parameters: $1 = '20', $2 = '2', $3 = '0', $4 = '1', $5 = '87'",,,,,,,,"","client backend"
2024-06-16 19:01:07.763 CST,"raingage","benchmark",54596,"127.0.0.1:48952",666ec5b9.d544,650,"COMMIT",2024-06-16 19:00:09 CST,5/47,115351,LOG,00000,"execute S_2: COMMIT",,,,,,,,,"","client backend"
2024-06-16 19:01:07.783 CST,"raingage","benchmark",54596,"127.0.0.1:48952",666ec5b9.d544,651,"BEGIN",2024-06-16 19:00:09 CST,5/48,0,LOG,00000,"execute S_3: BEGIN",,,,,,,,,"","client backend"
2024-06-16 19:01:07.792 CST,"raingage","benchmark",54597,"127.0.0.1:48954",666ec5b9.d545,264,"SELECT",2024-06-16 19:00:09 CST,6/20,0,LOG,00000,"execute S_1: SELECT c_discount, c_last, c_credit, w_tax     FROM bmsql_customer     JOIN bmsql_warehouse ON (w_id = c_w_id)     WHERE c_w_id = $1 AND c_d_id = $2 AND c_id = $3","parameters: $1 = '1', $2 = '3', $3 = '28'",,,,,,,,"","client backend"
2024-06-16 19:01:07.804 CST,"raingage","benchmark",54596,"127.0.0.1:48952",666ec5b9.d544,652,"SELECT",2024-06-16 19:00:09 CST,5/48,0,LOG,00000,"execute S_4: SELECT d_tax, d_next_o_id     FROM bmsql_district     WHERE d_w_id = $1 AND d_id = $2 ","parameters: $1 = '1', $2 = '3'",,,,,,,,"","client backend"
2024-06-16 19:01:07.857 CST,"raingage","benchmark",54597,"127.0.0.1:48954",666ec5b9.d545,265,"SELECT",2024-06-16 19:00:09 CST,6/20,0,LOG,00000,"execute S_1: SELECT c_discount, c_last, c_credit, w_tax     FROM bmsql_customer     JOIN bmsql_warehouse ON (w_id = c_w_id)     WHERE c_w_id = $1 AND c_d_id = $2 AND c_id = $3","parameters: $1 = '1', $2 = '3', $3 = '28'",,,,,,,,"","client backend"
2024-06-16 19:01:07.873 CST,"raingage","benchmark",54596,"127.0.0.1:48952",666ec5b9.d544,653,"SELECT",2024-06-16 19:00:09 CST,5/48,0,LOG,00000,"execute S_1: SELECT c_discount, c_last, c_credit, w_tax     FROM bmsql_customer     JOIN bmsql_warehouse ON (w_id = c_w_id)     WHERE c_w_id = $1 AND c_d_id = $2 AND c_id = $3","parameters: $1 = '1', $2 = '3', $3 = '79'",,,,,,,,"","client backend"
2024-06-16 19:01:07.878 CST,"raingage","benchmark",54597,"127.0.0.1:48954",666ec5b9.d545,266,"SELECT",2024-06-16 19:00:09 CST,6/20,0,LOG,00000,"execute S_5: SELECT i_price, i_name, i_data     FROM bmsql_item     WHERE i_id = $1","parameters: $1 = '24'",,,,,,,,"","client backend"
2024-06-16 19:01:07.900 CST,"raingage","benchmark",54597,"127.0.0.1:48954",666ec5b9.d545,267,"SELECT",2024-06-16 19:00:09 CST,6/20,0,LOG,00000,"execute S_6: SELECT s_quantity, s_data,        s_dist_01, s_dist_02, s_dist_03, s_dist_04,        s_dist_05, s_dist_06, s_dist_07, s_dist_08,        s_dist_09, s_dist_10     FROM bmsql_stock     WHERE s_w_id = $1 AND s_i_id = $2 ","parameters: $1 = '1', $2 = '24'",,,,,,,,"","client backend"
2024-06-16 19:01:07.914 CST,"raingage","benchmark",54597,"127.0.0.1:48954",666ec5b9.d545,268,"UPDATE",2024-06-16 19:00:09 CST,6/20,0,LOG,00000,"execute S_7: UPDATE bmsql_stock     SET s_quantity = $1, s_ytd = s_ytd + $2,         s_order_cnt = s_order_cnt + 1,         s_remote_cnt = s_remote_cnt + $3     WHERE s_w_id = $4 AND s_i_id = $5","parameters: $1 = '88', $2 = '5', $3 = '0', $4 = '1', $5 = '24'",,,,,,,,"","client backend"
2024-06-16 19:01:07.935 CST,"raingage","benchmark",54596,"127.0.0.1:48952",666ec5b9.d544,654,"SELECT",2024-06-16 19:00:09 CST,5/48,0,LOG,00000,"execute S_1: SELECT c_discount, c_last, c_credit, w_tax     FROM bmsql_customer     JOIN bmsql_warehouse ON (w_id = c_w_id)     WHERE c_w_id = $1 AND c_d_id = $2 AND c_id = $3","parameters: $1 = '1', $2 = '3', $3 = '79'",,,,,,,,"","client backend"
2024-06-16 19:01:07.935 CST,"raingage","benchmark",54597,"127.0.0.1:48954",666ec5b9.d545,269,"COMMIT",2024-06-16 19:00:09 CST,6/20,115353,LOG,00000,"execute S_2: COMMIT",,,,,,,,,"","client backend"
2024-06-16 19:01:07.951 CST,"raingage","benchmark",54597,"127.0.0.1:48954",666ec5b9.d545,270,"BEGIN",2024-06-16 19:00:09 CST,6/21,0,LOG,00000,"execute S_3: BEGIN",,,,,,,,,"","client backend"
2024-06-16 19:01:07.962 CST,"raingage","benchmark",54597,"127.0.0.1:48954",666ec5b9.d545,271,"SELECT",2024-06-16 19:00:09 CST,6/21,0,LOG,00000,"execute S_4: SELECT d_tax, d_next_o_id     FROM bmsql_district     WHERE d_w_id = $1 AND d_id = $2 ","parameters: $1 = '1', $2 = '3'",,,,,,,,"","client backend"
2024-06-16 19:01:08.004 CST,"raingage","benchmark",54596,"127.0.0.1:48952",666ec5b9.d544,655,"SELECT",2024-06-16 19:00:09 CST,5/48,0,LOG,00000,"execute S_1: SELECT c_discount, c_last, c_credit, w_tax     FROM bmsql_customer     JOIN bmsql_warehouse ON (w_id = c_w_id)     WHERE c_w_id = $1 AND c_d_id = $2 AND c_id = $3","parameters: $1 = '1', $2 = '3', $3 = '79'",,,,,,,,"","client backend"
2024-06-16 19:01:08.071 CST,"raingage","benchmark",54596,"127.0.0.1:48952",666ec5b9.d544,656,"SELECT",2024-06-16 19:00:09 CST,5/48,0,LOG,00000,"execute S_1: SELECT c_discount, c_last, c_credit, w_tax     FROM bmsql_customer     JOIN bmsql_warehouse ON (w_id = c_w_id)     WHERE c_w_id = $1 AND c_d_id = $2 AND c_id = $3","parameters: $1 = '1', $2 = '3', $3 = '79'",,,,,,,,"","client backend"
2024-06-16 19:01:08.142 CST,"raingage","benchmark",54596,"127.0.0.1:48952",666ec5b9.d544,657,"SELECT",2024-06-16 19:00:09 CST,5/48,0,LOG,00000,"execute S_1: SELECT c_discount, c_last, c_credit, w_tax     FROM bmsql_customer     JOIN bmsql_warehouse ON (w_id = c_w_id)     WHERE c_w_id = $1 AND c_d_id = $2 AND c_id = $3","parameters: $1 = '1', $2 = '3', $3 = '79'",,,,,,,,"","client backend"
2024-06-16 19:01:08.211 CST,"raingage","benchmark",54596,"127.0.0.1:48952",666ec5b9.d544,658,"SELECT",2024-06-16 19:00:09 CST,5/48,0,LOG,00000,"execute S_1: SELECT c_discount, c_last, c_credit, w_tax     FROM bmsql_customer     JOIN bmsql_warehouse ON (w_id = c_w_id)     WHERE c_w_id = $1 AND c_d_id = $2 AND c_id = $3","parameters: $1 = '1', $2 = '3', $3 = '79'",,,,,,,,"","client backend"
2024-06-16 19:01:08.277 CST,"raingage","benchmark",54596,"127.0.0.1:48952",666ec5b9.d544,659,"SELECT",2024-06-16 19:00:09 CST,5/48,0,LOG,00000,"execute S_1: SELECT c_discount, c_last, c_credit, w_tax     FROM bmsql_customer     JOIN bmsql_warehouse ON (w_id = c_w_id)     WHERE c_w_id = $1 AND c_d_id = $2 AND c_id = $3","parameters: $1 = '1', $2 = '3', $3 = '79'",,,,,,,,"","client backend"
2024-06-16 19:01:08.347 CST,"raingage","benchmark",54596,"127.0.0.1:48952",666ec5b9.d544,660,"SELECT",2024-06-16 19:00:09 CST,5/48,0,LOG,00000,"execute S_1: SELECT c_discount, c_last, c_credit, w_tax     FROM bmsql_customer     JOIN bmsql_warehouse ON (w_id = c_w_id)     WHERE c_w_id = $1 AND c_d_id = $2 AND c_id = $3","parameters: $1 = '1', $2 = '3', $3 = '79'",,,,,,,,"","client backend"
2024-06-16 19:01:08.363 CST,"raingage","benchmark",54596,"127.0.0.1:48952",666ec5b9.d544,661,"SELECT",2024-06-16 19:00:09 CST,5/48,0,LOG,00000,"execute S_5: SELECT i_price, i_name, i_data     FROM bmsql_item     WHERE i_id = $1","parameters: $1 = '53'",,,,,,,,"","client backend"
2024-06-16 19:01:08.377 CST,"raingage","benchmark",54596,"127.0.0.1:48952",666ec5b9.d544,662,"SELECT",2024-06-16 19:00:09 CST,5/48,0,LOG,00000,"execute S_6: SELECT s_quantity, s_data,        s_dist_01, s_dist_02, s_dist_03, s_dist_04,        s_dist_05, s_dist_06, s_dist_07, s_dist_08,        s_dist_09, s_dist_10     FROM bmsql_stock     WHERE s_w_id = $1 AND s_i_id = $2 ","parameters: $1 = '1', $2 = '53'",,,,,,,,"","client backend"
2024-06-16 19:01:08.394 CST,"raingage","benchmark",54596,"127.0.0.1:48952",666ec5b9.d544,663,"UPDATE",2024-06-16 19:00:09 CST,5/48,0,LOG,00000,"execute S_7: UPDATE bmsql_stock     SET s_quantity = $1, s_ytd = s_ytd + $2,         s_order_cnt = s_order_cnt + 1,         s_remote_cnt = s_remote_cnt + $3     WHERE s_w_id = $4 AND s_i_id = $5","parameters: $1 = '10', $2 = '5', $3 = '0', $4 = '1', $5 = '53'",,,,,,,,"","client backend"
2024-06-16 19:01:08.414 CST,"raingage","benchmark",54596,"127.0.0.1:48952",666ec5b9.d544,664,"COMMIT",2024-06-16 19:00:09 CST,5/48,115354,LOG,00000,"execute S_2: COMMIT",,,,,,,,,"","client backend"
2024-06-16 19:01:08.414 CST,"raingage","benchmark",54597,"127.0.0.1:48954",666ec5b9.d545,272,"SELECT",2024-06-16 19:00:09 CST,6/21,0,LOG,00000,"execute S_1: SELECT c_discount, c_last, c_credit, w_tax     FROM bmsql_customer     JOIN bmsql_warehouse ON (w_id = c_w_id)     WHERE c_w_id = $1 AND c_d_id = $2 AND c_id = $3","parameters: $1 = '1', $2 = '3', $3 = '79'",,,,,,,,"","client backend"
2024-06-16 19:01:08.432 CST,"raingage","benchmark",54596,"127.0.0.1:48952",666ec5b9.d544,665,"BEGIN",2024-06-16 19:00:09 CST,5/49,0,LOG,00000,"execute S_3: BEGIN",,,,,,,,,"","client backend"
2024-06-16 19:01:08.452 CST,"raingage","benchmark",54596,"127.0.0.1:48952",666ec5b9.d544,666,"SELECT",2024-06-16 19:00:09 CST,5/49,0,LOG,00000,"execute S_4: SELECT d_tax, d_next_o_id     FROM bmsql_district     WHERE d_w_id = $1 AND d_id = $2 ","parameters: $1 = '1', $2 = '1'",,,,,,,,"","client backend"
2024-06-16 19:01:08.483 CST,"raingage","benchmark",54597,"127.0.0.1:48954",666ec5b9.d545,273,"SELECT",2024-06-16 19:00:09 CST,6/21,0,LOG,00000,"execute S_1: SELECT c_discount, c_last, c_credit, w_tax     FROM bmsql_customer     JOIN bmsql_warehouse ON (w_id = c_w_id)     WHERE c_w_id = $1 AND c_d_id = $2 AND c_id = $3","parameters: $1 = '1', $2 = '3', $3 = '79'",,,,,,,,"","client backend"
2024-06-16 19:01:08.523 CST,"raingage","benchmark",54596,"127.0.0.1:48952",666ec5b9.d544,667,"SELECT",2024-06-16 19:00:09 CST,5/49,0,LOG,00000,"execute S_1: SELECT c_discount, c_last, c_credit, w_tax     FROM bmsql_customer     JOIN bmsql_warehouse ON (w_id = c_w_id)     WHERE c_w_id = $1 AND c_d_id = $2 AND c_id = $3","parameters: $1 = '1', $2 = '1', $3 = '93'",,,,,,,,"","client backend"
2024-06-16 19:01:08.549 CST,"raingage","benchmark",54597,"127.0.0.1:48954",666ec5b9.d545,274,"SELECT",2024-06-16 19:00:09 CST,6/21,0,LOG,00000,"execute S_1: SELECT c_discount, c_last, c_credit, w_tax     FROM bmsql_customer     JOIN bmsql_warehouse ON (w_id = c_w_id)     WHERE c_w_id = $1 AND c_d_id = $2 AND c_id = $3","parameters: $1 = '1', $2 = '3', $3 = '79'",,,,,,,,"","client backend"
2024-06-16 19:01:08.586 CST,"raingage","benchmark",54596,"127.0.0.1:48952",666ec5b9.d544,668,"SELECT",2024-06-16 19:00:09 CST,5/49,0,LOG,00000,"execute S_1: SELECT c_discount, c_last, c_credit, w_tax     FROM bmsql_customer     JOIN bmsql_warehouse ON (w_id = c_w_id)     WHERE c_w_id = $1 AND c_d_id = $2 AND c_id = $3","parameters: $1 = '1', $2 = '1', $3 = '93'",,,,,,,,"","client backend"
2024-06-16 19:01:08.615 CST,"raingage","benchmark",54597,"127.0.0.1:48954",666ec5b9.d545,275,"SELECT",2024-06-16 19:00:09 CST,6/21,0,LOG,00000,"execute S_1: SELECT c_discount, c_last, c_credit, w_tax     FROM bmsql_customer     JOIN bmsql_warehouse ON (w_id = c_w_id)     WHERE c_w_id = $1 AND c_d_id = $2 AND c_id = $3","parameters: $1 = '1', $2 = '3', $3 = '79'",,,,,,,,"","client backend"
2024-06-16 19:01:08.652 CST,"raingage","benchmark",54596,"127.0.0.1:48952",666ec5b9.d544,669,"SELECT",2024-06-16 19:00:09 CST,5/49,0,LOG,00000,"execute S_1: SELECT c_discount, c_last, c_credit, w_tax     FROM bmsql_customer     JOIN bmsql_warehouse ON (w_id = c_w_id)     WHERE c_w_id = $1 AND c_d_id = $2 AND c_id = $3","parameters: $1 = '1', $2 = '1', $3 = '93'",,,,,,,,"","client backend"
2024-06-16 19:01:08.677 CST,"raingage","benchmark",54597,"127.0.0.1:48954",666ec5b9.d545,276,"SELECT",2024-06-16 19:00:09 CST,6/21,0,LOG,00000,"execute S_1: SELECT c_discount, c_last, c_credit, w_tax     FROM bmsql_customer     JOIN bmsql_warehouse ON (w_id = c_w_id)     WHERE c_w_id = $1 AND c_d_id = $2 AND c_id = $3","parameters: $1 = '1', $2 = '3', $3 = '79'",,,,,,,,"","client backend"
2024-06-16 19:01:08.723 CST,"raingage","benchmark",54596,"127.0.0.1:48952",666ec5b9.d544,670,"SELECT",2024-06-16 19:00:09 CST,5/49,0,LOG,00000,"execute S_1: SELECT c_discount, c_last, c_credit, w_tax     FROM bmsql_customer     JOIN bmsql_warehouse ON (w_id = c_w_id)     WHERE c_w_id = $1 AND c_d_id = $2 AND c_id = $3","parameters: $1 = '1', $2 = '1', $3 = '93'",,,,,,,,"","client backend"
2024-06-16 19:01:08.744 CST,"raingage","benchmark",54597,"127.0.0.1:48954",666ec5b9.d545,277,"SELECT",2024-06-16 19:00:09 CST,6/21,0,LOG,00000,"execute S_1: SELECT c_discount, c_last, c_credit, w_tax     FROM bmsql_customer     JOIN bmsql_warehouse ON (w_id = c_w_id)     WHERE c_w_id = $1 AND c_d_id = $2 AND c_id = $3","parameters: $1 = '1', $2 = '3', $3 = '79'",,,,,,,,"","client backend"
2024-06-16 19:01:08.785 CST,"raingage","benchmark",54596,"127.0.0.1:48952",666ec5b9.d544,671,"SELECT",2024-06-16 19:00:09 CST,5/49,0,LOG,00000,"execute S_1: SELECT c_discount, c_last, c_credit, w_tax     FROM bmsql_customer     JOIN bmsql_warehouse ON (w_id = c_w_id)     WHERE c_w_id = $1 AND c_d_id = $2 AND c_id = $3","parameters: $1 = '1', $2 = '1', $3 = '93'",,,,,,,,"","client backend"
2024-06-16 19:01:08.807 CST,"raingage","benchmark",54597,"127.0.0.1:48954",666ec5b9.d545,278,"SELECT",2024-06-16 19:00:09 CST,6/21,0,LOG,00000,"execute S_1: SELECT c_discount, c_last, c_credit, w_tax     FROM bmsql_customer     JOIN bmsql_warehouse ON (w_id = c_w_id)     WHERE c_w_id = $1 AND c_d_id = $2 AND c_id = $3","parameters: $1 = '1', $2 = '3', $3 = '79'",,,,,,,,"","client backend"
2024-06-16 19:01:08.857 CST,"raingage","benchmark",54596,"127.0.0.1:48952",666ec5b9.d544,672,"SELECT",2024-06-16 19:00:09 CST,5/49,0,LOG,00000,"execute S_1: SELECT c_discount, c_last, c_credit, w_tax     FROM bmsql_customer     JOIN bmsql_warehouse ON (w_id = c_w_id)     WHERE c_w_id = $1 AND c_d_id = $2 AND c_id = $3","parameters: $1 = '1', $2 = '1', $3 = '93'",,,,,,,,"","client backend"
2024-06-16 19:01:08.875 CST,"raingage","benchmark",54597,"127.0.0.1:48954",666ec5b9.d545,279,"SELECT",2024-06-16 19:00:09 CST,6/21,0,LOG,00000,"execute S_1: SELECT c_discount, c_last, c_credit, w_tax     FROM bmsql_customer     JOIN bmsql_warehouse ON (w_id = c_w_id)     WHERE c_w_id = $1 AND c_d_id = $2 AND c_id = $3","parameters: $1 = '1', $2 = '3', $3 = '79'",,,,,,,,"","client backend"
2024-06-16 19:01:08.893 CST,"raingage","benchmark",54597,"127.0.0.1:48954",666ec5b9.d545,280,"SELECT",2024-06-16 19:00:09 CST,6/21,0,LOG,00000,"execute S_5: SELECT i_price, i_name, i_data     FROM bmsql_item     WHERE i_id = $1","parameters: $1 = '53'",,,,,,,,"","client backend"
2024-06-16 19:01:08.913 CST,"raingage","benchmark",54597,"127.0.0.1:48954",666ec5b9.d545,281,"SELECT",2024-06-16 19:00:09 CST,6/21,0,LOG,00000,"execute S_6: SELECT s_quantity, s_data,        s_dist_01, s_dist_02, s_dist_03, s_dist_04,        s_dist_05, s_dist_06, s_dist_07, s_dist_08,        s_dist_09, s_dist_10     FROM bmsql_stock     WHERE s_w_id = $1 AND s_i_id = $2 ","parameters: $1 = '1', $2 = '53'",,,,,,,,"","client backend"
2024-06-16 19:01:08.928 CST,"raingage","benchmark",54596,"127.0.0.1:48952",666ec5b9.d544,673,"SELECT",2024-06-16 19:00:09 CST,5/49,0,LOG,00000,"execute S_1: SELECT c_discount, c_last, c_credit, w_tax     FROM bmsql_customer     JOIN bmsql_warehouse ON (w_id = c_w_id)     WHERE c_w_id = $1 AND c_d_id = $2 AND c_id = $3","parameters: $1 = '1', $2 = '1', $3 = '93'",,,,,,,,"","client backend"
2024-06-16 19:01:08.931 CST,"raingage","benchmark",54597,"127.0.0.1:48954",666ec5b9.d545,282,"UPDATE",2024-06-16 19:00:09 CST,6/21,0,LOG,00000,"execute S_7: UPDATE bmsql_stock     SET s_quantity = $1, s_ytd = s_ytd + $2,         s_order_cnt = s_order_cnt + 1,         s_remote_cnt = s_remote_cnt + $3     WHERE s_w_id = $4 AND s_i_id = $5","parameters: $1 = '11', $2 = '4', $3 = '0', $4 = '1', $5 = '53'",,,,,,,,"","client backend"
2024-06-16 19:01:08.944 CST,"raingage","benchmark",54597,"127.0.0.1:48954",666ec5b9.d545,283,"COMMIT",2024-06-16 19:00:09 CST,6/21,115355,LOG,00000,"execute S_2: COMMIT",,,,,,,,,"","client backend"
2024-06-16 19:01:08.946 CST,"raingage","benchmark",54597,"127.0.0.1:48954",666ec5b9.d545,284,"COMMIT",2024-06-16 19:00:09 CST,6/0,115355,WARNING,01000,"registered snapshots seem to remain after cleanup",,,,,,,,,"","client backend"
2024-06-16 19:01:08.961 CST,"raingage","benchmark",54597,"127.0.0.1:48954",666ec5b9.d545,285,"BEGIN",2024-06-16 19:00:09 CST,6/22,0,LOG,00000,"execute S_3: BEGIN",,,,,,,,,"","client backend"
2024-06-16 19:01:08.982 CST,"raingage","benchmark",54597,"127.0.0.1:48954",666ec5b9.d545,286,"SELECT",2024-06-16 19:00:09 CST,6/22,0,LOG,00000,"execute S_4: SELECT d_tax, d_next_o_id     FROM bmsql_district     WHERE d_w_id = $1 AND d_id = $2 ","parameters: $1 = '1', $2 = '1'",,,,,,,,"","client backend"
2024-06-16 19:01:08.997 CST,"raingage","benchmark",54596,"127.0.0.1:48952",666ec5b9.d544,674,"SELECT",2024-06-16 19:00:09 CST,5/49,0,LOG,00000,"execute S_1: SELECT c_discount, c_last, c_credit, w_tax     FROM bmsql_customer     JOIN bmsql_warehouse ON (w_id = c_w_id)     WHERE c_w_id = $1 AND c_d_id = $2 AND c_id = $3","parameters: $1 = '1', $2 = '1', $3 = '93'",,,,,,,,"","client backend"
2024-06-16 19:01:09.016 CST,"raingage","benchmark",54596,"127.0.0.1:48952",666ec5b9.d544,675,"SELECT",2024-06-16 19:00:09 CST,5/49,0,LOG,00000,"execute S_5: SELECT i_price, i_name, i_data     FROM bmsql_item     WHERE i_id = $1","parameters: $1 = '73'",,,,,,,,"","client backend"
2024-06-16 19:01:09.036 CST,"raingage","benchmark",54596,"127.0.0.1:48952",666ec5b9.d544,676,"SELECT",2024-06-16 19:00:09 CST,5/49,0,LOG,00000,"execute S_6: SELECT s_quantity, s_data,        s_dist_01, s_dist_02, s_dist_03, s_dist_04,        s_dist_05, s_dist_06, s_dist_07, s_dist_08,        s_dist_09, s_dist_10     FROM bmsql_stock     WHERE s_w_id = $1 AND s_i_id = $2 ","parameters: $1 = '1', $2 = '73'",,,,,,,,"","client backend"
2024-06-16 19:01:09.053 CST,"raingage","benchmark",54596,"127.0.0.1:48952",666ec5b9.d544,677,"UPDATE",2024-06-16 19:00:09 CST,5/49,0,LOG,00000,"execute S_7: UPDATE bmsql_stock     SET s_quantity = $1, s_ytd = s_ytd + $2,         s_order_cnt = s_order_cnt + 1,         s_remote_cnt = s_remote_cnt + $3     WHERE s_w_id = $4 AND s_i_id = $5","parameters: $1 = '56', $2 = '4', $3 = '0', $4 = '1', $5 = '73'",,,,,,,,"","client backend"
2024-06-16 19:01:09.066 CST,"raingage","benchmark",54596,"127.0.0.1:48952",666ec5b9.d544,678,"COMMIT",2024-06-16 19:00:09 CST,5/49,115356,LOG,00000,"execute S_2: COMMIT",,,,,,,,,"","client backend"
2024-06-16 19:01:09.066 CST,"raingage","benchmark",54597,"127.0.0.1:48954",666ec5b9.d545,287,"SELECT",2024-06-16 19:00:09 CST,6/22,0,LOG,00000,"execute S_1: SELECT c_discount, c_last, c_credit, w_tax     FROM bmsql_customer     JOIN bmsql_warehouse ON (w_id = c_w_id)     WHERE c_w_id = $1 AND c_d_id = $2 AND c_id = $3","parameters: $1 = '1', $2 = '1', $3 = '93'",,,,,,,,"","client backend"
2024-06-16 19:01:09.135 CST,"raingage","benchmark",54597,"127.0.0.1:48954",666ec5b9.d545,288,"SELECT",2024-06-16 19:00:09 CST,6/22,0,LOG,00000,"execute S_1: SELECT c_discount, c_last, c_credit, w_tax     FROM bmsql_customer     JOIN bmsql_warehouse ON (w_id = c_w_id)     WHERE c_w_id = $1 AND c_d_id = $2 AND c_id = $3","parameters: $1 = '1', $2 = '1', $3 = '93'",,,,,,,,"","client backend"
2024-06-16 19:01:09.204 CST,"raingage","benchmark",54597,"127.0.0.1:48954",666ec5b9.d545,289,"SELECT",2024-06-16 19:00:09 CST,6/22,0,LOG,00000,"execute S_1: SELECT c_discount, c_last, c_credit, w_tax     FROM bmsql_customer     JOIN bmsql_warehouse ON (w_id = c_w_id)     WHERE c_w_id = $1 AND c_d_id = $2 AND c_id = $3","parameters: $1 = '1', $2 = '1', $3 = '93'",,,,,,,,"","client backend"
2024-06-16 19:01:09.275 CST,"raingage","benchmark",54597,"127.0.0.1:48954",666ec5b9.d545,290,"SELECT",2024-06-16 19:00:09 CST,6/22,0,LOG,00000,"execute S_1: SELECT c_discount, c_last, c_credit, w_tax     FROM bmsql_customer     JOIN bmsql_warehouse ON (w_id = c_w_id)     WHERE c_w_id = $1 AND c_d_id = $2 AND c_id = $3","parameters: $1 = '1', $2 = '1', $3 = '93'",,,,,,,,"","client backend"
2024-06-16 19:01:09.345 CST,"raingage","benchmark",54597,"127.0.0.1:48954",666ec5b9.d545,291,"SELECT",2024-06-16 19:00:09 CST,6/22,0,LOG,00000,"execute S_1: SELECT c_discount, c_last, c_credit, w_tax     FROM bmsql_customer     JOIN bmsql_warehouse ON (w_id = c_w_id)     WHERE c_w_id = $1 AND c_d_id = $2 AND c_id = $3","parameters: $1 = '1', $2 = '1', $3 = '93'",,,,,,,,"","client backend"
2024-06-16 19:01:09.412 CST,"raingage","benchmark",54597,"127.0.0.1:48954",666ec5b9.d545,292,"SELECT",2024-06-16 19:00:09 CST,6/22,0,LOG,00000,"execute S_1: SELECT c_discount, c_last, c_credit, w_tax     FROM bmsql_customer     JOIN bmsql_warehouse ON (w_id = c_w_id)     WHERE c_w_id = $1 AND c_d_id = $2 AND c_id = $3","parameters: $1 = '1', $2 = '1', $3 = '93'",,,,,,,,"","client backend"
2024-06-16 19:01:09.478 CST,"raingage","benchmark",54597,"127.0.0.1:48954",666ec5b9.d545,293,"SELECT",2024-06-16 19:00:09 CST,6/22,0,LOG,00000,"execute S_1: SELECT c_discount, c_last, c_credit, w_tax     FROM bmsql_customer     JOIN bmsql_warehouse ON (w_id = c_w_id)     WHERE c_w_id = $1 AND c_d_id = $2 AND c_id = $3","parameters: $1 = '1', $2 = '1', $3 = '93'",,,,,,,,"","client backend"
2024-06-16 19:01:09.543 CST,"raingage","benchmark",54597,"127.0.0.1:48954",666ec5b9.d545,294,"SELECT",2024-06-16 19:00:09 CST,6/22,0,LOG,00000,"execute S_1: SELECT c_discount, c_last, c_credit, w_tax     FROM bmsql_customer     JOIN bmsql_warehouse ON (w_id = c_w_id)     WHERE c_w_id = $1 AND c_d_id = $2 AND c_id = $3","parameters: $1 = '1', $2 = '1', $3 = '93'",,,,,,,,"","client backend"
2024-06-16 19:01:09.562 CST,"raingage","benchmark",54597,"127.0.0.1:48954",666ec5b9.d545,295,"SELECT",2024-06-16 19:00:09 CST,6/22,0,LOG,00000,"execute S_5: SELECT i_price, i_name, i_data     FROM bmsql_item     WHERE i_id = $1","parameters: $1 = '73'",,,,,,,,"","client backend"
2024-06-16 19:01:09.573 CST,"raingage","benchmark",54597,"127.0.0.1:48954",666ec5b9.d545,296,"SELECT",2024-06-16 19:00:09 CST,6/22,0,LOG,00000,"execute S_6: SELECT s_quantity, s_data,        s_dist_01, s_dist_02, s_dist_03, s_dist_04,        s_dist_05, s_dist_06, s_dist_07, s_dist_08,        s_dist_09, s_dist_10     FROM bmsql_stock     WHERE s_w_id = $1 AND s_i_id = $2 ","parameters: $1 = '1', $2 = '73'",,,,,,,,"","client backend"
2024-06-16 19:01:09.588 CST,"raingage","benchmark",54597,"127.0.0.1:48954",666ec5b9.d545,297,"UPDATE",2024-06-16 19:00:09 CST,6/22,0,LOG,00000,"execute S_7: UPDATE bmsql_stock     SET s_quantity = $1, s_ytd = s_ytd + $2,         s_order_cnt = s_order_cnt + 1,         s_remote_cnt = s_remote_cnt + $3     WHERE s_w_id = $4 AND s_i_id = $5","parameters: $1 = '57', $2 = '3', $3 = '0', $4 = '1', $5 = '73'",,,,,,,,"","client backend"
2024-06-16 19:01:09.608 CST,"raingage","benchmark",54597,"127.0.0.1:48954",666ec5b9.d545,298,"COMMIT",2024-06-16 19:00:09 CST,6/22,115357,LOG,00000,"execute S_2: COMMIT",,,,,,,,,"","client backend"
2024-06-16 19:01:09.609 CST,"raingage","benchmark",54597,"127.0.0.1:48954",666ec5b9.d545,299,"COMMIT",2024-06-16 19:00:09 CST,6/0,115357,WARNING,01000,"registered snapshots seem to remain after cleanup",,,,,,,,,"","client backend"
2024-06-16 19:01:09.623 CST,"raingage","benchmark",54597,"127.0.0.1:48954",666ec5b9.d545,300,"BEGIN",2024-06-16 19:00:09 CST,6/23,0,LOG,00000,"execute S_3: BEGIN",,,,,,,,,"","client backend"
2024-06-16 19:01:09.640 CST,"raingage","benchmark",54597,"127.0.0.1:48954",666ec5b9.d545,301,"SELECT",2024-06-16 19:00:09 CST,6/23,0,LOG,00000,"execute S_4: SELECT d_tax, d_next_o_id     FROM bmsql_district     WHERE d_w_id = $1 AND d_id = $2 ","parameters: $1 = '1', $2 = '2'",,,,,,,,"","client backend"
2024-06-16 19:01:09.710 CST,"raingage","benchmark",54597,"127.0.0.1:48954",666ec5b9.d545,302,"SELECT",2024-06-16 19:00:09 CST,6/23,0,LOG,00000,"execute S_1: SELECT c_discount, c_last, c_credit, w_tax     FROM bmsql_customer     JOIN bmsql_warehouse ON (w_id = c_w_id)     WHERE c_w_id = $1 AND c_d_id = $2 AND c_id = $3","parameters: $1 = '1', $2 = '2', $3 = '4'",,,,,,,,"","client backend"
2024-06-16 19:01:09.776 CST,"raingage","benchmark",54597,"127.0.0.1:48954",666ec5b9.d545,303,"SELECT",2024-06-16 19:00:09 CST,6/23,0,LOG,00000,"execute S_1: SELECT c_discount, c_last, c_credit, w_tax     FROM bmsql_customer     JOIN bmsql_warehouse ON (w_id = c_w_id)     WHERE c_w_id = $1 AND c_d_id = $2 AND c_id = $3","parameters: $1 = '1', $2 = '2', $3 = '4'",,,,,,,,"","client backend"
2024-06-16 19:01:09.844 CST,"raingage","benchmark",54597,"127.0.0.1:48954",666ec5b9.d545,304,"SELECT",2024-06-16 19:00:09 CST,6/23,0,LOG,00000,"execute S_1: SELECT c_discount, c_last, c_credit, w_tax     FROM bmsql_customer     JOIN bmsql_warehouse ON (w_id = c_w_id)     WHERE c_w_id = $1 AND c_d_id = $2 AND c_id = $3","parameters: $1 = '1', $2 = '2', $3 = '4'",,,,,,,,"","client backend"
2024-06-16 19:01:09.911 CST,"raingage","benchmark",54597,"127.0.0.1:48954",666ec5b9.d545,305,"SELECT",2024-06-16 19:00:09 CST,6/23,0,LOG,00000,"execute S_1: SELECT c_discount, c_last, c_credit, w_tax     FROM bmsql_customer     JOIN bmsql_warehouse ON (w_id = c_w_id)     WHERE c_w_id = $1 AND c_d_id = $2 AND c_id = $3","parameters: $1 = '1', $2 = '2', $3 = '4'",,,,,,,,"","client backend"
2024-06-16 19:01:09.964 CST,"raingage","benchmark",54597,"127.0.0.1:48954",666ec5b9.d545,306,"SELECT",2024-06-16 19:00:09 CST,6/23,0,LOG,00000,"execute S_1: SELECT c_discount, c_last, c_credit, w_tax     FROM bmsql_customer     JOIN bmsql_warehouse ON (w_id = c_w_id)     WHERE c_w_id = $1 AND c_d_id = $2 AND c_id = $3","parameters: $1 = '1', $2 = '2', $3 = '4'",,,,,,,,"","client backend"
2024-06-16 19:01:10.030 CST,"raingage","benchmark",54597,"127.0.0.1:48954",666ec5b9.d545,307,"SELECT",2024-06-16 19:00:09 CST,6/23,0,LOG,00000,"execute S_1: SELECT c_discount, c_last, c_credit, w_tax     FROM bmsql_customer     JOIN bmsql_warehouse ON (w_id = c_w_id)     WHERE c_w_id = $1 AND c_d_id = $2 AND c_id = $3","parameters: $1 = '1', $2 = '2', $3 = '4'",,,,,,,,"","client backend"
2024-06-16 19:01:10.093 CST,"raingage","benchmark",54597,"127.0.0.1:48954",666ec5b9.d545,308,"SELECT",2024-06-16 19:00:09 CST,6/23,0,LOG,00000,"execute S_1: SELECT c_discount, c_last, c_credit, w_tax     FROM bmsql_customer     JOIN bmsql_warehouse ON (w_id = c_w_id)     WHERE c_w_id = $1 AND c_d_id = $2 AND c_id = $3","parameters: $1 = '1', $2 = '2', $3 = '4'",,,,,,,,"","client backend"
2024-06-16 19:01:10.158 CST,"raingage","benchmark",54597,"127.0.0.1:48954",666ec5b9.d545,309,"SELECT",2024-06-16 19:00:09 CST,6/23,0,LOG,00000,"execute S_1: SELECT c_discount, c_last, c_credit, w_tax     FROM bmsql_customer     JOIN bmsql_warehouse ON (w_id = c_w_id)     WHERE c_w_id = $1 AND c_d_id = $2 AND c_id = $3","parameters: $1 = '1', $2 = '2', $3 = '4'",,,,,,,,"","client backend"
2024-06-16 19:01:10.179 CST,"raingage","benchmark",54597,"127.0.0.1:48954",666ec5b9.d545,310,"SELECT",2024-06-16 19:00:09 CST,6/23,0,LOG,00000,"execute S_5: SELECT i_price, i_name, i_data     FROM bmsql_item     WHERE i_id = $1","parameters: $1 = '52'",,,,,,,,"","client backend"
2024-06-16 19:01:10.194 CST,"raingage","benchmark",54597,"127.0.0.1:48954",666ec5b9.d545,311,"SELECT",2024-06-16 19:00:09 CST,6/23,0,LOG,00000,"execute S_6: SELECT s_quantity, s_data,        s_dist_01, s_dist_02, s_dist_03, s_dist_04,        s_dist_05, s_dist_06, s_dist_07, s_dist_08,        s_dist_09, s_dist_10     FROM bmsql_stock     WHERE s_w_id = $1 AND s_i_id = $2 ","parameters: $1 = '1', $2 = '52'",,,,,,,,"","client backend"
2024-06-16 19:01:10.214 CST,"raingage","benchmark",54597,"127.0.0.1:48954",666ec5b9.d545,312,"UPDATE",2024-06-16 19:00:09 CST,6/23,0,LOG,00000,"execute S_7: UPDATE bmsql_stock     SET s_quantity = $1, s_ytd = s_ytd + $2,         s_order_cnt = s_order_cnt + 1,         s_remote_cnt = s_remote_cnt + $3     WHERE s_w_id = $4 AND s_i_id = $5","parameters: $1 = '11', $2 = '3', $3 = '0', $4 = '1', $5 = '52'",,,,,,,,"","client backend"
2024-06-16 19:01:10.231 CST,"raingage","benchmark",54597,"127.0.0.1:48954",666ec5b9.d545,313,"COMMIT",2024-06-16 19:00:09 CST,6/23,115358,LOG,00000,"execute S_2: COMMIT",,,,,,,,,"","client backend"
2024-06-16 19:01:10.248 CST,"raingage","benchmark",54597,"127.0.0.1:48954",666ec5b9.d545,314,"BEGIN",2024-06-16 19:00:09 CST,6/24,0,LOG,00000,"execute S_3: BEGIN",,,,,,,,,"","client backend"
2024-06-16 19:01:10.265 CST,"raingage","benchmark",54597,"127.0.0.1:48954",666ec5b9.d545,315,"SELECT",2024-06-16 19:00:09 CST,6/24,0,LOG,00000,"execute S_4: SELECT d_tax, d_next_o_id     FROM bmsql_district     WHERE d_w_id = $1 AND d_id = $2 ","parameters: $1 = '1', $2 = '2'",,,,,,,,"","client backend"
2024-06-16 19:01:10.336 CST,"raingage","benchmark",54597,"127.0.0.1:48954",666ec5b9.d545,316,"SELECT",2024-06-16 19:00:09 CST,6/24,0,LOG,00000,"execute S_1: SELECT c_discount, c_last, c_credit, w_tax     FROM bmsql_customer     JOIN bmsql_warehouse ON (w_id = c_w_id)     WHERE c_w_id = $1 AND c_d_id = $2 AND c_id = $3","parameters: $1 = '1', $2 = '2', $3 = '94'",,,,,,,,"","client backend"
2024-06-16 19:01:10.404 CST,"raingage","benchmark",54597,"127.0.0.1:48954",666ec5b9.d545,317,"SELECT",2024-06-16 19:00:09 CST,6/24,0,LOG,00000,"execute S_1: SELECT c_discount, c_last, c_credit, w_tax     FROM bmsql_customer     JOIN bmsql_warehouse ON (w_id = c_w_id)     WHERE c_w_id = $1 AND c_d_id = $2 AND c_id = $3","parameters: $1 = '1', $2 = '2', $3 = '94'",,,,,,,,"","client backend"
2024-06-16 19:01:10.474 CST,"raingage","benchmark",54597,"127.0.0.1:48954",666ec5b9.d545,318,"SELECT",2024-06-16 19:00:09 CST,6/24,0,LOG,00000,"execute S_1: SELECT c_discount, c_last, c_credit, w_tax     FROM bmsql_customer     JOIN bmsql_warehouse ON (w_id = c_w_id)     WHERE c_w_id = $1 AND c_d_id = $2 AND c_id = $3","parameters: $1 = '1', $2 = '2', $3 = '94'",,,,,,,,"","client backend"
2024-06-16 19:01:10.543 CST,"raingage","benchmark",54597,"127.0.0.1:48954",666ec5b9.d545,319,"SELECT",2024-06-16 19:00:09 CST,6/24,0,LOG,00000,"execute S_1: SELECT c_discount, c_last, c_credit, w_tax     FROM bmsql_customer     JOIN bmsql_warehouse ON (w_id = c_w_id)     WHERE c_w_id = $1 AND c_d_id = $2 AND c_id = $3","parameters: $1 = '1', $2 = '2', $3 = '94'",,,,,,,,"","client backend"
2024-06-16 19:01:10.610 CST,"raingage","benchmark",54597,"127.0.0.1:48954",666ec5b9.d545,320,"SELECT",2024-06-16 19:00:09 CST,6/24,0,LOG,00000,"execute S_1: SELECT c_discount, c_last, c_credit, w_tax     FROM bmsql_customer     JOIN bmsql_warehouse ON (w_id = c_w_id)     WHERE c_w_id = $1 AND c_d_id = $2 AND c_id = $3","parameters: $1 = '1', $2 = '2', $3 = '94'",,,,,,,,"","client backend"
2024-06-16 19:01:10.678 CST,"raingage","benchmark",54597,"127.0.0.1:48954",666ec5b9.d545,321,"SELECT",2024-06-16 19:00:09 CST,6/24,0,LOG,00000,"execute S_1: SELECT c_discount, c_last, c_credit, w_tax     FROM bmsql_customer     JOIN bmsql_warehouse ON (w_id = c_w_id)     WHERE c_w_id = $1 AND c_d_id = $2 AND c_id = $3","parameters: $1 = '1', $2 = '2', $3 = '94'",,,,,,,,"","client backend"
2024-06-16 19:01:10.744 CST,"raingage","benchmark",54597,"127.0.0.1:48954",666ec5b9.d545,322,"SELECT",2024-06-16 19:00:09 CST,6/24,0,LOG,00000,"execute S_1: SELECT c_discount, c_last, c_credit, w_tax     FROM bmsql_customer     JOIN bmsql_warehouse ON (w_id = c_w_id)     WHERE c_w_id = $1 AND c_d_id = $2 AND c_id = $3","parameters: $1 = '1', $2 = '2', $3 = '94'",,,,,,,,"","client backend"
2024-06-16 19:01:10.810 CST,"raingage","benchmark",54597,"127.0.0.1:48954",666ec5b9.d545,323,"SELECT",2024-06-16 19:00:09 CST,6/24,0,LOG,00000,"execute S_1: SELECT c_discount, c_last, c_credit, w_tax     FROM bmsql_customer     JOIN bmsql_warehouse ON (w_id = c_w_id)     WHERE c_w_id = $1 AND c_d_id = $2 AND c_id = $3","parameters: $1 = '1', $2 = '2', $3 = '94'",,,,,,,,"","client backend"
2024-06-16 19:01:10.821 CST,"raingage","benchmark",54597,"127.0.0.1:48954",666ec5b9.d545,324,"SELECT",2024-06-16 19:00:09 CST,6/24,0,LOG,00000,"execute S_5: SELECT i_price, i_name, i_data     FROM bmsql_item     WHERE i_id = $1","parameters: $1 = '8'",,,,,,,,"","client backend"
2024-06-16 19:01:10.842 CST,"raingage","benchmark",54597,"127.0.0.1:48954",666ec5b9.d545,325,"SELECT",2024-06-16 19:00:09 CST,6/24,0,LOG,00000,"execute S_6: SELECT s_quantity, s_data,        s_dist_01, s_dist_02, s_dist_03, s_dist_04,        s_dist_05, s_dist_06, s_dist_07, s_dist_08,        s_dist_09, s_dist_10     FROM bmsql_stock     WHERE s_w_id = $1 AND s_i_id = $2 ","parameters: $1 = '1', $2 = '8'",,,,,,,,"","client backend"
2024-06-16 19:01:10.860 CST,"raingage","benchmark",54597,"127.0.0.1:48954",666ec5b9.d545,326,"UPDATE",2024-06-16 19:00:09 CST,6/24,0,LOG,00000,"execute S_7: UPDATE bmsql_stock     SET s_quantity = $1, s_ytd = s_ytd + $2,         s_order_cnt = s_order_cnt + 1,         s_remote_cnt = s_remote_cnt + $3     WHERE s_w_id = $4 AND s_i_id = $5","parameters: $1 = '41', $2 = '2', $3 = '0', $4 = '1', $5 = '8'",,,,,,,,"","client backend"
2024-06-16 19:01:10.880 CST,"raingage","benchmark",54597,"127.0.0.1:48954",666ec5b9.d545,327,"COMMIT",2024-06-16 19:00:09 CST,6/24,115359,LOG,00000,"execute S_2: COMMIT",,,,,,,,,"","client backend"
2024-06-16 19:01:10.894 CST,"raingage","benchmark",54597,"127.0.0.1:48954",666ec5b9.d545,328,"BEGIN",2024-06-16 19:00:09 CST,6/25,0,LOG,00000,"execute S_3: BEGIN",,,,,,,,,"","client backend"
2024-06-16 19:01:10.906 CST,"raingage","benchmark",54597,"127.0.0.1:48954",666ec5b9.d545,329,"SELECT",2024-06-16 19:00:09 CST,6/25,0,LOG,00000,"execute S_4: SELECT d_tax, d_next_o_id     FROM bmsql_district     WHERE d_w_id = $1 AND d_id = $2 ","parameters: $1 = '1', $2 = '2'",,,,,,,,"","client backend"
2024-06-16 19:01:10.973 CST,"raingage","benchmark",54597,"127.0.0.1:48954",666ec5b9.d545,330,"SELECT",2024-06-16 19:00:09 CST,6/25,0,LOG,00000,"execute S_1: SELECT c_discount, c_last, c_credit, w_tax     FROM bmsql_customer     JOIN bmsql_warehouse ON (w_id = c_w_id)     WHERE c_w_id = $1 AND c_d_id = $2 AND c_id = $3","parameters: $1 = '1', $2 = '2', $3 = '51'",,,,,,,,"","client backend"
2024-06-16 19:01:11.038 CST,"raingage","benchmark",54597,"127.0.0.1:48954",666ec5b9.d545,331,"SELECT",2024-06-16 19:00:09 CST,6/25,0,LOG,00000,"execute S_1: SELECT c_discount, c_last, c_credit, w_tax     FROM bmsql_customer     JOIN bmsql_warehouse ON (w_id = c_w_id)     WHERE c_w_id = $1 AND c_d_id = $2 AND c_id = $3","parameters: $1 = '1', $2 = '2', $3 = '51'",,,,,,,,"","client backend"
2024-06-16 19:01:11.108 CST,"raingage","benchmark",54597,"127.0.0.1:48954",666ec5b9.d545,332,"SELECT",2024-06-16 19:00:09 CST,6/25,0,LOG,00000,"execute S_1: SELECT c_discount, c_last, c_credit, w_tax     FROM bmsql_customer     JOIN bmsql_warehouse ON (w_id = c_w_id)     WHERE c_w_id = $1 AND c_d_id = $2 AND c_id = $3","parameters: $1 = '1', $2 = '2', $3 = '51'",,,,,,,,"","client backend"
2024-06-16 19:01:11.175 CST,"raingage","benchmark",54597,"127.0.0.1:48954",666ec5b9.d545,333,"SELECT",2024-06-16 19:00:09 CST,6/25,0,LOG,00000,"execute S_1: SELECT c_discount, c_last, c_credit, w_tax     FROM bmsql_customer     JOIN bmsql_warehouse ON (w_id = c_w_id)     WHERE c_w_id = $1 AND c_d_id = $2 AND c_id = $3","parameters: $1 = '1', $2 = '2', $3 = '51'",,,,,,,,"","client backend"
2024-06-16 19:01:11.243 CST,"raingage","benchmark",54597,"127.0.0.1:48954",666ec5b9.d545,334,"SELECT",2024-06-16 19:00:09 CST,6/25,0,LOG,00000,"execute S_1: SELECT c_discount, c_last, c_credit, w_tax     FROM bmsql_customer     JOIN bmsql_warehouse ON (w_id = c_w_id)     WHERE c_w_id = $1 AND c_d_id = $2 AND c_id = $3","parameters: $1 = '1', $2 = '2', $3 = '51'",,,,,,,,"","client backend"
2024-06-16 19:01:11.310 CST,"raingage","benchmark",54597,"127.0.0.1:48954",666ec5b9.d545,335,"SELECT",2024-06-16 19:00:09 CST,6/25,0,LOG,00000,"execute S_1: SELECT c_discount, c_last, c_credit, w_tax     FROM bmsql_customer     JOIN bmsql_warehouse ON (w_id = c_w_id)     WHERE c_w_id = $1 AND c_d_id = $2 AND c_id = $3","parameters: $1 = '1', $2 = '2', $3 = '51'",,,,,,,,"","client backend"
2024-06-16 19:01:11.316 CST,"raingage","benchmark",54595,"127.0.0.1:48950",666ec5b9.d543,338,"BEGIN",2024-06-16 19:00:09 CST,4/26,0,LOG,00000,"execute S_3: BEGIN",,,,,,,,,"","client backend"
2024-06-16 19:01:11.330 CST,"raingage","benchmark",54595,"127.0.0.1:48950",666ec5b9.d543,339,"SELECT",2024-06-16 19:00:09 CST,4/26,0,LOG,00000,"execute S_4: SELECT d_tax, d_next_o_id     FROM bmsql_district     WHERE d_w_id = $1 AND d_id = $2 ","parameters: $1 = '1', $2 = '2'",,,,,,,,"","client backend"
2024-06-16 19:01:11.374 CST,"raingage","benchmark",54597,"127.0.0.1:48954",666ec5b9.d545,336,"SELECT",2024-06-16 19:00:09 CST,6/25,0,LOG,00000,"execute S_1: SELECT c_discount, c_last, c_credit, w_tax     FROM bmsql_customer     JOIN bmsql_warehouse ON (w_id = c_w_id)     WHERE c_w_id = $1 AND c_d_id = $2 AND c_id = $3","parameters: $1 = '1', $2 = '2', $3 = '51'",,,,,,,,"","client backend"
2024-06-16 19:01:11.399 CST,"raingage","benchmark",54595,"127.0.0.1:48950",666ec5b9.d543,340,"SELECT",2024-06-16 19:00:09 CST,4/26,0,LOG,00000,"execute S_1: SELECT c_discount, c_last, c_credit, w_tax     FROM bmsql_customer     JOIN bmsql_warehouse ON (w_id = c_w_id)     WHERE c_w_id = $1 AND c_d_id = $2 AND c_id = $3","parameters: $1 = '1', $2 = '2', $3 = '16'",,,,,,,,"","client backend"
2024-06-16 19:01:11.444 CST,"raingage","benchmark",54597,"127.0.0.1:48954",666ec5b9.d545,337,"SELECT",2024-06-16 19:00:09 CST,6/25,0,LOG,00000,"execute S_1: SELECT c_discount, c_last, c_credit, w_tax     FROM bmsql_customer     JOIN bmsql_warehouse ON (w_id = c_w_id)     WHERE c_w_id = $1 AND c_d_id = $2 AND c_id = $3","parameters: $1 = '1', $2 = '2', $3 = '51'",,,,,,,,"","client backend"
2024-06-16 19:01:11.464 CST,"raingage","benchmark",54597,"127.0.0.1:48954",666ec5b9.d545,338,"SELECT",2024-06-16 19:00:09 CST,6/25,0,LOG,00000,"execute S_5: SELECT i_price, i_name, i_data     FROM bmsql_item     WHERE i_id = $1","parameters: $1 = '49'",,,,,,,,"","client backend"
2024-06-16 19:01:11.466 CST,"raingage","benchmark",54595,"127.0.0.1:48950",666ec5b9.d543,341,"SELECT",2024-06-16 19:00:09 CST,4/26,0,LOG,00000,"execute S_1: SELECT c_discount, c_last, c_credit, w_tax     FROM bmsql_customer     JOIN bmsql_warehouse ON (w_id = c_w_id)     WHERE c_w_id = $1 AND c_d_id = $2 AND c_id = $3","parameters: $1 = '1', $2 = '2', $3 = '16'",,,,,,,,"","client backend"
2024-06-16 19:01:11.479 CST,"raingage","benchmark",54597,"127.0.0.1:48954",666ec5b9.d545,339,"SELECT",2024-06-16 19:00:09 CST,6/25,0,LOG,00000,"execute S_6: SELECT s_quantity, s_data,        s_dist_01, s_dist_02, s_dist_03, s_dist_04,        s_dist_05, s_dist_06, s_dist_07, s_dist_08,        s_dist_09, s_dist_10     FROM bmsql_stock     WHERE s_w_id = $1 AND s_i_id = $2 ","parameters: $1 = '1', $2 = '49'",,,,,,,,"","client backend"
2024-06-16 19:01:11.493 CST,"raingage","benchmark",54597,"127.0.0.1:48954",666ec5b9.d545,340,"UPDATE",2024-06-16 19:00:09 CST,6/25,0,LOG,00000,"execute S_7: UPDATE bmsql_stock     SET s_quantity = $1, s_ytd = s_ytd + $2,         s_order_cnt = s_order_cnt + 1,         s_remote_cnt = s_remote_cnt + $3     WHERE s_w_id = $4 AND s_i_id = $5","parameters: $1 = '38', $2 = '2', $3 = '0', $4 = '1', $5 = '49'",,,,,,,,"","client backend"
2024-06-16 19:01:11.506 CST,"raingage","benchmark",54597,"127.0.0.1:48954",666ec5b9.d545,341,"COMMIT",2024-06-16 19:00:09 CST,6/25,115360,LOG,00000,"execute S_2: COMMIT",,,,,,,,,"","client backend"
2024-06-16 19:01:11.525 CST,"raingage","benchmark",54597,"127.0.0.1:48954",666ec5b9.d545,342,"BEGIN",2024-06-16 19:00:09 CST,6/26,0,LOG,00000,"execute S_3: BEGIN",,,,,,,,,"","client backend"
2024-06-16 19:01:11.529 CST,"raingage","benchmark",54595,"127.0.0.1:48950",666ec5b9.d543,342,"SELECT",2024-06-16 19:00:09 CST,4/26,0,LOG,00000,"execute S_1: SELECT c_discount, c_last, c_credit, w_tax     FROM bmsql_customer     JOIN bmsql_warehouse ON (w_id = c_w_id)     WHERE c_w_id = $1 AND c_d_id = $2 AND c_id = $3","parameters: $1 = '1', $2 = '2', $3 = '16'",,,,,,,,"","client backend"
2024-06-16 19:01:11.538 CST,"raingage","benchmark",54597,"127.0.0.1:48954",666ec5b9.d545,343,"SELECT",2024-06-16 19:00:09 CST,6/26,0,LOG,00000,"execute S_4: SELECT d_tax, d_next_o_id     FROM bmsql_district     WHERE d_w_id = $1 AND d_id = $2 ","parameters: $1 = '1', $2 = '2'",,,,,,,,"","client backend"
2024-06-16 19:01:11.599 CST,"raingage","benchmark",54595,"127.0.0.1:48950",666ec5b9.d543,343,"SELECT",2024-06-16 19:00:09 CST,4/26,0,LOG,00000,"execute S_1: SELECT c_discount, c_last, c_credit, w_tax     FROM bmsql_customer     JOIN bmsql_warehouse ON (w_id = c_w_id)     WHERE c_w_id = $1 AND c_d_id = $2 AND c_id = $3","parameters: $1 = '1', $2 = '2', $3 = '16'",,,,,,,,"","client backend"
2024-06-16 19:01:11.607 CST,"raingage","benchmark",54597,"127.0.0.1:48954",666ec5b9.d545,344,"SELECT",2024-06-16 19:00:09 CST,6/26,0,LOG,00000,"execute S_1: SELECT c_discount, c_last, c_credit, w_tax     FROM bmsql_customer     JOIN bmsql_warehouse ON (w_id = c_w_id)     WHERE c_w_id = $1 AND c_d_id = $2 AND c_id = $3","parameters: $1 = '1', $2 = '2', $3 = '51'",,,,,,,,"","client backend"
2024-06-16 19:01:11.669 CST,"raingage","benchmark",54595,"127.0.0.1:48950",666ec5b9.d543,344,"SELECT",2024-06-16 19:00:09 CST,4/26,0,LOG,00000,"execute S_1: SELECT c_discount, c_last, c_credit, w_tax     FROM bmsql_customer     JOIN bmsql_warehouse ON (w_id = c_w_id)     WHERE c_w_id = $1 AND c_d_id = $2 AND c_id = $3","parameters: $1 = '1', $2 = '2', $3 = '16'",,,,,,,,"","client backend"
2024-06-16 19:01:11.677 CST,"raingage","benchmark",54597,"127.0.0.1:48954",666ec5b9.d545,345,"SELECT",2024-06-16 19:00:09 CST,6/26,0,LOG,00000,"execute S_1: SELECT c_discount, c_last, c_credit, w_tax     FROM bmsql_customer     JOIN bmsql_warehouse ON (w_id = c_w_id)     WHERE c_w_id = $1 AND c_d_id = $2 AND c_id = $3","parameters: $1 = '1', $2 = '2', $3 = '51'",,,,,,,,"","client backend"
2024-06-16 19:01:11.732 CST,"raingage","benchmark",54595,"127.0.0.1:48950",666ec5b9.d543,345,"SELECT",2024-06-16 19:00:09 CST,4/26,0,LOG,00000,"execute S_1: SELECT c_discount, c_last, c_credit, w_tax     FROM bmsql_customer     JOIN bmsql_warehouse ON (w_id = c_w_id)     WHERE c_w_id = $1 AND c_d_id = $2 AND c_id = $3","parameters: $1 = '1', $2 = '2', $3 = '16'",,,,,,,,"","client backend"
2024-06-16 19:01:11.748 CST,"raingage","benchmark",54597,"127.0.0.1:48954",666ec5b9.d545,346,"SELECT",2024-06-16 19:00:09 CST,6/26,0,LOG,00000,"execute S_1: SELECT c_discount, c_last, c_credit, w_tax     FROM bmsql_customer     JOIN bmsql_warehouse ON (w_id = c_w_id)     WHERE c_w_id = $1 AND c_d_id = $2 AND c_id = $3","parameters: $1 = '1', $2 = '2', $3 = '51'",,,,,,,,"","client backend"
2024-06-16 19:01:11.801 CST,"raingage","benchmark",54595,"127.0.0.1:48950",666ec5b9.d543,346,"SELECT",2024-06-16 19:00:09 CST,4/26,0,LOG,00000,"execute S_1: SELECT c_discount, c_last, c_credit, w_tax     FROM bmsql_customer     JOIN bmsql_warehouse ON (w_id = c_w_id)     WHERE c_w_id = $1 AND c_d_id = $2 AND c_id = $3","parameters: $1 = '1', $2 = '2', $3 = '16'",,,,,,,,"","client backend"
2024-06-16 19:01:11.815 CST,"raingage","benchmark",54597,"127.0.0.1:48954",666ec5b9.d545,347,"SELECT",2024-06-16 19:00:09 CST,6/26,0,LOG,00000,"execute S_1: SELECT c_discount, c_last, c_credit, w_tax     FROM bmsql_customer     JOIN bmsql_warehouse ON (w_id = c_w_id)     WHERE c_w_id = $1 AND c_d_id = $2 AND c_id = $3","parameters: $1 = '1', $2 = '2', $3 = '51'",,,,,,,,"","client backend"
2024-06-16 19:01:11.870 CST,"raingage","benchmark",54595,"127.0.0.1:48950",666ec5b9.d543,347,"SELECT",2024-06-16 19:00:09 CST,4/26,0,LOG,00000,"execute S_1: SELECT c_discount, c_last, c_credit, w_tax     FROM bmsql_customer     JOIN bmsql_warehouse ON (w_id = c_w_id)     WHERE c_w_id = $1 AND c_d_id = $2 AND c_id = $3","parameters: $1 = '1', $2 = '2', $3 = '16'",,,,,,,,"","client backend"
2024-06-16 19:01:11.883 CST,"raingage","benchmark",54597,"127.0.0.1:48954",666ec5b9.d545,348,"SELECT",2024-06-16 19:00:09 CST,6/26,0,LOG,00000,"execute S_1: SELECT c_discount, c_last, c_credit, w_tax     FROM bmsql_customer     JOIN bmsql_warehouse ON (w_id = c_w_id)     WHERE c_w_id = $1 AND c_d_id = $2 AND c_id = $3","parameters: $1 = '1', $2 = '2', $3 = '51'",,,,,,,,"","client backend"
2024-06-16 19:01:11.884 CST,"raingage","benchmark",54595,"127.0.0.1:48950",666ec5b9.d543,348,"SELECT",2024-06-16 19:00:09 CST,4/26,0,LOG,00000,"execute S_5: SELECT i_price, i_name, i_data     FROM bmsql_item     WHERE i_id = $1","parameters: $1 = '83'",,,,,,,,"","client backend"
2024-06-16 19:01:11.904 CST,"raingage","benchmark",54595,"127.0.0.1:48950",666ec5b9.d543,349,"SELECT",2024-06-16 19:00:09 CST,4/26,0,LOG,00000,"execute S_6: SELECT s_quantity, s_data,        s_dist_01, s_dist_02, s_dist_03, s_dist_04,        s_dist_05, s_dist_06, s_dist_07, s_dist_08,        s_dist_09, s_dist_10     FROM bmsql_stock     WHERE s_w_id = $1 AND s_i_id = $2 ","parameters: $1 = '1', $2 = '83'",,,,,,,,"","client backend"
2024-06-16 19:01:11.922 CST,"raingage","benchmark",54595,"127.0.0.1:48950",666ec5b9.d543,350,"UPDATE",2024-06-16 19:00:09 CST,4/26,0,LOG,00000,"execute S_7: UPDATE bmsql_stock     SET s_quantity = $1, s_ytd = s_ytd + $2,         s_order_cnt = s_order_cnt + 1,         s_remote_cnt = s_remote_cnt + $3     WHERE s_w_id = $4 AND s_i_id = $5","parameters: $1 = '67', $2 = '2', $3 = '0', $4 = '1', $5 = '83'",,,,,,,,"","client backend"
2024-06-16 19:01:11.943 CST,"raingage","benchmark",54595,"127.0.0.1:48950",666ec5b9.d543,351,"COMMIT",2024-06-16 19:00:09 CST,4/26,115361,LOG,00000,"execute S_2: COMMIT",,,,,,,,,"","client backend"
2024-06-16 19:01:11.953 CST,"raingage","benchmark",54597,"127.0.0.1:48954",666ec5b9.d545,349,"SELECT",2024-06-16 19:00:09 CST,6/26,0,LOG,00000,"execute S_1: SELECT c_discount, c_last, c_credit, w_tax     FROM bmsql_customer     JOIN bmsql_warehouse ON (w_id = c_w_id)     WHERE c_w_id = $1 AND c_d_id = $2 AND c_id = $3","parameters: $1 = '1', $2 = '2', $3 = '51'",,,,,,,,"","client backend"
2024-06-16 19:01:11.960 CST,"raingage","benchmark",54595,"127.0.0.1:48950",666ec5b9.d543,352,"BEGIN",2024-06-16 19:00:09 CST,4/27,0,LOG,00000,"execute S_3: BEGIN",,,,,,,,,"","client backend"
2024-06-16 19:01:11.974 CST,"raingage","benchmark",54595,"127.0.0.1:48950",666ec5b9.d543,353,"SELECT",2024-06-16 19:00:09 CST,4/27,0,LOG,00000,"execute S_4: SELECT d_tax, d_next_o_id     FROM bmsql_district     WHERE d_w_id = $1 AND d_id = $2 ","parameters: $1 = '1', $2 = '2'",,,,,,,,"","client backend"
2024-06-16 19:01:12.017 CST,"raingage","benchmark",54597,"127.0.0.1:48954",666ec5b9.d545,350,"SELECT",2024-06-16 19:00:09 CST,6/26,0,LOG,00000,"execute S_1: SELECT c_discount, c_last, c_credit, w_tax     FROM bmsql_customer     JOIN bmsql_warehouse ON (w_id = c_w_id)     WHERE c_w_id = $1 AND c_d_id = $2 AND c_id = $3","parameters: $1 = '1', $2 = '2', $3 = '51'",,,,,,,,"","client backend"
2024-06-16 19:01:12.040 CST,"raingage","benchmark",54595,"127.0.0.1:48950",666ec5b9.d543,354,"SELECT",2024-06-16 19:00:09 CST,4/27,0,LOG,00000,"execute S_1: SELECT c_discount, c_last, c_credit, w_tax     FROM bmsql_customer     JOIN bmsql_warehouse ON (w_id = c_w_id)     WHERE c_w_id = $1 AND c_d_id = $2 AND c_id = $3","parameters: $1 = '1', $2 = '2', $3 = '24'",,,,,,,,"","client backend"
2024-06-16 19:01:12.082 CST,"raingage","benchmark",54597,"127.0.0.1:48954",666ec5b9.d545,351,"SELECT",2024-06-16 19:00:09 CST,6/26,0,LOG,00000,"execute S_1: SELECT c_discount, c_last, c_credit, w_tax     FROM bmsql_customer     JOIN bmsql_warehouse ON (w_id = c_w_id)     WHERE c_w_id = $1 AND c_d_id = $2 AND c_id = $3","parameters: $1 = '1', $2 = '2', $3 = '51'",,,,,,,,"","client backend"
2024-06-16 19:01:12.098 CST,"raingage","benchmark",54597,"127.0.0.1:48954",666ec5b9.d545,352,"SELECT",2024-06-16 19:00:09 CST,6/26,0,LOG,00000,"execute S_5: SELECT i_price, i_name, i_data     FROM bmsql_item     WHERE i_id = $1","parameters: $1 = '49'",,,,,,,,"","client backend"
2024-06-16 19:01:12.111 CST,"raingage","benchmark",54595,"127.0.0.1:48950",666ec5b9.d543,355,"SELECT",2024-06-16 19:00:09 CST,4/27,0,LOG,00000,"execute S_1: SELECT c_discount, c_last, c_credit, w_tax     FROM bmsql_customer     JOIN bmsql_warehouse ON (w_id = c_w_id)     WHERE c_w_id = $1 AND c_d_id = $2 AND c_id = $3","parameters: $1 = '1', $2 = '2', $3 = '24'",,,,,,,,"","client backend"
2024-06-16 19:01:12.117 CST,"raingage","benchmark",54597,"127.0.0.1:48954",666ec5b9.d545,353,"SELECT",2024-06-16 19:00:09 CST,6/26,0,LOG,00000,"execute S_6: SELECT s_quantity, s_data,        s_dist_01, s_dist_02, s_dist_03, s_dist_04,        s_dist_05, s_dist_06, s_dist_07, s_dist_08,        s_dist_09, s_dist_10     FROM bmsql_stock     WHERE s_w_id = $1 AND s_i_id = $2 ","parameters: $1 = '1', $2 = '49'",,,,,,,,"","client backend"
2024-06-16 19:01:12.136 CST,"raingage","benchmark",54597,"127.0.0.1:48954",666ec5b9.d545,354,"UPDATE",2024-06-16 19:00:09 CST,6/26,0,LOG,00000,"execute S_7: UPDATE bmsql_stock     SET s_quantity = $1, s_ytd = s_ytd + $2,         s_order_cnt = s_order_cnt + 1,         s_remote_cnt = s_remote_cnt + $3     WHERE s_w_id = $4 AND s_i_id = $5","parameters: $1 = '36', $2 = '2', $3 = '0', $4 = '1', $5 = '49'",,,,,,,,"","client backend"
2024-06-16 19:01:12.152 CST,"raingage","benchmark",54597,"127.0.0.1:48954",666ec5b9.d545,355,"COMMIT",2024-06-16 19:00:09 CST,6/26,115362,LOG,00000,"execute S_2: COMMIT",,,,,,,,,"","client backend"
2024-06-16 19:01:12.173 CST,"raingage","benchmark",54597,"127.0.0.1:48954",666ec5b9.d545,356,"BEGIN",2024-06-16 19:00:09 CST,6/27,0,LOG,00000,"execute S_3: BEGIN",,,,,,,,,"","client backend"
2024-06-16 19:01:12.177 CST,"raingage","benchmark",54595,"127.0.0.1:48950",666ec5b9.d543,356,"SELECT",2024-06-16 19:00:09 CST,4/27,0,LOG,00000,"execute S_1: SELECT c_discount, c_last, c_credit, w_tax     FROM bmsql_customer     JOIN bmsql_warehouse ON (w_id = c_w_id)     WHERE c_w_id = $1 AND c_d_id = $2 AND c_id = $3","parameters: $1 = '1', $2 = '2', $3 = '24'",,,,,,,,"","client backend"
2024-06-16 19:01:12.190 CST,"raingage","benchmark",54597,"127.0.0.1:48954",666ec5b9.d545,357,"SELECT",2024-06-16 19:00:09 CST,6/27,0,LOG,00000,"execute S_4: SELECT d_tax, d_next_o_id     FROM bmsql_district     WHERE d_w_id = $1 AND d_id = $2 ","parameters: $1 = '1', $2 = '2'",,,,,,,,"","client backend"
2024-06-16 19:01:12.243 CST,"raingage","benchmark",54595,"127.0.0.1:48950",666ec5b9.d543,357,"SELECT",2024-06-16 19:00:09 CST,4/27,0,LOG,00000,"execute S_1: SELECT c_discount, c_last, c_credit, w_tax     FROM bmsql_customer     JOIN bmsql_warehouse ON (w_id = c_w_id)     WHERE c_w_id = $1 AND c_d_id = $2 AND c_id = $3","parameters: $1 = '1', $2 = '2', $3 = '24'",,,,,,,,"","client backend"
2024-06-16 19:01:12.310 CST,"raingage","benchmark",54595,"127.0.0.1:48950",666ec5b9.d543,358,"SELECT",2024-06-16 19:00:09 CST,4/27,0,LOG,00000,"execute S_1: SELECT c_discount, c_last, c_credit, w_tax     FROM bmsql_customer     JOIN bmsql_warehouse ON (w_id = c_w_id)     WHERE c_w_id = $1 AND c_d_id = $2 AND c_id = $3","parameters: $1 = '1', $2 = '2', $3 = '24'",,,,,,,,"","client backend"
2024-06-16 19:01:12.380 CST,"raingage","benchmark",54595,"127.0.0.1:48950",666ec5b9.d543,359,"SELECT",2024-06-16 19:00:09 CST,4/27,0,LOG,00000,"execute S_1: SELECT c_discount, c_last, c_credit, w_tax     FROM bmsql_customer     JOIN bmsql_warehouse ON (w_id = c_w_id)     WHERE c_w_id = $1 AND c_d_id = $2 AND c_id = $3","parameters: $1 = '1', $2 = '2', $3 = '24'",,,,,,,,"","client backend"
2024-06-16 19:01:12.446 CST,"raingage","benchmark",54595,"127.0.0.1:48950",666ec5b9.d543,360,"SELECT",2024-06-16 19:00:09 CST,4/27,0,LOG,00000,"execute S_1: SELECT c_discount, c_last, c_credit, w_tax     FROM bmsql_customer     JOIN bmsql_warehouse ON (w_id = c_w_id)     WHERE c_w_id = $1 AND c_d_id = $2 AND c_id = $3","parameters: $1 = '1', $2 = '2', $3 = '24'",,,,,,,,"","client backend"
2024-06-16 19:01:12.514 CST,"raingage","benchmark",54595,"127.0.0.1:48950",666ec5b9.d543,361,"SELECT",2024-06-16 19:00:09 CST,4/27,0,LOG,00000,"execute S_1: SELECT c_discount, c_last, c_credit, w_tax     FROM bmsql_customer     JOIN bmsql_warehouse ON (w_id = c_w_id)     WHERE c_w_id = $1 AND c_d_id = $2 AND c_id = $3","parameters: $1 = '1', $2 = '2', $3 = '24'",,,,,,,,"","client backend"
2024-06-16 19:01:12.528 CST,"raingage","benchmark",54595,"127.0.0.1:48950",666ec5b9.d543,362,"SELECT",2024-06-16 19:00:09 CST,4/27,0,LOG,00000,"execute S_5: SELECT i_price, i_name, i_data     FROM bmsql_item     WHERE i_id = $1","parameters: $1 = '39'",,,,,,,,"","client backend"
2024-06-16 19:01:12.545 CST,"raingage","benchmark",54595,"127.0.0.1:48950",666ec5b9.d543,363,"SELECT",2024-06-16 19:00:09 CST,4/27,0,LOG,00000,"execute S_6: SELECT s_quantity, s_data,        s_dist_01, s_dist_02, s_dist_03, s_dist_04,        s_dist_05, s_dist_06, s_dist_07, s_dist_08,        s_dist_09, s_dist_10     FROM bmsql_stock     WHERE s_w_id = $1 AND s_i_id = $2 ","parameters: $1 = '1', $2 = '39'",,,,,,,,"","client backend"
2024-06-16 19:01:12.563 CST,"raingage","benchmark",54595,"127.0.0.1:48950",666ec5b9.d543,364,"UPDATE",2024-06-16 19:00:09 CST,4/27,0,LOG,00000,"execute S_7: UPDATE bmsql_stock     SET s_quantity = $1, s_ytd = s_ytd + $2,         s_order_cnt = s_order_cnt + 1,         s_remote_cnt = s_remote_cnt + $3     WHERE s_w_id = $4 AND s_i_id = $5","parameters: $1 = '40', $2 = '2', $3 = '0', $4 = '1', $5 = '39'",,,,,,,,"","client backend"
2024-06-16 19:01:12.576 CST,"raingage","benchmark",54595,"127.0.0.1:48950",666ec5b9.d543,365,"COMMIT",2024-06-16 19:00:09 CST,4/27,115363,LOG,00000,"execute S_2: COMMIT",,,,,,,,,"","client backend"
2024-06-16 19:01:12.576 CST,"raingage","benchmark",54597,"127.0.0.1:48954",666ec5b9.d545,358,"SELECT",2024-06-16 19:00:09 CST,6/27,0,LOG,00000,"execute S_1: SELECT c_discount, c_last, c_credit, w_tax     FROM bmsql_customer     JOIN bmsql_warehouse ON (w_id = c_w_id)     WHERE c_w_id = $1 AND c_d_id = $2 AND c_id = $3","parameters: $1 = '1', $2 = '2', $3 = '24'",,,,,,,,"","client backend"
2024-06-16 19:01:12.598 CST,"raingage","benchmark",54595,"127.0.0.1:48950",666ec5b9.d543,366,"BEGIN",2024-06-16 19:00:09 CST,4/28,0,LOG,00000,"execute S_3: BEGIN",,,,,,,,,"","client backend"
2024-06-16 19:01:12.612 CST,"raingage","benchmark",54595,"127.0.0.1:48950",666ec5b9.d543,367,"SELECT",2024-06-16 19:00:09 CST,4/28,0,LOG,00000,"execute S_4: SELECT d_tax, d_next_o_id     FROM bmsql_district     WHERE d_w_id = $1 AND d_id = $2 ","parameters: $1 = '1', $2 = '2'",,,,,,,,"","client backend"
2024-06-16 19:01:12.640 CST,"raingage","benchmark",54597,"127.0.0.1:48954",666ec5b9.d545,359,"SELECT",2024-06-16 19:00:09 CST,6/27,0,LOG,00000,"execute S_1: SELECT c_discount, c_last, c_credit, w_tax     FROM bmsql_customer     JOIN bmsql_warehouse ON (w_id = c_w_id)     WHERE c_w_id = $1 AND c_d_id = $2 AND c_id = $3","parameters: $1 = '1', $2 = '2', $3 = '24'",,,,,,,,"","client backend"
2024-06-16 19:01:12.675 CST,"raingage","benchmark",54595,"127.0.0.1:48950",666ec5b9.d543,368,"SELECT",2024-06-16 19:00:09 CST,4/28,0,LOG,00000,"execute S_1: SELECT c_discount, c_last, c_credit, w_tax     FROM bmsql_customer     JOIN bmsql_warehouse ON (w_id = c_w_id)     WHERE c_w_id = $1 AND c_d_id = $2 AND c_id = $3","parameters: $1 = '1', $2 = '2', $3 = '55'",,,,,,,,"","client backend"
2024-06-16 19:01:12.708 CST,"raingage","benchmark",54597,"127.0.0.1:48954",666ec5b9.d545,360,"SELECT",2024-06-16 19:00:09 CST,6/27,0,LOG,00000,"execute S_1: SELECT c_discount, c_last, c_credit, w_tax     FROM bmsql_customer     JOIN bmsql_warehouse ON (w_id = c_w_id)     WHERE c_w_id = $1 AND c_d_id = $2 AND c_id = $3","parameters: $1 = '1', $2 = '2', $3 = '24'",,,,,,,,"","client backend"
2024-06-16 19:01:12.745 CST,"raingage","benchmark",54595,"127.0.0.1:48950",666ec5b9.d543,369,"SELECT",2024-06-16 19:00:09 CST,4/28,0,LOG,00000,"execute S_1: SELECT c_discount, c_last, c_credit, w_tax     FROM bmsql_customer     JOIN bmsql_warehouse ON (w_id = c_w_id)     WHERE c_w_id = $1 AND c_d_id = $2 AND c_id = $3","parameters: $1 = '1', $2 = '2', $3 = '55'",,,,,,,,"","client backend"
2024-06-16 19:01:12.771 CST,"raingage","benchmark",54597,"127.0.0.1:48954",666ec5b9.d545,361,"SELECT",2024-06-16 19:00:09 CST,6/27,0,LOG,00000,"execute S_1: SELECT c_discount, c_last, c_credit, w_tax     FROM bmsql_customer     JOIN bmsql_warehouse ON (w_id = c_w_id)     WHERE c_w_id = $1 AND c_d_id = $2 AND c_id = $3","parameters: $1 = '1', $2 = '2', $3 = '24'",,,,,,,,"","client backend"
2024-06-16 19:01:12.815 CST,"raingage","benchmark",54595,"127.0.0.1:48950",666ec5b9.d543,370,"SELECT",2024-06-16 19:00:09 CST,4/28,0,LOG,00000,"execute S_1: SELECT c_discount, c_last, c_credit, w_tax     FROM bmsql_customer     JOIN bmsql_warehouse ON (w_id = c_w_id)     WHERE c_w_id = $1 AND c_d_id = $2 AND c_id = $3","parameters: $1 = '1', $2 = '2', $3 = '55'",,,,,,,,"","client backend"
2024-06-16 19:01:12.837 CST,"raingage","benchmark",54597,"127.0.0.1:48954",666ec5b9.d545,362,"SELECT",2024-06-16 19:00:09 CST,6/27,0,LOG,00000,"execute S_1: SELECT c_discount, c_last, c_credit, w_tax     FROM bmsql_customer     JOIN bmsql_warehouse ON (w_id = c_w_id)     WHERE c_w_id = $1 AND c_d_id = $2 AND c_id = $3","parameters: $1 = '1', $2 = '2', $3 = '24'",,,,,,,,"","client backend"
2024-06-16 19:01:12.879 CST,"raingage","benchmark",54595,"127.0.0.1:48950",666ec5b9.d543,371,"SELECT",2024-06-16 19:00:09 CST,4/28,0,LOG,00000,"execute S_1: SELECT c_discount, c_last, c_credit, w_tax     FROM bmsql_customer     JOIN bmsql_warehouse ON (w_id = c_w_id)     WHERE c_w_id = $1 AND c_d_id = $2 AND c_id = $3","parameters: $1 = '1', $2 = '2', $3 = '55'",,,,,,,,"","client backend"
2024-06-16 19:01:12.906 CST,"raingage","benchmark",54597,"127.0.0.1:48954",666ec5b9.d545,363,"SELECT",2024-06-16 19:00:09 CST,6/27,0,LOG,00000,"execute S_1: SELECT c_discount, c_last, c_credit, w_tax     FROM bmsql_customer     JOIN bmsql_warehouse ON (w_id = c_w_id)     WHERE c_w_id = $1 AND c_d_id = $2 AND c_id = $3","parameters: $1 = '1', $2 = '2', $3 = '24'",,,,,,,,"","client backend"
2024-06-16 19:01:12.944 CST,"raingage","benchmark",54595,"127.0.0.1:48950",666ec5b9.d543,372,"SELECT",2024-06-16 19:00:09 CST,4/28,0,LOG,00000,"execute S_1: SELECT c_discount, c_last, c_credit, w_tax     FROM bmsql_customer     JOIN bmsql_warehouse ON (w_id = c_w_id)     WHERE c_w_id = $1 AND c_d_id = $2 AND c_id = $3","parameters: $1 = '1', $2 = '2', $3 = '55'",,,,,,,,"","client backend"
2024-06-16 19:01:12.975 CST,"raingage","benchmark",54597,"127.0.0.1:48954",666ec5b9.d545,364,"SELECT",2024-06-16 19:00:09 CST,6/27,0,LOG,00000,"execute S_1: SELECT c_discount, c_last, c_credit, w_tax     FROM bmsql_customer     JOIN bmsql_warehouse ON (w_id = c_w_id)     WHERE c_w_id = $1 AND c_d_id = $2 AND c_id = $3","parameters: $1 = '1', $2 = '2', $3 = '24'",,,,,,,,"","client backend"
2024-06-16 19:01:13.016 CST,"raingage","benchmark",54595,"127.0.0.1:48950",666ec5b9.d543,373,"SELECT",2024-06-16 19:00:09 CST,4/28,0,LOG,00000,"execute S_1: SELECT c_discount, c_last, c_credit, w_tax     FROM bmsql_customer     JOIN bmsql_warehouse ON (w_id = c_w_id)     WHERE c_w_id = $1 AND c_d_id = $2 AND c_id = $3","parameters: $1 = '1', $2 = '2', $3 = '55'",,,,,,,,"","client backend"
2024-06-16 19:01:13.047 CST,"raingage","benchmark",54597,"127.0.0.1:48954",666ec5b9.d545,365,"SELECT",2024-06-16 19:00:09 CST,6/27,0,LOG,00000,"execute S_1: SELECT c_discount, c_last, c_credit, w_tax     FROM bmsql_customer     JOIN bmsql_warehouse ON (w_id = c_w_id)     WHERE c_w_id = $1 AND c_d_id = $2 AND c_id = $3","parameters: $1 = '1', $2 = '2', $3 = '24'",,,,,,,,"","client backend"
2024-06-16 19:01:13.063 CST,"raingage","benchmark",54597,"127.0.0.1:48954",666ec5b9.d545,366,"SELECT",2024-06-16 19:00:09 CST,6/27,0,LOG,00000,"execute S_5: SELECT i_price, i_name, i_data     FROM bmsql_item     WHERE i_id = $1","parameters: $1 = '39'",,,,,,,,"","client backend"
2024-06-16 19:01:13.074 CST,"raingage","benchmark",54597,"127.0.0.1:48954",666ec5b9.d545,367,"SELECT",2024-06-16 19:00:09 CST,6/27,0,LOG,00000,"execute S_6: SELECT s_quantity, s_data,        s_dist_01, s_dist_02, s_dist_03, s_dist_04,        s_dist_05, s_dist_06, s_dist_07, s_dist_08,        s_dist_09, s_dist_10     FROM bmsql_stock     WHERE s_w_id = $1 AND s_i_id = $2 ","parameters: $1 = '1', $2 = '39'",,,,,,,,"","client backend"
2024-06-16 19:01:13.086 CST,"raingage","benchmark",54595,"127.0.0.1:48950",666ec5b9.d543,374,"SELECT",2024-06-16 19:00:09 CST,4/28,0,LOG,00000,"execute S_1: SELECT c_discount, c_last, c_credit, w_tax     FROM bmsql_customer     JOIN bmsql_warehouse ON (w_id = c_w_id)     WHERE c_w_id = $1 AND c_d_id = $2 AND c_id = $3","parameters: $1 = '1', $2 = '2', $3 = '55'",,,,,,,,"","client backend"
2024-06-16 19:01:13.094 CST,"raingage","benchmark",54597,"127.0.0.1:48954",666ec5b9.d545,368,"UPDATE",2024-06-16 19:00:09 CST,6/27,0,LOG,00000,"execute S_7: UPDATE bmsql_stock     SET s_quantity = $1, s_ytd = s_ytd + $2,         s_order_cnt = s_order_cnt + 1,         s_remote_cnt = s_remote_cnt + $3     WHERE s_w_id = $4 AND s_i_id = $5","parameters: $1 = '39', $2 = '3', $3 = '0', $4 = '1', $5 = '39'",,,,,,,,"","client backend"
2024-06-16 19:01:13.110 CST,"raingage","benchmark",54597,"127.0.0.1:48954",666ec5b9.d545,369,"COMMIT",2024-06-16 19:00:09 CST,6/27,115364,LOG,00000,"execute S_2: COMMIT",,,,,,,,,"","client backend"
2024-06-16 19:01:13.111 CST,"raingage","benchmark",54597,"127.0.0.1:48954",666ec5b9.d545,370,"COMMIT",2024-06-16 19:00:09 CST,6/0,115364,WARNING,01000,"registered snapshots seem to remain after cleanup",,,,,,,,,"","client backend"
2024-06-16 19:01:13.127 CST,"raingage","benchmark",54597,"127.0.0.1:48954",666ec5b9.d545,371,"BEGIN",2024-06-16 19:00:09 CST,6/28,0,LOG,00000,"execute S_3: BEGIN",,,,,,,,,"","client backend"
2024-06-16 19:01:13.140 CST,"raingage","benchmark",54597,"127.0.0.1:48954",666ec5b9.d545,372,"SELECT",2024-06-16 19:00:09 CST,6/28,0,LOG,00000,"execute S_4: SELECT d_tax, d_next_o_id     FROM bmsql_district     WHERE d_w_id = $1 AND d_id = $2 ","parameters: $1 = '1', $2 = '1'",,,,,,,,"","client backend"
2024-06-16 19:01:13.152 CST,"raingage","benchmark",54595,"127.0.0.1:48950",666ec5b9.d543,375,"SELECT",2024-06-16 19:00:09 CST,4/28,0,LOG,00000,"execute S_1: SELECT c_discount, c_last, c_credit, w_tax     FROM bmsql_customer     JOIN bmsql_warehouse ON (w_id = c_w_id)     WHERE c_w_id = $1 AND c_d_id = $2 AND c_id = $3","parameters: $1 = '1', $2 = '2', $3 = '55'",,,,,,,,"","client backend"
2024-06-16 19:01:13.165 CST,"raingage","benchmark",54595,"127.0.0.1:48950",666ec5b9.d543,376,"SELECT",2024-06-16 19:00:09 CST,4/28,0,LOG,00000,"execute S_5: SELECT i_price, i_name, i_data     FROM bmsql_item     WHERE i_id = $1","parameters: $1 = '104'",,,,,,,,"","client backend"
2024-06-16 19:01:13.183 CST,"raingage","benchmark",54595,"127.0.0.1:48950",666ec5b9.d543,377,"SELECT",2024-06-16 19:00:09 CST,4/28,0,LOG,00000,"execute S_6: SELECT s_quantity, s_data,        s_dist_01, s_dist_02, s_dist_03, s_dist_04,        s_dist_05, s_dist_06, s_dist_07, s_dist_08,        s_dist_09, s_dist_10     FROM bmsql_stock     WHERE s_w_id = $1 AND s_i_id = $2 ","parameters: $1 = '1', $2 = '104'",,,,,,,,"","client backend"
2024-06-16 19:01:13.197 CST,"raingage","benchmark",54595,"127.0.0.1:48950",666ec5b9.d543,378,"UPDATE",2024-06-16 19:00:09 CST,4/28,0,LOG,00000,"execute S_7: UPDATE bmsql_stock     SET s_quantity = $1, s_ytd = s_ytd + $2,         s_order_cnt = s_order_cnt + 1,         s_remote_cnt = s_remote_cnt + $3     WHERE s_w_id = $4 AND s_i_id = $5","parameters: $1 = '52', $2 = '4', $3 = '0', $4 = '1', $5 = '104'",,,,,,,,"","client backend"
2024-06-16 19:01:13.209 CST,"raingage","benchmark",54597,"127.0.0.1:48954",666ec5b9.d545,373,"SELECT",2024-06-16 19:00:09 CST,6/28,0,LOG,00000,"execute S_1: SELECT c_discount, c_last, c_credit, w_tax     FROM bmsql_customer     JOIN bmsql_warehouse ON (w_id = c_w_id)     WHERE c_w_id = $1 AND c_d_id = $2 AND c_id = $3","parameters: $1 = '1', $2 = '1', $3 = '24'",,,,,,,,"","client backend"
2024-06-16 19:01:13.213 CST,"raingage","benchmark",54595,"127.0.0.1:48950",666ec5b9.d543,379,"COMMIT",2024-06-16 19:00:09 CST,4/28,115365,LOG,00000,"execute S_2: COMMIT",,,,,,,,,"","client backend"
2024-06-16 19:01:13.233 CST,"raingage","benchmark",54595,"127.0.0.1:48950",666ec5b9.d543,380,"BEGIN",2024-06-16 19:00:09 CST,4/29,0,LOG,00000,"execute S_3: BEGIN",,,,,,,,,"","client backend"
2024-06-16 19:01:13.252 CST,"raingage","benchmark",54595,"127.0.0.1:48950",666ec5b9.d543,381,"SELECT",2024-06-16 19:00:09 CST,4/29,0,LOG,00000,"execute S_4: SELECT d_tax, d_next_o_id     FROM bmsql_district     WHERE d_w_id = $1 AND d_id = $2 ","parameters: $1 = '1', $2 = '4'",,,,,,,,"","client backend"
2024-06-16 19:01:13.281 CST,"raingage","benchmark",54597,"127.0.0.1:48954",666ec5b9.d545,374,"SELECT",2024-06-16 19:00:09 CST,6/28,0,LOG,00000,"execute S_1: SELECT c_discount, c_last, c_credit, w_tax     FROM bmsql_customer     JOIN bmsql_warehouse ON (w_id = c_w_id)     WHERE c_w_id = $1 AND c_d_id = $2 AND c_id = $3","parameters: $1 = '1', $2 = '1', $3 = '24'",,,,,,,,"","client backend"
2024-06-16 19:01:13.318 CST,"raingage","benchmark",54595,"127.0.0.1:48950",666ec5b9.d543,382,"SELECT",2024-06-16 19:00:09 CST,4/29,0,LOG,00000,"execute S_1: SELECT c_discount, c_last, c_credit, w_tax     FROM bmsql_customer     JOIN bmsql_warehouse ON (w_id = c_w_id)     WHERE c_w_id = $1 AND c_d_id = $2 AND c_id = $3","parameters: $1 = '1', $2 = '4', $3 = '82'",,,,,,,,"","client backend"
2024-06-16 19:01:13.349 CST,"raingage","benchmark",54597,"127.0.0.1:48954",666ec5b9.d545,375,"SELECT",2024-06-16 19:00:09 CST,6/28,0,LOG,00000,"execute S_1: SELECT c_discount, c_last, c_credit, w_tax     FROM bmsql_customer     JOIN bmsql_warehouse ON (w_id = c_w_id)     WHERE c_w_id = $1 AND c_d_id = $2 AND c_id = $3","parameters: $1 = '1', $2 = '1', $3 = '24'",,,,,,,,"","client backend"
2024-06-16 19:01:13.382 CST,"raingage","benchmark",54595,"127.0.0.1:48950",666ec5b9.d543,383,"SELECT",2024-06-16 19:00:09 CST,4/29,0,LOG,00000,"execute S_1: SELECT c_discount, c_last, c_credit, w_tax     FROM bmsql_customer     JOIN bmsql_warehouse ON (w_id = c_w_id)     WHERE c_w_id = $1 AND c_d_id = $2 AND c_id = $3","parameters: $1 = '1', $2 = '4', $3 = '82'",,,,,,,,"","client backend"
2024-06-16 19:01:13.417 CST,"raingage","benchmark",54597,"127.0.0.1:48954",666ec5b9.d545,376,"SELECT",2024-06-16 19:00:09 CST,6/28,0,LOG,00000,"execute S_1: SELECT c_discount, c_last, c_credit, w_tax     FROM bmsql_customer     JOIN bmsql_warehouse ON (w_id = c_w_id)     WHERE c_w_id = $1 AND c_d_id = $2 AND c_id = $3","parameters: $1 = '1', $2 = '1', $3 = '24'",,,,,,,,"","client backend"
2024-06-16 19:01:13.446 CST,"raingage","benchmark",54595,"127.0.0.1:48950",666ec5b9.d543,384,"SELECT",2024-06-16 19:00:09 CST,4/29,0,LOG,00000,"execute S_1: SELECT c_discount, c_last, c_credit, w_tax     FROM bmsql_customer     JOIN bmsql_warehouse ON (w_id = c_w_id)     WHERE c_w_id = $1 AND c_d_id = $2 AND c_id = $3","parameters: $1 = '1', $2 = '4', $3 = '82'",,,,,,,,"","client backend"
2024-06-16 19:01:13.478 CST,"raingage","benchmark",54597,"127.0.0.1:48954",666ec5b9.d545,377,"SELECT",2024-06-16 19:00:09 CST,6/28,0,LOG,00000,"execute S_1: SELECT c_discount, c_last, c_credit, w_tax     FROM bmsql_customer     JOIN bmsql_warehouse ON (w_id = c_w_id)     WHERE c_w_id = $1 AND c_d_id = $2 AND c_id = $3","parameters: $1 = '1', $2 = '1', $3 = '24'",,,,,,,,"","client backend"
2024-06-16 19:01:13.515 CST,"raingage","benchmark",54595,"127.0.0.1:48950",666ec5b9.d543,385,"SELECT",2024-06-16 19:00:09 CST,4/29,0,LOG,00000,"execute S_1: SELECT c_discount, c_last, c_credit, w_tax     FROM bmsql_customer     JOIN bmsql_warehouse ON (w_id = c_w_id)     WHERE c_w_id = $1 AND c_d_id = $2 AND c_id = $3","parameters: $1 = '1', $2 = '4', $3 = '82'",,,,,,,,"","client backend"
2024-06-16 19:01:13.546 CST,"raingage","benchmark",54597,"127.0.0.1:48954",666ec5b9.d545,378,"SELECT",2024-06-16 19:00:09 CST,6/28,0,LOG,00000,"execute S_1: SELECT c_discount, c_last, c_credit, w_tax     FROM bmsql_customer     JOIN bmsql_warehouse ON (w_id = c_w_id)     WHERE c_w_id = $1 AND c_d_id = $2 AND c_id = $3","parameters: $1 = '1', $2 = '1', $3 = '24'",,,,,,,,"","client backend"
2024-06-16 19:01:13.579 CST,"raingage","benchmark",54595,"127.0.0.1:48950",666ec5b9.d543,386,"SELECT",2024-06-16 19:00:09 CST,4/29,0,LOG,00000,"execute S_1: SELECT c_discount, c_last, c_credit, w_tax     FROM bmsql_customer     JOIN bmsql_warehouse ON (w_id = c_w_id)     WHERE c_w_id = $1 AND c_d_id = $2 AND c_id = $3","parameters: $1 = '1', $2 = '4', $3 = '82'",,,,,,,,"","client backend"
2024-06-16 19:01:13.610 CST,"raingage","benchmark",54597,"127.0.0.1:48954",666ec5b9.d545,379,"SELECT",2024-06-16 19:00:09 CST,6/28,0,LOG,00000,"execute S_1: SELECT c_discount, c_last, c_credit, w_tax     FROM bmsql_customer     JOIN bmsql_warehouse ON (w_id = c_w_id)     WHERE c_w_id = $1 AND c_d_id = $2 AND c_id = $3","parameters: $1 = '1', $2 = '1', $3 = '24'",,,,,,,,"","client backend"
2024-06-16 19:01:13.648 CST,"raingage","benchmark",54595,"127.0.0.1:48950",666ec5b9.d543,387,"SELECT",2024-06-16 19:00:09 CST,4/29,0,LOG,00000,"execute S_1: SELECT c_discount, c_last, c_credit, w_tax     FROM bmsql_customer     JOIN bmsql_warehouse ON (w_id = c_w_id)     WHERE c_w_id = $1 AND c_d_id = $2 AND c_id = $3","parameters: $1 = '1', $2 = '4', $3 = '82'",,,,,,,,"","client backend"
2024-06-16 19:01:13.680 CST,"raingage","benchmark",54597,"127.0.0.1:48954",666ec5b9.d545,380,"SELECT",2024-06-16 19:00:09 CST,6/28,0,LOG,00000,"execute S_1: SELECT c_discount, c_last, c_credit, w_tax     FROM bmsql_customer     JOIN bmsql_warehouse ON (w_id = c_w_id)     WHERE c_w_id = $1 AND c_d_id = $2 AND c_id = $3","parameters: $1 = '1', $2 = '1', $3 = '24'",,,,,,,,"","client backend"
2024-06-16 19:01:13.697 CST,"raingage","benchmark",54597,"127.0.0.1:48954",666ec5b9.d545,381,"SELECT",2024-06-16 19:00:09 CST,6/28,0,LOG,00000,"execute S_5: SELECT i_price, i_name, i_data     FROM bmsql_item     WHERE i_id = $1","parameters: $1 = '13'",,,,,,,,"","client backend"
2024-06-16 19:01:13.711 CST,"raingage","benchmark",54595,"127.0.0.1:48950",666ec5b9.d543,388,"SELECT",2024-06-16 19:00:09 CST,4/29,0,LOG,00000,"execute S_1: SELECT c_discount, c_last, c_credit, w_tax     FROM bmsql_customer     JOIN bmsql_warehouse ON (w_id = c_w_id)     WHERE c_w_id = $1 AND c_d_id = $2 AND c_id = $3","parameters: $1 = '1', $2 = '4', $3 = '82'",,,,,,,,"","client backend"
2024-06-16 19:01:13.715 CST,"raingage","benchmark",54597,"127.0.0.1:48954",666ec5b9.d545,382,"SELECT",2024-06-16 19:00:09 CST,6/28,0,LOG,00000,"execute S_6: SELECT s_quantity, s_data,        s_dist_01, s_dist_02, s_dist_03, s_dist_04,        s_dist_05, s_dist_06, s_dist_07, s_dist_08,        s_dist_09, s_dist_10     FROM bmsql_stock     WHERE s_w_id = $1 AND s_i_id = $2 ","parameters: $1 = '1', $2 = '13'",,,,,,,,"","client backend"
2024-06-16 19:01:13.727 CST,"raingage","benchmark",54597,"127.0.0.1:48954",666ec5b9.d545,383,"UPDATE",2024-06-16 19:00:09 CST,6/28,0,LOG,00000,"execute S_7: UPDATE bmsql_stock     SET s_quantity = $1, s_ytd = s_ytd + $2,         s_order_cnt = s_order_cnt + 1,         s_remote_cnt = s_remote_cnt + $3     WHERE s_w_id = $4 AND s_i_id = $5","parameters: $1 = '56', $2 = '4', $3 = '0', $4 = '1', $5 = '13'",,,,,,,,"","client backend"
2024-06-16 19:01:13.746 CST,"raingage","benchmark",54597,"127.0.0.1:48954",666ec5b9.d545,384,"COMMIT",2024-06-16 19:00:09 CST,6/28,115366,LOG,00000,"execute S_2: COMMIT",,,,,,,,,"","client backend"
2024-06-16 19:01:13.764 CST,"raingage","benchmark",54597,"127.0.0.1:48954",666ec5b9.d545,385,"BEGIN",2024-06-16 19:00:09 CST,6/29,0,LOG,00000,"execute S_3: BEGIN",,,,,,,,,"","client backend"
2024-06-16 19:01:13.776 CST,"raingage","benchmark",54597,"127.0.0.1:48954",666ec5b9.d545,386,"SELECT",2024-06-16 19:00:09 CST,6/29,0,LOG,00000,"execute S_4: SELECT d_tax, d_next_o_id     FROM bmsql_district     WHERE d_w_id = $1 AND d_id = $2 ","parameters: $1 = '1', $2 = '4'",,,,,,,,"","client backend"
2024-06-16 19:01:13.783 CST,"raingage","benchmark",54595,"127.0.0.1:48950",666ec5b9.d543,389,"SELECT",2024-06-16 19:00:09 CST,4/29,0,LOG,00000,"execute S_1: SELECT c_discount, c_last, c_credit, w_tax     FROM bmsql_customer     JOIN bmsql_warehouse ON (w_id = c_w_id)     WHERE c_w_id = $1 AND c_d_id = $2 AND c_id = $3","parameters: $1 = '1', $2 = '4', $3 = '82'",,,,,,,,"","client backend"
2024-06-16 19:01:13.801 CST,"raingage","benchmark",54595,"127.0.0.1:48950",666ec5b9.d543,390,"SELECT",2024-06-16 19:00:09 CST,4/29,0,LOG,00000,"execute S_5: SELECT i_price, i_name, i_data     FROM bmsql_item     WHERE i_id = $1","parameters: $1 = '64'",,,,,,,,"","client backend"
2024-06-16 19:01:13.819 CST,"raingage","benchmark",54595,"127.0.0.1:48950",666ec5b9.d543,391,"SELECT",2024-06-16 19:00:09 CST,4/29,0,LOG,00000,"execute S_6: SELECT s_quantity, s_data,        s_dist_01, s_dist_02, s_dist_03, s_dist_04,        s_dist_05, s_dist_06, s_dist_07, s_dist_08,        s_dist_09, s_dist_10     FROM bmsql_stock     WHERE s_w_id = $1 AND s_i_id = $2 ","parameters: $1 = '1', $2 = '64'",,,,,,,,"","client backend"
2024-06-16 19:01:13.836 CST,"raingage","benchmark",54595,"127.0.0.1:48950",666ec5b9.d543,392,"UPDATE",2024-06-16 19:00:09 CST,4/29,0,LOG,00000,"execute S_7: UPDATE bmsql_stock     SET s_quantity = $1, s_ytd = s_ytd + $2,         s_order_cnt = s_order_cnt + 1,         s_remote_cnt = s_remote_cnt + $3     WHERE s_w_id = $4 AND s_i_id = $5","parameters: $1 = '101', $2 = '4', $3 = '0', $4 = '1', $5 = '64'",,,,,,,,"","client backend"
2024-06-16 19:01:13.842 CST,"raingage","benchmark",54597,"127.0.0.1:48954",666ec5b9.d545,387,"SELECT",2024-06-16 19:00:09 CST,6/29,0,LOG,00000,"execute S_1: SELECT c_discount, c_last, c_credit, w_tax     FROM bmsql_customer     JOIN bmsql_warehouse ON (w_id = c_w_id)     WHERE c_w_id = $1 AND c_d_id = $2 AND c_id = $3","parameters: $1 = '1', $2 = '4', $3 = '51'",,,,,,,,"","client backend"
2024-06-16 19:01:13.857 CST,"raingage","benchmark",54595,"127.0.0.1:48950",666ec5b9.d543,393,"COMMIT",2024-06-16 19:00:09 CST,4/29,115367,LOG,00000,"execute S_2: COMMIT",,,,,,,,,"","client backend"
2024-06-16 19:01:13.874 CST,"raingage","benchmark",54595,"127.0.0.1:48950",666ec5b9.d543,394,"BEGIN",2024-06-16 19:00:09 CST,4/30,0,LOG,00000,"execute S_3: BEGIN",,,,,,,,,"","client backend"
2024-06-16 19:01:13.885 CST,"raingage","benchmark",54595,"127.0.0.1:48950",666ec5b9.d543,395,"SELECT",2024-06-16 19:00:09 CST,4/30,0,LOG,00000,"execute S_4: SELECT d_tax, d_next_o_id     FROM bmsql_district     WHERE d_w_id = $1 AND d_id = $2 ","parameters: $1 = '1', $2 = '4'",,,,,,,,"","client backend"
2024-06-16 19:01:13.907 CST,"raingage","benchmark",54597,"127.0.0.1:48954",666ec5b9.d545,388,"SELECT",2024-06-16 19:00:09 CST,6/29,0,LOG,00000,"execute S_1: SELECT c_discount, c_last, c_credit, w_tax     FROM bmsql_customer     JOIN bmsql_warehouse ON (w_id = c_w_id)     WHERE c_w_id = $1 AND c_d_id = $2 AND c_id = $3","parameters: $1 = '1', $2 = '4', $3 = '51'",,,,,,,,"","client backend"
2024-06-16 19:01:13.979 CST,"raingage","benchmark",54597,"127.0.0.1:48954",666ec5b9.d545,389,"SELECT",2024-06-16 19:00:09 CST,6/29,0,LOG,00000,"execute S_1: SELECT c_discount, c_last, c_credit, w_tax     FROM bmsql_customer     JOIN bmsql_warehouse ON (w_id = c_w_id)     WHERE c_w_id = $1 AND c_d_id = $2 AND c_id = $3","parameters: $1 = '1', $2 = '4', $3 = '51'",,,,,,,,"","client backend"
2024-06-16 19:01:14.051 CST,"raingage","benchmark",54597,"127.0.0.1:48954",666ec5b9.d545,390,"SELECT",2024-06-16 19:00:09 CST,6/29,0,LOG,00000,"execute S_1: SELECT c_discount, c_last, c_credit, w_tax     FROM bmsql_customer     JOIN bmsql_warehouse ON (w_id = c_w_id)     WHERE c_w_id = $1 AND c_d_id = $2 AND c_id = $3","parameters: $1 = '1', $2 = '4', $3 = '51'",,,,,,,,"","client backend"
2024-06-16 19:01:14.120 CST,"raingage","benchmark",54597,"127.0.0.1:48954",666ec5b9.d545,391,"SELECT",2024-06-16 19:00:09 CST,6/29,0,LOG,00000,"execute S_1: SELECT c_discount, c_last, c_credit, w_tax     FROM bmsql_customer     JOIN bmsql_warehouse ON (w_id = c_w_id)     WHERE c_w_id = $1 AND c_d_id = $2 AND c_id = $3","parameters: $1 = '1', $2 = '4', $3 = '51'",,,,,,,,"","client backend"
2024-06-16 19:01:14.190 CST,"raingage","benchmark",54597,"127.0.0.1:48954",666ec5b9.d545,392,"SELECT",2024-06-16 19:00:09 CST,6/29,0,LOG,00000,"execute S_1: SELECT c_discount, c_last, c_credit, w_tax     FROM bmsql_customer     JOIN bmsql_warehouse ON (w_id = c_w_id)     WHERE c_w_id = $1 AND c_d_id = $2 AND c_id = $3","parameters: $1 = '1', $2 = '4', $3 = '51'",,,,,,,,"","client backend"
2024-06-16 19:01:14.255 CST,"raingage","benchmark",54597,"127.0.0.1:48954",666ec5b9.d545,393,"SELECT",2024-06-16 19:00:09 CST,6/29,0,LOG,00000,"execute S_1: SELECT c_discount, c_last, c_credit, w_tax     FROM bmsql_customer     JOIN bmsql_warehouse ON (w_id = c_w_id)     WHERE c_w_id = $1 AND c_d_id = $2 AND c_id = $3","parameters: $1 = '1', $2 = '4', $3 = '51'",,,,,,,,"","client backend"
2024-06-16 19:01:14.326 CST,"raingage","benchmark",54597,"127.0.0.1:48954",666ec5b9.d545,394,"SELECT",2024-06-16 19:00:09 CST,6/29,0,LOG,00000,"execute S_1: SELECT c_discount, c_last, c_credit, w_tax     FROM bmsql_customer     JOIN bmsql_warehouse ON (w_id = c_w_id)     WHERE c_w_id = $1 AND c_d_id = $2 AND c_id = $3","parameters: $1 = '1', $2 = '4', $3 = '51'",,,,,,,,"","client backend"
2024-06-16 19:01:14.343 CST,"raingage","benchmark",54597,"127.0.0.1:48954",666ec5b9.d545,395,"SELECT",2024-06-16 19:00:09 CST,6/29,0,LOG,00000,"execute S_5: SELECT i_price, i_name, i_data     FROM bmsql_item     WHERE i_id = $1","parameters: $1 = '49'",,,,,,,,"","client backend"
2024-06-16 19:01:14.355 CST,"raingage","benchmark",54597,"127.0.0.1:48954",666ec5b9.d545,396,"SELECT",2024-06-16 19:00:09 CST,6/29,0,LOG,00000,"execute S_6: SELECT s_quantity, s_data,        s_dist_01, s_dist_02, s_dist_03, s_dist_04,        s_dist_05, s_dist_06, s_dist_07, s_dist_08,        s_dist_09, s_dist_10     FROM bmsql_stock     WHERE s_w_id = $1 AND s_i_id = $2 ","parameters: $1 = '1', $2 = '49'",,,,,,,,"","client backend"
2024-06-16 19:01:14.368 CST,"raingage","benchmark",54597,"127.0.0.1:48954",666ec5b9.d545,397,"UPDATE",2024-06-16 19:00:09 CST,6/29,0,LOG,00000,"execute S_7: UPDATE bmsql_stock     SET s_quantity = $1, s_ytd = s_ytd + $2,         s_order_cnt = s_order_cnt + 1,         s_remote_cnt = s_remote_cnt + $3     WHERE s_w_id = $4 AND s_i_id = $5","parameters: $1 = '32', $2 = '4', $3 = '0', $4 = '1', $5 = '49'",,,,,,,,"","client backend"
2024-06-16 19:01:14.381 CST,"raingage","benchmark",54597,"127.0.0.1:48954",666ec5b9.d545,398,"COMMIT",2024-06-16 19:00:09 CST,6/29,115368,LOG,00000,"execute S_2: COMMIT",,,,,,,,,"","client backend"
2024-06-16 19:01:14.382 CST,"raingage","benchmark",54595,"127.0.0.1:48950",666ec5b9.d543,396,"SELECT",2024-06-16 19:00:09 CST,4/30,0,LOG,00000,"execute S_1: SELECT c_discount, c_last, c_credit, w_tax     FROM bmsql_customer     JOIN bmsql_warehouse ON (w_id = c_w_id)     WHERE c_w_id = $1 AND c_d_id = $2 AND c_id = $3","parameters: $1 = '1', $2 = '4', $3 = '51'",,,,,,,,"","client backend"
2024-06-16 19:01:14.396 CST,"raingage","benchmark",54597,"127.0.0.1:48954",666ec5b9.d545,399,"BEGIN",2024-06-16 19:00:09 CST,6/30,0,LOG,00000,"execute S_3: BEGIN",,,,,,,,,"","client backend"
2024-06-16 19:01:14.416 CST,"raingage","benchmark",54597,"127.0.0.1:48954",666ec5b9.d545,400,"SELECT",2024-06-16 19:00:09 CST,6/30,0,LOG,00000,"execute S_4: SELECT d_tax, d_next_o_id     FROM bmsql_district     WHERE d_w_id = $1 AND d_id = $2 ","parameters: $1 = '1', $2 = '4'",,,,,,,,"","client backend"
2024-06-16 19:01:14.449 CST,"raingage","benchmark",54595,"127.0.0.1:48950",666ec5b9.d543,397,"SELECT",2024-06-16 19:00:09 CST,4/30,0,LOG,00000,"execute S_1: SELECT c_discount, c_last, c_credit, w_tax     FROM bmsql_customer     JOIN bmsql_warehouse ON (w_id = c_w_id)     WHERE c_w_id = $1 AND c_d_id = $2 AND c_id = $3","parameters: $1 = '1', $2 = '4', $3 = '51'",,,,,,,,"","client backend"
2024-06-16 19:01:14.488 CST,"raingage","benchmark",54597,"127.0.0.1:48954",666ec5b9.d545,401,"SELECT",2024-06-16 19:00:09 CST,6/30,0,LOG,00000,"execute S_1: SELECT c_discount, c_last, c_credit, w_tax     FROM bmsql_customer     JOIN bmsql_warehouse ON (w_id = c_w_id)     WHERE c_w_id = $1 AND c_d_id = $2 AND c_id = $3","parameters: $1 = '1', $2 = '4', $3 = '49'",,,,,,,,"","client backend"
2024-06-16 19:01:14.515 CST,"raingage","benchmark",54595,"127.0.0.1:48950",666ec5b9.d543,398,"SELECT",2024-06-16 19:00:09 CST,4/30,0,LOG,00000,"execute S_1: SELECT c_discount, c_last, c_credit, w_tax     FROM bmsql_customer     JOIN bmsql_warehouse ON (w_id = c_w_id)     WHERE c_w_id = $1 AND c_d_id = $2 AND c_id = $3","parameters: $1 = '1', $2 = '4', $3 = '51'",,,,,,,,"","client backend"
2024-06-16 19:01:14.554 CST,"raingage","benchmark",54597,"127.0.0.1:48954",666ec5b9.d545,402,"SELECT",2024-06-16 19:00:09 CST,6/30,0,LOG,00000,"execute S_1: SELECT c_discount, c_last, c_credit, w_tax     FROM bmsql_customer     JOIN bmsql_warehouse ON (w_id = c_w_id)     WHERE c_w_id = $1 AND c_d_id = $2 AND c_id = $3","parameters: $1 = '1', $2 = '4', $3 = '49'",,,,,,,,"","client backend"
2024-06-16 19:01:14.581 CST,"raingage","benchmark",54595,"127.0.0.1:48950",666ec5b9.d543,399,"SELECT",2024-06-16 19:00:09 CST,4/30,0,LOG,00000,"execute S_1: SELECT c_discount, c_last, c_credit, w_tax     FROM bmsql_customer     JOIN bmsql_warehouse ON (w_id = c_w_id)     WHERE c_w_id = $1 AND c_d_id = $2 AND c_id = $3","parameters: $1 = '1', $2 = '4', $3 = '51'",,,,,,,,"","client backend"
2024-06-16 19:01:14.619 CST,"raingage","benchmark",54597,"127.0.0.1:48954",666ec5b9.d545,403,"SELECT",2024-06-16 19:00:09 CST,6/30,0,LOG,00000,"execute S_1: SELECT c_discount, c_last, c_credit, w_tax     FROM bmsql_customer     JOIN bmsql_warehouse ON (w_id = c_w_id)     WHERE c_w_id = $1 AND c_d_id = $2 AND c_id = $3","parameters: $1 = '1', $2 = '4', $3 = '49'",,,,,,,,"","client backend"
2024-06-16 19:01:14.646 CST,"raingage","benchmark",54595,"127.0.0.1:48950",666ec5b9.d543,400,"SELECT",2024-06-16 19:00:09 CST,4/30,0,LOG,00000,"execute S_1: SELECT c_discount, c_last, c_credit, w_tax     FROM bmsql_customer     JOIN bmsql_warehouse ON (w_id = c_w_id)     WHERE c_w_id = $1 AND c_d_id = $2 AND c_id = $3","parameters: $1 = '1', $2 = '4', $3 = '51'",,,,,,,,"","client backend"
2024-06-16 19:01:14.689 CST,"raingage","benchmark",54597,"127.0.0.1:48954",666ec5b9.d545,404,"SELECT",2024-06-16 19:00:09 CST,6/30,0,LOG,00000,"execute S_1: SELECT c_discount, c_last, c_credit, w_tax     FROM bmsql_customer     JOIN bmsql_warehouse ON (w_id = c_w_id)     WHERE c_w_id = $1 AND c_d_id = $2 AND c_id = $3","parameters: $1 = '1', $2 = '4', $3 = '49'",,,,,,,,"","client backend"
2024-06-16 19:01:14.712 CST,"raingage","benchmark",54595,"127.0.0.1:48950",666ec5b9.d543,401,"SELECT",2024-06-16 19:00:09 CST,4/30,0,LOG,00000,"execute S_1: SELECT c_discount, c_last, c_credit, w_tax     FROM bmsql_customer     JOIN bmsql_warehouse ON (w_id = c_w_id)     WHERE c_w_id = $1 AND c_d_id = $2 AND c_id = $3","parameters: $1 = '1', $2 = '4', $3 = '51'",,,,,,,,"","client backend"
2024-06-16 19:01:14.758 CST,"raingage","benchmark",54597,"127.0.0.1:48954",666ec5b9.d545,405,"SELECT",2024-06-16 19:00:09 CST,6/30,0,LOG,00000,"execute S_1: SELECT c_discount, c_last, c_credit, w_tax     FROM bmsql_customer     JOIN bmsql_warehouse ON (w_id = c_w_id)     WHERE c_w_id = $1 AND c_d_id = $2 AND c_id = $3","parameters: $1 = '1', $2 = '4', $3 = '49'",,,,,,,,"","client backend"
2024-06-16 19:01:14.781 CST,"raingage","benchmark",54595,"127.0.0.1:48950",666ec5b9.d543,402,"SELECT",2024-06-16 19:00:09 CST,4/30,0,LOG,00000,"execute S_1: SELECT c_discount, c_last, c_credit, w_tax     FROM bmsql_customer     JOIN bmsql_warehouse ON (w_id = c_w_id)     WHERE c_w_id = $1 AND c_d_id = $2 AND c_id = $3","parameters: $1 = '1', $2 = '4', $3 = '51'",,,,,,,,"","client backend"
2024-06-16 19:01:14.828 CST,"raingage","benchmark",54597,"127.0.0.1:48954",666ec5b9.d545,406,"SELECT",2024-06-16 19:00:09 CST,6/30,0,LOG,00000,"execute S_1: SELECT c_discount, c_last, c_credit, w_tax     FROM bmsql_customer     JOIN bmsql_warehouse ON (w_id = c_w_id)     WHERE c_w_id = $1 AND c_d_id = $2 AND c_id = $3","parameters: $1 = '1', $2 = '4', $3 = '49'",,,,,,,,"","client backend"
2024-06-16 19:01:14.852 CST,"raingage","benchmark",54595,"127.0.0.1:48950",666ec5b9.d543,403,"SELECT",2024-06-16 19:00:09 CST,4/30,0,LOG,00000,"execute S_1: SELECT c_discount, c_last, c_credit, w_tax     FROM bmsql_customer     JOIN bmsql_warehouse ON (w_id = c_w_id)     WHERE c_w_id = $1 AND c_d_id = $2 AND c_id = $3","parameters: $1 = '1', $2 = '4', $3 = '51'",,,,,,,,"","client backend"
2024-06-16 19:01:14.869 CST,"raingage","benchmark",54595,"127.0.0.1:48950",666ec5b9.d543,404,"SELECT",2024-06-16 19:00:09 CST,4/30,0,LOG,00000,"execute S_5: SELECT i_price, i_name, i_data     FROM bmsql_item     WHERE i_id = $1","parameters: $1 = '49'",,,,,,,,"","client backend"
2024-06-16 19:01:14.886 CST,"raingage","benchmark",54595,"127.0.0.1:48950",666ec5b9.d543,405,"SELECT",2024-06-16 19:00:09 CST,4/30,0,LOG,00000,"execute S_6: SELECT s_quantity, s_data,        s_dist_01, s_dist_02, s_dist_03, s_dist_04,        s_dist_05, s_dist_06, s_dist_07, s_dist_08,        s_dist_09, s_dist_10     FROM bmsql_stock     WHERE s_w_id = $1 AND s_i_id = $2 ","parameters: $1 = '1', $2 = '49'",,,,,,,,"","client backend"
2024-06-16 19:01:14.894 CST,"raingage","benchmark",54597,"127.0.0.1:48954",666ec5b9.d545,407,"SELECT",2024-06-16 19:00:09 CST,6/30,0,LOG,00000,"execute S_1: SELECT c_discount, c_last, c_credit, w_tax     FROM bmsql_customer     JOIN bmsql_warehouse ON (w_id = c_w_id)     WHERE c_w_id = $1 AND c_d_id = $2 AND c_id = $3","parameters: $1 = '1', $2 = '4', $3 = '49'",,,,,,,,"","client backend"
2024-06-16 19:01:14.900 CST,"raingage","benchmark",54595,"127.0.0.1:48950",666ec5b9.d543,406,"UPDATE",2024-06-16 19:00:09 CST,4/30,0,LOG,00000,"execute S_7: UPDATE bmsql_stock     SET s_quantity = $1, s_ytd = s_ytd + $2,         s_order_cnt = s_order_cnt + 1,         s_remote_cnt = s_remote_cnt + $3     WHERE s_w_id = $4 AND s_i_id = $5","parameters: $1 = '32', $2 = '4', $3 = '0', $4 = '1', $5 = '49'",,,,,,,,"","client backend"
2024-06-16 19:01:14.920 CST,"raingage","benchmark",54595,"127.0.0.1:48950",666ec5b9.d543,407,"COMMIT",2024-06-16 19:00:09 CST,4/30,115369,LOG,00000,"execute S_2: COMMIT",,,,,,,,,"","client backend"
2024-06-16 19:01:14.921 CST,"raingage","benchmark",54595,"127.0.0.1:48950",666ec5b9.d543,408,"COMMIT",2024-06-16 19:00:09 CST,4/0,115369,WARNING,01000,"registered snapshots seem to remain after cleanup",,,,,,,,,"","client backend"
2024-06-16 19:01:14.964 CST,"raingage","benchmark",54597,"127.0.0.1:48954",666ec5b9.d545,408,"SELECT",2024-06-16 19:00:09 CST,6/30,0,LOG,00000,"execute S_1: SELECT c_discount, c_last, c_credit, w_tax     FROM bmsql_customer     JOIN bmsql_warehouse ON (w_id = c_w_id)     WHERE c_w_id = $1 AND c_d_id = $2 AND c_id = $3","parameters: $1 = '1', $2 = '4', $3 = '49'",,,,,,,,"","client backend"
2024-06-16 19:01:14.981 CST,"raingage","benchmark",54597,"127.0.0.1:48954",666ec5b9.d545,409,"SELECT",2024-06-16 19:00:09 CST,6/30,0,LOG,00000,"execute S_5: SELECT i_price, i_name, i_data     FROM bmsql_item     WHERE i_id = $1","parameters: $1 = '27'",,,,,,,,"","client backend"
2024-06-16 19:01:15.001 CST,"raingage","benchmark",54597,"127.0.0.1:48954",666ec5b9.d545,410,"SELECT",2024-06-16 19:00:09 CST,6/30,0,LOG,00000,"execute S_6: SELECT s_quantity, s_data,        s_dist_01, s_dist_02, s_dist_03, s_dist_04,        s_dist_05, s_dist_06, s_dist_07, s_dist_08,        s_dist_09, s_dist_10     FROM bmsql_stock     WHERE s_w_id = $1 AND s_i_id = $2 ","parameters: $1 = '1', $2 = '27'",,,,,,,,"","client backend"
2024-06-16 19:01:15.019 CST,"raingage","benchmark",54597,"127.0.0.1:48954",666ec5b9.d545,411,"UPDATE",2024-06-16 19:00:09 CST,6/30,0,LOG,00000,"execute S_7: UPDATE bmsql_stock     SET s_quantity = $1, s_ytd = s_ytd + $2,         s_order_cnt = s_order_cnt + 1,         s_remote_cnt = s_remote_cnt + $3     WHERE s_w_id = $4 AND s_i_id = $5","parameters: $1 = '35', $2 = '2', $3 = '0', $4 = '1', $5 = '27'",,,,,,,,"","client backend"
2024-06-16 19:01:15.031 CST,"raingage","benchmark",54597,"127.0.0.1:48954",666ec5b9.d545,412,"COMMIT",2024-06-16 19:00:09 CST,6/30,115370,LOG,00000,"execute S_2: COMMIT",,,,,,,,,"","client backend"
2024-06-16 19:01:15.048 CST,"raingage","benchmark",54597,"127.0.0.1:48954",666ec5b9.d545,413,"BEGIN",2024-06-16 19:00:09 CST,6/31,0,LOG,00000,"execute S_3: BEGIN",,,,,,,,,"","client backend"
2024-06-16 19:01:15.059 CST,"raingage","benchmark",54597,"127.0.0.1:48954",666ec5b9.d545,414,"SELECT",2024-06-16 19:00:09 CST,6/31,0,LOG,00000,"execute S_4: SELECT d_tax, d_next_o_id     FROM bmsql_district     WHERE d_w_id = $1 AND d_id = $2 ","parameters: $1 = '1', $2 = '4'",,,,,,,,"","client backend"
2024-06-16 19:01:15.122 CST,"raingage","benchmark",54597,"127.0.0.1:48954",666ec5b9.d545,415,"SELECT",2024-06-16 19:00:09 CST,6/31,0,LOG,00000,"execute S_1: SELECT c_discount, c_last, c_credit, w_tax     FROM bmsql_customer     JOIN bmsql_warehouse ON (w_id = c_w_id)     WHERE c_w_id = $1 AND c_d_id = $2 AND c_id = $3","parameters: $1 = '1', $2 = '4', $3 = '26'",,,,,,,,"","client backend"
2024-06-16 19:01:15.184 CST,"raingage","benchmark",54597,"127.0.0.1:48954",666ec5b9.d545,416,"SELECT",2024-06-16 19:00:09 CST,6/31,0,LOG,00000,"execute S_1: SELECT c_discount, c_last, c_credit, w_tax     FROM bmsql_customer     JOIN bmsql_warehouse ON (w_id = c_w_id)     WHERE c_w_id = $1 AND c_d_id = $2 AND c_id = $3","parameters: $1 = '1', $2 = '4', $3 = '26'",,,,,,,,"","client backend"
2024-06-16 19:01:15.247 CST,"raingage","benchmark",54597,"127.0.0.1:48954",666ec5b9.d545,417,"SELECT",2024-06-16 19:00:09 CST,6/31,0,LOG,00000,"execute S_1: SELECT c_discount, c_last, c_credit, w_tax     FROM bmsql_customer     JOIN bmsql_warehouse ON (w_id = c_w_id)     WHERE c_w_id = $1 AND c_d_id = $2 AND c_id = $3","parameters: $1 = '1', $2 = '4', $3 = '26'",,,,,,,,"","client backend"
2024-06-16 19:01:15.313 CST,"raingage","benchmark",54597,"127.0.0.1:48954",666ec5b9.d545,418,"SELECT",2024-06-16 19:00:09 CST,6/31,0,LOG,00000,"execute S_1: SELECT c_discount, c_last, c_credit, w_tax     FROM bmsql_customer     JOIN bmsql_warehouse ON (w_id = c_w_id)     WHERE c_w_id = $1 AND c_d_id = $2 AND c_id = $3","parameters: $1 = '1', $2 = '4', $3 = '26'",,,,,,,,"","client backend"
2024-06-16 19:01:15.383 CST,"raingage","benchmark",54597,"127.0.0.1:48954",666ec5b9.d545,419,"SELECT",2024-06-16 19:00:09 CST,6/31,0,LOG,00000,"execute S_1: SELECT c_discount, c_last, c_credit, w_tax     FROM bmsql_customer     JOIN bmsql_warehouse ON (w_id = c_w_id)     WHERE c_w_id = $1 AND c_d_id = $2 AND c_id = $3","parameters: $1 = '1', $2 = '4', $3 = '26'",,,,,,,,"","client backend"
2024-06-16 19:01:15.445 CST,"raingage","benchmark",54597,"127.0.0.1:48954",666ec5b9.d545,420,"SELECT",2024-06-16 19:00:09 CST,6/31,0,LOG,00000,"execute S_1: SELECT c_discount, c_last, c_credit, w_tax     FROM bmsql_customer     JOIN bmsql_warehouse ON (w_id = c_w_id)     WHERE c_w_id = $1 AND c_d_id = $2 AND c_id = $3","parameters: $1 = '1', $2 = '4', $3 = '26'",,,,,,,,"","client backend"
2024-06-16 19:01:15.513 CST,"raingage","benchmark",54597,"127.0.0.1:48954",666ec5b9.d545,421,"SELECT",2024-06-16 19:00:09 CST,6/31,0,LOG,00000,"execute S_1: SELECT c_discount, c_last, c_credit, w_tax     FROM bmsql_customer     JOIN bmsql_warehouse ON (w_id = c_w_id)     WHERE c_w_id = $1 AND c_d_id = $2 AND c_id = $3","parameters: $1 = '1', $2 = '4', $3 = '26'",,,,,,,,"","client backend"
2024-06-16 19:01:15.579 CST,"raingage","benchmark",54597,"127.0.0.1:48954",666ec5b9.d545,422,"SELECT",2024-06-16 19:00:09 CST,6/31,0,LOG,00000,"execute S_1: SELECT c_discount, c_last, c_credit, w_tax     FROM bmsql_customer     JOIN bmsql_warehouse ON (w_id = c_w_id)     WHERE c_w_id = $1 AND c_d_id = $2 AND c_id = $3","parameters: $1 = '1', $2 = '4', $3 = '26'",,,,,,,,"","client backend"
2024-06-16 19:01:15.590 CST,"raingage","benchmark",54597,"127.0.0.1:48954",666ec5b9.d545,423,"SELECT",2024-06-16 19:00:09 CST,6/31,0,LOG,00000,"execute S_5: SELECT i_price, i_name, i_data     FROM bmsql_item     WHERE i_id = $1","parameters: $1 = '3'",,,,,,,,"","client backend"
2024-06-16 19:01:15.603 CST,"raingage","benchmark",54597,"127.0.0.1:48954",666ec5b9.d545,424,"SELECT",2024-06-16 19:00:09 CST,6/31,0,LOG,00000,"execute S_6: SELECT s_quantity, s_data,        s_dist_01, s_dist_02, s_dist_03, s_dist_04,        s_dist_05, s_dist_06, s_dist_07, s_dist_08,        s_dist_09, s_dist_10     FROM bmsql_stock     WHERE s_w_id = $1 AND s_i_id = $2 ","parameters: $1 = '1', $2 = '3'",,,,,,,,"","client backend"
2024-06-16 19:01:15.620 CST,"raingage","benchmark",54597,"127.0.0.1:48954",666ec5b9.d545,425,"UPDATE",2024-06-16 19:00:09 CST,6/31,0,LOG,00000,"execute S_7: UPDATE bmsql_stock     SET s_quantity = $1, s_ytd = s_ytd + $2,         s_order_cnt = s_order_cnt + 1,         s_remote_cnt = s_remote_cnt + $3     WHERE s_w_id = $4 AND s_i_id = $5","parameters: $1 = '24', $2 = '3', $3 = '0', $4 = '1', $5 = '3'",,,,,,,,"","client backend"
2024-06-16 19:01:15.638 CST,"raingage","benchmark",54597,"127.0.0.1:48954",666ec5b9.d545,426,"COMMIT",2024-06-16 19:00:09 CST,6/31,115371,LOG,00000,"execute S_2: COMMIT",,,,,,,,,"","client backend"
2024-06-16 19:01:15.652 CST,"raingage","benchmark",54597,"127.0.0.1:48954",666ec5b9.d545,427,"BEGIN",2024-06-16 19:00:09 CST,6/32,0,LOG,00000,"execute S_3: BEGIN",,,,,,,,,"","client backend"
2024-06-16 19:01:15.669 CST,"raingage","benchmark",54597,"127.0.0.1:48954",666ec5b9.d545,428,"SELECT",2024-06-16 19:00:09 CST,6/32,0,LOG,00000,"execute S_4: SELECT d_tax, d_next_o_id     FROM bmsql_district     WHERE d_w_id = $1 AND d_id = $2 ","parameters: $1 = '1', $2 = '4'",,,,,,,,"","client backend"
2024-06-16 19:01:15.731 CST,"raingage","benchmark",54597,"127.0.0.1:48954",666ec5b9.d545,429,"SELECT",2024-06-16 19:00:09 CST,6/32,0,LOG,00000,"execute S_1: SELECT c_discount, c_last, c_credit, w_tax     FROM bmsql_customer     JOIN bmsql_warehouse ON (w_id = c_w_id)     WHERE c_w_id = $1 AND c_d_id = $2 AND c_id = $3","parameters: $1 = '1', $2 = '4', $3 = '54'",,,,,,,,"","client backend"
2024-06-16 19:01:15.796 CST,"raingage","benchmark",54597,"127.0.0.1:48954",666ec5b9.d545,430,"SELECT",2024-06-16 19:00:09 CST,6/32,0,LOG,00000,"execute S_1: SELECT c_discount, c_last, c_credit, w_tax     FROM bmsql_customer     JOIN bmsql_warehouse ON (w_id = c_w_id)     WHERE c_w_id = $1 AND c_d_id = $2 AND c_id = $3","parameters: $1 = '1', $2 = '4', $3 = '54'",,,,,,,,"","client backend"
2024-06-16 19:01:15.867 CST,"raingage","benchmark",54597,"127.0.0.1:48954",666ec5b9.d545,431,"SELECT",2024-06-16 19:00:09 CST,6/32,0,LOG,00000,"execute S_1: SELECT c_discount, c_last, c_credit, w_tax     FROM bmsql_customer     JOIN bmsql_warehouse ON (w_id = c_w_id)     WHERE c_w_id = $1 AND c_d_id = $2 AND c_id = $3","parameters: $1 = '1', $2 = '4', $3 = '54'",,,,,,,,"","client backend"
2024-06-16 19:01:15.930 CST,"raingage","benchmark",54597,"127.0.0.1:48954",666ec5b9.d545,432,"SELECT",2024-06-16 19:00:09 CST,6/32,0,LOG,00000,"execute S_1: SELECT c_discount, c_last, c_credit, w_tax     FROM bmsql_customer     JOIN bmsql_warehouse ON (w_id = c_w_id)     WHERE c_w_id = $1 AND c_d_id = $2 AND c_id = $3","parameters: $1 = '1', $2 = '4', $3 = '54'",,,,,,,,"","client backend"
2024-06-16 19:01:16.000 CST,"raingage","benchmark",54597,"127.0.0.1:48954",666ec5b9.d545,433,"SELECT",2024-06-16 19:00:09 CST,6/32,0,LOG,00000,"execute S_1: SELECT c_discount, c_last, c_credit, w_tax     FROM bmsql_customer     JOIN bmsql_warehouse ON (w_id = c_w_id)     WHERE c_w_id = $1 AND c_d_id = $2 AND c_id = $3","parameters: $1 = '1', $2 = '4', $3 = '54'",,,,,,,,"","client backend"
2024-06-16 19:01:16.063 CST,"raingage","benchmark",54597,"127.0.0.1:48954",666ec5b9.d545,434,"SELECT",2024-06-16 19:00:09 CST,6/32,0,LOG,00000,"execute S_1: SELECT c_discount, c_last, c_credit, w_tax     FROM bmsql_customer     JOIN bmsql_warehouse ON (w_id = c_w_id)     WHERE c_w_id = $1 AND c_d_id = $2 AND c_id = $3","parameters: $1 = '1', $2 = '4', $3 = '54'",,,,,,,,"","client backend"
2024-06-16 19:01:16.133 CST,"raingage","benchmark",54597,"127.0.0.1:48954",666ec5b9.d545,435,"SELECT",2024-06-16 19:00:09 CST,6/32,0,LOG,00000,"execute S_1: SELECT c_discount, c_last, c_credit, w_tax     FROM bmsql_customer     JOIN bmsql_warehouse ON (w_id = c_w_id)     WHERE c_w_id = $1 AND c_d_id = $2 AND c_id = $3","parameters: $1 = '1', $2 = '4', $3 = '54'",,,,,,,,"","client backend"
2024-06-16 19:01:16.203 CST,"raingage","benchmark",54597,"127.0.0.1:48954",666ec5b9.d545,436,"SELECT",2024-06-16 19:00:09 CST,6/32,0,LOG,00000,"execute S_1: SELECT c_discount, c_last, c_credit, w_tax     FROM bmsql_customer     JOIN bmsql_warehouse ON (w_id = c_w_id)     WHERE c_w_id = $1 AND c_d_id = $2 AND c_id = $3","parameters: $1 = '1', $2 = '4', $3 = '54'",,,,,,,,"","client backend"
2024-06-16 19:01:16.223 CST,"raingage","benchmark",54597,"127.0.0.1:48954",666ec5b9.d545,437,"SELECT",2024-06-16 19:00:09 CST,6/32,0,LOG,00000,"execute S_5: SELECT i_price, i_name, i_data     FROM bmsql_item     WHERE i_id = $1","parameters: $1 = '17'",,,,,,,,"","client backend"
2024-06-16 19:01:16.237 CST,"raingage","benchmark",54597,"127.0.0.1:48954",666ec5b9.d545,438,"SELECT",2024-06-16 19:00:09 CST,6/32,0,LOG,00000,"execute S_6: SELECT s_quantity, s_data,        s_dist_01, s_dist_02, s_dist_03, s_dist_04,        s_dist_05, s_dist_06, s_dist_07, s_dist_08,        s_dist_09, s_dist_10     FROM bmsql_stock     WHERE s_w_id = $1 AND s_i_id = $2 ","parameters: $1 = '1', $2 = '17'",,,,,,,,"","client backend"
2024-06-16 19:01:16.254 CST,"raingage","benchmark",54597,"127.0.0.1:48954",666ec5b9.d545,439,"UPDATE",2024-06-16 19:00:09 CST,6/32,0,LOG,00000,"execute S_7: UPDATE bmsql_stock     SET s_quantity = $1, s_ytd = s_ytd + $2,         s_order_cnt = s_order_cnt + 1,         s_remote_cnt = s_remote_cnt + $3     WHERE s_w_id = $4 AND s_i_id = $5","parameters: $1 = '94', $2 = '3', $3 = '0', $4 = '1', $5 = '17'",,,,,,,,"","client backend"
2024-06-16 19:01:16.272 CST,"raingage","benchmark",54597,"127.0.0.1:48954",666ec5b9.d545,440,"COMMIT",2024-06-16 19:00:09 CST,6/32,115372,LOG,00000,"execute S_2: COMMIT",,,,,,,,,"","client backend"
2024-06-16 19:01:16.286 CST,"raingage","benchmark",54597,"127.0.0.1:48954",666ec5b9.d545,441,"BEGIN",2024-06-16 19:00:09 CST,6/33,0,LOG,00000,"execute S_3: BEGIN",,,,,,,,,"","client backend"
2024-06-16 19:01:16.299 CST,"raingage","benchmark",54597,"127.0.0.1:48954",666ec5b9.d545,442,"SELECT",2024-06-16 19:00:09 CST,6/33,0,LOG,00000,"execute S_4: SELECT d_tax, d_next_o_id     FROM bmsql_district     WHERE d_w_id = $1 AND d_id = $2 ","parameters: $1 = '1', $2 = '4'",,,,,,,,"","client backend"
2024-06-16 19:01:16.367 CST,"raingage","benchmark",54597,"127.0.0.1:48954",666ec5b9.d545,443,"SELECT",2024-06-16 19:00:09 CST,6/33,0,LOG,00000,"execute S_1: SELECT c_discount, c_last, c_credit, w_tax     FROM bmsql_customer     JOIN bmsql_warehouse ON (w_id = c_w_id)     WHERE c_w_id = $1 AND c_d_id = $2 AND c_id = $3","parameters: $1 = '1', $2 = '4', $3 = '28'",,,,,,,,"","client backend"
2024-06-16 19:01:16.437 CST,"raingage","benchmark",54597,"127.0.0.1:48954",666ec5b9.d545,444,"SELECT",2024-06-16 19:00:09 CST,6/33,0,LOG,00000,"execute S_1: SELECT c_discount, c_last, c_credit, w_tax     FROM bmsql_customer     JOIN bmsql_warehouse ON (w_id = c_w_id)     WHERE c_w_id = $1 AND c_d_id = $2 AND c_id = $3","parameters: $1 = '1', $2 = '4', $3 = '28'",,,,,,,,"","client backend"
2024-06-16 19:01:16.501 CST,"raingage","benchmark",54597,"127.0.0.1:48954",666ec5b9.d545,445,"SELECT",2024-06-16 19:00:09 CST,6/33,0,LOG,00000,"execute S_1: SELECT c_discount, c_last, c_credit, w_tax     FROM bmsql_customer     JOIN bmsql_warehouse ON (w_id = c_w_id)     WHERE c_w_id = $1 AND c_d_id = $2 AND c_id = $3","parameters: $1 = '1', $2 = '4', $3 = '28'",,,,,,,,"","client backend"
2024-06-16 19:01:16.569 CST,"raingage","benchmark",54597,"127.0.0.1:48954",666ec5b9.d545,446,"SELECT",2024-06-16 19:00:09 CST,6/33,0,LOG,00000,"execute S_1: SELECT c_discount, c_last, c_credit, w_tax     FROM bmsql_customer     JOIN bmsql_warehouse ON (w_id = c_w_id)     WHERE c_w_id = $1 AND c_d_id = $2 AND c_id = $3","parameters: $1 = '1', $2 = '4', $3 = '28'",,,,,,,,"","client backend"
2024-06-16 19:01:16.631 CST,"raingage","benchmark",54597,"127.0.0.1:48954",666ec5b9.d545,447,"SELECT",2024-06-16 19:00:09 CST,6/33,0,LOG,00000,"execute S_1: SELECT c_discount, c_last, c_credit, w_tax     FROM bmsql_customer     JOIN bmsql_warehouse ON (w_id = c_w_id)     WHERE c_w_id = $1 AND c_d_id = $2 AND c_id = $3","parameters: $1 = '1', $2 = '4', $3 = '28'",,,,,,,,"","client backend"
2024-06-16 19:01:16.699 CST,"raingage","benchmark",54597,"127.0.0.1:48954",666ec5b9.d545,448,"SELECT",2024-06-16 19:00:09 CST,6/33,0,LOG,00000,"execute S_1: SELECT c_discount, c_last, c_credit, w_tax     FROM bmsql_customer     JOIN bmsql_warehouse ON (w_id = c_w_id)     WHERE c_w_id = $1 AND c_d_id = $2 AND c_id = $3","parameters: $1 = '1', $2 = '4', $3 = '28'",,,,,,,,"","client backend"
2024-06-16 19:01:16.763 CST,"raingage","benchmark",54597,"127.0.0.1:48954",666ec5b9.d545,449,"SELECT",2024-06-16 19:00:09 CST,6/33,0,LOG,00000,"execute S_1: SELECT c_discount, c_last, c_credit, w_tax     FROM bmsql_customer     JOIN bmsql_warehouse ON (w_id = c_w_id)     WHERE c_w_id = $1 AND c_d_id = $2 AND c_id = $3","parameters: $1 = '1', $2 = '4', $3 = '28'",,,,,,,,"","client backend"
2024-06-16 19:01:16.826 CST,"raingage","benchmark",54597,"127.0.0.1:48954",666ec5b9.d545,450,"SELECT",2024-06-16 19:00:09 CST,6/33,0,LOG,00000,"execute S_1: SELECT c_discount, c_last, c_credit, w_tax     FROM bmsql_customer     JOIN bmsql_warehouse ON (w_id = c_w_id)     WHERE c_w_id = $1 AND c_d_id = $2 AND c_id = $3","parameters: $1 = '1', $2 = '4', $3 = '28'",,,,,,,,"","client backend"
2024-06-16 19:01:16.844 CST,"raingage","benchmark",54597,"127.0.0.1:48954",666ec5b9.d545,451,"SELECT",2024-06-16 19:00:09 CST,6/33,0,LOG,00000,"execute S_5: SELECT i_price, i_name, i_data     FROM bmsql_item     WHERE i_id = $1","parameters: $1 = '24'",,,,,,,,"","client backend"
2024-06-16 19:01:16.864 CST,"raingage","benchmark",54597,"127.0.0.1:48954",666ec5b9.d545,452,"SELECT",2024-06-16 19:00:09 CST,6/33,0,LOG,00000,"execute S_6: SELECT s_quantity, s_data,        s_dist_01, s_dist_02, s_dist_03, s_dist_04,        s_dist_05, s_dist_06, s_dist_07, s_dist_08,        s_dist_09, s_dist_10     FROM bmsql_stock     WHERE s_w_id = $1 AND s_i_id = $2 ","parameters: $1 = '1', $2 = '24'",,,,,,,,"","client backend"
2024-06-16 19:01:16.882 CST,"raingage","benchmark",54597,"127.0.0.1:48954",666ec5b9.d545,453,"UPDATE",2024-06-16 19:00:09 CST,6/33,0,LOG,00000,"execute S_7: UPDATE bmsql_stock     SET s_quantity = $1, s_ytd = s_ytd + $2,         s_order_cnt = s_order_cnt + 1,         s_remote_cnt = s_remote_cnt + $3     WHERE s_w_id = $4 AND s_i_id = $5","parameters: $1 = '84', $2 = '4', $3 = '0', $4 = '1', $5 = '24'",,,,,,,,"","client backend"
2024-06-16 19:01:16.900 CST,"raingage","benchmark",54597,"127.0.0.1:48954",666ec5b9.d545,454,"COMMIT",2024-06-16 19:00:09 CST,6/33,115373,LOG,00000,"execute S_2: COMMIT",,,,,,,,,"","client backend"
2024-06-16 19:01:16.920 CST,"raingage","benchmark",54597,"127.0.0.1:48954",666ec5b9.d545,455,"BEGIN",2024-06-16 19:00:09 CST,6/34,0,LOG,00000,"execute S_3: BEGIN",,,,,,,,,"","client backend"
2024-06-16 19:01:16.934 CST,"raingage","benchmark",54597,"127.0.0.1:48954",666ec5b9.d545,456,"SELECT",2024-06-16 19:00:09 CST,6/34,0,LOG,00000,"execute S_4: SELECT d_tax, d_next_o_id     FROM bmsql_district     WHERE d_w_id = $1 AND d_id = $2 ","parameters: $1 = '1', $2 = '4'",,,,,,,,"","client backend"
2024-06-16 19:01:17.002 CST,"raingage","benchmark",54597,"127.0.0.1:48954",666ec5b9.d545,457,"SELECT",2024-06-16 19:00:09 CST,6/34,0,LOG,00000,"execute S_1: SELECT c_discount, c_last, c_credit, w_tax     FROM bmsql_customer     JOIN bmsql_warehouse ON (w_id = c_w_id)     WHERE c_w_id = $1 AND c_d_id = $2 AND c_id = $3","parameters: $1 = '1', $2 = '4', $3 = '95'",,,,,,,,"","client backend"
2024-06-16 19:01:17.075 CST,"raingage","benchmark",54597,"127.0.0.1:48954",666ec5b9.d545,458,"SELECT",2024-06-16 19:00:09 CST,6/34,0,LOG,00000,"execute S_1: SELECT c_discount, c_last, c_credit, w_tax     FROM bmsql_customer     JOIN bmsql_warehouse ON (w_id = c_w_id)     WHERE c_w_id = $1 AND c_d_id = $2 AND c_id = $3","parameters: $1 = '1', $2 = '4', $3 = '95'",,,,,,,,"","client backend"
2024-06-16 19:01:17.146 CST,"raingage","benchmark",54597,"127.0.0.1:48954",666ec5b9.d545,459,"SELECT",2024-06-16 19:00:09 CST,6/34,0,LOG,00000,"execute S_1: SELECT c_discount, c_last, c_credit, w_tax     FROM bmsql_customer     JOIN bmsql_warehouse ON (w_id = c_w_id)     WHERE c_w_id = $1 AND c_d_id = $2 AND c_id = $3","parameters: $1 = '1', $2 = '4', $3 = '95'",,,,,,,,"","client backend"
2024-06-16 19:01:17.215 CST,"raingage","benchmark",54597,"127.0.0.1:48954",666ec5b9.d545,460,"SELECT",2024-06-16 19:00:09 CST,6/34,0,LOG,00000,"execute S_1: SELECT c_discount, c_last, c_credit, w_tax     FROM bmsql_customer     JOIN bmsql_warehouse ON (w_id = c_w_id)     WHERE c_w_id = $1 AND c_d_id = $2 AND c_id = $3","parameters: $1 = '1', $2 = '4', $3 = '95'",,,,,,,,"","client backend"
2024-06-16 19:01:17.281 CST,"raingage","benchmark",54597,"127.0.0.1:48954",666ec5b9.d545,461,"SELECT",2024-06-16 19:00:09 CST,6/34,0,LOG,00000,"execute S_1: SELECT c_discount, c_last, c_credit, w_tax     FROM bmsql_customer     JOIN bmsql_warehouse ON (w_id = c_w_id)     WHERE c_w_id = $1 AND c_d_id = $2 AND c_id = $3","parameters: $1 = '1', $2 = '4', $3 = '95'",,,,,,,,"","client backend"
2024-06-16 19:01:17.350 CST,"raingage","benchmark",54597,"127.0.0.1:48954",666ec5b9.d545,462,"SELECT",2024-06-16 19:00:09 CST,6/34,0,LOG,00000,"execute S_1: SELECT c_discount, c_last, c_credit, w_tax     FROM bmsql_customer     JOIN bmsql_warehouse ON (w_id = c_w_id)     WHERE c_w_id = $1 AND c_d_id = $2 AND c_id = $3","parameters: $1 = '1', $2 = '4', $3 = '95'",,,,,,,,"","client backend"
2024-06-16 19:01:17.420 CST,"raingage","benchmark",54597,"127.0.0.1:48954",666ec5b9.d545,463,"SELECT",2024-06-16 19:00:09 CST,6/34,0,LOG,00000,"execute S_1: SELECT c_discount, c_last, c_credit, w_tax     FROM bmsql_customer     JOIN bmsql_warehouse ON (w_id = c_w_id)     WHERE c_w_id = $1 AND c_d_id = $2 AND c_id = $3","parameters: $1 = '1', $2 = '4', $3 = '95'",,,,,,,,"","client backend"
2024-06-16 19:01:17.488 CST,"raingage","benchmark",54597,"127.0.0.1:48954",666ec5b9.d545,464,"SELECT",2024-06-16 19:00:09 CST,6/34,0,LOG,00000,"execute S_1: SELECT c_discount, c_last, c_credit, w_tax     FROM bmsql_customer     JOIN bmsql_warehouse ON (w_id = c_w_id)     WHERE c_w_id = $1 AND c_d_id = $2 AND c_id = $3","parameters: $1 = '1', $2 = '4', $3 = '95'",,,,,,,,"","client backend"
2024-06-16 19:01:17.506 CST,"raingage","benchmark",54597,"127.0.0.1:48954",666ec5b9.d545,465,"SELECT",2024-06-16 19:00:09 CST,6/34,0,LOG,00000,"execute S_5: SELECT i_price, i_name, i_data     FROM bmsql_item     WHERE i_id = $1","parameters: $1 = '37'",,,,,,,,"","client backend"
2024-06-16 19:01:17.524 CST,"raingage","benchmark",54597,"127.0.0.1:48954",666ec5b9.d545,466,"SELECT",2024-06-16 19:00:09 CST,6/34,0,LOG,00000,"execute S_6: SELECT s_quantity, s_data,        s_dist_01, s_dist_02, s_dist_03, s_dist_04,        s_dist_05, s_dist_06, s_dist_07, s_dist_08,        s_dist_09, s_dist_10     FROM bmsql_stock     WHERE s_w_id = $1 AND s_i_id = $2 ","parameters: $1 = '1', $2 = '37'",,,,,,,,"","client backend"
2024-06-16 19:01:17.539 CST,"raingage","benchmark",54597,"127.0.0.1:48954",666ec5b9.d545,467,"UPDATE",2024-06-16 19:00:09 CST,6/34,0,LOG,00000,"execute S_7: UPDATE bmsql_stock     SET s_quantity = $1, s_ytd = s_ytd + $2,         s_order_cnt = s_order_cnt + 1,         s_remote_cnt = s_remote_cnt + $3     WHERE s_w_id = $4 AND s_i_id = $5","parameters: $1 = '96', $2 = '7', $3 = '0', $4 = '1', $5 = '37'",,,,,,,,"","client backend"
2024-06-16 19:01:17.556 CST,"raingage","benchmark",54597,"127.0.0.1:48954",666ec5b9.d545,468,"COMMIT",2024-06-16 19:00:09 CST,6/34,115374,LOG,00000,"execute S_2: COMMIT",,,,,,,,,"","client backend"
2024-06-16 19:01:17.571 CST,"raingage","benchmark",54597,"127.0.0.1:48954",666ec5b9.d545,469,"BEGIN",2024-06-16 19:00:09 CST,6/35,0,LOG,00000,"execute S_3: BEGIN",,,,,,,,,"","client backend"
2024-06-16 19:01:17.584 CST,"raingage","benchmark",54597,"127.0.0.1:48954",666ec5b9.d545,470,"SELECT",2024-06-16 19:00:09 CST,6/35,0,LOG,00000,"execute S_4: SELECT d_tax, d_next_o_id     FROM bmsql_district     WHERE d_w_id = $1 AND d_id = $2 ","parameters: $1 = '1', $2 = '4'",,,,,,,,"","client backend"
2024-06-16 19:01:17.647 CST,"raingage","benchmark",54597,"127.0.0.1:48954",666ec5b9.d545,471,"SELECT",2024-06-16 19:00:09 CST,6/35,0,LOG,00000,"execute S_1: SELECT c_discount, c_last, c_credit, w_tax     FROM bmsql_customer     JOIN bmsql_warehouse ON (w_id = c_w_id)     WHERE c_w_id = $1 AND c_d_id = $2 AND c_id = $3","parameters: $1 = '1', $2 = '4', $3 = '95'",,,,,,,,"","client backend"
2024-06-16 19:01:17.713 CST,"raingage","benchmark",54597,"127.0.0.1:48954",666ec5b9.d545,472,"SELECT",2024-06-16 19:00:09 CST,6/35,0,LOG,00000,"execute S_1: SELECT c_discount, c_last, c_credit, w_tax     FROM bmsql_customer     JOIN bmsql_warehouse ON (w_id = c_w_id)     WHERE c_w_id = $1 AND c_d_id = $2 AND c_id = $3","parameters: $1 = '1', $2 = '4', $3 = '95'",,,,,,,,"","client backend"
2024-06-16 19:01:17.778 CST,"raingage","benchmark",54597,"127.0.0.1:48954",666ec5b9.d545,473,"SELECT",2024-06-16 19:00:09 CST,6/35,0,LOG,00000,"execute S_1: SELECT c_discount, c_last, c_credit, w_tax     FROM bmsql_customer     JOIN bmsql_warehouse ON (w_id = c_w_id)     WHERE c_w_id = $1 AND c_d_id = $2 AND c_id = $3","parameters: $1 = '1', $2 = '4', $3 = '95'",,,,,,,,"","client backend"
2024-06-16 19:01:17.840 CST,"raingage","benchmark",54597,"127.0.0.1:48954",666ec5b9.d545,474,"SELECT",2024-06-16 19:00:09 CST,6/35,0,LOG,00000,"execute S_1: SELECT c_discount, c_last, c_credit, w_tax     FROM bmsql_customer     JOIN bmsql_warehouse ON (w_id = c_w_id)     WHERE c_w_id = $1 AND c_d_id = $2 AND c_id = $3","parameters: $1 = '1', $2 = '4', $3 = '95'",,,,,,,,"","client backend"
2024-06-16 19:01:17.906 CST,"raingage","benchmark",54597,"127.0.0.1:48954",666ec5b9.d545,475,"SELECT",2024-06-16 19:00:09 CST,6/35,0,LOG,00000,"execute S_1: SELECT c_discount, c_last, c_credit, w_tax     FROM bmsql_customer     JOIN bmsql_warehouse ON (w_id = c_w_id)     WHERE c_w_id = $1 AND c_d_id = $2 AND c_id = $3","parameters: $1 = '1', $2 = '4', $3 = '95'",,,,,,,,"","client backend"
2024-06-16 19:01:17.964 CST,"raingage","benchmark",54598,"127.0.0.1:48956",666ec5b9.d546,297,"BEGIN",2024-06-16 19:00:09 CST,7/23,0,LOG,00000,"execute S_3: BEGIN",,,,,,,,,"","client backend"
2024-06-16 19:01:17.974 CST,"raingage","benchmark",54597,"127.0.0.1:48954",666ec5b9.d545,476,"SELECT",2024-06-16 19:00:09 CST,6/35,0,LOG,00000,"execute S_1: SELECT c_discount, c_last, c_credit, w_tax     FROM bmsql_customer     JOIN bmsql_warehouse ON (w_id = c_w_id)     WHERE c_w_id = $1 AND c_d_id = $2 AND c_id = $3","parameters: $1 = '1', $2 = '4', $3 = '95'",,,,,,,,"","client backend"
2024-06-16 19:01:17.980 CST,"raingage","benchmark",54598,"127.0.0.1:48956",666ec5b9.d546,298,"SELECT",2024-06-16 19:00:09 CST,7/23,0,LOG,00000,"execute S_4: SELECT d_tax, d_next_o_id     FROM bmsql_district     WHERE d_w_id = $1 AND d_id = $2 ","parameters: $1 = '1', $2 = '2'",,,,,,,,"","client backend"
2024-06-16 19:01:18.035 CST,"raingage","benchmark",54596,"127.0.0.1:48952",666ec5b9.d544,679,"BEGIN",2024-06-16 19:00:09 CST,5/50,0,LOG,00000,"execute S_3: BEGIN",,,,,,,,,"","client backend"
2024-06-16 19:01:18.042 CST,"raingage","benchmark",54597,"127.0.0.1:48954",666ec5b9.d545,477,"SELECT",2024-06-16 19:00:09 CST,6/35,0,LOG,00000,"execute S_1: SELECT c_discount, c_last, c_credit, w_tax     FROM bmsql_customer     JOIN bmsql_warehouse ON (w_id = c_w_id)     WHERE c_w_id = $1 AND c_d_id = $2 AND c_id = $3","parameters: $1 = '1', $2 = '4', $3 = '95'",,,,,,,,"","client backend"
2024-06-16 19:01:18.050 CST,"raingage","benchmark",54598,"127.0.0.1:48956",666ec5b9.d546,299,"SELECT",2024-06-16 19:00:09 CST,7/23,0,LOG,00000,"execute S_1: SELECT c_discount, c_last, c_credit, w_tax     FROM bmsql_customer     JOIN bmsql_warehouse ON (w_id = c_w_id)     WHERE c_w_id = $1 AND c_d_id = $2 AND c_id = $3","parameters: $1 = '1', $2 = '2', $3 = '92'",,,,,,,,"","client backend"
2024-06-16 19:01:18.054 CST,"raingage","benchmark",54596,"127.0.0.1:48952",666ec5b9.d544,680,"SELECT",2024-06-16 19:00:09 CST,5/50,0,LOG,00000,"execute S_4: SELECT d_tax, d_next_o_id     FROM bmsql_district     WHERE d_w_id = $1 AND d_id = $2 ","parameters: $1 = '1', $2 = '2'",,,,,,,,"","client backend"
2024-06-16 19:01:18.109 CST,"raingage","benchmark",54597,"127.0.0.1:48954",666ec5b9.d545,478,"SELECT",2024-06-16 19:00:09 CST,6/35,0,LOG,00000,"execute S_1: SELECT c_discount, c_last, c_credit, w_tax     FROM bmsql_customer     JOIN bmsql_warehouse ON (w_id = c_w_id)     WHERE c_w_id = $1 AND c_d_id = $2 AND c_id = $3","parameters: $1 = '1', $2 = '4', $3 = '95'",,,,,,,,"","client backend"
2024-06-16 19:01:18.121 CST,"raingage","benchmark",54598,"127.0.0.1:48956",666ec5b9.d546,300,"SELECT",2024-06-16 19:00:09 CST,7/23,0,LOG,00000,"execute S_1: SELECT c_discount, c_last, c_credit, w_tax     FROM bmsql_customer     JOIN bmsql_warehouse ON (w_id = c_w_id)     WHERE c_w_id = $1 AND c_d_id = $2 AND c_id = $3","parameters: $1 = '1', $2 = '2', $3 = '92'",,,,,,,,"","client backend"
2024-06-16 19:01:18.125 CST,"raingage","benchmark",54597,"127.0.0.1:48954",666ec5b9.d545,479,"SELECT",2024-06-16 19:00:09 CST,6/35,0,LOG,00000,"execute S_5: SELECT i_price, i_name, i_data     FROM bmsql_item     WHERE i_id = $1","parameters: $1 = '37'",,,,,,,,"","client backend"
2024-06-16 19:01:18.126 CST,"raingage","benchmark",54596,"127.0.0.1:48952",666ec5b9.d544,681,"SELECT",2024-06-16 19:00:09 CST,5/50,0,LOG,00000,"execute S_1: SELECT c_discount, c_last, c_credit, w_tax     FROM bmsql_customer     JOIN bmsql_warehouse ON (w_id = c_w_id)     WHERE c_w_id = $1 AND c_d_id = $2 AND c_id = $3","parameters: $1 = '1', $2 = '2', $3 = '4'",,,,,,,,"","client backend"
2024-06-16 19:01:18.145 CST,"raingage","benchmark",54597,"127.0.0.1:48954",666ec5b9.d545,480,"SELECT",2024-06-16 19:00:09 CST,6/35,0,LOG,00000,"execute S_6: SELECT s_quantity, s_data,        s_dist_01, s_dist_02, s_dist_03, s_dist_04,        s_dist_05, s_dist_06, s_dist_07, s_dist_08,        s_dist_09, s_dist_10     FROM bmsql_stock     WHERE s_w_id = $1 AND s_i_id = $2 ","parameters: $1 = '1', $2 = '37'",,,,,,,,"","client backend"
2024-06-16 19:01:18.164 CST,"raingage","benchmark",54597,"127.0.0.1:48954",666ec5b9.d545,481,"UPDATE",2024-06-16 19:00:09 CST,6/35,0,LOG,00000,"execute S_7: UPDATE bmsql_stock     SET s_quantity = $1, s_ytd = s_ytd + $2,         s_order_cnt = s_order_cnt + 1,         s_remote_cnt = s_remote_cnt + $3     WHERE s_w_id = $4 AND s_i_id = $5","parameters: $1 = '89', $2 = '7', $3 = '0', $4 = '1', $5 = '37'",,,,,,,,"","client backend"
2024-06-16 19:01:18.177 CST,"raingage","benchmark",54597,"127.0.0.1:48954",666ec5b9.d545,482,"COMMIT",2024-06-16 19:00:09 CST,6/35,115375,LOG,00000,"execute S_2: COMMIT",,,,,,,,,"","client backend"
2024-06-16 19:01:18.187 CST,"raingage","benchmark",54598,"127.0.0.1:48956",666ec5b9.d546,301,"SELECT",2024-06-16 19:00:09 CST,7/23,0,LOG,00000,"execute S_1: SELECT c_discount, c_last, c_credit, w_tax     FROM bmsql_customer     JOIN bmsql_warehouse ON (w_id = c_w_id)     WHERE c_w_id = $1 AND c_d_id = $2 AND c_id = $3","parameters: $1 = '1', $2 = '2', $3 = '92'",,,,,,,,"","client backend"
2024-06-16 19:01:18.197 CST,"raingage","benchmark",54596,"127.0.0.1:48952",666ec5b9.d544,682,"SELECT",2024-06-16 19:00:09 CST,5/50,0,LOG,00000,"execute S_1: SELECT c_discount, c_last, c_credit, w_tax     FROM bmsql_customer     JOIN bmsql_warehouse ON (w_id = c_w_id)     WHERE c_w_id = $1 AND c_d_id = $2 AND c_id = $3","parameters: $1 = '1', $2 = '2', $3 = '4'",,,,,,,,"","client backend"
2024-06-16 19:01:18.200 CST,"raingage","benchmark",54597,"127.0.0.1:48954",666ec5b9.d545,483,"BEGIN",2024-06-16 19:00:09 CST,6/36,0,LOG,00000,"execute S_3: BEGIN",,,,,,,,,"","client backend"
2024-06-16 19:01:18.214 CST,"raingage","benchmark",54597,"127.0.0.1:48954",666ec5b9.d545,484,"SELECT",2024-06-16 19:00:09 CST,6/36,0,LOG,00000,"execute S_4: SELECT d_tax, d_next_o_id     FROM bmsql_district     WHERE d_w_id = $1 AND d_id = $2 ","parameters: $1 = '1', $2 = '1'",,,,,,,,"","client backend"
2024-06-16 19:01:18.253 CST,"raingage","benchmark",54598,"127.0.0.1:48956",666ec5b9.d546,302,"SELECT",2024-06-16 19:00:09 CST,7/23,0,LOG,00000,"execute S_1: SELECT c_discount, c_last, c_credit, w_tax     FROM bmsql_customer     JOIN bmsql_warehouse ON (w_id = c_w_id)     WHERE c_w_id = $1 AND c_d_id = $2 AND c_id = $3","parameters: $1 = '1', $2 = '2', $3 = '92'",,,,,,,,"","client backend"
2024-06-16 19:01:18.268 CST,"raingage","benchmark",54596,"127.0.0.1:48952",666ec5b9.d544,683,"SELECT",2024-06-16 19:00:09 CST,5/50,0,LOG,00000,"execute S_1: SELECT c_discount, c_last, c_credit, w_tax     FROM bmsql_customer     JOIN bmsql_warehouse ON (w_id = c_w_id)     WHERE c_w_id = $1 AND c_d_id = $2 AND c_id = $3","parameters: $1 = '1', $2 = '2', $3 = '4'",,,,,,,,"","client backend"
2024-06-16 19:01:18.283 CST,"raingage","benchmark",54597,"127.0.0.1:48954",666ec5b9.d545,485,"SELECT",2024-06-16 19:00:09 CST,6/36,0,LOG,00000,"execute S_1: SELECT c_discount, c_last, c_credit, w_tax     FROM bmsql_customer     JOIN bmsql_warehouse ON (w_id = c_w_id)     WHERE c_w_id = $1 AND c_d_id = $2 AND c_id = $3","parameters: $1 = '1', $2 = '1', $3 = '91'",,,,,,,,"","client backend"
2024-06-16 19:01:18.321 CST,"raingage","benchmark",54598,"127.0.0.1:48956",666ec5b9.d546,303,"SELECT",2024-06-16 19:00:09 CST,7/23,0,LOG,00000,"execute S_1: SELECT c_discount, c_last, c_credit, w_tax     FROM bmsql_customer     JOIN bmsql_warehouse ON (w_id = c_w_id)     WHERE c_w_id = $1 AND c_d_id = $2 AND c_id = $3","parameters: $1 = '1', $2 = '2', $3 = '92'",,,,,,,,"","client backend"
2024-06-16 19:01:18.337 CST,"raingage","benchmark",54596,"127.0.0.1:48952",666ec5b9.d544,684,"SELECT",2024-06-16 19:00:09 CST,5/50,0,LOG,00000,"execute S_1: SELECT c_discount, c_last, c_credit, w_tax     FROM bmsql_customer     JOIN bmsql_warehouse ON (w_id = c_w_id)     WHERE c_w_id = $1 AND c_d_id = $2 AND c_id = $3","parameters: $1 = '1', $2 = '2', $3 = '4'",,,,,,,,"","client backend"
2024-06-16 19:01:18.354 CST,"raingage","benchmark",54597,"127.0.0.1:48954",666ec5b9.d545,486,"SELECT",2024-06-16 19:00:09 CST,6/36,0,LOG,00000,"execute S_1: SELECT c_discount, c_last, c_credit, w_tax     FROM bmsql_customer     JOIN bmsql_warehouse ON (w_id = c_w_id)     WHERE c_w_id = $1 AND c_d_id = $2 AND c_id = $3","parameters: $1 = '1', $2 = '1', $3 = '91'",,,,,,,,"","client backend"
2024-06-16 19:01:18.385 CST,"raingage","benchmark",54598,"127.0.0.1:48956",666ec5b9.d546,304,"SELECT",2024-06-16 19:00:09 CST,7/23,0,LOG,00000,"execute S_1: SELECT c_discount, c_last, c_credit, w_tax     FROM bmsql_customer     JOIN bmsql_warehouse ON (w_id = c_w_id)     WHERE c_w_id = $1 AND c_d_id = $2 AND c_id = $3","parameters: $1 = '1', $2 = '2', $3 = '92'",,,,,,,,"","client backend"
2024-06-16 19:01:18.400 CST,"raingage","benchmark",54596,"127.0.0.1:48952",666ec5b9.d544,685,"SELECT",2024-06-16 19:00:09 CST,5/50,0,LOG,00000,"execute S_1: SELECT c_discount, c_last, c_credit, w_tax     FROM bmsql_customer     JOIN bmsql_warehouse ON (w_id = c_w_id)     WHERE c_w_id = $1 AND c_d_id = $2 AND c_id = $3","parameters: $1 = '1', $2 = '2', $3 = '4'",,,,,,,,"","client backend"
2024-06-16 19:01:18.423 CST,"raingage","benchmark",54597,"127.0.0.1:48954",666ec5b9.d545,487,"SELECT",2024-06-16 19:00:09 CST,6/36,0,LOG,00000,"execute S_1: SELECT c_discount, c_last, c_credit, w_tax     FROM bmsql_customer     JOIN bmsql_warehouse ON (w_id = c_w_id)     WHERE c_w_id = $1 AND c_d_id = $2 AND c_id = $3","parameters: $1 = '1', $2 = '1', $3 = '91'",,,,,,,,"","client backend"
2024-06-16 19:01:18.447 CST,"raingage","benchmark",54598,"127.0.0.1:48956",666ec5b9.d546,305,"SELECT",2024-06-16 19:00:09 CST,7/23,0,LOG,00000,"execute S_1: SELECT c_discount, c_last, c_credit, w_tax     FROM bmsql_customer     JOIN bmsql_warehouse ON (w_id = c_w_id)     WHERE c_w_id = $1 AND c_d_id = $2 AND c_id = $3","parameters: $1 = '1', $2 = '2', $3 = '92'",,,,,,,,"","client backend"
2024-06-16 19:01:18.469 CST,"raingage","benchmark",54596,"127.0.0.1:48952",666ec5b9.d544,686,"SELECT",2024-06-16 19:00:09 CST,5/50,0,LOG,00000,"execute S_1: SELECT c_discount, c_last, c_credit, w_tax     FROM bmsql_customer     JOIN bmsql_warehouse ON (w_id = c_w_id)     WHERE c_w_id = $1 AND c_d_id = $2 AND c_id = $3","parameters: $1 = '1', $2 = '2', $3 = '4'",,,,,,,,"","client backend"
2024-06-16 19:01:18.489 CST,"raingage","benchmark",54597,"127.0.0.1:48954",666ec5b9.d545,488,"SELECT",2024-06-16 19:00:09 CST,6/36,0,LOG,00000,"execute S_1: SELECT c_discount, c_last, c_credit, w_tax     FROM bmsql_customer     JOIN bmsql_warehouse ON (w_id = c_w_id)     WHERE c_w_id = $1 AND c_d_id = $2 AND c_id = $3","parameters: $1 = '1', $2 = '1', $3 = '91'",,,,,,,,"","client backend"
2024-06-16 19:01:18.511 CST,"raingage","benchmark",54598,"127.0.0.1:48956",666ec5b9.d546,306,"SELECT",2024-06-16 19:00:09 CST,7/23,0,LOG,00000,"execute S_1: SELECT c_discount, c_last, c_credit, w_tax     FROM bmsql_customer     JOIN bmsql_warehouse ON (w_id = c_w_id)     WHERE c_w_id = $1 AND c_d_id = $2 AND c_id = $3","parameters: $1 = '1', $2 = '2', $3 = '92'",,,,,,,,"","client backend"
2024-06-16 19:01:18.522 CST,"raingage","benchmark",54598,"127.0.0.1:48956",666ec5b9.d546,307,"SELECT",2024-06-16 19:00:09 CST,7/23,0,LOG,00000,"execute S_5: SELECT i_price, i_name, i_data     FROM bmsql_item     WHERE i_id = $1","parameters: $1 = '89'",,,,,,,,"","client backend"
2024-06-16 19:01:18.536 CST,"raingage","benchmark",54596,"127.0.0.1:48952",666ec5b9.d544,687,"SELECT",2024-06-16 19:00:09 CST,5/50,0,LOG,00000,"execute S_1: SELECT c_discount, c_last, c_credit, w_tax     FROM bmsql_customer     JOIN bmsql_warehouse ON (w_id = c_w_id)     WHERE c_w_id = $1 AND c_d_id = $2 AND c_id = $3","parameters: $1 = '1', $2 = '2', $3 = '4'",,,,,,,,"","client backend"
2024-06-16 19:01:18.543 CST,"raingage","benchmark",54598,"127.0.0.1:48956",666ec5b9.d546,308,"SELECT",2024-06-16 19:00:09 CST,7/23,0,LOG,00000,"execute S_6: SELECT s_quantity, s_data,        s_dist_01, s_dist_02, s_dist_03, s_dist_04,        s_dist_05, s_dist_06, s_dist_07, s_dist_08,        s_dist_09, s_dist_10     FROM bmsql_stock     WHERE s_w_id = $1 AND s_i_id = $2 ","parameters: $1 = '1', $2 = '89'",,,,,,,,"","client backend"
2024-06-16 19:01:18.559 CST,"raingage","benchmark",54598,"127.0.0.1:48956",666ec5b9.d546,309,"UPDATE",2024-06-16 19:00:09 CST,7/23,0,LOG,00000,"execute S_7: UPDATE bmsql_stock     SET s_quantity = $1, s_ytd = s_ytd + $2,         s_order_cnt = s_order_cnt + 1,         s_remote_cnt = s_remote_cnt + $3     WHERE s_w_id = $4 AND s_i_id = $5","parameters: $1 = '34', $2 = '7', $3 = '0', $4 = '1', $5 = '89'",,,,,,,,"","client backend"
2024-06-16 19:01:18.559 CST,"raingage","benchmark",54597,"127.0.0.1:48954",666ec5b9.d545,489,"SELECT",2024-06-16 19:00:09 CST,6/36,0,LOG,00000,"execute S_1: SELECT c_discount, c_last, c_credit, w_tax     FROM bmsql_customer     JOIN bmsql_warehouse ON (w_id = c_w_id)     WHERE c_w_id = $1 AND c_d_id = $2 AND c_id = $3","parameters: $1 = '1', $2 = '1', $3 = '91'",,,,,,,,"","client backend"
2024-06-16 19:01:18.577 CST,"raingage","benchmark",54598,"127.0.0.1:48956",666ec5b9.d546,310,"COMMIT",2024-06-16 19:00:09 CST,7/23,115376,LOG,00000,"execute S_2: COMMIT",,,,,,,,,"","client backend"
2024-06-16 19:01:18.594 CST,"raingage","benchmark",54598,"127.0.0.1:48956",666ec5b9.d546,311,"BEGIN",2024-06-16 19:00:09 CST,7/24,0,LOG,00000,"execute S_3: BEGIN",,,,,,,,,"","client backend"
2024-06-16 19:01:18.598 CST,"raingage","benchmark",54596,"127.0.0.1:48952",666ec5b9.d544,688,"SELECT",2024-06-16 19:00:09 CST,5/50,0,LOG,00000,"execute S_1: SELECT c_discount, c_last, c_credit, w_tax     FROM bmsql_customer     JOIN bmsql_warehouse ON (w_id = c_w_id)     WHERE c_w_id = $1 AND c_d_id = $2 AND c_id = $3","parameters: $1 = '1', $2 = '2', $3 = '4'",,,,,,,,"","client backend"
2024-06-16 19:01:18.611 CST,"raingage","benchmark",54598,"127.0.0.1:48956",666ec5b9.d546,312,"SELECT",2024-06-16 19:00:09 CST,7/24,0,LOG,00000,"execute S_4: SELECT d_tax, d_next_o_id     FROM bmsql_district     WHERE d_w_id = $1 AND d_id = $2 ","parameters: $1 = '1', $2 = '1'",,,,,,,,"","client backend"
2024-06-16 19:01:18.614 CST,"raingage","benchmark",54596,"127.0.0.1:48952",666ec5b9.d544,689,"SELECT",2024-06-16 19:00:09 CST,5/50,0,LOG,00000,"execute S_5: SELECT i_price, i_name, i_data     FROM bmsql_item     WHERE i_id = $1","parameters: $1 = '52'",,,,,,,,"","client backend"
2024-06-16 19:01:18.629 CST,"raingage","benchmark",54597,"127.0.0.1:48954",666ec5b9.d545,490,"SELECT",2024-06-16 19:00:09 CST,6/36,0,LOG,00000,"execute S_1: SELECT c_discount, c_last, c_credit, w_tax     FROM bmsql_customer     JOIN bmsql_warehouse ON (w_id = c_w_id)     WHERE c_w_id = $1 AND c_d_id = $2 AND c_id = $3","parameters: $1 = '1', $2 = '1', $3 = '91'",,,,,,,,"","client backend"
2024-06-16 19:01:18.633 CST,"raingage","benchmark",54596,"127.0.0.1:48952",666ec5b9.d544,690,"SELECT",2024-06-16 19:00:09 CST,5/50,0,LOG,00000,"execute S_6: SELECT s_quantity, s_data,        s_dist_01, s_dist_02, s_dist_03, s_dist_04,        s_dist_05, s_dist_06, s_dist_07, s_dist_08,        s_dist_09, s_dist_10     FROM bmsql_stock     WHERE s_w_id = $1 AND s_i_id = $2 ","parameters: $1 = '1', $2 = '52'",,,,,,,,"","client backend"
2024-06-16 19:01:18.654 CST,"raingage","benchmark",54596,"127.0.0.1:48952",666ec5b9.d544,691,"UPDATE",2024-06-16 19:00:09 CST,5/50,0,LOG,00000,"execute S_7: UPDATE bmsql_stock     SET s_quantity = $1, s_ytd = s_ytd + $2,         s_order_cnt = s_order_cnt + 1,         s_remote_cnt = s_remote_cnt + $3     WHERE s_w_id = $4 AND s_i_id = $5","parameters: $1 = '102', $2 = '7', $3 = '0', $4 = '1', $5 = '52'",,,,,,,,"","client backend"
2024-06-16 19:01:18.673 CST,"raingage","benchmark",54598,"127.0.0.1:48956",666ec5b9.d546,313,"SELECT",2024-06-16 19:00:09 CST,7/24,0,LOG,00000,"execute S_1: SELECT c_discount, c_last, c_credit, w_tax     FROM bmsql_customer     JOIN bmsql_warehouse ON (w_id = c_w_id)     WHERE c_w_id = $1 AND c_d_id = $2 AND c_id = $3","parameters: $1 = '1', $2 = '1', $3 = '34'",,,,,,,,"","client backend"
2024-06-16 19:01:18.674 CST,"raingage","benchmark",54596,"127.0.0.1:48952",666ec5b9.d544,692,"COMMIT",2024-06-16 19:00:09 CST,5/50,115377,LOG,00000,"execute S_2: COMMIT",,,,,,,,,"","client backend"
2024-06-16 19:01:18.689 CST,"raingage","benchmark",54596,"127.0.0.1:48952",666ec5b9.d544,693,"BEGIN",2024-06-16 19:00:09 CST,5/51,0,LOG,00000,"execute S_3: BEGIN",,,,,,,,,"","client backend"
2024-06-16 19:01:18.695 CST,"raingage","benchmark",54597,"127.0.0.1:48954",666ec5b9.d545,491,"SELECT",2024-06-16 19:00:09 CST,6/36,0,LOG,00000,"execute S_1: SELECT c_discount, c_last, c_credit, w_tax     FROM bmsql_customer     JOIN bmsql_warehouse ON (w_id = c_w_id)     WHERE c_w_id = $1 AND c_d_id = $2 AND c_id = $3","parameters: $1 = '1', $2 = '1', $3 = '91'",,,,,,,,"","client backend"
2024-06-16 19:01:18.705 CST,"raingage","benchmark",54596,"127.0.0.1:48952",666ec5b9.d544,694,"SELECT",2024-06-16 19:00:09 CST,5/51,0,LOG,00000,"execute S_4: SELECT d_tax, d_next_o_id     FROM bmsql_district     WHERE d_w_id = $1 AND d_id = $2 ","parameters: $1 = '1', $2 = '2'",,,,,,,,"","client backend"
2024-06-16 19:01:18.740 CST,"raingage","benchmark",54598,"127.0.0.1:48956",666ec5b9.d546,314,"SELECT",2024-06-16 19:00:09 CST,7/24,0,LOG,00000,"execute S_1: SELECT c_discount, c_last, c_credit, w_tax     FROM bmsql_customer     JOIN bmsql_warehouse ON (w_id = c_w_id)     WHERE c_w_id = $1 AND c_d_id = $2 AND c_id = $3","parameters: $1 = '1', $2 = '1', $3 = '34'",,,,,,,,"","client backend"
2024-06-16 19:01:18.762 CST,"raingage","benchmark",54597,"127.0.0.1:48954",666ec5b9.d545,492,"SELECT",2024-06-16 19:00:09 CST,6/36,0,LOG,00000,"execute S_1: SELECT c_discount, c_last, c_credit, w_tax     FROM bmsql_customer     JOIN bmsql_warehouse ON (w_id = c_w_id)     WHERE c_w_id = $1 AND c_d_id = $2 AND c_id = $3","parameters: $1 = '1', $2 = '1', $3 = '91'",,,,,,,,"","client backend"
2024-06-16 19:01:18.777 CST,"raingage","benchmark",54596,"127.0.0.1:48952",666ec5b9.d544,695,"SELECT",2024-06-16 19:00:09 CST,5/51,0,LOG,00000,"execute S_1: SELECT c_discount, c_last, c_credit, w_tax     FROM bmsql_customer     JOIN bmsql_warehouse ON (w_id = c_w_id)     WHERE c_w_id = $1 AND c_d_id = $2 AND c_id = $3","parameters: $1 = '1', $2 = '2', $3 = '52'",,,,,,,,"","client backend"
2024-06-16 19:01:18.778 CST,"raingage","benchmark",54597,"127.0.0.1:48954",666ec5b9.d545,493,"SELECT",2024-06-16 19:00:09 CST,6/36,0,LOG,00000,"execute S_5: SELECT i_price, i_name, i_data     FROM bmsql_item     WHERE i_id = $1","parameters: $1 = '50'",,,,,,,,"","client backend"
2024-06-16 19:01:18.791 CST,"raingage","benchmark",54597,"127.0.0.1:48954",666ec5b9.d545,494,"SELECT",2024-06-16 19:00:09 CST,6/36,0,LOG,00000,"execute S_6: SELECT s_quantity, s_data,        s_dist_01, s_dist_02, s_dist_03, s_dist_04,        s_dist_05, s_dist_06, s_dist_07, s_dist_08,        s_dist_09, s_dist_10     FROM bmsql_stock     WHERE s_w_id = $1 AND s_i_id = $2 ","parameters: $1 = '1', $2 = '50'",,,,,,,,"","client backend"
2024-06-16 19:01:18.803 CST,"raingage","benchmark",54597,"127.0.0.1:48954",666ec5b9.d545,495,"UPDATE",2024-06-16 19:00:09 CST,6/36,0,LOG,00000,"execute S_7: UPDATE bmsql_stock     SET s_quantity = $1, s_ytd = s_ytd + $2,         s_order_cnt = s_order_cnt + 1,         s_remote_cnt = s_remote_cnt + $3     WHERE s_w_id = $4 AND s_i_id = $5","parameters: $1 = '63', $2 = '1', $3 = '0', $4 = '1', $5 = '50'",,,,,,,,"","client backend"
2024-06-16 19:01:18.807 CST,"raingage","benchmark",54598,"127.0.0.1:48956",666ec5b9.d546,315,"SELECT",2024-06-16 19:00:09 CST,7/24,0,LOG,00000,"execute S_1: SELECT c_discount, c_last, c_credit, w_tax     FROM bmsql_customer     JOIN bmsql_warehouse ON (w_id = c_w_id)     WHERE c_w_id = $1 AND c_d_id = $2 AND c_id = $3","parameters: $1 = '1', $2 = '1', $3 = '34'",,,,,,,,"","client backend"
2024-06-16 19:01:18.817 CST,"raingage","benchmark",54597,"127.0.0.1:48954",666ec5b9.d545,496,"COMMIT",2024-06-16 19:00:09 CST,6/36,115378,LOG,00000,"execute S_2: COMMIT",,,,,,,,,"","client backend"
2024-06-16 19:01:18.847 CST,"raingage","benchmark",54596,"127.0.0.1:48952",666ec5b9.d544,696,"SELECT",2024-06-16 19:00:09 CST,5/51,0,LOG,00000,"execute S_1: SELECT c_discount, c_last, c_credit, w_tax     FROM bmsql_customer     JOIN bmsql_warehouse ON (w_id = c_w_id)     WHERE c_w_id = $1 AND c_d_id = $2 AND c_id = $3","parameters: $1 = '1', $2 = '2', $3 = '52'",,,,,,,,"","client backend"
2024-06-16 19:01:18.873 CST,"raingage","benchmark",54598,"127.0.0.1:48956",666ec5b9.d546,316,"SELECT",2024-06-16 19:00:09 CST,7/24,0,LOG,00000,"execute S_1: SELECT c_discount, c_last, c_credit, w_tax     FROM bmsql_customer     JOIN bmsql_warehouse ON (w_id = c_w_id)     WHERE c_w_id = $1 AND c_d_id = $2 AND c_id = $3","parameters: $1 = '1', $2 = '1', $3 = '34'",,,,,,,,"","client backend"
2024-06-16 19:01:18.916 CST,"raingage","benchmark",54596,"127.0.0.1:48952",666ec5b9.d544,697,"SELECT",2024-06-16 19:00:09 CST,5/51,0,LOG,00000,"execute S_1: SELECT c_discount, c_last, c_credit, w_tax     FROM bmsql_customer     JOIN bmsql_warehouse ON (w_id = c_w_id)     WHERE c_w_id = $1 AND c_d_id = $2 AND c_id = $3","parameters: $1 = '1', $2 = '2', $3 = '52'",,,,,,,,"","client backend"
2024-06-16 19:01:18.943 CST,"raingage","benchmark",54598,"127.0.0.1:48956",666ec5b9.d546,317,"SELECT",2024-06-16 19:00:09 CST,7/24,0,LOG,00000,"execute S_1: SELECT c_discount, c_last, c_credit, w_tax     FROM bmsql_customer     JOIN bmsql_warehouse ON (w_id = c_w_id)     WHERE c_w_id = $1 AND c_d_id = $2 AND c_id = $3","parameters: $1 = '1', $2 = '1', $3 = '34'",,,,,,,,"","client backend"
2024-06-16 19:01:18.979 CST,"raingage","benchmark",54596,"127.0.0.1:48952",666ec5b9.d544,698,"SELECT",2024-06-16 19:00:09 CST,5/51,0,LOG,00000,"execute S_1: SELECT c_discount, c_last, c_credit, w_tax     FROM bmsql_customer     JOIN bmsql_warehouse ON (w_id = c_w_id)     WHERE c_w_id = $1 AND c_d_id = $2 AND c_id = $3","parameters: $1 = '1', $2 = '2', $3 = '52'",,,,,,,,"","client backend"
2024-06-16 19:01:19.015 CST,"raingage","benchmark",54598,"127.0.0.1:48956",666ec5b9.d546,318,"SELECT",2024-06-16 19:00:09 CST,7/24,0,LOG,00000,"execute S_1: SELECT c_discount, c_last, c_credit, w_tax     FROM bmsql_customer     JOIN bmsql_warehouse ON (w_id = c_w_id)     WHERE c_w_id = $1 AND c_d_id = $2 AND c_id = $3","parameters: $1 = '1', $2 = '1', $3 = '34'",,,,,,,,"","client backend"
2024-06-16 19:01:19.049 CST,"raingage","benchmark",54596,"127.0.0.1:48952",666ec5b9.d544,699,"SELECT",2024-06-16 19:00:09 CST,5/51,0,LOG,00000,"execute S_1: SELECT c_discount, c_last, c_credit, w_tax     FROM bmsql_customer     JOIN bmsql_warehouse ON (w_id = c_w_id)     WHERE c_w_id = $1 AND c_d_id = $2 AND c_id = $3","parameters: $1 = '1', $2 = '2', $3 = '52'",,,,,,,,"","client backend"
2024-06-16 19:01:19.081 CST,"raingage","benchmark",54598,"127.0.0.1:48956",666ec5b9.d546,319,"SELECT",2024-06-16 19:00:09 CST,7/24,0,LOG,00000,"execute S_1: SELECT c_discount, c_last, c_credit, w_tax     FROM bmsql_customer     JOIN bmsql_warehouse ON (w_id = c_w_id)     WHERE c_w_id = $1 AND c_d_id = $2 AND c_id = $3","parameters: $1 = '1', $2 = '1', $3 = '34'",,,,,,,,"","client backend"
2024-06-16 19:01:19.112 CST,"raingage","benchmark",54596,"127.0.0.1:48952",666ec5b9.d544,700,"SELECT",2024-06-16 19:00:09 CST,5/51,0,LOG,00000,"execute S_1: SELECT c_discount, c_last, c_credit, w_tax     FROM bmsql_customer     JOIN bmsql_warehouse ON (w_id = c_w_id)     WHERE c_w_id = $1 AND c_d_id = $2 AND c_id = $3","parameters: $1 = '1', $2 = '2', $3 = '52'",,,,,,,,"","client backend"
2024-06-16 19:01:19.147 CST,"raingage","benchmark",54598,"127.0.0.1:48956",666ec5b9.d546,320,"SELECT",2024-06-16 19:00:09 CST,7/24,0,LOG,00000,"execute S_1: SELECT c_discount, c_last, c_credit, w_tax     FROM bmsql_customer     JOIN bmsql_warehouse ON (w_id = c_w_id)     WHERE c_w_id = $1 AND c_d_id = $2 AND c_id = $3","parameters: $1 = '1', $2 = '1', $3 = '34'",,,,,,,,"","client backend"
2024-06-16 19:01:19.159 CST,"raingage","benchmark",54598,"127.0.0.1:48956",666ec5b9.d546,321,"SELECT",2024-06-16 19:00:09 CST,7/24,0,LOG,00000,"execute S_5: SELECT i_price, i_name, i_data     FROM bmsql_item     WHERE i_id = $1","parameters: $1 = '69'",,,,,,,,"","client backend"
2024-06-16 19:01:19.171 CST,"raingage","benchmark",54598,"127.0.0.1:48956",666ec5b9.d546,322,"SELECT",2024-06-16 19:00:09 CST,7/24,0,LOG,00000,"execute S_6: SELECT s_quantity, s_data,        s_dist_01, s_dist_02, s_dist_03, s_dist_04,        s_dist_05, s_dist_06, s_dist_07, s_dist_08,        s_dist_09, s_dist_10     FROM bmsql_stock     WHERE s_w_id = $1 AND s_i_id = $2 ","parameters: $1 = '1', $2 = '69'",,,,,,,,"","client backend"
2024-06-16 19:01:19.183 CST,"raingage","benchmark",54596,"127.0.0.1:48952",666ec5b9.d544,701,"SELECT",2024-06-16 19:00:09 CST,5/51,0,LOG,00000,"execute S_1: SELECT c_discount, c_last, c_credit, w_tax     FROM bmsql_customer     JOIN bmsql_warehouse ON (w_id = c_w_id)     WHERE c_w_id = $1 AND c_d_id = $2 AND c_id = $3","parameters: $1 = '1', $2 = '2', $3 = '52'",,,,,,,,"","client backend"
2024-06-16 19:01:19.184 CST,"raingage","benchmark",54598,"127.0.0.1:48956",666ec5b9.d546,323,"UPDATE",2024-06-16 19:00:09 CST,7/24,0,LOG,00000,"execute S_7: UPDATE bmsql_stock     SET s_quantity = $1, s_ytd = s_ytd + $2,         s_order_cnt = s_order_cnt + 1,         s_remote_cnt = s_remote_cnt + $3     WHERE s_w_id = $4 AND s_i_id = $5","parameters: $1 = '84', $2 = '5', $3 = '0', $4 = '1', $5 = '69'",,,,,,,,"","client backend"
2024-06-16 19:01:19.200 CST,"raingage","benchmark",54598,"127.0.0.1:48956",666ec5b9.d546,324,"COMMIT",2024-06-16 19:00:09 CST,7/24,115379,LOG,00000,"execute S_2: COMMIT",,,,,,,,,"","client backend"
2024-06-16 19:01:19.218 CST,"raingage","benchmark",54598,"127.0.0.1:48956",666ec5b9.d546,325,"BEGIN",2024-06-16 19:00:09 CST,7/25,0,LOG,00000,"execute S_3: BEGIN",,,,,,,,,"","client backend"
2024-06-16 19:01:19.233 CST,"raingage","benchmark",54598,"127.0.0.1:48956",666ec5b9.d546,326,"SELECT",2024-06-16 19:00:09 CST,7/25,0,LOG,00000,"execute S_4: SELECT d_tax, d_next_o_id     FROM bmsql_district     WHERE d_w_id = $1 AND d_id = $2 ","parameters: $1 = '1', $2 = '1'",,,,,,,,"","client backend"
2024-06-16 19:01:19.249 CST,"raingage","benchmark",54599,"127.0.0.1:48958",666ec5b9.d547,500,"BEGIN",2024-06-16 19:00:09 CST,8/37,0,LOG,00000,"execute S_3: BEGIN",,,,,,,,,"","client backend"
2024-06-16 19:01:19.253 CST,"raingage","benchmark",54596,"127.0.0.1:48952",666ec5b9.d544,702,"SELECT",2024-06-16 19:00:09 CST,5/51,0,LOG,00000,"execute S_1: SELECT c_discount, c_last, c_credit, w_tax     FROM bmsql_customer     JOIN bmsql_warehouse ON (w_id = c_w_id)     WHERE c_w_id = $1 AND c_d_id = $2 AND c_id = $3","parameters: $1 = '1', $2 = '2', $3 = '52'",,,,,,,,"","client backend"
2024-06-16 19:01:19.269 CST,"raingage","benchmark",54599,"127.0.0.1:48958",666ec5b9.d547,501,"SELECT",2024-06-16 19:00:09 CST,8/37,0,LOG,00000,"execute S_4: SELECT d_tax, d_next_o_id     FROM bmsql_district     WHERE d_w_id = $1 AND d_id = $2 ","parameters: $1 = '1', $2 = '3'",,,,,,,,"","client backend"
2024-06-16 19:01:19.273 CST,"raingage","benchmark",54596,"127.0.0.1:48952",666ec5b9.d544,703,"SELECT",2024-06-16 19:00:09 CST,5/51,0,LOG,00000,"execute S_5: SELECT i_price, i_name, i_data     FROM bmsql_item     WHERE i_id = $1","parameters: $1 = '82'",,,,,,,,"","client backend"
2024-06-16 19:01:19.294 CST,"raingage","benchmark",54596,"127.0.0.1:48952",666ec5b9.d544,704,"SELECT",2024-06-16 19:00:09 CST,5/51,0,LOG,00000,"execute S_6: SELECT s_quantity, s_data,        s_dist_01, s_dist_02, s_dist_03, s_dist_04,        s_dist_05, s_dist_06, s_dist_07, s_dist_08,        s_dist_09, s_dist_10     FROM bmsql_stock     WHERE s_w_id = $1 AND s_i_id = $2 ","parameters: $1 = '1', $2 = '82'",,,,,,,,"","client backend"
2024-06-16 19:01:19.302 CST,"raingage","benchmark",54598,"127.0.0.1:48956",666ec5b9.d546,327,"SELECT",2024-06-16 19:00:09 CST,7/25,0,LOG,00000,"execute S_1: SELECT c_discount, c_last, c_credit, w_tax     FROM bmsql_customer     JOIN bmsql_warehouse ON (w_id = c_w_id)     WHERE c_w_id = $1 AND c_d_id = $2 AND c_id = $3","parameters: $1 = '1', $2 = '1', $3 = '28'",,,,,,,,"","client backend"
2024-06-16 19:01:19.313 CST,"raingage","benchmark",54596,"127.0.0.1:48952",666ec5b9.d544,705,"UPDATE",2024-06-16 19:00:09 CST,5/51,0,LOG,00000,"execute S_7: UPDATE bmsql_stock     SET s_quantity = $1, s_ytd = s_ytd + $2,         s_order_cnt = s_order_cnt + 1,         s_remote_cnt = s_remote_cnt + $3     WHERE s_w_id = $4 AND s_i_id = $5","parameters: $1 = '100', $2 = '5', $3 = '0', $4 = '1', $5 = '82'",,,,,,,,"","client backend"
2024-06-16 19:01:19.334 CST,"raingage","benchmark",54596,"127.0.0.1:48952",666ec5b9.d544,706,"COMMIT",2024-06-16 19:00:09 CST,5/51,115380,LOG,00000,"execute S_2: COMMIT",,,,,,,,,"","client backend"
2024-06-16 19:01:19.341 CST,"raingage","benchmark",54599,"127.0.0.1:48958",666ec5b9.d547,502,"SELECT",2024-06-16 19:00:09 CST,8/37,0,LOG,00000,"execute S_1: SELECT c_discount, c_last, c_credit, w_tax     FROM bmsql_customer     JOIN bmsql_warehouse ON (w_id = c_w_id)     WHERE c_w_id = $1 AND c_d_id = $2 AND c_id = $3","parameters: $1 = '1', $2 = '3', $3 = '76'",,,,,,,,"","client backend"
2024-06-16 19:01:19.354 CST,"raingage","benchmark",54596,"127.0.0.1:48952",666ec5b9.d544,707,"BEGIN",2024-06-16 19:00:09 CST,5/52,0,LOG,00000,"execute S_3: BEGIN",,,,,,,,,"","client backend"
2024-06-16 19:01:19.367 CST,"raingage","benchmark",54596,"127.0.0.1:48952",666ec5b9.d544,708,"SELECT",2024-06-16 19:00:09 CST,5/52,0,LOG,00000,"execute S_4: SELECT d_tax, d_next_o_id     FROM bmsql_district     WHERE d_w_id = $1 AND d_id = $2 ","parameters: $1 = '1', $2 = '1'",,,,,,,,"","client backend"
2024-06-16 19:01:19.372 CST,"raingage","benchmark",54598,"127.0.0.1:48956",666ec5b9.d546,328,"SELECT",2024-06-16 19:00:09 CST,7/25,0,LOG,00000,"execute S_1: SELECT c_discount, c_last, c_credit, w_tax     FROM bmsql_customer     JOIN bmsql_warehouse ON (w_id = c_w_id)     WHERE c_w_id = $1 AND c_d_id = $2 AND c_id = $3","parameters: $1 = '1', $2 = '1', $3 = '28'",,,,,,,,"","client backend"
2024-06-16 19:01:19.404 CST,"raingage","benchmark",54599,"127.0.0.1:48958",666ec5b9.d547,503,"SELECT",2024-06-16 19:00:09 CST,8/37,0,LOG,00000,"execute S_1: SELECT c_discount, c_last, c_credit, w_tax     FROM bmsql_customer     JOIN bmsql_warehouse ON (w_id = c_w_id)     WHERE c_w_id = $1 AND c_d_id = $2 AND c_id = $3","parameters: $1 = '1', $2 = '3', $3 = '76'",,,,,,,,"","client backend"
2024-06-16 19:01:19.434 CST,"raingage","benchmark",54598,"127.0.0.1:48956",666ec5b9.d546,329,"SELECT",2024-06-16 19:00:09 CST,7/25,0,LOG,00000,"execute S_1: SELECT c_discount, c_last, c_credit, w_tax     FROM bmsql_customer     JOIN bmsql_warehouse ON (w_id = c_w_id)     WHERE c_w_id = $1 AND c_d_id = $2 AND c_id = $3","parameters: $1 = '1', $2 = '1', $3 = '28'",,,,,,,,"","client backend"
2024-06-16 19:01:19.475 CST,"raingage","benchmark",54599,"127.0.0.1:48958",666ec5b9.d547,504,"SELECT",2024-06-16 19:00:09 CST,8/37,0,LOG,00000,"execute S_1: SELECT c_discount, c_last, c_credit, w_tax     FROM bmsql_customer     JOIN bmsql_warehouse ON (w_id = c_w_id)     WHERE c_w_id = $1 AND c_d_id = $2 AND c_id = $3","parameters: $1 = '1', $2 = '3', $3 = '76'",,,,,,,,"","client backend"
2024-06-16 19:01:19.502 CST,"raingage","benchmark",54598,"127.0.0.1:48956",666ec5b9.d546,330,"SELECT",2024-06-16 19:00:09 CST,7/25,0,LOG,00000,"execute S_1: SELECT c_discount, c_last, c_credit, w_tax     FROM bmsql_customer     JOIN bmsql_warehouse ON (w_id = c_w_id)     WHERE c_w_id = $1 AND c_d_id = $2 AND c_id = $3","parameters: $1 = '1', $2 = '1', $3 = '28'",,,,,,,,"","client backend"
2024-06-16 19:01:19.540 CST,"raingage","benchmark",54599,"127.0.0.1:48958",666ec5b9.d547,505,"SELECT",2024-06-16 19:00:09 CST,8/37,0,LOG,00000,"execute S_1: SELECT c_discount, c_last, c_credit, w_tax     FROM bmsql_customer     JOIN bmsql_warehouse ON (w_id = c_w_id)     WHERE c_w_id = $1 AND c_d_id = $2 AND c_id = $3","parameters: $1 = '1', $2 = '3', $3 = '76'",,,,,,,,"","client backend"
2024-06-16 19:01:19.566 CST,"raingage","benchmark",54598,"127.0.0.1:48956",666ec5b9.d546,331,"SELECT",2024-06-16 19:00:09 CST,7/25,0,LOG,00000,"execute S_1: SELECT c_discount, c_last, c_credit, w_tax     FROM bmsql_customer     JOIN bmsql_warehouse ON (w_id = c_w_id)     WHERE c_w_id = $1 AND c_d_id = $2 AND c_id = $3","parameters: $1 = '1', $2 = '1', $3 = '28'",,,,,,,,"","client backend"
2024-06-16 19:01:19.606 CST,"raingage","benchmark",54599,"127.0.0.1:48958",666ec5b9.d547,506,"SELECT",2024-06-16 19:00:09 CST,8/37,0,LOG,00000,"execute S_1: SELECT c_discount, c_last, c_credit, w_tax     FROM bmsql_customer     JOIN bmsql_warehouse ON (w_id = c_w_id)     WHERE c_w_id = $1 AND c_d_id = $2 AND c_id = $3","parameters: $1 = '1', $2 = '3', $3 = '76'",,,,,,,,"","client backend"
2024-06-16 19:01:19.634 CST,"raingage","benchmark",54598,"127.0.0.1:48956",666ec5b9.d546,332,"SELECT",2024-06-16 19:00:09 CST,7/25,0,LOG,00000,"execute S_1: SELECT c_discount, c_last, c_credit, w_tax     FROM bmsql_customer     JOIN bmsql_warehouse ON (w_id = c_w_id)     WHERE c_w_id = $1 AND c_d_id = $2 AND c_id = $3","parameters: $1 = '1', $2 = '1', $3 = '28'",,,,,,,,"","client backend"
2024-06-16 19:01:19.677 CST,"raingage","benchmark",54599,"127.0.0.1:48958",666ec5b9.d547,507,"SELECT",2024-06-16 19:00:09 CST,8/37,0,LOG,00000,"execute S_1: SELECT c_discount, c_last, c_credit, w_tax     FROM bmsql_customer     JOIN bmsql_warehouse ON (w_id = c_w_id)     WHERE c_w_id = $1 AND c_d_id = $2 AND c_id = $3","parameters: $1 = '1', $2 = '3', $3 = '76'",,,,,,,,"","client backend"
2024-06-16 19:01:19.697 CST,"raingage","benchmark",54598,"127.0.0.1:48956",666ec5b9.d546,333,"SELECT",2024-06-16 19:00:09 CST,7/25,0,LOG,00000,"execute S_1: SELECT c_discount, c_last, c_credit, w_tax     FROM bmsql_customer     JOIN bmsql_warehouse ON (w_id = c_w_id)     WHERE c_w_id = $1 AND c_d_id = $2 AND c_id = $3","parameters: $1 = '1', $2 = '1', $3 = '28'",,,,,,,,"","client backend"
2024-06-16 19:01:19.746 CST,"raingage","benchmark",54599,"127.0.0.1:48958",666ec5b9.d547,508,"SELECT",2024-06-16 19:00:09 CST,8/37,0,LOG,00000,"execute S_1: SELECT c_discount, c_last, c_credit, w_tax     FROM bmsql_customer     JOIN bmsql_warehouse ON (w_id = c_w_id)     WHERE c_w_id = $1 AND c_d_id = $2 AND c_id = $3","parameters: $1 = '1', $2 = '3', $3 = '76'",,,,,,,,"","client backend"
2024-06-16 19:01:19.766 CST,"raingage","benchmark",54598,"127.0.0.1:48956",666ec5b9.d546,334,"SELECT",2024-06-16 19:00:09 CST,7/25,0,LOG,00000,"execute S_1: SELECT c_discount, c_last, c_credit, w_tax     FROM bmsql_customer     JOIN bmsql_warehouse ON (w_id = c_w_id)     WHERE c_w_id = $1 AND c_d_id = $2 AND c_id = $3","parameters: $1 = '1', $2 = '1', $3 = '28'",,,,,,,,"","client backend"
2024-06-16 19:01:19.785 CST,"raingage","benchmark",54598,"127.0.0.1:48956",666ec5b9.d546,335,"SELECT",2024-06-16 19:00:09 CST,7/25,0,LOG,00000,"execute S_5: SELECT i_price, i_name, i_data     FROM bmsql_item     WHERE i_id = $1","parameters: $1 = '24'",,,,,,,,"","client backend"
2024-06-16 19:01:19.799 CST,"raingage","benchmark",54598,"127.0.0.1:48956",666ec5b9.d546,336,"SELECT",2024-06-16 19:00:09 CST,7/25,0,LOG,00000,"execute S_6: SELECT s_quantity, s_data,        s_dist_01, s_dist_02, s_dist_03, s_dist_04,        s_dist_05, s_dist_06, s_dist_07, s_dist_08,        s_dist_09, s_dist_10     FROM bmsql_stock     WHERE s_w_id = $1 AND s_i_id = $2 ","parameters: $1 = '1', $2 = '24'",,,,,,,,"","client backend"
2024-06-16 19:01:19.813 CST,"raingage","benchmark",54599,"127.0.0.1:48958",666ec5b9.d547,509,"SELECT",2024-06-16 19:00:09 CST,8/37,0,LOG,00000,"execute S_1: SELECT c_discount, c_last, c_credit, w_tax     FROM bmsql_customer     JOIN bmsql_warehouse ON (w_id = c_w_id)     WHERE c_w_id = $1 AND c_d_id = $2 AND c_id = $3","parameters: $1 = '1', $2 = '3', $3 = '76'",,,,,,,,"","client backend"
2024-06-16 19:01:19.818 CST,"raingage","benchmark",54598,"127.0.0.1:48956",666ec5b9.d546,337,"UPDATE",2024-06-16 19:00:09 CST,7/25,0,LOG,00000,"execute S_7: UPDATE bmsql_stock     SET s_quantity = $1, s_ytd = s_ytd + $2,         s_order_cnt = s_order_cnt + 1,         s_remote_cnt = s_remote_cnt + $3     WHERE s_w_id = $4 AND s_i_id = $5","parameters: $1 = '82', $2 = '2', $3 = '0', $4 = '1', $5 = '24'",,,,,,,,"","client backend"
2024-06-16 19:01:19.824 CST,"raingage","benchmark",54599,"127.0.0.1:48958",666ec5b9.d547,510,"SELECT",2024-06-16 19:00:09 CST,8/37,0,LOG,00000,"execute S_5: SELECT i_price, i_name, i_data     FROM bmsql_item     WHERE i_id = $1","parameters: $1 = '12'",,,,,,,,"","client backend"
2024-06-16 19:01:19.838 CST,"raingage","benchmark",54598,"127.0.0.1:48956",666ec5b9.d546,338,"COMMIT",2024-06-16 19:00:09 CST,7/25,115381,LOG,00000,"execute S_2: COMMIT",,,,,,,,,"","client backend"
2024-06-16 19:01:19.839 CST,"raingage","benchmark",54596,"127.0.0.1:48952",666ec5b9.d544,709,"SELECT",2024-06-16 19:00:09 CST,5/52,0,LOG,00000,"execute S_1: SELECT c_discount, c_last, c_credit, w_tax     FROM bmsql_customer     JOIN bmsql_warehouse ON (w_id = c_w_id)     WHERE c_w_id = $1 AND c_d_id = $2 AND c_id = $3","parameters: $1 = '1', $2 = '1', $3 = '28'",,,,,,,,"","client backend"
2024-06-16 19:01:19.845 CST,"raingage","benchmark",54599,"127.0.0.1:48958",666ec5b9.d547,511,"SELECT",2024-06-16 19:00:09 CST,8/37,0,LOG,00000,"execute S_6: SELECT s_quantity, s_data,        s_dist_01, s_dist_02, s_dist_03, s_dist_04,        s_dist_05, s_dist_06, s_dist_07, s_dist_08,        s_dist_09, s_dist_10     FROM bmsql_stock     WHERE s_w_id = $1 AND s_i_id = $2 ","parameters: $1 = '1', $2 = '12'",,,,,,,,"","client backend"
2024-06-16 19:01:19.855 CST,"raingage","benchmark",54598,"127.0.0.1:48956",666ec5b9.d546,339,"BEGIN",2024-06-16 19:00:09 CST,7/26,0,LOG,00000,"execute S_3: BEGIN",,,,,,,,,"","client backend"
2024-06-16 19:01:19.857 CST,"raingage","benchmark",54599,"127.0.0.1:48958",666ec5b9.d547,512,"UPDATE",2024-06-16 19:00:09 CST,8/37,0,LOG,00000,"execute S_7: UPDATE bmsql_stock     SET s_quantity = $1, s_ytd = s_ytd + $2,         s_order_cnt = s_order_cnt + 1,         s_remote_cnt = s_remote_cnt + $3     WHERE s_w_id = $4 AND s_i_id = $5","parameters: $1 = '70', $2 = '2', $3 = '0', $4 = '1', $5 = '12'",,,,,,,,"","client backend"
2024-06-16 19:01:19.868 CST,"raingage","benchmark",54598,"127.0.0.1:48956",666ec5b9.d546,340,"SELECT",2024-06-16 19:00:09 CST,7/26,0,LOG,00000,"execute S_4: SELECT d_tax, d_next_o_id     FROM bmsql_district     WHERE d_w_id = $1 AND d_id = $2 ","parameters: $1 = '1', $2 = '1'",,,,,,,,"","client backend"
2024-06-16 19:01:19.870 CST,"raingage","benchmark",54599,"127.0.0.1:48958",666ec5b9.d547,513,"COMMIT",2024-06-16 19:00:09 CST,8/37,115382,LOG,00000,"execute S_2: COMMIT",,,,,,,,,"","client backend"
2024-06-16 19:01:19.891 CST,"raingage","benchmark",54599,"127.0.0.1:48958",666ec5b9.d547,514,"BEGIN",2024-06-16 19:00:09 CST,8/38,0,LOG,00000,"execute S_3: BEGIN",,,,,,,,,"","client backend"
2024-06-16 19:01:19.901 CST,"raingage","benchmark",54596,"127.0.0.1:48952",666ec5b9.d544,710,"SELECT",2024-06-16 19:00:09 CST,5/52,0,LOG,00000,"execute S_1: SELECT c_discount, c_last, c_credit, w_tax     FROM bmsql_customer     JOIN bmsql_warehouse ON (w_id = c_w_id)     WHERE c_w_id = $1 AND c_d_id = $2 AND c_id = $3","parameters: $1 = '1', $2 = '1', $3 = '28'",,,,,,,,"","client backend"
2024-06-16 19:01:19.909 CST,"raingage","benchmark",54599,"127.0.0.1:48958",666ec5b9.d547,515,"SELECT",2024-06-16 19:00:09 CST,8/38,0,LOG,00000,"execute S_4: SELECT d_tax, d_next_o_id     FROM bmsql_district     WHERE d_w_id = $1 AND d_id = $2 ","parameters: $1 = '1', $2 = '1'",,,,,,,,"","client backend"
2024-06-16 19:01:19.934 CST,"raingage","benchmark",54598,"127.0.0.1:48956",666ec5b9.d546,341,"SELECT",2024-06-16 19:00:09 CST,7/26,0,LOG,00000,"execute S_1: SELECT c_discount, c_last, c_credit, w_tax     FROM bmsql_customer     JOIN bmsql_warehouse ON (w_id = c_w_id)     WHERE c_w_id = $1 AND c_d_id = $2 AND c_id = $3","parameters: $1 = '1', $2 = '1', $3 = '17'",,,,,,,,"","client backend"
2024-06-16 19:01:19.964 CST,"raingage","benchmark",54596,"127.0.0.1:48952",666ec5b9.d544,711,"SELECT",2024-06-16 19:00:09 CST,5/52,0,LOG,00000,"execute S_1: SELECT c_discount, c_last, c_credit, w_tax     FROM bmsql_customer     JOIN bmsql_warehouse ON (w_id = c_w_id)     WHERE c_w_id = $1 AND c_d_id = $2 AND c_id = $3","parameters: $1 = '1', $2 = '1', $3 = '28'",,,,,,,,"","client backend"
2024-06-16 19:01:19.998 CST,"raingage","benchmark",54598,"127.0.0.1:48956",666ec5b9.d546,342,"SELECT",2024-06-16 19:00:09 CST,7/26,0,LOG,00000,"execute S_1: SELECT c_discount, c_last, c_credit, w_tax     FROM bmsql_customer     JOIN bmsql_warehouse ON (w_id = c_w_id)     WHERE c_w_id = $1 AND c_d_id = $2 AND c_id = $3","parameters: $1 = '1', $2 = '1', $3 = '17'",,,,,,,,"","client backend"
2024-06-16 19:01:20.027 CST,"raingage","benchmark",54596,"127.0.0.1:48952",666ec5b9.d544,712,"SELECT",2024-06-16 19:00:09 CST,5/52,0,LOG,00000,"execute S_1: SELECT c_discount, c_last, c_credit, w_tax     FROM bmsql_customer     JOIN bmsql_warehouse ON (w_id = c_w_id)     WHERE c_w_id = $1 AND c_d_id = $2 AND c_id = $3","parameters: $1 = '1', $2 = '1', $3 = '28'",,,,,,,,"","client backend"
2024-06-16 19:01:20.060 CST,"raingage","benchmark",54598,"127.0.0.1:48956",666ec5b9.d546,343,"SELECT",2024-06-16 19:00:09 CST,7/26,0,LOG,00000,"execute S_1: SELECT c_discount, c_last, c_credit, w_tax     FROM bmsql_customer     JOIN bmsql_warehouse ON (w_id = c_w_id)     WHERE c_w_id = $1 AND c_d_id = $2 AND c_id = $3","parameters: $1 = '1', $2 = '1', $3 = '17'",,,,,,,,"","client backend"
2024-06-16 19:01:20.090 CST,"raingage","benchmark",54596,"127.0.0.1:48952",666ec5b9.d544,713,"SELECT",2024-06-16 19:00:09 CST,5/52,0,LOG,00000,"execute S_1: SELECT c_discount, c_last, c_credit, w_tax     FROM bmsql_customer     JOIN bmsql_warehouse ON (w_id = c_w_id)     WHERE c_w_id = $1 AND c_d_id = $2 AND c_id = $3","parameters: $1 = '1', $2 = '1', $3 = '28'",,,,,,,,"","client backend"
2024-06-16 19:01:20.129 CST,"raingage","benchmark",54598,"127.0.0.1:48956",666ec5b9.d546,344,"SELECT",2024-06-16 19:00:09 CST,7/26,0,LOG,00000,"execute S_1: SELECT c_discount, c_last, c_credit, w_tax     FROM bmsql_customer     JOIN bmsql_warehouse ON (w_id = c_w_id)     WHERE c_w_id = $1 AND c_d_id = $2 AND c_id = $3","parameters: $1 = '1', $2 = '1', $3 = '17'",,,,,,,,"","client backend"
2024-06-16 19:01:20.155 CST,"raingage","benchmark",54596,"127.0.0.1:48952",666ec5b9.d544,714,"SELECT",2024-06-16 19:00:09 CST,5/52,0,LOG,00000,"execute S_1: SELECT c_discount, c_last, c_credit, w_tax     FROM bmsql_customer     JOIN bmsql_warehouse ON (w_id = c_w_id)     WHERE c_w_id = $1 AND c_d_id = $2 AND c_id = $3","parameters: $1 = '1', $2 = '1', $3 = '28'",,,,,,,,"","client backend"
2024-06-16 19:01:20.197 CST,"raingage","benchmark",54598,"127.0.0.1:48956",666ec5b9.d546,345,"SELECT",2024-06-16 19:00:09 CST,7/26,0,LOG,00000,"execute S_1: SELECT c_discount, c_last, c_credit, w_tax     FROM bmsql_customer     JOIN bmsql_warehouse ON (w_id = c_w_id)     WHERE c_w_id = $1 AND c_d_id = $2 AND c_id = $3","parameters: $1 = '1', $2 = '1', $3 = '17'",,,,,,,,"","client backend"
2024-06-16 19:01:20.217 CST,"raingage","benchmark",54596,"127.0.0.1:48952",666ec5b9.d544,715,"SELECT",2024-06-16 19:00:09 CST,5/52,0,LOG,00000,"execute S_1: SELECT c_discount, c_last, c_credit, w_tax     FROM bmsql_customer     JOIN bmsql_warehouse ON (w_id = c_w_id)     WHERE c_w_id = $1 AND c_d_id = $2 AND c_id = $3","parameters: $1 = '1', $2 = '1', $3 = '28'",,,,,,,,"","client backend"
2024-06-16 19:01:20.269 CST,"raingage","benchmark",54598,"127.0.0.1:48956",666ec5b9.d546,346,"SELECT",2024-06-16 19:00:09 CST,7/26,0,LOG,00000,"execute S_1: SELECT c_discount, c_last, c_credit, w_tax     FROM bmsql_customer     JOIN bmsql_warehouse ON (w_id = c_w_id)     WHERE c_w_id = $1 AND c_d_id = $2 AND c_id = $3","parameters: $1 = '1', $2 = '1', $3 = '17'",,,,,,,,"","client backend"
2024-06-16 19:01:20.282 CST,"raingage","benchmark",54596,"127.0.0.1:48952",666ec5b9.d544,716,"SELECT",2024-06-16 19:00:09 CST,5/52,0,LOG,00000,"execute S_1: SELECT c_discount, c_last, c_credit, w_tax     FROM bmsql_customer     JOIN bmsql_warehouse ON (w_id = c_w_id)     WHERE c_w_id = $1 AND c_d_id = $2 AND c_id = $3","parameters: $1 = '1', $2 = '1', $3 = '28'",,,,,,,,"","client backend"
2024-06-16 19:01:20.303 CST,"raingage","benchmark",54596,"127.0.0.1:48952",666ec5b9.d544,717,"SELECT",2024-06-16 19:00:09 CST,5/52,0,LOG,00000,"execute S_5: SELECT i_price, i_name, i_data     FROM bmsql_item     WHERE i_id = $1","parameters: $1 = '24'",,,,,,,,"","client backend"
2024-06-16 19:01:20.319 CST,"raingage","benchmark",54596,"127.0.0.1:48952",666ec5b9.d544,718,"SELECT",2024-06-16 19:00:09 CST,5/52,0,LOG,00000,"execute S_6: SELECT s_quantity, s_data,        s_dist_01, s_dist_02, s_dist_03, s_dist_04,        s_dist_05, s_dist_06, s_dist_07, s_dist_08,        s_dist_09, s_dist_10     FROM bmsql_stock     WHERE s_w_id = $1 AND s_i_id = $2 ","parameters: $1 = '1', $2 = '24'",,,,,,,,"","client backend"
2024-06-16 19:01:20.332 CST,"raingage","benchmark",54598,"127.0.0.1:48956",666ec5b9.d546,347,"SELECT",2024-06-16 19:00:09 CST,7/26,0,LOG,00000,"execute S_1: SELECT c_discount, c_last, c_credit, w_tax     FROM bmsql_customer     JOIN bmsql_warehouse ON (w_id = c_w_id)     WHERE c_w_id = $1 AND c_d_id = $2 AND c_id = $3","parameters: $1 = '1', $2 = '1', $3 = '17'",,,,,,,,"","client backend"
2024-06-16 19:01:20.335 CST,"raingage","benchmark",54596,"127.0.0.1:48952",666ec5b9.d544,719,"UPDATE",2024-06-16 19:00:09 CST,5/52,0,LOG,00000,"execute S_7: UPDATE bmsql_stock     SET s_quantity = $1, s_ytd = s_ytd + $2,         s_order_cnt = s_order_cnt + 1,         s_remote_cnt = s_remote_cnt + $3     WHERE s_w_id = $4 AND s_i_id = $5","parameters: $1 = '77', $2 = '7', $3 = '0', $4 = '1', $5 = '24'",,,,,,,,"","client backend"
2024-06-16 19:01:20.352 CST,"raingage","benchmark",54596,"127.0.0.1:48952",666ec5b9.d544,720,"COMMIT",2024-06-16 19:00:09 CST,5/52,115383,LOG,00000,"execute S_2: COMMIT",,,,,,,,,"","client backend"
2024-06-16 19:01:20.353 CST,"raingage","benchmark",54596,"127.0.0.1:48952",666ec5b9.d544,721,"COMMIT",2024-06-16 19:00:09 CST,5/0,115383,WARNING,01000,"registered snapshots seem to remain after cleanup",,,,,,,,,"","client backend"
2024-06-16 19:01:20.369 CST,"raingage","benchmark",54596,"127.0.0.1:48952",666ec5b9.d544,722,"BEGIN",2024-06-16 19:00:09 CST,5/53,0,LOG,00000,"execute S_3: BEGIN",,,,,,,,,"","client backend"
2024-06-16 19:01:20.386 CST,"raingage","benchmark",54596,"127.0.0.1:48952",666ec5b9.d544,723,"SELECT",2024-06-16 19:00:09 CST,5/53,0,LOG,00000,"execute S_4: SELECT d_tax, d_next_o_id     FROM bmsql_district     WHERE d_w_id = $1 AND d_id = $2 ","parameters: $1 = '1', $2 = '1'",,,,,,,,"","client backend"
2024-06-16 19:01:20.398 CST,"raingage","benchmark",54598,"127.0.0.1:48956",666ec5b9.d546,348,"SELECT",2024-06-16 19:00:09 CST,7/26,0,LOG,00000,"execute S_1: SELECT c_discount, c_last, c_credit, w_tax     FROM bmsql_customer     JOIN bmsql_warehouse ON (w_id = c_w_id)     WHERE c_w_id = $1 AND c_d_id = $2 AND c_id = $3","parameters: $1 = '1', $2 = '1', $3 = '17'",,,,,,,,"","client backend"
2024-06-16 19:01:20.418 CST,"raingage","benchmark",54598,"127.0.0.1:48956",666ec5b9.d546,349,"SELECT",2024-06-16 19:00:09 CST,7/26,0,LOG,00000,"execute S_5: SELECT i_price, i_name, i_data     FROM bmsql_item     WHERE i_id = $1","parameters: $1 = '18'",,,,,,,,"","client backend"
2024-06-16 19:01:20.439 CST,"raingage","benchmark",54598,"127.0.0.1:48956",666ec5b9.d546,350,"SELECT",2024-06-16 19:00:09 CST,7/26,0,LOG,00000,"execute S_6: SELECT s_quantity, s_data,        s_dist_01, s_dist_02, s_dist_03, s_dist_04,        s_dist_05, s_dist_06, s_dist_07, s_dist_08,        s_dist_09, s_dist_10     FROM bmsql_stock     WHERE s_w_id = $1 AND s_i_id = $2 ","parameters: $1 = '1', $2 = '18'",,,,,,,,"","client backend"
2024-06-16 19:01:20.452 CST,"raingage","benchmark",54596,"127.0.0.1:48952",666ec5b9.d544,724,"SELECT",2024-06-16 19:00:09 CST,5/53,0,LOG,00000,"execute S_1: SELECT c_discount, c_last, c_credit, w_tax     FROM bmsql_customer     JOIN bmsql_warehouse ON (w_id = c_w_id)     WHERE c_w_id = $1 AND c_d_id = $2 AND c_id = $3","parameters: $1 = '1', $2 = '1', $3 = '2'",,,,,,,,"","client backend"
2024-06-16 19:01:20.459 CST,"raingage","benchmark",54598,"127.0.0.1:48956",666ec5b9.d546,351,"UPDATE",2024-06-16 19:00:09 CST,7/26,0,LOG,00000,"execute S_7: UPDATE bmsql_stock     SET s_quantity = $1, s_ytd = s_ytd + $2,         s_order_cnt = s_order_cnt + 1,         s_remote_cnt = s_remote_cnt + $3     WHERE s_w_id = $4 AND s_i_id = $5","parameters: $1 = '67', $2 = '1', $3 = '0', $4 = '1', $5 = '18'",,,,,,,,"","client backend"
2024-06-16 19:01:20.480 CST,"raingage","benchmark",54598,"127.0.0.1:48956",666ec5b9.d546,352,"COMMIT",2024-06-16 19:00:09 CST,7/26,115384,LOG,00000,"execute S_2: COMMIT",,,,,,,,,"","client backend"
2024-06-16 19:01:20.481 CST,"raingage","benchmark",54599,"127.0.0.1:48958",666ec5b9.d547,516,"SELECT",2024-06-16 19:00:09 CST,8/38,0,LOG,00000,"execute S_1: SELECT c_discount, c_last, c_credit, w_tax     FROM bmsql_customer     JOIN bmsql_warehouse ON (w_id = c_w_id)     WHERE c_w_id = $1 AND c_d_id = $2 AND c_id = $3","parameters: $1 = '1', $2 = '1', $3 = '17'",,,,,,,,"","client backend"
2024-06-16 19:01:20.502 CST,"raingage","benchmark",54598,"127.0.0.1:48956",666ec5b9.d546,353,"BEGIN",2024-06-16 19:00:09 CST,7/27,0,LOG,00000,"execute S_3: BEGIN",,,,,,,,,"","client backend"
2024-06-16 19:01:20.513 CST,"raingage","benchmark",54598,"127.0.0.1:48956",666ec5b9.d546,354,"SELECT",2024-06-16 19:00:09 CST,7/27,0,LOG,00000,"execute S_4: SELECT d_tax, d_next_o_id     FROM bmsql_district     WHERE d_w_id = $1 AND d_id = $2 ","parameters: $1 = '1', $2 = '1'",,,,,,,,"","client backend"
2024-06-16 19:01:20.523 CST,"raingage","benchmark",54596,"127.0.0.1:48952",666ec5b9.d544,725,"SELECT",2024-06-16 19:00:09 CST,5/53,0,LOG,00000,"execute S_1: SELECT c_discount, c_last, c_credit, w_tax     FROM bmsql_customer     JOIN bmsql_warehouse ON (w_id = c_w_id)     WHERE c_w_id = $1 AND c_d_id = $2 AND c_id = $3","parameters: $1 = '1', $2 = '1', $3 = '2'",,,,,,,,"","client backend"
2024-06-16 19:01:20.551 CST,"raingage","benchmark",54599,"127.0.0.1:48958",666ec5b9.d547,517,"SELECT",2024-06-16 19:00:09 CST,8/38,0,LOG,00000,"execute S_1: SELECT c_discount, c_last, c_credit, w_tax     FROM bmsql_customer     JOIN bmsql_warehouse ON (w_id = c_w_id)     WHERE c_w_id = $1 AND c_d_id = $2 AND c_id = $3","parameters: $1 = '1', $2 = '1', $3 = '17'",,,,,,,,"","client backend"
2024-06-16 19:01:20.580 CST,"raingage","benchmark",54598,"127.0.0.1:48956",666ec5b9.d546,355,"SELECT",2024-06-16 19:00:09 CST,7/27,0,LOG,00000,"execute S_1: SELECT c_discount, c_last, c_credit, w_tax     FROM bmsql_customer     JOIN bmsql_warehouse ON (w_id = c_w_id)     WHERE c_w_id = $1 AND c_d_id = $2 AND c_id = $3","parameters: $1 = '1', $2 = '1', $3 = '80'",,,,,,,,"","client backend"
2024-06-16 19:01:20.586 CST,"raingage","benchmark",54596,"127.0.0.1:48952",666ec5b9.d544,726,"SELECT",2024-06-16 19:00:09 CST,5/53,0,LOG,00000,"execute S_1: SELECT c_discount, c_last, c_credit, w_tax     FROM bmsql_customer     JOIN bmsql_warehouse ON (w_id = c_w_id)     WHERE c_w_id = $1 AND c_d_id = $2 AND c_id = $3","parameters: $1 = '1', $2 = '1', $3 = '2'",,,,,,,,"","client backend"
2024-06-16 19:01:20.615 CST,"raingage","benchmark",54599,"127.0.0.1:48958",666ec5b9.d547,518,"SELECT",2024-06-16 19:00:09 CST,8/38,0,LOG,00000,"execute S_1: SELECT c_discount, c_last, c_credit, w_tax     FROM bmsql_customer     JOIN bmsql_warehouse ON (w_id = c_w_id)     WHERE c_w_id = $1 AND c_d_id = $2 AND c_id = $3","parameters: $1 = '1', $2 = '1', $3 = '17'",,,,,,,,"","client backend"
2024-06-16 19:01:20.648 CST,"raingage","benchmark",54598,"127.0.0.1:48956",666ec5b9.d546,356,"SELECT",2024-06-16 19:00:09 CST,7/27,0,LOG,00000,"execute S_1: SELECT c_discount, c_last, c_credit, w_tax     FROM bmsql_customer     JOIN bmsql_warehouse ON (w_id = c_w_id)     WHERE c_w_id = $1 AND c_d_id = $2 AND c_id = $3","parameters: $1 = '1', $2 = '1', $3 = '80'",,,,,,,,"","client backend"
2024-06-16 19:01:20.651 CST,"raingage","benchmark",54596,"127.0.0.1:48952",666ec5b9.d544,727,"SELECT",2024-06-16 19:00:09 CST,5/53,0,LOG,00000,"execute S_1: SELECT c_discount, c_last, c_credit, w_tax     FROM bmsql_customer     JOIN bmsql_warehouse ON (w_id = c_w_id)     WHERE c_w_id = $1 AND c_d_id = $2 AND c_id = $3","parameters: $1 = '1', $2 = '1', $3 = '2'",,,,,,,,"","client backend"
2024-06-16 19:01:20.684 CST,"raingage","benchmark",54599,"127.0.0.1:48958",666ec5b9.d547,519,"SELECT",2024-06-16 19:00:09 CST,8/38,0,LOG,00000,"execute S_1: SELECT c_discount, c_last, c_credit, w_tax     FROM bmsql_customer     JOIN bmsql_warehouse ON (w_id = c_w_id)     WHERE c_w_id = $1 AND c_d_id = $2 AND c_id = $3","parameters: $1 = '1', $2 = '1', $3 = '17'",,,,,,,,"","client backend"
2024-06-16 19:01:20.716 CST,"raingage","benchmark",54598,"127.0.0.1:48956",666ec5b9.d546,357,"SELECT",2024-06-16 19:00:09 CST,7/27,0,LOG,00000,"execute S_1: SELECT c_discount, c_last, c_credit, w_tax     FROM bmsql_customer     JOIN bmsql_warehouse ON (w_id = c_w_id)     WHERE c_w_id = $1 AND c_d_id = $2 AND c_id = $3","parameters: $1 = '1', $2 = '1', $3 = '80'",,,,,,,,"","client backend"
2024-06-16 19:01:20.720 CST,"raingage","benchmark",54596,"127.0.0.1:48952",666ec5b9.d544,728,"SELECT",2024-06-16 19:00:09 CST,5/53,0,LOG,00000,"execute S_1: SELECT c_discount, c_last, c_credit, w_tax     FROM bmsql_customer     JOIN bmsql_warehouse ON (w_id = c_w_id)     WHERE c_w_id = $1 AND c_d_id = $2 AND c_id = $3","parameters: $1 = '1', $2 = '1', $3 = '2'",,,,,,,,"","client backend"
2024-06-16 19:01:20.746 CST,"raingage","benchmark",54599,"127.0.0.1:48958",666ec5b9.d547,520,"SELECT",2024-06-16 19:00:09 CST,8/38,0,LOG,00000,"execute S_1: SELECT c_discount, c_last, c_credit, w_tax     FROM bmsql_customer     JOIN bmsql_warehouse ON (w_id = c_w_id)     WHERE c_w_id = $1 AND c_d_id = $2 AND c_id = $3","parameters: $1 = '1', $2 = '1', $3 = '17'",,,,,,,,"","client backend"
2024-06-16 19:01:20.782 CST,"raingage","benchmark",54598,"127.0.0.1:48956",666ec5b9.d546,358,"SELECT",2024-06-16 19:00:09 CST,7/27,0,LOG,00000,"execute S_1: SELECT c_discount, c_last, c_credit, w_tax     FROM bmsql_customer     JOIN bmsql_warehouse ON (w_id = c_w_id)     WHERE c_w_id = $1 AND c_d_id = $2 AND c_id = $3","parameters: $1 = '1', $2 = '1', $3 = '80'",,,,,,,,"","client backend"
2024-06-16 19:01:20.791 CST,"raingage","benchmark",54596,"127.0.0.1:48952",666ec5b9.d544,729,"SELECT",2024-06-16 19:00:09 CST,5/53,0,LOG,00000,"execute S_1: SELECT c_discount, c_last, c_credit, w_tax     FROM bmsql_customer     JOIN bmsql_warehouse ON (w_id = c_w_id)     WHERE c_w_id = $1 AND c_d_id = $2 AND c_id = $3","parameters: $1 = '1', $2 = '1', $3 = '2'",,,,,,,,"","client backend"
2024-06-16 19:01:20.816 CST,"raingage","benchmark",54599,"127.0.0.1:48958",666ec5b9.d547,521,"SELECT",2024-06-16 19:00:09 CST,8/38,0,LOG,00000,"execute S_1: SELECT c_discount, c_last, c_credit, w_tax     FROM bmsql_customer     JOIN bmsql_warehouse ON (w_id = c_w_id)     WHERE c_w_id = $1 AND c_d_id = $2 AND c_id = $3","parameters: $1 = '1', $2 = '1', $3 = '17'",,,,,,,,"","client backend"
2024-06-16 19:01:20.850 CST,"raingage","benchmark",54598,"127.0.0.1:48956",666ec5b9.d546,359,"SELECT",2024-06-16 19:00:09 CST,7/27,0,LOG,00000,"execute S_1: SELECT c_discount, c_last, c_credit, w_tax     FROM bmsql_customer     JOIN bmsql_warehouse ON (w_id = c_w_id)     WHERE c_w_id = $1 AND c_d_id = $2 AND c_id = $3","parameters: $1 = '1', $2 = '1', $3 = '80'",,,,,,,,"","client backend"
2024-06-16 19:01:20.856 CST,"raingage","benchmark",54596,"127.0.0.1:48952",666ec5b9.d544,730,"SELECT",2024-06-16 19:00:09 CST,5/53,0,LOG,00000,"execute S_1: SELECT c_discount, c_last, c_credit, w_tax     FROM bmsql_customer     JOIN bmsql_warehouse ON (w_id = c_w_id)     WHERE c_w_id = $1 AND c_d_id = $2 AND c_id = $3","parameters: $1 = '1', $2 = '1', $3 = '2'",,,,,,,,"","client backend"
2024-06-16 19:01:20.883 CST,"raingage","benchmark",54599,"127.0.0.1:48958",666ec5b9.d547,522,"SELECT",2024-06-16 19:00:09 CST,8/38,0,LOG,00000,"execute S_1: SELECT c_discount, c_last, c_credit, w_tax     FROM bmsql_customer     JOIN bmsql_warehouse ON (w_id = c_w_id)     WHERE c_w_id = $1 AND c_d_id = $2 AND c_id = $3","parameters: $1 = '1', $2 = '1', $3 = '17'",,,,,,,,"","client backend"
2024-06-16 19:01:20.921 CST,"raingage","benchmark",54598,"127.0.0.1:48956",666ec5b9.d546,360,"SELECT",2024-06-16 19:00:09 CST,7/27,0,LOG,00000,"execute S_1: SELECT c_discount, c_last, c_credit, w_tax     FROM bmsql_customer     JOIN bmsql_warehouse ON (w_id = c_w_id)     WHERE c_w_id = $1 AND c_d_id = $2 AND c_id = $3","parameters: $1 = '1', $2 = '1', $3 = '80'",,,,,,,,"","client backend"
2024-06-16 19:01:20.922 CST,"raingage","benchmark",54596,"127.0.0.1:48952",666ec5b9.d544,731,"SELECT",2024-06-16 19:00:09 CST,5/53,0,LOG,00000,"execute S_1: SELECT c_discount, c_last, c_credit, w_tax     FROM bmsql_customer     JOIN bmsql_warehouse ON (w_id = c_w_id)     WHERE c_w_id = $1 AND c_d_id = $2 AND c_id = $3","parameters: $1 = '1', $2 = '1', $3 = '2'",,,,,,,,"","client backend"
2024-06-16 19:01:20.935 CST,"raingage","benchmark",54596,"127.0.0.1:48952",666ec5b9.d544,732,"SELECT",2024-06-16 19:00:09 CST,5/53,0,LOG,00000,"execute S_5: SELECT i_price, i_name, i_data     FROM bmsql_item     WHERE i_id = $1","parameters: $1 = '35'",,,,,,,,"","client backend"
2024-06-16 19:01:20.946 CST,"raingage","benchmark",54599,"127.0.0.1:48958",666ec5b9.d547,523,"SELECT",2024-06-16 19:00:09 CST,8/38,0,LOG,00000,"execute S_1: SELECT c_discount, c_last, c_credit, w_tax     FROM bmsql_customer     JOIN bmsql_warehouse ON (w_id = c_w_id)     WHERE c_w_id = $1 AND c_d_id = $2 AND c_id = $3","parameters: $1 = '1', $2 = '1', $3 = '17'",,,,,,,,"","client backend"
2024-06-16 19:01:20.950 CST,"raingage","benchmark",54596,"127.0.0.1:48952",666ec5b9.d544,733,"SELECT",2024-06-16 19:00:09 CST,5/53,0,LOG,00000,"execute S_6: SELECT s_quantity, s_data,        s_dist_01, s_dist_02, s_dist_03, s_dist_04,        s_dist_05, s_dist_06, s_dist_07, s_dist_08,        s_dist_09, s_dist_10     FROM bmsql_stock     WHERE s_w_id = $1 AND s_i_id = $2 ","parameters: $1 = '1', $2 = '35'",,,,,,,,"","client backend"
2024-06-16 19:01:20.962 CST,"raingage","benchmark",54599,"127.0.0.1:48958",666ec5b9.d547,524,"SELECT",2024-06-16 19:00:09 CST,8/38,0,LOG,00000,"execute S_5: SELECT i_price, i_name, i_data     FROM bmsql_item     WHERE i_id = $1","parameters: $1 = '18'",,,,,,,,"","client backend"
2024-06-16 19:01:20.964 CST,"raingage","benchmark",54596,"127.0.0.1:48952",666ec5b9.d544,734,"UPDATE",2024-06-16 19:00:09 CST,5/53,0,LOG,00000,"execute S_7: UPDATE bmsql_stock     SET s_quantity = $1, s_ytd = s_ytd + $2,         s_order_cnt = s_order_cnt + 1,         s_remote_cnt = s_remote_cnt + $3     WHERE s_w_id = $4 AND s_i_id = $5","parameters: $1 = '96', $2 = '4', $3 = '0', $4 = '1', $5 = '35'",,,,,,,,"","client backend"
2024-06-16 19:01:20.978 CST,"raingage","benchmark",54596,"127.0.0.1:48952",666ec5b9.d544,735,"COMMIT",2024-06-16 19:00:09 CST,5/53,115385,LOG,00000,"execute S_2: COMMIT",,,,,,,,,"","client backend"
2024-06-16 19:01:20.981 CST,"raingage","benchmark",54599,"127.0.0.1:48958",666ec5b9.d547,525,"SELECT",2024-06-16 19:00:09 CST,8/38,0,LOG,00000,"execute S_6: SELECT s_quantity, s_data,        s_dist_01, s_dist_02, s_dist_03, s_dist_04,        s_dist_05, s_dist_06, s_dist_07, s_dist_08,        s_dist_09, s_dist_10     FROM bmsql_stock     WHERE s_w_id = $1 AND s_i_id = $2 ","parameters: $1 = '1', $2 = '18'",,,,,,,,"","client backend"
2024-06-16 19:01:20.992 CST,"raingage","benchmark",54598,"127.0.0.1:48956",666ec5b9.d546,361,"SELECT",2024-06-16 19:00:09 CST,7/27,0,LOG,00000,"execute S_1: SELECT c_discount, c_last, c_credit, w_tax     FROM bmsql_customer     JOIN bmsql_warehouse ON (w_id = c_w_id)     WHERE c_w_id = $1 AND c_d_id = $2 AND c_id = $3","parameters: $1 = '1', $2 = '1', $3 = '80'",,,,,,,,"","client backend"
2024-06-16 19:01:20.995 CST,"raingage","benchmark",54596,"127.0.0.1:48952",666ec5b9.d544,736,"BEGIN",2024-06-16 19:00:09 CST,5/54,0,LOG,00000,"execute S_3: BEGIN",,,,,,,,,"","client backend"
2024-06-16 19:01:20.999 CST,"raingage","benchmark",54599,"127.0.0.1:48958",666ec5b9.d547,526,"UPDATE",2024-06-16 19:00:09 CST,8/38,0,LOG,00000,"execute S_7: UPDATE bmsql_stock     SET s_quantity = $1, s_ytd = s_ytd + $2,         s_order_cnt = s_order_cnt + 1,         s_remote_cnt = s_remote_cnt + $3     WHERE s_w_id = $4 AND s_i_id = $5","parameters: $1 = '66', $2 = '2', $3 = '0', $4 = '1', $5 = '18'",,,,,,,,"","client backend"
2024-06-16 19:01:21.006 CST,"raingage","benchmark",54596,"127.0.0.1:48952",666ec5b9.d544,737,"SELECT",2024-06-16 19:00:09 CST,5/54,0,LOG,00000,"execute S_4: SELECT d_tax, d_next_o_id     FROM bmsql_district     WHERE d_w_id = $1 AND d_id = $2 ","parameters: $1 = '1', $2 = '1'",,,,,,,,"","client backend"
2024-06-16 19:01:21.018 CST,"raingage","benchmark",54599,"127.0.0.1:48958",666ec5b9.d547,527,"COMMIT",2024-06-16 19:00:09 CST,8/38,115386,LOG,00000,"execute S_2: COMMIT",,,,,,,,,"","client backend"
2024-06-16 19:01:21.019 CST,"raingage","benchmark",54599,"127.0.0.1:48958",666ec5b9.d547,528,"COMMIT",2024-06-16 19:00:09 CST,8/0,115386,WARNING,01000,"registered snapshots seem to remain after cleanup",,,,,,,,,"","client backend"
2024-06-16 19:01:21.036 CST,"raingage","benchmark",54599,"127.0.0.1:48958",666ec5b9.d547,529,"BEGIN",2024-06-16 19:00:09 CST,8/39,0,LOG,00000,"execute S_3: BEGIN",,,,,,,,,"","client backend"
2024-06-16 19:01:21.048 CST,"raingage","benchmark",54599,"127.0.0.1:48958",666ec5b9.d547,530,"SELECT",2024-06-16 19:00:09 CST,8/39,0,LOG,00000,"execute S_4: SELECT d_tax, d_next_o_id     FROM bmsql_district     WHERE d_w_id = $1 AND d_id = $2 ","parameters: $1 = '1', $2 = '1'",,,,,,,,"","client backend"
2024-06-16 19:01:21.060 CST,"raingage","benchmark",54598,"127.0.0.1:48956",666ec5b9.d546,362,"SELECT",2024-06-16 19:00:09 CST,7/27,0,LOG,00000,"execute S_1: SELECT c_discount, c_last, c_credit, w_tax     FROM bmsql_customer     JOIN bmsql_warehouse ON (w_id = c_w_id)     WHERE c_w_id = $1 AND c_d_id = $2 AND c_id = $3","parameters: $1 = '1', $2 = '1', $3 = '80'",,,,,,,,"","client backend"
2024-06-16 19:01:21.076 CST,"raingage","benchmark",54598,"127.0.0.1:48956",666ec5b9.d546,363,"SELECT",2024-06-16 19:00:09 CST,7/27,0,LOG,00000,"execute S_5: SELECT i_price, i_name, i_data     FROM bmsql_item     WHERE i_id = $1","parameters: $1 = '60'",,,,,,,,"","client backend"
2024-06-16 19:01:21.090 CST,"raingage","benchmark",54598,"127.0.0.1:48956",666ec5b9.d546,364,"SELECT",2024-06-16 19:00:09 CST,7/27,0,LOG,00000,"execute S_6: SELECT s_quantity, s_data,        s_dist_01, s_dist_02, s_dist_03, s_dist_04,        s_dist_05, s_dist_06, s_dist_07, s_dist_08,        s_dist_09, s_dist_10     FROM bmsql_stock     WHERE s_w_id = $1 AND s_i_id = $2 ","parameters: $1 = '1', $2 = '60'",,,,,,,,"","client backend"
2024-06-16 19:01:21.104 CST,"raingage","benchmark",54598,"127.0.0.1:48956",666ec5b9.d546,365,"UPDATE",2024-06-16 19:00:09 CST,7/27,0,LOG,00000,"execute S_7: UPDATE bmsql_stock     SET s_quantity = $1, s_ytd = s_ytd + $2,         s_order_cnt = s_order_cnt + 1,         s_remote_cnt = s_remote_cnt + $3     WHERE s_w_id = $4 AND s_i_id = $5","parameters: $1 = '81', $2 = '4', $3 = '0', $4 = '1', $5 = '60'",,,,,,,,"","client backend"
2024-06-16 19:01:21.118 CST,"raingage","benchmark",54598,"127.0.0.1:48956",666ec5b9.d546,366,"COMMIT",2024-06-16 19:00:09 CST,7/27,115387,LOG,00000,"execute S_2: COMMIT",,,,,,,,,"","client backend"
2024-06-16 19:01:21.119 CST,"raingage","benchmark",54596,"127.0.0.1:48952",666ec5b9.d544,738,"SELECT",2024-06-16 19:00:09 CST,5/54,0,LOG,00000,"execute S_1: SELECT c_discount, c_last, c_credit, w_tax     FROM bmsql_customer     JOIN bmsql_warehouse ON (w_id = c_w_id)     WHERE c_w_id = $1 AND c_d_id = $2 AND c_id = $3","parameters: $1 = '1', $2 = '1', $3 = '80'",,,,,,,,"","client backend"
2024-06-16 19:01:21.119 CST,"raingage","benchmark",54599,"127.0.0.1:48958",666ec5b9.d547,531,"SELECT",2024-06-16 19:00:09 CST,8/39,0,LOG,00000,"execute S_1: SELECT c_discount, c_last, c_credit, w_tax     FROM bmsql_customer     JOIN bmsql_warehouse ON (w_id = c_w_id)     WHERE c_w_id = $1 AND c_d_id = $2 AND c_id = $3","parameters: $1 = '1', $2 = '1', $3 = '21'",,,,,,,,"","client backend"
2024-06-16 19:01:21.137 CST,"raingage","benchmark",54598,"127.0.0.1:48956",666ec5b9.d546,367,"BEGIN",2024-06-16 19:00:09 CST,7/28,0,LOG,00000,"execute S_3: BEGIN",,,,,,,,,"","client backend"
2024-06-16 19:01:21.150 CST,"raingage","benchmark",54598,"127.0.0.1:48956",666ec5b9.d546,368,"SELECT",2024-06-16 19:00:09 CST,7/28,0,LOG,00000,"execute S_4: SELECT d_tax, d_next_o_id     FROM bmsql_district     WHERE d_w_id = $1 AND d_id = $2 ","parameters: $1 = '1', $2 = '1'",,,,,,,,"","client backend"
2024-06-16 19:01:21.184 CST,"raingage","benchmark",54596,"127.0.0.1:48952",666ec5b9.d544,739,"SELECT",2024-06-16 19:00:09 CST,5/54,0,LOG,00000,"execute S_1: SELECT c_discount, c_last, c_credit, w_tax     FROM bmsql_customer     JOIN bmsql_warehouse ON (w_id = c_w_id)     WHERE c_w_id = $1 AND c_d_id = $2 AND c_id = $3","parameters: $1 = '1', $2 = '1', $3 = '80'",,,,,,,,"","client backend"
2024-06-16 19:01:21.188 CST,"raingage","benchmark",54599,"127.0.0.1:48958",666ec5b9.d547,532,"SELECT",2024-06-16 19:00:09 CST,8/39,0,LOG,00000,"execute S_1: SELECT c_discount, c_last, c_credit, w_tax     FROM bmsql_customer     JOIN bmsql_warehouse ON (w_id = c_w_id)     WHERE c_w_id = $1 AND c_d_id = $2 AND c_id = $3","parameters: $1 = '1', $2 = '1', $3 = '21'",,,,,,,,"","client backend"
2024-06-16 19:01:21.251 CST,"raingage","benchmark",54596,"127.0.0.1:48952",666ec5b9.d544,740,"SELECT",2024-06-16 19:00:09 CST,5/54,0,LOG,00000,"execute S_1: SELECT c_discount, c_last, c_credit, w_tax     FROM bmsql_customer     JOIN bmsql_warehouse ON (w_id = c_w_id)     WHERE c_w_id = $1 AND c_d_id = $2 AND c_id = $3","parameters: $1 = '1', $2 = '1', $3 = '80'",,,,,,,,"","client backend"
2024-06-16 19:01:21.254 CST,"raingage","benchmark",54599,"127.0.0.1:48958",666ec5b9.d547,533,"SELECT",2024-06-16 19:00:09 CST,8/39,0,LOG,00000,"execute S_1: SELECT c_discount, c_last, c_credit, w_tax     FROM bmsql_customer     JOIN bmsql_warehouse ON (w_id = c_w_id)     WHERE c_w_id = $1 AND c_d_id = $2 AND c_id = $3","parameters: $1 = '1', $2 = '1', $3 = '21'",,,,,,,,"","client backend"
2024-06-16 19:01:21.316 CST,"raingage","benchmark",54596,"127.0.0.1:48952",666ec5b9.d544,741,"SELECT",2024-06-16 19:00:09 CST,5/54,0,LOG,00000,"execute S_1: SELECT c_discount, c_last, c_credit, w_tax     FROM bmsql_customer     JOIN bmsql_warehouse ON (w_id = c_w_id)     WHERE c_w_id = $1 AND c_d_id = $2 AND c_id = $3","parameters: $1 = '1', $2 = '1', $3 = '80'",,,,,,,,"","client backend"
2024-06-16 19:01:21.316 CST,"raingage","benchmark",54599,"127.0.0.1:48958",666ec5b9.d547,534,"SELECT",2024-06-16 19:00:09 CST,8/39,0,LOG,00000,"execute S_1: SELECT c_discount, c_last, c_credit, w_tax     FROM bmsql_customer     JOIN bmsql_warehouse ON (w_id = c_w_id)     WHERE c_w_id = $1 AND c_d_id = $2 AND c_id = $3","parameters: $1 = '1', $2 = '1', $3 = '21'",,,,,,,,"","client backend"
2024-06-16 19:01:21.382 CST,"raingage","benchmark",54596,"127.0.0.1:48952",666ec5b9.d544,742,"SELECT",2024-06-16 19:00:09 CST,5/54,0,LOG,00000,"execute S_1: SELECT c_discount, c_last, c_credit, w_tax     FROM bmsql_customer     JOIN bmsql_warehouse ON (w_id = c_w_id)     WHERE c_w_id = $1 AND c_d_id = $2 AND c_id = $3","parameters: $1 = '1', $2 = '1', $3 = '80'",,,,,,,,"","client backend"
2024-06-16 19:01:21.385 CST,"raingage","benchmark",54599,"127.0.0.1:48958",666ec5b9.d547,535,"SELECT",2024-06-16 19:00:09 CST,8/39,0,LOG,00000,"execute S_1: SELECT c_discount, c_last, c_credit, w_tax     FROM bmsql_customer     JOIN bmsql_warehouse ON (w_id = c_w_id)     WHERE c_w_id = $1 AND c_d_id = $2 AND c_id = $3","parameters: $1 = '1', $2 = '1', $3 = '21'",,,,,,,,"","client backend"
2024-06-16 19:01:21.450 CST,"raingage","benchmark",54599,"127.0.0.1:48958",666ec5b9.d547,536,"SELECT",2024-06-16 19:00:09 CST,8/39,0,LOG,00000,"execute S_1: SELECT c_discount, c_last, c_credit, w_tax     FROM bmsql_customer     JOIN bmsql_warehouse ON (w_id = c_w_id)     WHERE c_w_id = $1 AND c_d_id = $2 AND c_id = $3","parameters: $1 = '1', $2 = '1', $3 = '21'",,,,,,,,"","client backend"
2024-06-16 19:01:21.454 CST,"raingage","benchmark",54596,"127.0.0.1:48952",666ec5b9.d544,743,"SELECT",2024-06-16 19:00:09 CST,5/54,0,LOG,00000,"execute S_1: SELECT c_discount, c_last, c_credit, w_tax     FROM bmsql_customer     JOIN bmsql_warehouse ON (w_id = c_w_id)     WHERE c_w_id = $1 AND c_d_id = $2 AND c_id = $3","parameters: $1 = '1', $2 = '1', $3 = '80'",,,,,,,,"","client backend"
2024-06-16 19:01:21.516 CST,"raingage","benchmark",54599,"127.0.0.1:48958",666ec5b9.d547,537,"SELECT",2024-06-16 19:00:09 CST,8/39,0,LOG,00000,"execute S_1: SELECT c_discount, c_last, c_credit, w_tax     FROM bmsql_customer     JOIN bmsql_warehouse ON (w_id = c_w_id)     WHERE c_w_id = $1 AND c_d_id = $2 AND c_id = $3","parameters: $1 = '1', $2 = '1', $3 = '21'",,,,,,,,"","client backend"
2024-06-16 19:01:21.523 CST,"raingage","benchmark",54596,"127.0.0.1:48952",666ec5b9.d544,744,"SELECT",2024-06-16 19:00:09 CST,5/54,0,LOG,00000,"execute S_1: SELECT c_discount, c_last, c_credit, w_tax     FROM bmsql_customer     JOIN bmsql_warehouse ON (w_id = c_w_id)     WHERE c_w_id = $1 AND c_d_id = $2 AND c_id = $3","parameters: $1 = '1', $2 = '1', $3 = '80'",,,,,,,,"","client backend"
2024-06-16 19:01:21.581 CST,"raingage","benchmark",54599,"127.0.0.1:48958",666ec5b9.d547,538,"SELECT",2024-06-16 19:00:09 CST,8/39,0,LOG,00000,"execute S_1: SELECT c_discount, c_last, c_credit, w_tax     FROM bmsql_customer     JOIN bmsql_warehouse ON (w_id = c_w_id)     WHERE c_w_id = $1 AND c_d_id = $2 AND c_id = $3","parameters: $1 = '1', $2 = '1', $3 = '21'",,,,,,,,"","client backend"
2024-06-16 19:01:21.590 CST,"raingage","benchmark",54596,"127.0.0.1:48952",666ec5b9.d544,745,"SELECT",2024-06-16 19:00:09 CST,5/54,0,LOG,00000,"execute S_1: SELECT c_discount, c_last, c_credit, w_tax     FROM bmsql_customer     JOIN bmsql_warehouse ON (w_id = c_w_id)     WHERE c_w_id = $1 AND c_d_id = $2 AND c_id = $3","parameters: $1 = '1', $2 = '1', $3 = '80'",,,,,,,,"","client backend"
2024-06-16 19:01:21.597 CST,"raingage","benchmark",54599,"127.0.0.1:48958",666ec5b9.d547,539,"SELECT",2024-06-16 19:00:09 CST,8/39,0,LOG,00000,"execute S_5: SELECT i_price, i_name, i_data     FROM bmsql_item     WHERE i_id = $1","parameters: $1 = '46'",,,,,,,,"","client backend"
2024-06-16 19:01:21.604 CST,"raingage","benchmark",54596,"127.0.0.1:48952",666ec5b9.d544,746,"SELECT",2024-06-16 19:00:09 CST,5/54,0,LOG,00000,"execute S_5: SELECT i_price, i_name, i_data     FROM bmsql_item     WHERE i_id = $1","parameters: $1 = '60'",,,,,,,,"","client backend"
2024-06-16 19:01:21.610 CST,"raingage","benchmark",54599,"127.0.0.1:48958",666ec5b9.d547,540,"SELECT",2024-06-16 19:00:09 CST,8/39,0,LOG,00000,"execute S_6: SELECT s_quantity, s_data,        s_dist_01, s_dist_02, s_dist_03, s_dist_04,        s_dist_05, s_dist_06, s_dist_07, s_dist_08,        s_dist_09, s_dist_10     FROM bmsql_stock     WHERE s_w_id = $1 AND s_i_id = $2 ","parameters: $1 = '1', $2 = '46'",,,,,,,,"","client backend"
2024-06-16 19:01:21.622 CST,"raingage","benchmark",54596,"127.0.0.1:48952",666ec5b9.d544,747,"SELECT",2024-06-16 19:00:09 CST,5/54,0,LOG,00000,"execute S_6: SELECT s_quantity, s_data,        s_dist_01, s_dist_02, s_dist_03, s_dist_04,        s_dist_05, s_dist_06, s_dist_07, s_dist_08,        s_dist_09, s_dist_10     FROM bmsql_stock     WHERE s_w_id = $1 AND s_i_id = $2 ","parameters: $1 = '1', $2 = '60'",,,,,,,,"","client backend"
2024-06-16 19:01:21.628 CST,"raingage","benchmark",54599,"127.0.0.1:48958",666ec5b9.d547,541,"UPDATE",2024-06-16 19:00:09 CST,8/39,0,LOG,00000,"execute S_7: UPDATE bmsql_stock     SET s_quantity = $1, s_ytd = s_ytd + $2,         s_order_cnt = s_order_cnt + 1,         s_remote_cnt = s_remote_cnt + $3     WHERE s_w_id = $4 AND s_i_id = $5","parameters: $1 = '48', $2 = '3', $3 = '0', $4 = '1', $5 = '46'",,,,,,,,"","client backend"
2024-06-16 19:01:21.634 CST,"raingage","benchmark",54596,"127.0.0.1:48952",666ec5b9.d544,748,"UPDATE",2024-06-16 19:00:09 CST,5/54,0,LOG,00000,"execute S_7: UPDATE bmsql_stock     SET s_quantity = $1, s_ytd = s_ytd + $2,         s_order_cnt = s_order_cnt + 1,         s_remote_cnt = s_remote_cnt + $3     WHERE s_w_id = $4 AND s_i_id = $5","parameters: $1 = '82', $2 = '3', $3 = '0', $4 = '1', $5 = '60'",,,,,,,,"","client backend"
2024-06-16 19:01:21.644 CST,"raingage","benchmark",54599,"127.0.0.1:48958",666ec5b9.d547,542,"COMMIT",2024-06-16 19:00:09 CST,8/39,115388,LOG,00000,"execute S_2: COMMIT",,,,,,,,,"","client backend"
2024-06-16 19:01:21.644 CST,"raingage","benchmark",54598,"127.0.0.1:48956",666ec5b9.d546,369,"SELECT",2024-06-16 19:00:09 CST,7/28,0,LOG,00000,"execute S_1: SELECT c_discount, c_last, c_credit, w_tax     FROM bmsql_customer     JOIN bmsql_warehouse ON (w_id = c_w_id)     WHERE c_w_id = $1 AND c_d_id = $2 AND c_id = $3","parameters: $1 = '1', $2 = '1', $3 = '21'",,,,,,,,"","client backend"
2024-06-16 19:01:21.647 CST,"raingage","benchmark",54596,"127.0.0.1:48952",666ec5b9.d544,749,"COMMIT",2024-06-16 19:00:09 CST,5/54,115389,LOG,00000,"execute S_2: COMMIT",,,,,,,,,"","client backend"
2024-06-16 19:01:21.648 CST,"raingage","benchmark",54596,"127.0.0.1:48952",666ec5b9.d544,750,"COMMIT",2024-06-16 19:00:09 CST,5/0,115389,WARNING,01000,"registered snapshots seem to remain after cleanup",,,,,,,,,"","client backend"
2024-06-16 19:01:21.657 CST,"raingage","benchmark",54599,"127.0.0.1:48958",666ec5b9.d547,543,"BEGIN",2024-06-16 19:00:09 CST,8/40,0,LOG,00000,"execute S_3: BEGIN",,,,,,,,,"","client backend"
2024-06-16 19:01:21.660 CST,"raingage","benchmark",54596,"127.0.0.1:48952",666ec5b9.d544,751,"BEGIN",2024-06-16 19:00:09 CST,5/55,0,LOG,00000,"execute S_3: BEGIN",,,,,,,,,"","client backend"
2024-06-16 19:01:21.667 CST,"raingage","benchmark",54599,"127.0.0.1:48958",666ec5b9.d547,544,"SELECT",2024-06-16 19:00:09 CST,8/40,0,LOG,00000,"execute S_4: SELECT d_tax, d_next_o_id     FROM bmsql_district     WHERE d_w_id = $1 AND d_id = $2 ","parameters: $1 = '1', $2 = '1'",,,,,,,,"","client backend"
2024-06-16 19:01:21.677 CST,"raingage","benchmark",54596,"127.0.0.1:48952",666ec5b9.d544,752,"SELECT",2024-06-16 19:00:09 CST,5/55,0,LOG,00000,"execute S_4: SELECT d_tax, d_next_o_id     FROM bmsql_district     WHERE d_w_id = $1 AND d_id = $2 ","parameters: $1 = '1', $2 = '1'",,,,,,,,"","client backend"
2024-06-16 19:01:21.708 CST,"raingage","benchmark",54598,"127.0.0.1:48956",666ec5b9.d546,370,"SELECT",2024-06-16 19:00:09 CST,7/28,0,LOG,00000,"execute S_1: SELECT c_discount, c_last, c_credit, w_tax     FROM bmsql_customer     JOIN bmsql_warehouse ON (w_id = c_w_id)     WHERE c_w_id = $1 AND c_d_id = $2 AND c_id = $3","parameters: $1 = '1', $2 = '1', $3 = '21'",,,,,,,,"","client backend"
2024-06-16 19:01:21.737 CST,"raingage","benchmark",54599,"127.0.0.1:48958",666ec5b9.d547,545,"SELECT",2024-06-16 19:00:09 CST,8/40,0,LOG,00000,"execute S_1: SELECT c_discount, c_last, c_credit, w_tax     FROM bmsql_customer     JOIN bmsql_warehouse ON (w_id = c_w_id)     WHERE c_w_id = $1 AND c_d_id = $2 AND c_id = $3","parameters: $1 = '1', $2 = '1', $3 = '78'",,,,,,,,"","client backend"
2024-06-16 19:01:21.774 CST,"raingage","benchmark",54598,"127.0.0.1:48956",666ec5b9.d546,371,"SELECT",2024-06-16 19:00:09 CST,7/28,0,LOG,00000,"execute S_1: SELECT c_discount, c_last, c_credit, w_tax     FROM bmsql_customer     JOIN bmsql_warehouse ON (w_id = c_w_id)     WHERE c_w_id = $1 AND c_d_id = $2 AND c_id = $3","parameters: $1 = '1', $2 = '1', $3 = '21'",,,,,,,,"","client backend"
2024-06-16 19:01:21.800 CST,"raingage","benchmark",54599,"127.0.0.1:48958",666ec5b9.d547,546,"SELECT",2024-06-16 19:00:09 CST,8/40,0,LOG,00000,"execute S_1: SELECT c_discount, c_last, c_credit, w_tax     FROM bmsql_customer     JOIN bmsql_warehouse ON (w_id = c_w_id)     WHERE c_w_id = $1 AND c_d_id = $2 AND c_id = $3","parameters: $1 = '1', $2 = '1', $3 = '78'",,,,,,,,"","client backend"
2024-06-16 19:01:21.843 CST,"raingage","benchmark",54598,"127.0.0.1:48956",666ec5b9.d546,372,"SELECT",2024-06-16 19:00:09 CST,7/28,0,LOG,00000,"execute S_1: SELECT c_discount, c_last, c_credit, w_tax     FROM bmsql_customer     JOIN bmsql_warehouse ON (w_id = c_w_id)     WHERE c_w_id = $1 AND c_d_id = $2 AND c_id = $3","parameters: $1 = '1', $2 = '1', $3 = '21'",,,,,,,,"","client backend"
2024-06-16 19:01:21.862 CST,"raingage","benchmark",54599,"127.0.0.1:48958",666ec5b9.d547,547,"SELECT",2024-06-16 19:00:09 CST,8/40,0,LOG,00000,"execute S_1: SELECT c_discount, c_last, c_credit, w_tax     FROM bmsql_customer     JOIN bmsql_warehouse ON (w_id = c_w_id)     WHERE c_w_id = $1 AND c_d_id = $2 AND c_id = $3","parameters: $1 = '1', $2 = '1', $3 = '78'",,,,,,,,"","client backend"
2024-06-16 19:01:21.908 CST,"raingage","benchmark",54598,"127.0.0.1:48956",666ec5b9.d546,373,"SELECT",2024-06-16 19:00:09 CST,7/28,0,LOG,00000,"execute S_1: SELECT c_discount, c_last, c_credit, w_tax     FROM bmsql_customer     JOIN bmsql_warehouse ON (w_id = c_w_id)     WHERE c_w_id = $1 AND c_d_id = $2 AND c_id = $3","parameters: $1 = '1', $2 = '1', $3 = '21'",,,,,,,,"","client backend"
2024-06-16 19:01:21.926 CST,"raingage","benchmark",54599,"127.0.0.1:48958",666ec5b9.d547,548,"SELECT",2024-06-16 19:00:09 CST,8/40,0,LOG,00000,"execute S_1: SELECT c_discount, c_last, c_credit, w_tax     FROM bmsql_customer     JOIN bmsql_warehouse ON (w_id = c_w_id)     WHERE c_w_id = $1 AND c_d_id = $2 AND c_id = $3","parameters: $1 = '1', $2 = '1', $3 = '78'",,,,,,,,"","client backend"
2024-06-16 19:01:21.979 CST,"raingage","benchmark",54598,"127.0.0.1:48956",666ec5b9.d546,374,"SELECT",2024-06-16 19:00:09 CST,7/28,0,LOG,00000,"execute S_1: SELECT c_discount, c_last, c_credit, w_tax     FROM bmsql_customer     JOIN bmsql_warehouse ON (w_id = c_w_id)     WHERE c_w_id = $1 AND c_d_id = $2 AND c_id = $3","parameters: $1 = '1', $2 = '1', $3 = '21'",,,,,,,,"","client backend"
2024-06-16 19:01:21.995 CST,"raingage","benchmark",54599,"127.0.0.1:48958",666ec5b9.d547,549,"SELECT",2024-06-16 19:00:09 CST,8/40,0,LOG,00000,"execute S_1: SELECT c_discount, c_last, c_credit, w_tax     FROM bmsql_customer     JOIN bmsql_warehouse ON (w_id = c_w_id)     WHERE c_w_id = $1 AND c_d_id = $2 AND c_id = $3","parameters: $1 = '1', $2 = '1', $3 = '78'",,,,,,,,"","client backend"
2024-06-16 19:01:22.045 CST,"raingage","benchmark",54598,"127.0.0.1:48956",666ec5b9.d546,375,"SELECT",2024-06-16 19:00:09 CST,7/28,0,LOG,00000,"execute S_1: SELECT c_discount, c_last, c_credit, w_tax     FROM bmsql_customer     JOIN bmsql_warehouse ON (w_id = c_w_id)     WHERE c_w_id = $1 AND c_d_id = $2 AND c_id = $3","parameters: $1 = '1', $2 = '1', $3 = '21'",,,,,,,,"","client backend"
2024-06-16 19:01:22.059 CST,"raingage","benchmark",54599,"127.0.0.1:48958",666ec5b9.d547,550,"SELECT",2024-06-16 19:00:09 CST,8/40,0,LOG,00000,"execute S_1: SELECT c_discount, c_last, c_credit, w_tax     FROM bmsql_customer     JOIN bmsql_warehouse ON (w_id = c_w_id)     WHERE c_w_id = $1 AND c_d_id = $2 AND c_id = $3","parameters: $1 = '1', $2 = '1', $3 = '78'",,,,,,,,"","client backend"
2024-06-16 19:01:22.117 CST,"raingage","benchmark",54598,"127.0.0.1:48956",666ec5b9.d546,376,"SELECT",2024-06-16 19:00:09 CST,7/28,0,LOG,00000,"execute S_1: SELECT c_discount, c_last, c_credit, w_tax     FROM bmsql_customer     JOIN bmsql_warehouse ON (w_id = c_w_id)     WHERE c_w_id = $1 AND c_d_id = $2 AND c_id = $3","parameters: $1 = '1', $2 = '1', $3 = '21'",,,,,,,,"","client backend"
2024-06-16 19:01:22.131 CST,"raingage","benchmark",54599,"127.0.0.1:48958",666ec5b9.d547,551,"SELECT",2024-06-16 19:00:09 CST,8/40,0,LOG,00000,"execute S_1: SELECT c_discount, c_last, c_credit, w_tax     FROM bmsql_customer     JOIN bmsql_warehouse ON (w_id = c_w_id)     WHERE c_w_id = $1 AND c_d_id = $2 AND c_id = $3","parameters: $1 = '1', $2 = '1', $3 = '78'",,,,,,,,"","client backend"
2024-06-16 19:01:22.136 CST,"raingage","benchmark",54598,"127.0.0.1:48956",666ec5b9.d546,377,"SELECT",2024-06-16 19:00:09 CST,7/28,0,LOG,00000,"execute S_5: SELECT i_price, i_name, i_data     FROM bmsql_item     WHERE i_id = $1","parameters: $1 = '46'",,,,,,,,"","client backend"
2024-06-16 19:01:22.154 CST,"raingage","benchmark",54598,"127.0.0.1:48956",666ec5b9.d546,378,"SELECT",2024-06-16 19:00:09 CST,7/28,0,LOG,00000,"execute S_6: SELECT s_quantity, s_data,        s_dist_01, s_dist_02, s_dist_03, s_dist_04,        s_dist_05, s_dist_06, s_dist_07, s_dist_08,        s_dist_09, s_dist_10     FROM bmsql_stock     WHERE s_w_id = $1 AND s_i_id = $2 ","parameters: $1 = '1', $2 = '46'",,,,,,,,"","client backend"
2024-06-16 19:01:22.172 CST,"raingage","benchmark",54598,"127.0.0.1:48956",666ec5b9.d546,379,"UPDATE",2024-06-16 19:00:09 CST,7/28,0,LOG,00000,"execute S_7: UPDATE bmsql_stock     SET s_quantity = $1, s_ytd = s_ytd + $2,         s_order_cnt = s_order_cnt + 1,         s_remote_cnt = s_remote_cnt + $3     WHERE s_w_id = $4 AND s_i_id = $5","parameters: $1 = '46', $2 = '5', $3 = '0', $4 = '1', $5 = '46'",,,,,,,,"","client backend"
2024-06-16 19:01:22.192 CST,"raingage","benchmark",54598,"127.0.0.1:48956",666ec5b9.d546,380,"COMMIT",2024-06-16 19:00:09 CST,7/28,115390,LOG,00000,"execute S_2: COMMIT",,,,,,,,,"","client backend"
2024-06-16 19:01:22.193 CST,"raingage","benchmark",54599,"127.0.0.1:48958",666ec5b9.d547,552,"SELECT",2024-06-16 19:00:09 CST,8/40,0,LOG,00000,"execute S_1: SELECT c_discount, c_last, c_credit, w_tax     FROM bmsql_customer     JOIN bmsql_warehouse ON (w_id = c_w_id)     WHERE c_w_id = $1 AND c_d_id = $2 AND c_id = $3","parameters: $1 = '1', $2 = '1', $3 = '78'",,,,,,,,"","client backend"
2024-06-16 19:01:22.194 CST,"raingage","benchmark",54598,"127.0.0.1:48956",666ec5b9.d546,381,"COMMIT",2024-06-16 19:00:09 CST,7/0,115390,WARNING,01000,"registered snapshots seem to remain after cleanup",,,,,,,,,"","client backend"
2024-06-16 19:01:22.207 CST,"raingage","benchmark",54599,"127.0.0.1:48958",666ec5b9.d547,553,"SELECT",2024-06-16 19:00:09 CST,8/40,0,LOG,00000,"execute S_5: SELECT i_price, i_name, i_data     FROM bmsql_item     WHERE i_id = $1","parameters: $1 = '20'",,,,,,,,"","client backend"
2024-06-16 19:01:22.213 CST,"raingage","benchmark",54598,"127.0.0.1:48956",666ec5b9.d546,382,"BEGIN",2024-06-16 19:00:09 CST,7/29,0,LOG,00000,"execute S_3: BEGIN",,,,,,,,,"","client backend"
2024-06-16 19:01:22.222 CST,"raingage","benchmark",54599,"127.0.0.1:48958",666ec5b9.d547,554,"SELECT",2024-06-16 19:00:09 CST,8/40,0,LOG,00000,"execute S_6: SELECT s_quantity, s_data,        s_dist_01, s_dist_02, s_dist_03, s_dist_04,        s_dist_05, s_dist_06, s_dist_07, s_dist_08,        s_dist_09, s_dist_10     FROM bmsql_stock     WHERE s_w_id = $1 AND s_i_id = $2 ","parameters: $1 = '1', $2 = '20'",,,,,,,,"","client backend"
2024-06-16 19:01:22.229 CST,"raingage","benchmark",54598,"127.0.0.1:48956",666ec5b9.d546,383,"SELECT",2024-06-16 19:00:09 CST,7/29,0,LOG,00000,"execute S_4: SELECT d_tax, d_next_o_id     FROM bmsql_district     WHERE d_w_id = $1 AND d_id = $2 ","parameters: $1 = '1', $2 = '1'",,,,,,,,"","client backend"
2024-06-16 19:01:22.235 CST,"raingage","benchmark",54599,"127.0.0.1:48958",666ec5b9.d547,555,"UPDATE",2024-06-16 19:00:09 CST,8/40,0,LOG,00000,"execute S_7: UPDATE bmsql_stock     SET s_quantity = $1, s_ytd = s_ytd + $2,         s_order_cnt = s_order_cnt + 1,         s_remote_cnt = s_remote_cnt + $3     WHERE s_w_id = $4 AND s_i_id = $5","parameters: $1 = '71', $2 = '3', $3 = '0', $4 = '1', $5 = '20'",,,,,,,,"","client backend"
2024-06-16 19:01:22.255 CST,"raingage","benchmark",54599,"127.0.0.1:48958",666ec5b9.d547,556,"COMMIT",2024-06-16 19:00:09 CST,8/40,115391,LOG,00000,"execute S_2: COMMIT",,,,,,,,,"","client backend"
2024-06-16 19:01:22.255 CST,"raingage","benchmark",54596,"127.0.0.1:48952",666ec5b9.d544,753,"SELECT",2024-06-16 19:00:09 CST,5/55,0,LOG,00000,"execute S_1: SELECT c_discount, c_last, c_credit, w_tax     FROM bmsql_customer     JOIN bmsql_warehouse ON (w_id = c_w_id)     WHERE c_w_id = $1 AND c_d_id = $2 AND c_id = $3","parameters: $1 = '1', $2 = '1', $3 = '78'",,,,,,,,"","client backend"
2024-06-16 19:01:22.268 CST,"raingage","benchmark",54599,"127.0.0.1:48958",666ec5b9.d547,557,"BEGIN",2024-06-16 19:00:09 CST,8/41,0,LOG,00000,"execute S_3: BEGIN",,,,,,,,,"","client backend"
2024-06-16 19:01:22.287 CST,"raingage","benchmark",54599,"127.0.0.1:48958",666ec5b9.d547,558,"SELECT",2024-06-16 19:00:09 CST,8/41,0,LOG,00000,"execute S_4: SELECT d_tax, d_next_o_id     FROM bmsql_district     WHERE d_w_id = $1 AND d_id = $2 ","parameters: $1 = '1', $2 = '1'",,,,,,,,"","client backend"
2024-06-16 19:01:22.299 CST,"raingage","benchmark",54598,"127.0.0.1:48956",666ec5b9.d546,384,"SELECT",2024-06-16 19:00:09 CST,7/29,0,LOG,00000,"execute S_1: SELECT c_discount, c_last, c_credit, w_tax     FROM bmsql_customer     JOIN bmsql_warehouse ON (w_id = c_w_id)     WHERE c_w_id = $1 AND c_d_id = $2 AND c_id = $3","parameters: $1 = '1', $2 = '1', $3 = '24'",,,,,,,,"","client backend"
2024-06-16 19:01:22.322 CST,"raingage","benchmark",54596,"127.0.0.1:48952",666ec5b9.d544,754,"SELECT",2024-06-16 19:00:09 CST,5/55,0,LOG,00000,"execute S_1: SELECT c_discount, c_last, c_credit, w_tax     FROM bmsql_customer     JOIN bmsql_warehouse ON (w_id = c_w_id)     WHERE c_w_id = $1 AND c_d_id = $2 AND c_id = $3","parameters: $1 = '1', $2 = '1', $3 = '78'",,,,,,,,"","client backend"
2024-06-16 19:01:22.356 CST,"raingage","benchmark",54599,"127.0.0.1:48958",666ec5b9.d547,559,"SELECT",2024-06-16 19:00:09 CST,8/41,0,LOG,00000,"execute S_1: SELECT c_discount, c_last, c_credit, w_tax     FROM bmsql_customer     JOIN bmsql_warehouse ON (w_id = c_w_id)     WHERE c_w_id = $1 AND c_d_id = $2 AND c_id = $3","parameters: $1 = '1', $2 = '1', $3 = '47'",,,,,,,,"","client backend"
2024-06-16 19:01:22.370 CST,"raingage","benchmark",54598,"127.0.0.1:48956",666ec5b9.d546,385,"SELECT",2024-06-16 19:00:09 CST,7/29,0,LOG,00000,"execute S_1: SELECT c_discount, c_last, c_credit, w_tax     FROM bmsql_customer     JOIN bmsql_warehouse ON (w_id = c_w_id)     WHERE c_w_id = $1 AND c_d_id = $2 AND c_id = $3","parameters: $1 = '1', $2 = '1', $3 = '24'",,,,,,,,"","client backend"
2024-06-16 19:01:22.388 CST,"raingage","benchmark",54596,"127.0.0.1:48952",666ec5b9.d544,755,"SELECT",2024-06-16 19:00:09 CST,5/55,0,LOG,00000,"execute S_1: SELECT c_discount, c_last, c_credit, w_tax     FROM bmsql_customer     JOIN bmsql_warehouse ON (w_id = c_w_id)     WHERE c_w_id = $1 AND c_d_id = $2 AND c_id = $3","parameters: $1 = '1', $2 = '1', $3 = '78'",,,,,,,,"","client backend"
2024-06-16 19:01:22.424 CST,"raingage","benchmark",54599,"127.0.0.1:48958",666ec5b9.d547,560,"SELECT",2024-06-16 19:00:09 CST,8/41,0,LOG,00000,"execute S_1: SELECT c_discount, c_last, c_credit, w_tax     FROM bmsql_customer     JOIN bmsql_warehouse ON (w_id = c_w_id)     WHERE c_w_id = $1 AND c_d_id = $2 AND c_id = $3","parameters: $1 = '1', $2 = '1', $3 = '47'",,,,,,,,"","client backend"
2024-06-16 19:01:22.440 CST,"raingage","benchmark",54598,"127.0.0.1:48956",666ec5b9.d546,386,"SELECT",2024-06-16 19:00:09 CST,7/29,0,LOG,00000,"execute S_1: SELECT c_discount, c_last, c_credit, w_tax     FROM bmsql_customer     JOIN bmsql_warehouse ON (w_id = c_w_id)     WHERE c_w_id = $1 AND c_d_id = $2 AND c_id = $3","parameters: $1 = '1', $2 = '1', $3 = '24'",,,,,,,,"","client backend"
2024-06-16 19:01:22.454 CST,"raingage","benchmark",54596,"127.0.0.1:48952",666ec5b9.d544,756,"SELECT",2024-06-16 19:00:09 CST,5/55,0,LOG,00000,"execute S_1: SELECT c_discount, c_last, c_credit, w_tax     FROM bmsql_customer     JOIN bmsql_warehouse ON (w_id = c_w_id)     WHERE c_w_id = $1 AND c_d_id = $2 AND c_id = $3","parameters: $1 = '1', $2 = '1', $3 = '78'",,,,,,,,"","client backend"
2024-06-16 19:01:22.489 CST,"raingage","benchmark",54599,"127.0.0.1:48958",666ec5b9.d547,561,"SELECT",2024-06-16 19:00:09 CST,8/41,0,LOG,00000,"execute S_1: SELECT c_discount, c_last, c_credit, w_tax     FROM bmsql_customer     JOIN bmsql_warehouse ON (w_id = c_w_id)     WHERE c_w_id = $1 AND c_d_id = $2 AND c_id = $3","parameters: $1 = '1', $2 = '1', $3 = '47'",,,,,,,,"","client backend"
2024-06-16 19:01:22.505 CST,"raingage","benchmark",54598,"127.0.0.1:48956",666ec5b9.d546,387,"SELECT",2024-06-16 19:00:09 CST,7/29,0,LOG,00000,"execute S_1: SELECT c_discount, c_last, c_credit, w_tax     FROM bmsql_customer     JOIN bmsql_warehouse ON (w_id = c_w_id)     WHERE c_w_id = $1 AND c_d_id = $2 AND c_id = $3","parameters: $1 = '1', $2 = '1', $3 = '24'",,,,,,,,"","client backend"
2024-06-16 19:01:22.519 CST,"raingage","benchmark",54596,"127.0.0.1:48952",666ec5b9.d544,757,"SELECT",2024-06-16 19:00:09 CST,5/55,0,LOG,00000,"execute S_1: SELECT c_discount, c_last, c_credit, w_tax     FROM bmsql_customer     JOIN bmsql_warehouse ON (w_id = c_w_id)     WHERE c_w_id = $1 AND c_d_id = $2 AND c_id = $3","parameters: $1 = '1', $2 = '1', $3 = '78'",,,,,,,,"","client backend"
2024-06-16 19:01:22.558 CST,"raingage","benchmark",54599,"127.0.0.1:48958",666ec5b9.d547,562,"SELECT",2024-06-16 19:00:09 CST,8/41,0,LOG,00000,"execute S_1: SELECT c_discount, c_last, c_credit, w_tax     FROM bmsql_customer     JOIN bmsql_warehouse ON (w_id = c_w_id)     WHERE c_w_id = $1 AND c_d_id = $2 AND c_id = $3","parameters: $1 = '1', $2 = '1', $3 = '47'",,,,,,,,"","client backend"
2024-06-16 19:01:22.570 CST,"raingage","benchmark",54598,"127.0.0.1:48956",666ec5b9.d546,388,"SELECT",2024-06-16 19:00:09 CST,7/29,0,LOG,00000,"execute S_1: SELECT c_discount, c_last, c_credit, w_tax     FROM bmsql_customer     JOIN bmsql_warehouse ON (w_id = c_w_id)     WHERE c_w_id = $1 AND c_d_id = $2 AND c_id = $3","parameters: $1 = '1', $2 = '1', $3 = '24'",,,,,,,,"","client backend"
2024-06-16 19:01:22.586 CST,"raingage","benchmark",54596,"127.0.0.1:48952",666ec5b9.d544,758,"SELECT",2024-06-16 19:00:09 CST,5/55,0,LOG,00000,"execute S_1: SELECT c_discount, c_last, c_credit, w_tax     FROM bmsql_customer     JOIN bmsql_warehouse ON (w_id = c_w_id)     WHERE c_w_id = $1 AND c_d_id = $2 AND c_id = $3","parameters: $1 = '1', $2 = '1', $3 = '78'",,,,,,,,"","client backend"
2024-06-16 19:01:22.623 CST,"raingage","benchmark",54599,"127.0.0.1:48958",666ec5b9.d547,563,"SELECT",2024-06-16 19:00:09 CST,8/41,0,LOG,00000,"execute S_1: SELECT c_discount, c_last, c_credit, w_tax     FROM bmsql_customer     JOIN bmsql_warehouse ON (w_id = c_w_id)     WHERE c_w_id = $1 AND c_d_id = $2 AND c_id = $3","parameters: $1 = '1', $2 = '1', $3 = '47'",,,,,,,,"","client backend"
2024-06-16 19:01:22.640 CST,"raingage","benchmark",54598,"127.0.0.1:48956",666ec5b9.d546,389,"SELECT",2024-06-16 19:00:09 CST,7/29,0,LOG,00000,"execute S_1: SELECT c_discount, c_last, c_credit, w_tax     FROM bmsql_customer     JOIN bmsql_warehouse ON (w_id = c_w_id)     WHERE c_w_id = $1 AND c_d_id = $2 AND c_id = $3","parameters: $1 = '1', $2 = '1', $3 = '24'",,,,,,,,"","client backend"
2024-06-16 19:01:22.655 CST,"raingage","benchmark",54596,"127.0.0.1:48952",666ec5b9.d544,759,"SELECT",2024-06-16 19:00:09 CST,5/55,0,LOG,00000,"execute S_1: SELECT c_discount, c_last, c_credit, w_tax     FROM bmsql_customer     JOIN bmsql_warehouse ON (w_id = c_w_id)     WHERE c_w_id = $1 AND c_d_id = $2 AND c_id = $3","parameters: $1 = '1', $2 = '1', $3 = '78'",,,,,,,,"","client backend"
2024-06-16 19:01:22.701 CST,"raingage","benchmark",54599,"127.0.0.1:48958",666ec5b9.d547,564,"SELECT",2024-06-16 19:00:09 CST,8/41,0,LOG,00000,"execute S_1: SELECT c_discount, c_last, c_credit, w_tax     FROM bmsql_customer     JOIN bmsql_warehouse ON (w_id = c_w_id)     WHERE c_w_id = $1 AND c_d_id = $2 AND c_id = $3","parameters: $1 = '1', $2 = '1', $3 = '47'",,,,,,,,"","client backend"
2024-06-16 19:01:22.713 CST,"raingage","benchmark",54598,"127.0.0.1:48956",666ec5b9.d546,390,"SELECT",2024-06-16 19:00:09 CST,7/29,0,LOG,00000,"execute S_1: SELECT c_discount, c_last, c_credit, w_tax     FROM bmsql_customer     JOIN bmsql_warehouse ON (w_id = c_w_id)     WHERE c_w_id = $1 AND c_d_id = $2 AND c_id = $3","parameters: $1 = '1', $2 = '1', $3 = '24'",,,,,,,,"","client backend"
2024-06-16 19:01:22.717 CST,"raingage","benchmark",54596,"127.0.0.1:48952",666ec5b9.d544,760,"SELECT",2024-06-16 19:00:09 CST,5/55,0,LOG,00000,"execute S_1: SELECT c_discount, c_last, c_credit, w_tax     FROM bmsql_customer     JOIN bmsql_warehouse ON (w_id = c_w_id)     WHERE c_w_id = $1 AND c_d_id = $2 AND c_id = $3","parameters: $1 = '1', $2 = '1', $3 = '78'",,,,,,,,"","client backend"
2024-06-16 19:01:22.734 CST,"raingage","benchmark",54596,"127.0.0.1:48952",666ec5b9.d544,761,"SELECT",2024-06-16 19:00:09 CST,5/55,0,LOG,00000,"execute S_5: SELECT i_price, i_name, i_data     FROM bmsql_item     WHERE i_id = $1","parameters: $1 = '2000020'",,,,,,,,"","client backend"
2024-06-16 19:01:22.748 CST,"raingage","benchmark",54596,"127.0.0.1:48952",666ec5b9.d544,762,"ROLLBACK",2024-06-16 19:00:09 CST,5/55,0,LOG,00000,"execute S_8: ROLLBACK",,,,,,,,,"","client backend"
2024-06-16 19:01:22.766 CST,"raingage","benchmark",54596,"127.0.0.1:48952",666ec5b9.d544,763,"BEGIN",2024-06-16 19:00:09 CST,5/56,0,LOG,00000,"execute S_3: BEGIN",,,,,,,,,"","client backend"
2024-06-16 19:01:22.771 CST,"raingage","benchmark",54599,"127.0.0.1:48958",666ec5b9.d547,565,"SELECT",2024-06-16 19:00:09 CST,8/41,0,LOG,00000,"execute S_1: SELECT c_discount, c_last, c_credit, w_tax     FROM bmsql_customer     JOIN bmsql_warehouse ON (w_id = c_w_id)     WHERE c_w_id = $1 AND c_d_id = $2 AND c_id = $3","parameters: $1 = '1', $2 = '1', $3 = '47'",,,,,,,,"","client backend"
2024-06-16 19:01:22.784 CST,"raingage","benchmark",54598,"127.0.0.1:48956",666ec5b9.d546,391,"SELECT",2024-06-16 19:00:09 CST,7/29,0,LOG,00000,"execute S_1: SELECT c_discount, c_last, c_credit, w_tax     FROM bmsql_customer     JOIN bmsql_warehouse ON (w_id = c_w_id)     WHERE c_w_id = $1 AND c_d_id = $2 AND c_id = $3","parameters: $1 = '1', $2 = '1', $3 = '24'",,,,,,,,"","client backend"
2024-06-16 19:01:22.785 CST,"raingage","benchmark",54596,"127.0.0.1:48952",666ec5b9.d544,764,"SELECT",2024-06-16 19:00:09 CST,5/56,0,LOG,00000,"execute S_4: SELECT d_tax, d_next_o_id     FROM bmsql_district     WHERE d_w_id = $1 AND d_id = $2 ","parameters: $1 = '1', $2 = '1'",,,,,,,,"","client backend"
2024-06-16 19:01:22.802 CST,"raingage","benchmark",54598,"127.0.0.1:48956",666ec5b9.d546,392,"SELECT",2024-06-16 19:00:09 CST,7/29,0,LOG,00000,"execute S_5: SELECT i_price, i_name, i_data     FROM bmsql_item     WHERE i_id = $1","parameters: $1 = '39'",,,,,,,,"","client backend"
2024-06-16 19:01:22.823 CST,"raingage","benchmark",54598,"127.0.0.1:48956",666ec5b9.d546,393,"SELECT",2024-06-16 19:00:09 CST,7/29,0,LOG,00000,"execute S_6: SELECT s_quantity, s_data,        s_dist_01, s_dist_02, s_dist_03, s_dist_04,        s_dist_05, s_dist_06, s_dist_07, s_dist_08,        s_dist_09, s_dist_10     FROM bmsql_stock     WHERE s_w_id = $1 AND s_i_id = $2 ","parameters: $1 = '1', $2 = '39'",,,,,,,,"","client backend"
2024-06-16 19:01:22.836 CST,"raingage","benchmark",54599,"127.0.0.1:48958",666ec5b9.d547,566,"SELECT",2024-06-16 19:00:09 CST,8/41,0,LOG,00000,"execute S_1: SELECT c_discount, c_last, c_credit, w_tax     FROM bmsql_customer     JOIN bmsql_warehouse ON (w_id = c_w_id)     WHERE c_w_id = $1 AND c_d_id = $2 AND c_id = $3","parameters: $1 = '1', $2 = '1', $3 = '47'",,,,,,,,"","client backend"
2024-06-16 19:01:22.842 CST,"raingage","benchmark",54598,"127.0.0.1:48956",666ec5b9.d546,394,"UPDATE",2024-06-16 19:00:09 CST,7/29,0,LOG,00000,"execute S_7: UPDATE bmsql_stock     SET s_quantity = $1, s_ytd = s_ytd + $2,         s_order_cnt = s_order_cnt + 1,         s_remote_cnt = s_remote_cnt + $3     WHERE s_w_id = $4 AND s_i_id = $5","parameters: $1 = '37', $2 = '2', $3 = '0', $4 = '1', $5 = '39'",,,,,,,,"","client backend"
2024-06-16 19:01:22.855 CST,"raingage","benchmark",54596,"127.0.0.1:48952",666ec5b9.d544,765,"SELECT",2024-06-16 19:00:09 CST,5/56,0,LOG,00000,"execute S_1: SELECT c_discount, c_last, c_credit, w_tax     FROM bmsql_customer     JOIN bmsql_warehouse ON (w_id = c_w_id)     WHERE c_w_id = $1 AND c_d_id = $2 AND c_id = $3","parameters: $1 = '1', $2 = '1', $3 = '26'",,,,,,,,"","client backend"
2024-06-16 19:01:22.857 CST,"raingage","benchmark",54598,"127.0.0.1:48956",666ec5b9.d546,395,"COMMIT",2024-06-16 19:00:09 CST,7/29,115392,LOG,00000,"execute S_2: COMMIT",,,,,,,,,"","client backend"
2024-06-16 19:01:22.857 CST,"raingage","benchmark",54599,"127.0.0.1:48958",666ec5b9.d547,567,"SELECT",2024-06-16 19:00:09 CST,8/41,0,LOG,00000,"execute S_5: SELECT i_price, i_name, i_data     FROM bmsql_item     WHERE i_id = $1","parameters: $1 = '57'",,,,,,,,"","client backend"
2024-06-16 19:01:22.869 CST,"raingage","benchmark",54599,"127.0.0.1:48958",666ec5b9.d547,568,"SELECT",2024-06-16 19:00:09 CST,8/41,0,LOG,00000,"execute S_6: SELECT s_quantity, s_data,        s_dist_01, s_dist_02, s_dist_03, s_dist_04,        s_dist_05, s_dist_06, s_dist_07, s_dist_08,        s_dist_09, s_dist_10     FROM bmsql_stock     WHERE s_w_id = $1 AND s_i_id = $2 ","parameters: $1 = '1', $2 = '57'",,,,,,,,"","client backend"
2024-06-16 19:01:22.873 CST,"raingage","benchmark",54598,"127.0.0.1:48956",666ec5b9.d546,396,"BEGIN",2024-06-16 19:00:09 CST,7/30,0,LOG,00000,"execute S_3: BEGIN",,,,,,,,,"","client backend"
2024-06-16 19:01:22.883 CST,"raingage","benchmark",54598,"127.0.0.1:48956",666ec5b9.d546,397,"SELECT",2024-06-16 19:00:09 CST,7/30,0,LOG,00000,"execute S_4: SELECT d_tax, d_next_o_id     FROM bmsql_district     WHERE d_w_id = $1 AND d_id = $2 ","parameters: $1 = '1', $2 = '1'",,,,,,,,"","client backend"
2024-06-16 19:01:22.887 CST,"raingage","benchmark",54599,"127.0.0.1:48958",666ec5b9.d547,569,"UPDATE",2024-06-16 19:00:09 CST,8/41,0,LOG,00000,"execute S_7: UPDATE bmsql_stock     SET s_quantity = $1, s_ytd = s_ytd + $2,         s_order_cnt = s_order_cnt + 1,         s_remote_cnt = s_remote_cnt + $3     WHERE s_w_id = $4 AND s_i_id = $5","parameters: $1 = '71', $2 = '2', $3 = '0', $4 = '1', $5 = '57'",,,,,,,,"","client backend"
2024-06-16 19:01:22.904 CST,"raingage","benchmark",54599,"127.0.0.1:48958",666ec5b9.d547,570,"COMMIT",2024-06-16 19:00:09 CST,8/41,115393,LOG,00000,"execute S_2: COMMIT",,,,,,,,,"","client backend"
2024-06-16 19:01:22.920 CST,"raingage","benchmark",54599,"127.0.0.1:48958",666ec5b9.d547,571,"BEGIN",2024-06-16 19:00:09 CST,8/42,0,LOG,00000,"execute S_3: BEGIN",,,,,,,,,"","client backend"
2024-06-16 19:01:22.926 CST,"raingage","benchmark",54596,"127.0.0.1:48952",666ec5b9.d544,766,"SELECT",2024-06-16 19:00:09 CST,5/56,0,LOG,00000,"execute S_1: SELECT c_discount, c_last, c_credit, w_tax     FROM bmsql_customer     JOIN bmsql_warehouse ON (w_id = c_w_id)     WHERE c_w_id = $1 AND c_d_id = $2 AND c_id = $3","parameters: $1 = '1', $2 = '1', $3 = '26'",,,,,,,,"","client backend"
2024-06-16 19:01:22.936 CST,"raingage","benchmark",54599,"127.0.0.1:48958",666ec5b9.d547,572,"SELECT",2024-06-16 19:00:09 CST,8/42,0,LOG,00000,"execute S_4: SELECT d_tax, d_next_o_id     FROM bmsql_district     WHERE d_w_id = $1 AND d_id = $2 ","parameters: $1 = '1', $2 = '1'",,,,,,,,"","client backend"
2024-06-16 19:01:22.949 CST,"raingage","benchmark",54598,"127.0.0.1:48956",666ec5b9.d546,398,"SELECT",2024-06-16 19:00:09 CST,7/30,0,LOG,00000,"execute S_1: SELECT c_discount, c_last, c_credit, w_tax     FROM bmsql_customer     JOIN bmsql_warehouse ON (w_id = c_w_id)     WHERE c_w_id = $1 AND c_d_id = $2 AND c_id = $3","parameters: $1 = '1', $2 = '1', $3 = '38'",,,,,,,,"","client backend"
2024-06-16 19:01:22.990 CST,"raingage","benchmark",54596,"127.0.0.1:48952",666ec5b9.d544,767,"SELECT",2024-06-16 19:00:09 CST,5/56,0,LOG,00000,"execute S_1: SELECT c_discount, c_last, c_credit, w_tax     FROM bmsql_customer     JOIN bmsql_warehouse ON (w_id = c_w_id)     WHERE c_w_id = $1 AND c_d_id = $2 AND c_id = $3","parameters: $1 = '1', $2 = '1', $3 = '26'",,,,,,,,"","client backend"
2024-06-16 19:01:23.011 CST,"raingage","benchmark",54598,"127.0.0.1:48956",666ec5b9.d546,399,"SELECT",2024-06-16 19:00:09 CST,7/30,0,LOG,00000,"execute S_1: SELECT c_discount, c_last, c_credit, w_tax     FROM bmsql_customer     JOIN bmsql_warehouse ON (w_id = c_w_id)     WHERE c_w_id = $1 AND c_d_id = $2 AND c_id = $3","parameters: $1 = '1', $2 = '1', $3 = '38'",,,,,,,,"","client backend"
2024-06-16 19:01:23.055 CST,"raingage","benchmark",54596,"127.0.0.1:48952",666ec5b9.d544,768,"SELECT",2024-06-16 19:00:09 CST,5/56,0,LOG,00000,"execute S_1: SELECT c_discount, c_last, c_credit, w_tax     FROM bmsql_customer     JOIN bmsql_warehouse ON (w_id = c_w_id)     WHERE c_w_id = $1 AND c_d_id = $2 AND c_id = $3","parameters: $1 = '1', $2 = '1', $3 = '26'",,,,,,,,"","client backend"
2024-06-16 19:01:23.077 CST,"raingage","benchmark",54598,"127.0.0.1:48956",666ec5b9.d546,400,"SELECT",2024-06-16 19:00:09 CST,7/30,0,LOG,00000,"execute S_1: SELECT c_discount, c_last, c_credit, w_tax     FROM bmsql_customer     JOIN bmsql_warehouse ON (w_id = c_w_id)     WHERE c_w_id = $1 AND c_d_id = $2 AND c_id = $3","parameters: $1 = '1', $2 = '1', $3 = '38'",,,,,,,,"","client backend"
2024-06-16 19:01:23.120 CST,"raingage","benchmark",54596,"127.0.0.1:48952",666ec5b9.d544,769,"SELECT",2024-06-16 19:00:09 CST,5/56,0,LOG,00000,"execute S_1: SELECT c_discount, c_last, c_credit, w_tax     FROM bmsql_customer     JOIN bmsql_warehouse ON (w_id = c_w_id)     WHERE c_w_id = $1 AND c_d_id = $2 AND c_id = $3","parameters: $1 = '1', $2 = '1', $3 = '26'",,,,,,,,"","client backend"
2024-06-16 19:01:23.144 CST,"raingage","benchmark",54598,"127.0.0.1:48956",666ec5b9.d546,401,"SELECT",2024-06-16 19:00:09 CST,7/30,0,LOG,00000,"execute S_1: SELECT c_discount, c_last, c_credit, w_tax     FROM bmsql_customer     JOIN bmsql_warehouse ON (w_id = c_w_id)     WHERE c_w_id = $1 AND c_d_id = $2 AND c_id = $3","parameters: $1 = '1', $2 = '1', $3 = '38'",,,,,,,,"","client backend"
2024-06-16 19:01:23.188 CST,"raingage","benchmark",54596,"127.0.0.1:48952",666ec5b9.d544,770,"SELECT",2024-06-16 19:00:09 CST,5/56,0,LOG,00000,"execute S_1: SELECT c_discount, c_last, c_credit, w_tax     FROM bmsql_customer     JOIN bmsql_warehouse ON (w_id = c_w_id)     WHERE c_w_id = $1 AND c_d_id = $2 AND c_id = $3","parameters: $1 = '1', $2 = '1', $3 = '26'",,,,,,,,"","client backend"
2024-06-16 19:01:23.210 CST,"raingage","benchmark",54598,"127.0.0.1:48956",666ec5b9.d546,402,"SELECT",2024-06-16 19:00:09 CST,7/30,0,LOG,00000,"execute S_1: SELECT c_discount, c_last, c_credit, w_tax     FROM bmsql_customer     JOIN bmsql_warehouse ON (w_id = c_w_id)     WHERE c_w_id = $1 AND c_d_id = $2 AND c_id = $3","parameters: $1 = '1', $2 = '1', $3 = '38'",,,,,,,,"","client backend"
2024-06-16 19:01:23.256 CST,"raingage","benchmark",54596,"127.0.0.1:48952",666ec5b9.d544,771,"SELECT",2024-06-16 19:00:09 CST,5/56,0,LOG,00000,"execute S_1: SELECT c_discount, c_last, c_credit, w_tax     FROM bmsql_customer     JOIN bmsql_warehouse ON (w_id = c_w_id)     WHERE c_w_id = $1 AND c_d_id = $2 AND c_id = $3","parameters: $1 = '1', $2 = '1', $3 = '26'",,,,,,,,"","client backend"
2024-06-16 19:01:23.273 CST,"raingage","benchmark",54598,"127.0.0.1:48956",666ec5b9.d546,403,"SELECT",2024-06-16 19:00:09 CST,7/30,0,LOG,00000,"execute S_1: SELECT c_discount, c_last, c_credit, w_tax     FROM bmsql_customer     JOIN bmsql_warehouse ON (w_id = c_w_id)     WHERE c_w_id = $1 AND c_d_id = $2 AND c_id = $3","parameters: $1 = '1', $2 = '1', $3 = '38'",,,,,,,,"","client backend"
2024-06-16 19:01:23.325 CST,"raingage","benchmark",54596,"127.0.0.1:48952",666ec5b9.d544,772,"SELECT",2024-06-16 19:00:09 CST,5/56,0,LOG,00000,"execute S_1: SELECT c_discount, c_last, c_credit, w_tax     FROM bmsql_customer     JOIN bmsql_warehouse ON (w_id = c_w_id)     WHERE c_w_id = $1 AND c_d_id = $2 AND c_id = $3","parameters: $1 = '1', $2 = '1', $3 = '26'",,,,,,,,"","client backend"
2024-06-16 19:01:23.338 CST,"raingage","benchmark",54596,"127.0.0.1:48952",666ec5b9.d544,773,"SELECT",2024-06-16 19:00:09 CST,5/56,0,LOG,00000,"execute S_5: SELECT i_price, i_name, i_data     FROM bmsql_item     WHERE i_id = $1","parameters: $1 = '3'",,,,,,,,"","client backend"
2024-06-16 19:01:23.340 CST,"raingage","benchmark",54598,"127.0.0.1:48956",666ec5b9.d546,404,"SELECT",2024-06-16 19:00:09 CST,7/30,0,LOG,00000,"execute S_1: SELECT c_discount, c_last, c_credit, w_tax     FROM bmsql_customer     JOIN bmsql_warehouse ON (w_id = c_w_id)     WHERE c_w_id = $1 AND c_d_id = $2 AND c_id = $3","parameters: $1 = '1', $2 = '1', $3 = '38'",,,,,,,,"","client backend"
2024-06-16 19:01:23.350 CST,"raingage","benchmark",54596,"127.0.0.1:48952",666ec5b9.d544,774,"SELECT",2024-06-16 19:00:09 CST,5/56,0,LOG,00000,"execute S_6: SELECT s_quantity, s_data,        s_dist_01, s_dist_02, s_dist_03, s_dist_04,        s_dist_05, s_dist_06, s_dist_07, s_dist_08,        s_dist_09, s_dist_10     FROM bmsql_stock     WHERE s_w_id = $1 AND s_i_id = $2 ","parameters: $1 = '1', $2 = '3'",,,,,,,,"","client backend"
2024-06-16 19:01:23.368 CST,"raingage","benchmark",54596,"127.0.0.1:48952",666ec5b9.d544,775,"UPDATE",2024-06-16 19:00:09 CST,5/56,0,LOG,00000,"execute S_7: UPDATE bmsql_stock     SET s_quantity = $1, s_ytd = s_ytd + $2,         s_order_cnt = s_order_cnt + 1,         s_remote_cnt = s_remote_cnt + $3     WHERE s_w_id = $4 AND s_i_id = $5","parameters: $1 = '20', $2 = '4', $3 = '0', $4 = '1', $5 = '3'",,,,,,,,"","client backend"
2024-06-16 19:01:23.388 CST,"raingage","benchmark",54596,"127.0.0.1:48952",666ec5b9.d544,776,"COMMIT",2024-06-16 19:00:09 CST,5/56,115394,LOG,00000,"execute S_2: COMMIT",,,,,,,,,"","client backend"
2024-06-16 19:01:23.408 CST,"raingage","benchmark",54596,"127.0.0.1:48952",666ec5b9.d544,777,"BEGIN",2024-06-16 19:00:09 CST,5/57,0,LOG,00000,"execute S_3: BEGIN",,,,,,,,,"","client backend"
2024-06-16 19:01:23.409 CST,"raingage","benchmark",54598,"127.0.0.1:48956",666ec5b9.d546,405,"SELECT",2024-06-16 19:00:09 CST,7/30,0,LOG,00000,"execute S_1: SELECT c_discount, c_last, c_credit, w_tax     FROM bmsql_customer     JOIN bmsql_warehouse ON (w_id = c_w_id)     WHERE c_w_id = $1 AND c_d_id = $2 AND c_id = $3","parameters: $1 = '1', $2 = '1', $3 = '38'",,,,,,,,"","client backend"
2024-06-16 19:01:23.420 CST,"raingage","benchmark",54598,"127.0.0.1:48956",666ec5b9.d546,406,"SELECT",2024-06-16 19:00:09 CST,7/30,0,LOG,00000,"execute S_5: SELECT i_price, i_name, i_data     FROM bmsql_item     WHERE i_id = $1","parameters: $1 = '44'",,,,,,,,"","client backend"
2024-06-16 19:01:23.426 CST,"raingage","benchmark",54596,"127.0.0.1:48952",666ec5b9.d544,778,"SELECT",2024-06-16 19:00:09 CST,5/57,0,LOG,00000,"execute S_4: SELECT d_tax, d_next_o_id     FROM bmsql_district     WHERE d_w_id = $1 AND d_id = $2 ","parameters: $1 = '1', $2 = '4'",,,,,,,,"","client backend"
2024-06-16 19:01:23.440 CST,"raingage","benchmark",54598,"127.0.0.1:48956",666ec5b9.d546,407,"SELECT",2024-06-16 19:00:09 CST,7/30,0,LOG,00000,"execute S_6: SELECT s_quantity, s_data,        s_dist_01, s_dist_02, s_dist_03, s_dist_04,        s_dist_05, s_dist_06, s_dist_07, s_dist_08,        s_dist_09, s_dist_10     FROM bmsql_stock     WHERE s_w_id = $1 AND s_i_id = $2 ","parameters: $1 = '1', $2 = '44'",,,,,,,,"","client backend"
2024-06-16 19:01:23.460 CST,"raingage","benchmark",54598,"127.0.0.1:48956",666ec5b9.d546,408,"UPDATE",2024-06-16 19:00:09 CST,7/30,0,LOG,00000,"execute S_7: UPDATE bmsql_stock     SET s_quantity = $1, s_ytd = s_ytd + $2,         s_order_cnt = s_order_cnt + 1,         s_remote_cnt = s_remote_cnt + $3     WHERE s_w_id = $4 AND s_i_id = $5","parameters: $1 = '26', $2 = '4', $3 = '0', $4 = '1', $5 = '44'",,,,,,,,"","client backend"
2024-06-16 19:01:23.481 CST,"raingage","benchmark",54598,"127.0.0.1:48956",666ec5b9.d546,409,"COMMIT",2024-06-16 19:00:09 CST,7/30,115395,LOG,00000,"execute S_2: COMMIT",,,,,,,,,"","client backend"
2024-06-16 19:01:23.481 CST,"raingage","benchmark",54599,"127.0.0.1:48958",666ec5b9.d547,573,"SELECT",2024-06-16 19:00:09 CST,8/42,0,LOG,00000,"execute S_1: SELECT c_discount, c_last, c_credit, w_tax     FROM bmsql_customer     JOIN bmsql_warehouse ON (w_id = c_w_id)     WHERE c_w_id = $1 AND c_d_id = $2 AND c_id = $3","parameters: $1 = '1', $2 = '1', $3 = '38'",,,,,,,,"","client backend"
2024-06-16 19:01:23.492 CST,"raingage","benchmark",54596,"127.0.0.1:48952",666ec5b9.d544,779,"SELECT",2024-06-16 19:00:09 CST,5/57,0,LOG,00000,"execute S_1: SELECT c_discount, c_last, c_credit, w_tax     FROM bmsql_customer     JOIN bmsql_warehouse ON (w_id = c_w_id)     WHERE c_w_id = $1 AND c_d_id = $2 AND c_id = $3","parameters: $1 = '1', $2 = '4', $3 = '13'",,,,,,,,"","client backend"
2024-06-16 19:01:23.500 CST,"raingage","benchmark",54598,"127.0.0.1:48956",666ec5b9.d546,410,"BEGIN",2024-06-16 19:00:09 CST,7/31,0,LOG,00000,"execute S_3: BEGIN",,,,,,,,,"","client backend"
2024-06-16 19:01:23.518 CST,"raingage","benchmark",54598,"127.0.0.1:48956",666ec5b9.d546,411,"SELECT",2024-06-16 19:00:09 CST,7/31,0,LOG,00000,"execute S_4: SELECT d_tax, d_next_o_id     FROM bmsql_district     WHERE d_w_id = $1 AND d_id = $2 ","parameters: $1 = '1', $2 = '4'",,,,,,,,"","client backend"
2024-06-16 19:01:23.549 CST,"raingage","benchmark",54599,"127.0.0.1:48958",666ec5b9.d547,574,"SELECT",2024-06-16 19:00:09 CST,8/42,0,LOG,00000,"execute S_1: SELECT c_discount, c_last, c_credit, w_tax     FROM bmsql_customer     JOIN bmsql_warehouse ON (w_id = c_w_id)     WHERE c_w_id = $1 AND c_d_id = $2 AND c_id = $3","parameters: $1 = '1', $2 = '1', $3 = '38'",,,,,,,,"","client backend"
2024-06-16 19:01:23.554 CST,"raingage","benchmark",54596,"127.0.0.1:48952",666ec5b9.d544,780,"SELECT",2024-06-16 19:00:09 CST,5/57,0,LOG,00000,"execute S_1: SELECT c_discount, c_last, c_credit, w_tax     FROM bmsql_customer     JOIN bmsql_warehouse ON (w_id = c_w_id)     WHERE c_w_id = $1 AND c_d_id = $2 AND c_id = $3","parameters: $1 = '1', $2 = '4', $3 = '13'",,,,,,,,"","client backend"
2024-06-16 19:01:23.589 CST,"raingage","benchmark",54598,"127.0.0.1:48956",666ec5b9.d546,412,"SELECT",2024-06-16 19:00:09 CST,7/31,0,LOG,00000,"execute S_1: SELECT c_discount, c_last, c_credit, w_tax     FROM bmsql_customer     JOIN bmsql_warehouse ON (w_id = c_w_id)     WHERE c_w_id = $1 AND c_d_id = $2 AND c_id = $3","parameters: $1 = '1', $2 = '4', $3 = '58'",,,,,,,,"","client backend"
2024-06-16 19:01:23.616 CST,"raingage","benchmark",54599,"127.0.0.1:48958",666ec5b9.d547,575,"SELECT",2024-06-16 19:00:09 CST,8/42,0,LOG,00000,"execute S_1: SELECT c_discount, c_last, c_credit, w_tax     FROM bmsql_customer     JOIN bmsql_warehouse ON (w_id = c_w_id)     WHERE c_w_id = $1 AND c_d_id = $2 AND c_id = $3","parameters: $1 = '1', $2 = '1', $3 = '38'",,,,,,,,"","client backend"
2024-06-16 19:01:23.617 CST,"raingage","benchmark",54596,"127.0.0.1:48952",666ec5b9.d544,781,"SELECT",2024-06-16 19:00:09 CST,5/57,0,LOG,00000,"execute S_1: SELECT c_discount, c_last, c_credit, w_tax     FROM bmsql_customer     JOIN bmsql_warehouse ON (w_id = c_w_id)     WHERE c_w_id = $1 AND c_d_id = $2 AND c_id = $3","parameters: $1 = '1', $2 = '4', $3 = '13'",,,,,,,,"","client backend"
2024-06-16 19:01:23.657 CST,"raingage","benchmark",54598,"127.0.0.1:48956",666ec5b9.d546,413,"SELECT",2024-06-16 19:00:09 CST,7/31,0,LOG,00000,"execute S_1: SELECT c_discount, c_last, c_credit, w_tax     FROM bmsql_customer     JOIN bmsql_warehouse ON (w_id = c_w_id)     WHERE c_w_id = $1 AND c_d_id = $2 AND c_id = $3","parameters: $1 = '1', $2 = '4', $3 = '58'",,,,,,,,"","client backend"
2024-06-16 19:01:23.677 CST,"raingage","benchmark",54599,"127.0.0.1:48958",666ec5b9.d547,576,"SELECT",2024-06-16 19:00:09 CST,8/42,0,LOG,00000,"execute S_1: SELECT c_discount, c_last, c_credit, w_tax     FROM bmsql_customer     JOIN bmsql_warehouse ON (w_id = c_w_id)     WHERE c_w_id = $1 AND c_d_id = $2 AND c_id = $3","parameters: $1 = '1', $2 = '1', $3 = '38'",,,,,,,,"","client backend"
2024-06-16 19:01:23.686 CST,"raingage","benchmark",54596,"127.0.0.1:48952",666ec5b9.d544,782,"SELECT",2024-06-16 19:00:09 CST,5/57,0,LOG,00000,"execute S_1: SELECT c_discount, c_last, c_credit, w_tax     FROM bmsql_customer     JOIN bmsql_warehouse ON (w_id = c_w_id)     WHERE c_w_id = $1 AND c_d_id = $2 AND c_id = $3","parameters: $1 = '1', $2 = '4', $3 = '13'",,,,,,,,"","client backend"
2024-06-16 19:01:23.723 CST,"raingage","benchmark",54598,"127.0.0.1:48956",666ec5b9.d546,414,"SELECT",2024-06-16 19:00:09 CST,7/31,0,LOG,00000,"execute S_1: SELECT c_discount, c_last, c_credit, w_tax     FROM bmsql_customer     JOIN bmsql_warehouse ON (w_id = c_w_id)     WHERE c_w_id = $1 AND c_d_id = $2 AND c_id = $3","parameters: $1 = '1', $2 = '4', $3 = '58'",,,,,,,,"","client backend"
2024-06-16 19:01:23.746 CST,"raingage","benchmark",54599,"127.0.0.1:48958",666ec5b9.d547,577,"SELECT",2024-06-16 19:00:09 CST,8/42,0,LOG,00000,"execute S_1: SELECT c_discount, c_last, c_credit, w_tax     FROM bmsql_customer     JOIN bmsql_warehouse ON (w_id = c_w_id)     WHERE c_w_id = $1 AND c_d_id = $2 AND c_id = $3","parameters: $1 = '1', $2 = '1', $3 = '38'",,,,,,,,"","client backend"
2024-06-16 19:01:23.756 CST,"raingage","benchmark",54596,"127.0.0.1:48952",666ec5b9.d544,783,"SELECT",2024-06-16 19:00:09 CST,5/57,0,LOG,00000,"execute S_1: SELECT c_discount, c_last, c_credit, w_tax     FROM bmsql_customer     JOIN bmsql_warehouse ON (w_id = c_w_id)     WHERE c_w_id = $1 AND c_d_id = $2 AND c_id = $3","parameters: $1 = '1', $2 = '4', $3 = '13'",,,,,,,,"","client backend"
2024-06-16 19:01:23.794 CST,"raingage","benchmark",54598,"127.0.0.1:48956",666ec5b9.d546,415,"SELECT",2024-06-16 19:00:09 CST,7/31,0,LOG,00000,"execute S_1: SELECT c_discount, c_last, c_credit, w_tax     FROM bmsql_customer     JOIN bmsql_warehouse ON (w_id = c_w_id)     WHERE c_w_id = $1 AND c_d_id = $2 AND c_id = $3","parameters: $1 = '1', $2 = '4', $3 = '58'",,,,,,,,"","client backend"
2024-06-16 19:01:23.813 CST,"raingage","benchmark",54599,"127.0.0.1:48958",666ec5b9.d547,578,"SELECT",2024-06-16 19:00:09 CST,8/42,0,LOG,00000,"execute S_1: SELECT c_discount, c_last, c_credit, w_tax     FROM bmsql_customer     JOIN bmsql_warehouse ON (w_id = c_w_id)     WHERE c_w_id = $1 AND c_d_id = $2 AND c_id = $3","parameters: $1 = '1', $2 = '1', $3 = '38'",,,,,,,,"","client backend"
2024-06-16 19:01:23.818 CST,"raingage","benchmark",54596,"127.0.0.1:48952",666ec5b9.d544,784,"SELECT",2024-06-16 19:00:09 CST,5/57,0,LOG,00000,"execute S_1: SELECT c_discount, c_last, c_credit, w_tax     FROM bmsql_customer     JOIN bmsql_warehouse ON (w_id = c_w_id)     WHERE c_w_id = $1 AND c_d_id = $2 AND c_id = $3","parameters: $1 = '1', $2 = '4', $3 = '13'",,,,,,,,"","client backend"
2024-06-16 19:01:23.862 CST,"raingage","benchmark",54598,"127.0.0.1:48956",666ec5b9.d546,416,"SELECT",2024-06-16 19:00:09 CST,7/31,0,LOG,00000,"execute S_1: SELECT c_discount, c_last, c_credit, w_tax     FROM bmsql_customer     JOIN bmsql_warehouse ON (w_id = c_w_id)     WHERE c_w_id = $1 AND c_d_id = $2 AND c_id = $3","parameters: $1 = '1', $2 = '4', $3 = '58'",,,,,,,,"","client backend"
2024-06-16 19:01:23.877 CST,"raingage","benchmark",54599,"127.0.0.1:48958",666ec5b9.d547,579,"SELECT",2024-06-16 19:00:09 CST,8/42,0,LOG,00000,"execute S_1: SELECT c_discount, c_last, c_credit, w_tax     FROM bmsql_customer     JOIN bmsql_warehouse ON (w_id = c_w_id)     WHERE c_w_id = $1 AND c_d_id = $2 AND c_id = $3","parameters: $1 = '1', $2 = '1', $3 = '38'",,,,,,,,"","client backend"
2024-06-16 19:01:23.884 CST,"raingage","benchmark",54596,"127.0.0.1:48952",666ec5b9.d544,785,"SELECT",2024-06-16 19:00:09 CST,5/57,0,LOG,00000,"execute S_1: SELECT c_discount, c_last, c_credit, w_tax     FROM bmsql_customer     JOIN bmsql_warehouse ON (w_id = c_w_id)     WHERE c_w_id = $1 AND c_d_id = $2 AND c_id = $3","parameters: $1 = '1', $2 = '4', $3 = '13'",,,,,,,,"","client backend"
2024-06-16 19:01:23.893 CST,"raingage","benchmark",54595,"127.0.0.1:48950",666ec5b9.d543,409,"BEGIN",2024-06-16 19:00:09 CST,4/31,0,LOG,00000,"execute S_3: BEGIN",,,,,,,,,"","client backend"
2024-06-16 19:01:23.909 CST,"raingage","benchmark",54595,"127.0.0.1:48950",666ec5b9.d543,410,"SELECT",2024-06-16 19:00:09 CST,4/31,0,LOG,00000,"execute S_4: SELECT d_tax, d_next_o_id     FROM bmsql_district     WHERE d_w_id = $1 AND d_id = $2 ","parameters: $1 = '1', $2 = '4'",,,,,,,,"","client backend"
2024-06-16 19:01:23.927 CST,"raingage","benchmark",54598,"127.0.0.1:48956",666ec5b9.d546,417,"SELECT",2024-06-16 19:00:09 CST,7/31,0,LOG,00000,"execute S_1: SELECT c_discount, c_last, c_credit, w_tax     FROM bmsql_customer     JOIN bmsql_warehouse ON (w_id = c_w_id)     WHERE c_w_id = $1 AND c_d_id = $2 AND c_id = $3","parameters: $1 = '1', $2 = '4', $3 = '58'",,,,,,,,"","client backend"
2024-06-16 19:01:23.946 CST,"raingage","benchmark",54599,"127.0.0.1:48958",666ec5b9.d547,580,"SELECT",2024-06-16 19:00:09 CST,8/42,0,LOG,00000,"execute S_1: SELECT c_discount, c_last, c_credit, w_tax     FROM bmsql_customer     JOIN bmsql_warehouse ON (w_id = c_w_id)     WHERE c_w_id = $1 AND c_d_id = $2 AND c_id = $3","parameters: $1 = '1', $2 = '1', $3 = '38'",,,,,,,,"","client backend"
2024-06-16 19:01:23.949 CST,"raingage","benchmark",54596,"127.0.0.1:48952",666ec5b9.d544,786,"SELECT",2024-06-16 19:00:09 CST,5/57,0,LOG,00000,"execute S_1: SELECT c_discount, c_last, c_credit, w_tax     FROM bmsql_customer     JOIN bmsql_warehouse ON (w_id = c_w_id)     WHERE c_w_id = $1 AND c_d_id = $2 AND c_id = $3","parameters: $1 = '1', $2 = '4', $3 = '13'",,,,,,,,"","client backend"
2024-06-16 19:01:23.957 CST,"raingage","benchmark",54599,"127.0.0.1:48958",666ec5b9.d547,581,"SELECT",2024-06-16 19:00:09 CST,8/42,0,LOG,00000,"execute S_5: SELECT i_price, i_name, i_data     FROM bmsql_item     WHERE i_id = $1","parameters: $1 = '44'",,,,,,,,"","client backend"
2024-06-16 19:01:23.966 CST,"raingage","benchmark",54596,"127.0.0.1:48952",666ec5b9.d544,787,"SELECT",2024-06-16 19:00:09 CST,5/57,0,LOG,00000,"execute S_5: SELECT i_price, i_name, i_data     FROM bmsql_item     WHERE i_id = $1","parameters: $1 = '71'",,,,,,,,"","client backend"
2024-06-16 19:01:23.970 CST,"raingage","benchmark",54599,"127.0.0.1:48958",666ec5b9.d547,582,"SELECT",2024-06-16 19:00:09 CST,8/42,0,LOG,00000,"execute S_6: SELECT s_quantity, s_data,        s_dist_01, s_dist_02, s_dist_03, s_dist_04,        s_dist_05, s_dist_06, s_dist_07, s_dist_08,        s_dist_09, s_dist_10     FROM bmsql_stock     WHERE s_w_id = $1 AND s_i_id = $2 ","parameters: $1 = '1', $2 = '44'",,,,,,,,"","client backend"
2024-06-16 19:01:23.974 CST,"raingage","benchmark",54595,"127.0.0.1:48950",666ec5b9.d543,411,"SELECT",2024-06-16 19:00:09 CST,4/31,0,LOG,00000,"execute S_1: SELECT c_discount, c_last, c_credit, w_tax     FROM bmsql_customer     JOIN bmsql_warehouse ON (w_id = c_w_id)     WHERE c_w_id = $1 AND c_d_id = $2 AND c_id = $3","parameters: $1 = '1', $2 = '4', $3 = '26'",,,,,,,,"","client backend"
2024-06-16 19:01:23.984 CST,"raingage","benchmark",54596,"127.0.0.1:48952",666ec5b9.d544,788,"SELECT",2024-06-16 19:00:09 CST,5/57,0,LOG,00000,"execute S_6: SELECT s_quantity, s_data,        s_dist_01, s_dist_02, s_dist_03, s_dist_04,        s_dist_05, s_dist_06, s_dist_07, s_dist_08,        s_dist_09, s_dist_10     FROM bmsql_stock     WHERE s_w_id = $1 AND s_i_id = $2 ","parameters: $1 = '1', $2 = '71'",,,,,,,,"","client backend"
2024-06-16 19:01:23.989 CST,"raingage","benchmark",54599,"127.0.0.1:48958",666ec5b9.d547,583,"UPDATE",2024-06-16 19:00:09 CST,8/42,0,LOG,00000,"execute S_7: UPDATE bmsql_stock     SET s_quantity = $1, s_ytd = s_ytd + $2,         s_order_cnt = s_order_cnt + 1,         s_remote_cnt = s_remote_cnt + $3     WHERE s_w_id = $4 AND s_i_id = $5","parameters: $1 = '26', $2 = '4', $3 = '0', $4 = '1', $5 = '44'",,,,,,,,"","client backend"
2024-06-16 19:01:23.992 CST,"raingage","benchmark",54598,"127.0.0.1:48956",666ec5b9.d546,418,"SELECT",2024-06-16 19:00:09 CST,7/31,0,LOG,00000,"execute S_1: SELECT c_discount, c_last, c_credit, w_tax     FROM bmsql_customer     JOIN bmsql_warehouse ON (w_id = c_w_id)     WHERE c_w_id = $1 AND c_d_id = $2 AND c_id = $3","parameters: $1 = '1', $2 = '4', $3 = '58'",,,,,,,,"","client backend"
2024-06-16 19:01:24.006 CST,"raingage","benchmark",54599,"127.0.0.1:48958",666ec5b9.d547,584,"COMMIT",2024-06-16 19:00:09 CST,8/42,115396,LOG,00000,"execute S_2: COMMIT",,,,,,,,,"","client backend"
2024-06-16 19:01:24.006 CST,"raingage","benchmark",54596,"127.0.0.1:48952",666ec5b9.d544,789,"UPDATE",2024-06-16 19:00:09 CST,5/57,0,LOG,00000,"execute S_7: UPDATE bmsql_stock     SET s_quantity = $1, s_ytd = s_ytd + $2,         s_order_cnt = s_order_cnt + 1,         s_remote_cnt = s_remote_cnt + $3     WHERE s_w_id = $4 AND s_i_id = $5","parameters: $1 = '22', $2 = '2', $3 = '0', $4 = '1', $5 = '71'",,,,,,,,"","client backend"
2024-06-16 19:01:24.006 CST,"raingage","benchmark",54599,"127.0.0.1:48958",666ec5b9.d547,585,"COMMIT",2024-06-16 19:00:09 CST,8/0,115396,WARNING,01000,"registered snapshots seem to remain after cleanup",,,,,,,,,"","client backend"
2024-06-16 19:01:24.022 CST,"raingage","benchmark",54596,"127.0.0.1:48952",666ec5b9.d544,790,"COMMIT",2024-06-16 19:00:09 CST,5/57,115397,LOG,00000,"execute S_2: COMMIT",,,,,,,,,"","client backend"
2024-06-16 19:01:24.037 CST,"raingage","benchmark",54595,"127.0.0.1:48950",666ec5b9.d543,412,"SELECT",2024-06-16 19:00:09 CST,4/31,0,LOG,00000,"execute S_1: SELECT c_discount, c_last, c_credit, w_tax     FROM bmsql_customer     JOIN bmsql_warehouse ON (w_id = c_w_id)     WHERE c_w_id = $1 AND c_d_id = $2 AND c_id = $3","parameters: $1 = '1', $2 = '4', $3 = '26'",,,,,,,,"","client backend"
2024-06-16 19:01:24.043 CST,"raingage","benchmark",54596,"127.0.0.1:48952",666ec5b9.d544,791,"BEGIN",2024-06-16 19:00:09 CST,5/58,0,LOG,00000,"execute S_3: BEGIN",,,,,,,,,"","client backend"
2024-06-16 19:01:24.059 CST,"raingage","benchmark",54596,"127.0.0.1:48952",666ec5b9.d544,792,"SELECT",2024-06-16 19:00:09 CST,5/58,0,LOG,00000,"execute S_4: SELECT d_tax, d_next_o_id     FROM bmsql_district     WHERE d_w_id = $1 AND d_id = $2 ","parameters: $1 = '1', $2 = '3'",,,,,,,,"","client backend"
2024-06-16 19:01:24.062 CST,"raingage","benchmark",54598,"127.0.0.1:48956",666ec5b9.d546,419,"SELECT",2024-06-16 19:00:09 CST,7/31,0,LOG,00000,"execute S_1: SELECT c_discount, c_last, c_credit, w_tax     FROM bmsql_customer     JOIN bmsql_warehouse ON (w_id = c_w_id)     WHERE c_w_id = $1 AND c_d_id = $2 AND c_id = $3","parameters: $1 = '1', $2 = '4', $3 = '58'",,,,,,,,"","client backend"
2024-06-16 19:01:24.074 CST,"raingage","benchmark",54598,"127.0.0.1:48956",666ec5b9.d546,420,"SELECT",2024-06-16 19:00:09 CST,7/31,0,LOG,00000,"execute S_5: SELECT i_price, i_name, i_data     FROM bmsql_item     WHERE i_id = $1","parameters: $1 = '45'",,,,,,,,"","client backend"
2024-06-16 19:01:24.087 CST,"raingage","benchmark",54598,"127.0.0.1:48956",666ec5b9.d546,421,"SELECT",2024-06-16 19:00:09 CST,7/31,0,LOG,00000,"execute S_6: SELECT s_quantity, s_data,        s_dist_01, s_dist_02, s_dist_03, s_dist_04,        s_dist_05, s_dist_06, s_dist_07, s_dist_08,        s_dist_09, s_dist_10     FROM bmsql_stock     WHERE s_w_id = $1 AND s_i_id = $2 ","parameters: $1 = '1', $2 = '45'",,,,,,,,"","client backend"
2024-06-16 19:01:24.099 CST,"raingage","benchmark",54598,"127.0.0.1:48956",666ec5b9.d546,422,"UPDATE",2024-06-16 19:00:09 CST,7/31,0,LOG,00000,"execute S_7: UPDATE bmsql_stock     SET s_quantity = $1, s_ytd = s_ytd + $2,         s_order_cnt = s_order_cnt + 1,         s_remote_cnt = s_remote_cnt + $3     WHERE s_w_id = $4 AND s_i_id = $5","parameters: $1 = '89', $2 = '2', $3 = '0', $4 = '1', $5 = '45'",,,,,,,,"","client backend"
2024-06-16 19:01:24.102 CST,"raingage","benchmark",54595,"127.0.0.1:48950",666ec5b9.d543,413,"SELECT",2024-06-16 19:00:09 CST,4/31,0,LOG,00000,"execute S_1: SELECT c_discount, c_last, c_credit, w_tax     FROM bmsql_customer     JOIN bmsql_warehouse ON (w_id = c_w_id)     WHERE c_w_id = $1 AND c_d_id = $2 AND c_id = $3","parameters: $1 = '1', $2 = '4', $3 = '26'",,,,,,,,"","client backend"
2024-06-16 19:01:24.120 CST,"raingage","benchmark",54598,"127.0.0.1:48956",666ec5b9.d546,423,"COMMIT",2024-06-16 19:00:09 CST,7/31,115398,LOG,00000,"execute S_2: COMMIT",,,,,,,,,"","client backend"
2024-06-16 19:01:24.129 CST,"raingage","benchmark",54596,"127.0.0.1:48952",666ec5b9.d544,793,"SELECT",2024-06-16 19:00:09 CST,5/58,0,LOG,00000,"execute S_1: SELECT c_discount, c_last, c_credit, w_tax     FROM bmsql_customer     JOIN bmsql_warehouse ON (w_id = c_w_id)     WHERE c_w_id = $1 AND c_d_id = $2 AND c_id = $3","parameters: $1 = '1', $2 = '3', $3 = '16'",,,,,,,,"","client backend"
2024-06-16 19:01:24.133 CST,"raingage","benchmark",54598,"127.0.0.1:48956",666ec5b9.d546,424,"BEGIN",2024-06-16 19:00:09 CST,7/32,0,LOG,00000,"execute S_3: BEGIN",,,,,,,,,"","client backend"
2024-06-16 19:01:24.144 CST,"raingage","benchmark",54598,"127.0.0.1:48956",666ec5b9.d546,425,"SELECT",2024-06-16 19:00:09 CST,7/32,0,LOG,00000,"execute S_4: SELECT d_tax, d_next_o_id     FROM bmsql_district     WHERE d_w_id = $1 AND d_id = $2 ","parameters: $1 = '1', $2 = '3'",,,,,,,,"","client backend"
2024-06-16 19:01:24.173 CST,"raingage","benchmark",54595,"127.0.0.1:48950",666ec5b9.d543,414,"SELECT",2024-06-16 19:00:09 CST,4/31,0,LOG,00000,"execute S_1: SELECT c_discount, c_last, c_credit, w_tax     FROM bmsql_customer     JOIN bmsql_warehouse ON (w_id = c_w_id)     WHERE c_w_id = $1 AND c_d_id = $2 AND c_id = $3","parameters: $1 = '1', $2 = '4', $3 = '26'",,,,,,,,"","client backend"
2024-06-16 19:01:24.196 CST,"raingage","benchmark",54596,"127.0.0.1:48952",666ec5b9.d544,794,"SELECT",2024-06-16 19:00:09 CST,5/58,0,LOG,00000,"execute S_1: SELECT c_discount, c_last, c_credit, w_tax     FROM bmsql_customer     JOIN bmsql_warehouse ON (w_id = c_w_id)     WHERE c_w_id = $1 AND c_d_id = $2 AND c_id = $3","parameters: $1 = '1', $2 = '3', $3 = '16'",,,,,,,,"","client backend"
2024-06-16 19:01:24.209 CST,"raingage","benchmark",54598,"127.0.0.1:48956",666ec5b9.d546,426,"SELECT",2024-06-16 19:00:09 CST,7/32,0,LOG,00000,"execute S_1: SELECT c_discount, c_last, c_credit, w_tax     FROM bmsql_customer     JOIN bmsql_warehouse ON (w_id = c_w_id)     WHERE c_w_id = $1 AND c_d_id = $2 AND c_id = $3","parameters: $1 = '1', $2 = '3', $3 = '27'",,,,,,,,"","client backend"
2024-06-16 19:01:24.239 CST,"raingage","benchmark",54595,"127.0.0.1:48950",666ec5b9.d543,415,"SELECT",2024-06-16 19:00:09 CST,4/31,0,LOG,00000,"execute S_1: SELECT c_discount, c_last, c_credit, w_tax     FROM bmsql_customer     JOIN bmsql_warehouse ON (w_id = c_w_id)     WHERE c_w_id = $1 AND c_d_id = $2 AND c_id = $3","parameters: $1 = '1', $2 = '4', $3 = '26'",,,,,,,,"","client backend"
2024-06-16 19:01:24.264 CST,"raingage","benchmark",54596,"127.0.0.1:48952",666ec5b9.d544,795,"SELECT",2024-06-16 19:00:09 CST,5/58,0,LOG,00000,"execute S_1: SELECT c_discount, c_last, c_credit, w_tax     FROM bmsql_customer     JOIN bmsql_warehouse ON (w_id = c_w_id)     WHERE c_w_id = $1 AND c_d_id = $2 AND c_id = $3","parameters: $1 = '1', $2 = '3', $3 = '16'",,,,,,,,"","client backend"
2024-06-16 19:01:24.276 CST,"raingage","benchmark",54598,"127.0.0.1:48956",666ec5b9.d546,427,"SELECT",2024-06-16 19:00:09 CST,7/32,0,LOG,00000,"execute S_1: SELECT c_discount, c_last, c_credit, w_tax     FROM bmsql_customer     JOIN bmsql_warehouse ON (w_id = c_w_id)     WHERE c_w_id = $1 AND c_d_id = $2 AND c_id = $3","parameters: $1 = '1', $2 = '3', $3 = '27'",,,,,,,,"","client backend"
2024-06-16 19:01:24.301 CST,"raingage","benchmark",54595,"127.0.0.1:48950",666ec5b9.d543,416,"SELECT",2024-06-16 19:00:09 CST,4/31,0,LOG,00000,"execute S_1: SELECT c_discount, c_last, c_credit, w_tax     FROM bmsql_customer     JOIN bmsql_warehouse ON (w_id = c_w_id)     WHERE c_w_id = $1 AND c_d_id = $2 AND c_id = $3","parameters: $1 = '1', $2 = '4', $3 = '26'",,,,,,,,"","client backend"
2024-06-16 19:01:24.332 CST,"raingage","benchmark",54596,"127.0.0.1:48952",666ec5b9.d544,796,"SELECT",2024-06-16 19:00:09 CST,5/58,0,LOG,00000,"execute S_1: SELECT c_discount, c_last, c_credit, w_tax     FROM bmsql_customer     JOIN bmsql_warehouse ON (w_id = c_w_id)     WHERE c_w_id = $1 AND c_d_id = $2 AND c_id = $3","parameters: $1 = '1', $2 = '3', $3 = '16'",,,,,,,,"","client backend"
2024-06-16 19:01:24.341 CST,"raingage","benchmark",54598,"127.0.0.1:48956",666ec5b9.d546,428,"SELECT",2024-06-16 19:00:09 CST,7/32,0,LOG,00000,"execute S_1: SELECT c_discount, c_last, c_credit, w_tax     FROM bmsql_customer     JOIN bmsql_warehouse ON (w_id = c_w_id)     WHERE c_w_id = $1 AND c_d_id = $2 AND c_id = $3","parameters: $1 = '1', $2 = '3', $3 = '27'",,,,,,,,"","client backend"
2024-06-16 19:01:24.368 CST,"raingage","benchmark",54595,"127.0.0.1:48950",666ec5b9.d543,417,"SELECT",2024-06-16 19:00:09 CST,4/31,0,LOG,00000,"execute S_1: SELECT c_discount, c_last, c_credit, w_tax     FROM bmsql_customer     JOIN bmsql_warehouse ON (w_id = c_w_id)     WHERE c_w_id = $1 AND c_d_id = $2 AND c_id = $3","parameters: $1 = '1', $2 = '4', $3 = '26'",,,,,,,,"","client backend"
2024-06-16 19:01:24.401 CST,"raingage","benchmark",54596,"127.0.0.1:48952",666ec5b9.d544,797,"SELECT",2024-06-16 19:00:09 CST,5/58,0,LOG,00000,"execute S_1: SELECT c_discount, c_last, c_credit, w_tax     FROM bmsql_customer     JOIN bmsql_warehouse ON (w_id = c_w_id)     WHERE c_w_id = $1 AND c_d_id = $2 AND c_id = $3","parameters: $1 = '1', $2 = '3', $3 = '16'",,,,,,,,"","client backend"
2024-06-16 19:01:24.409 CST,"raingage","benchmark",54598,"127.0.0.1:48956",666ec5b9.d546,429,"SELECT",2024-06-16 19:00:09 CST,7/32,0,LOG,00000,"execute S_1: SELECT c_discount, c_last, c_credit, w_tax     FROM bmsql_customer     JOIN bmsql_warehouse ON (w_id = c_w_id)     WHERE c_w_id = $1 AND c_d_id = $2 AND c_id = $3","parameters: $1 = '1', $2 = '3', $3 = '27'",,,,,,,,"","client backend"
2024-06-16 19:01:24.436 CST,"raingage","benchmark",54595,"127.0.0.1:48950",666ec5b9.d543,418,"SELECT",2024-06-16 19:00:09 CST,4/31,0,LOG,00000,"execute S_1: SELECT c_discount, c_last, c_credit, w_tax     FROM bmsql_customer     JOIN bmsql_warehouse ON (w_id = c_w_id)     WHERE c_w_id = $1 AND c_d_id = $2 AND c_id = $3","parameters: $1 = '1', $2 = '4', $3 = '26'",,,,,,,,"","client backend"
2024-06-16 19:01:24.455 CST,"raingage","benchmark",54595,"127.0.0.1:48950",666ec5b9.d543,419,"SELECT",2024-06-16 19:00:09 CST,4/31,0,LOG,00000,"execute S_5: SELECT i_price, i_name, i_data     FROM bmsql_item     WHERE i_id = $1","parameters: $1 = '3'",,,,,,,,"","client backend"
2024-06-16 19:01:24.462 CST,"raingage","benchmark",54596,"127.0.0.1:48952",666ec5b9.d544,798,"SELECT",2024-06-16 19:00:09 CST,5/58,0,LOG,00000,"execute S_1: SELECT c_discount, c_last, c_credit, w_tax     FROM bmsql_customer     JOIN bmsql_warehouse ON (w_id = c_w_id)     WHERE c_w_id = $1 AND c_d_id = $2 AND c_id = $3","parameters: $1 = '1', $2 = '3', $3 = '16'",,,,,,,,"","client backend"
2024-06-16 19:01:24.474 CST,"raingage","benchmark",54595,"127.0.0.1:48950",666ec5b9.d543,420,"SELECT",2024-06-16 19:00:09 CST,4/31,0,LOG,00000,"execute S_6: SELECT s_quantity, s_data,        s_dist_01, s_dist_02, s_dist_03, s_dist_04,        s_dist_05, s_dist_06, s_dist_07, s_dist_08,        s_dist_09, s_dist_10     FROM bmsql_stock     WHERE s_w_id = $1 AND s_i_id = $2 ","parameters: $1 = '1', $2 = '3'",,,,,,,,"","client backend"
2024-06-16 19:01:24.479 CST,"raingage","benchmark",54598,"127.0.0.1:48956",666ec5b9.d546,430,"SELECT",2024-06-16 19:00:09 CST,7/32,0,LOG,00000,"execute S_1: SELECT c_discount, c_last, c_credit, w_tax     FROM bmsql_customer     JOIN bmsql_warehouse ON (w_id = c_w_id)     WHERE c_w_id = $1 AND c_d_id = $2 AND c_id = $3","parameters: $1 = '1', $2 = '3', $3 = '27'",,,,,,,,"","client backend"
2024-06-16 19:01:24.493 CST,"raingage","benchmark",54595,"127.0.0.1:48950",666ec5b9.d543,421,"UPDATE",2024-06-16 19:00:09 CST,4/31,0,LOG,00000,"execute S_7: UPDATE bmsql_stock     SET s_quantity = $1, s_ytd = s_ytd + $2,         s_order_cnt = s_order_cnt + 1,         s_remote_cnt = s_remote_cnt + $3     WHERE s_w_id = $4 AND s_i_id = $5","parameters: $1 = '18', $2 = '2', $3 = '0', $4 = '1', $5 = '3'",,,,,,,,"","client backend"
2024-06-16 19:01:24.509 CST,"raingage","benchmark",54595,"127.0.0.1:48950",666ec5b9.d543,422,"COMMIT",2024-06-16 19:00:09 CST,4/31,115399,LOG,00000,"execute S_2: COMMIT",,,,,,,,,"","client backend"
2024-06-16 19:01:24.529 CST,"raingage","benchmark",54595,"127.0.0.1:48950",666ec5b9.d543,423,"BEGIN",2024-06-16 19:00:09 CST,4/32,0,LOG,00000,"execute S_3: BEGIN",,,,,,,,,"","client backend"
2024-06-16 19:01:24.533 CST,"raingage","benchmark",54596,"127.0.0.1:48952",666ec5b9.d544,799,"SELECT",2024-06-16 19:00:09 CST,5/58,0,LOG,00000,"execute S_1: SELECT c_discount, c_last, c_credit, w_tax     FROM bmsql_customer     JOIN bmsql_warehouse ON (w_id = c_w_id)     WHERE c_w_id = $1 AND c_d_id = $2 AND c_id = $3","parameters: $1 = '1', $2 = '3', $3 = '16'",,,,,,,,"","client backend"
2024-06-16 19:01:24.541 CST,"raingage","benchmark",54595,"127.0.0.1:48950",666ec5b9.d543,424,"SELECT",2024-06-16 19:00:09 CST,4/32,0,LOG,00000,"execute S_4: SELECT d_tax, d_next_o_id     FROM bmsql_district     WHERE d_w_id = $1 AND d_id = $2 ","parameters: $1 = '1', $2 = '3'",,,,,,,,"","client backend"
2024-06-16 19:01:24.548 CST,"raingage","benchmark",54598,"127.0.0.1:48956",666ec5b9.d546,431,"SELECT",2024-06-16 19:00:09 CST,7/32,0,LOG,00000,"execute S_1: SELECT c_discount, c_last, c_credit, w_tax     FROM bmsql_customer     JOIN bmsql_warehouse ON (w_id = c_w_id)     WHERE c_w_id = $1 AND c_d_id = $2 AND c_id = $3","parameters: $1 = '1', $2 = '3', $3 = '27'",,,,,,,,"","client backend"
2024-06-16 19:01:24.596 CST,"raingage","benchmark",54596,"127.0.0.1:48952",666ec5b9.d544,800,"SELECT",2024-06-16 19:00:09 CST,5/58,0,LOG,00000,"execute S_1: SELECT c_discount, c_last, c_credit, w_tax     FROM bmsql_customer     JOIN bmsql_warehouse ON (w_id = c_w_id)     WHERE c_w_id = $1 AND c_d_id = $2 AND c_id = $3","parameters: $1 = '1', $2 = '3', $3 = '16'",,,,,,,,"","client backend"
2024-06-16 19:01:24.613 CST,"raingage","benchmark",54598,"127.0.0.1:48956",666ec5b9.d546,432,"SELECT",2024-06-16 19:00:09 CST,7/32,0,LOG,00000,"execute S_1: SELECT c_discount, c_last, c_credit, w_tax     FROM bmsql_customer     JOIN bmsql_warehouse ON (w_id = c_w_id)     WHERE c_w_id = $1 AND c_d_id = $2 AND c_id = $3","parameters: $1 = '1', $2 = '3', $3 = '27'",,,,,,,,"","client backend"
2024-06-16 19:01:24.615 CST,"raingage","benchmark",54596,"127.0.0.1:48952",666ec5b9.d544,801,"SELECT",2024-06-16 19:00:09 CST,5/58,0,LOG,00000,"execute S_5: SELECT i_price, i_name, i_data     FROM bmsql_item     WHERE i_id = $1","parameters: $1 = '83'",,,,,,,,"","client backend"
2024-06-16 19:01:24.634 CST,"raingage","benchmark",54596,"127.0.0.1:48952",666ec5b9.d544,802,"SELECT",2024-06-16 19:00:09 CST,5/58,0,LOG,00000,"execute S_6: SELECT s_quantity, s_data,        s_dist_01, s_dist_02, s_dist_03, s_dist_04,        s_dist_05, s_dist_06, s_dist_07, s_dist_08,        s_dist_09, s_dist_10     FROM bmsql_stock     WHERE s_w_id = $1 AND s_i_id = $2 ","parameters: $1 = '1', $2 = '83'",,,,,,,,"","client backend"
2024-06-16 19:01:24.646 CST,"raingage","benchmark",54596,"127.0.0.1:48952",666ec5b9.d544,803,"UPDATE",2024-06-16 19:00:09 CST,5/58,0,LOG,00000,"execute S_7: UPDATE bmsql_stock     SET s_quantity = $1, s_ytd = s_ytd + $2,         s_order_cnt = s_order_cnt + 1,         s_remote_cnt = s_remote_cnt + $3     WHERE s_w_id = $4 AND s_i_id = $5","parameters: $1 = '65', $2 = '2', $3 = '0', $4 = '1', $5 = '83'",,,,,,,,"","client backend"
2024-06-16 19:01:24.657 CST,"raingage","benchmark",54596,"127.0.0.1:48952",666ec5b9.d544,804,"COMMIT",2024-06-16 19:00:09 CST,5/58,115400,LOG,00000,"execute S_2: COMMIT",,,,,,,,,"","client backend"
2024-06-16 19:01:24.678 CST,"raingage","benchmark",54598,"127.0.0.1:48956",666ec5b9.d546,433,"SELECT",2024-06-16 19:00:09 CST,7/32,0,LOG,00000,"execute S_1: SELECT c_discount, c_last, c_credit, w_tax     FROM bmsql_customer     JOIN bmsql_warehouse ON (w_id = c_w_id)     WHERE c_w_id = $1 AND c_d_id = $2 AND c_id = $3","parameters: $1 = '1', $2 = '3', $3 = '27'",,,,,,,,"","client backend"
2024-06-16 19:01:24.698 CST,"raingage","benchmark",54598,"127.0.0.1:48956",666ec5b9.d546,434,"SELECT",2024-06-16 19:00:09 CST,7/32,0,LOG,00000,"execute S_5: SELECT i_price, i_name, i_data     FROM bmsql_item     WHERE i_id = $1","parameters: $1 = '19'",,,,,,,,"","client backend"
2024-06-16 19:01:24.716 CST,"raingage","benchmark",54598,"127.0.0.1:48956",666ec5b9.d546,435,"SELECT",2024-06-16 19:00:09 CST,7/32,0,LOG,00000,"execute S_6: SELECT s_quantity, s_data,        s_dist_01, s_dist_02, s_dist_03, s_dist_04,        s_dist_05, s_dist_06, s_dist_07, s_dist_08,        s_dist_09, s_dist_10     FROM bmsql_stock     WHERE s_w_id = $1 AND s_i_id = $2 ","parameters: $1 = '1', $2 = '19'",,,,,,,,"","client backend"
2024-06-16 19:01:24.730 CST,"raingage","benchmark",54598,"127.0.0.1:48956",666ec5b9.d546,436,"UPDATE",2024-06-16 19:00:09 CST,7/32,0,LOG,00000,"execute S_7: UPDATE bmsql_stock     SET s_quantity = $1, s_ytd = s_ytd + $2,         s_order_cnt = s_order_cnt + 1,         s_remote_cnt = s_remote_cnt + $3     WHERE s_w_id = $4 AND s_i_id = $5","parameters: $1 = '45', $2 = '6', $3 = '0', $4 = '1', $5 = '19'",,,,,,,,"","client backend"
2024-06-16 19:01:24.742 CST,"raingage","benchmark",54598,"127.0.0.1:48956",666ec5b9.d546,437,"COMMIT",2024-06-16 19:00:09 CST,7/32,115401,LOG,00000,"execute S_2: COMMIT",,,,,,,,,"","client backend"
2024-06-16 19:01:24.743 CST,"raingage","benchmark",54595,"127.0.0.1:48950",666ec5b9.d543,425,"SELECT",2024-06-16 19:00:09 CST,4/32,0,LOG,00000,"execute S_1: SELECT c_discount, c_last, c_credit, w_tax     FROM bmsql_customer     JOIN bmsql_warehouse ON (w_id = c_w_id)     WHERE c_w_id = $1 AND c_d_id = $2 AND c_id = $3","parameters: $1 = '1', $2 = '3', $3 = '27'",,,,,,,,"","client backend"
2024-06-16 19:01:24.761 CST,"raingage","benchmark",54598,"127.0.0.1:48956",666ec5b9.d546,438,"BEGIN",2024-06-16 19:00:09 CST,7/33,0,LOG,00000,"execute S_3: BEGIN",,,,,,,,,"","client backend"
2024-06-16 19:01:24.775 CST,"raingage","benchmark",54598,"127.0.0.1:48956",666ec5b9.d546,439,"SELECT",2024-06-16 19:00:09 CST,7/33,0,LOG,00000,"execute S_4: SELECT d_tax, d_next_o_id     FROM bmsql_district     WHERE d_w_id = $1 AND d_id = $2 ","parameters: $1 = '1', $2 = '4'",,,,,,,,"","client backend"
2024-06-16 19:01:24.806 CST,"raingage","benchmark",54595,"127.0.0.1:48950",666ec5b9.d543,426,"SELECT",2024-06-16 19:00:09 CST,4/32,0,LOG,00000,"execute S_1: SELECT c_discount, c_last, c_credit, w_tax     FROM bmsql_customer     JOIN bmsql_warehouse ON (w_id = c_w_id)     WHERE c_w_id = $1 AND c_d_id = $2 AND c_id = $3","parameters: $1 = '1', $2 = '3', $3 = '27'",,,,,,,,"","client backend"
2024-06-16 19:01:24.839 CST,"raingage","benchmark",54598,"127.0.0.1:48956",666ec5b9.d546,440,"SELECT",2024-06-16 19:00:09 CST,7/33,0,LOG,00000,"execute S_1: SELECT c_discount, c_last, c_credit, w_tax     FROM bmsql_customer     JOIN bmsql_warehouse ON (w_id = c_w_id)     WHERE c_w_id = $1 AND c_d_id = $2 AND c_id = $3","parameters: $1 = '1', $2 = '4', $3 = '23'",,,,,,,,"","client backend"
2024-06-16 19:01:24.873 CST,"raingage","benchmark",54595,"127.0.0.1:48950",666ec5b9.d543,427,"SELECT",2024-06-16 19:00:09 CST,4/32,0,LOG,00000,"execute S_1: SELECT c_discount, c_last, c_credit, w_tax     FROM bmsql_customer     JOIN bmsql_warehouse ON (w_id = c_w_id)     WHERE c_w_id = $1 AND c_d_id = $2 AND c_id = $3","parameters: $1 = '1', $2 = '3', $3 = '27'",,,,,,,,"","client backend"
2024-06-16 19:01:24.907 CST,"raingage","benchmark",54598,"127.0.0.1:48956",666ec5b9.d546,441,"SELECT",2024-06-16 19:00:09 CST,7/33,0,LOG,00000,"execute S_1: SELECT c_discount, c_last, c_credit, w_tax     FROM bmsql_customer     JOIN bmsql_warehouse ON (w_id = c_w_id)     WHERE c_w_id = $1 AND c_d_id = $2 AND c_id = $3","parameters: $1 = '1', $2 = '4', $3 = '23'",,,,,,,,"","client backend"
2024-06-16 19:01:24.944 CST,"raingage","benchmark",54595,"127.0.0.1:48950",666ec5b9.d543,428,"SELECT",2024-06-16 19:00:09 CST,4/32,0,LOG,00000,"execute S_1: SELECT c_discount, c_last, c_credit, w_tax     FROM bmsql_customer     JOIN bmsql_warehouse ON (w_id = c_w_id)     WHERE c_w_id = $1 AND c_d_id = $2 AND c_id = $3","parameters: $1 = '1', $2 = '3', $3 = '27'",,,,,,,,"","client backend"
2024-06-16 19:01:24.971 CST,"raingage","benchmark",54598,"127.0.0.1:48956",666ec5b9.d546,442,"SELECT",2024-06-16 19:00:09 CST,7/33,0,LOG,00000,"execute S_1: SELECT c_discount, c_last, c_credit, w_tax     FROM bmsql_customer     JOIN bmsql_warehouse ON (w_id = c_w_id)     WHERE c_w_id = $1 AND c_d_id = $2 AND c_id = $3","parameters: $1 = '1', $2 = '4', $3 = '23'",,,,,,,,"","client backend"
2024-06-16 19:01:25.013 CST,"raingage","benchmark",54595,"127.0.0.1:48950",666ec5b9.d543,429,"SELECT",2024-06-16 19:00:09 CST,4/32,0,LOG,00000,"execute S_1: SELECT c_discount, c_last, c_credit, w_tax     FROM bmsql_customer     JOIN bmsql_warehouse ON (w_id = c_w_id)     WHERE c_w_id = $1 AND c_d_id = $2 AND c_id = $3","parameters: $1 = '1', $2 = '3', $3 = '27'",,,,,,,,"","client backend"
2024-06-16 19:01:25.035 CST,"raingage","benchmark",54598,"127.0.0.1:48956",666ec5b9.d546,443,"SELECT",2024-06-16 19:00:09 CST,7/33,0,LOG,00000,"execute S_1: SELECT c_discount, c_last, c_credit, w_tax     FROM bmsql_customer     JOIN bmsql_warehouse ON (w_id = c_w_id)     WHERE c_w_id = $1 AND c_d_id = $2 AND c_id = $3","parameters: $1 = '1', $2 = '4', $3 = '23'",,,,,,,,"","client backend"
2024-06-16 19:01:25.076 CST,"raingage","benchmark",54595,"127.0.0.1:48950",666ec5b9.d543,430,"SELECT",2024-06-16 19:00:09 CST,4/32,0,LOG,00000,"execute S_1: SELECT c_discount, c_last, c_credit, w_tax     FROM bmsql_customer     JOIN bmsql_warehouse ON (w_id = c_w_id)     WHERE c_w_id = $1 AND c_d_id = $2 AND c_id = $3","parameters: $1 = '1', $2 = '3', $3 = '27'",,,,,,,,"","client backend"
2024-06-16 19:01:25.099 CST,"raingage","benchmark",54598,"127.0.0.1:48956",666ec5b9.d546,444,"SELECT",2024-06-16 19:00:09 CST,7/33,0,LOG,00000,"execute S_1: SELECT c_discount, c_last, c_credit, w_tax     FROM bmsql_customer     JOIN bmsql_warehouse ON (w_id = c_w_id)     WHERE c_w_id = $1 AND c_d_id = $2 AND c_id = $3","parameters: $1 = '1', $2 = '4', $3 = '23'",,,,,,,,"","client backend"
2024-06-16 19:01:25.143 CST,"raingage","benchmark",54595,"127.0.0.1:48950",666ec5b9.d543,431,"SELECT",2024-06-16 19:00:09 CST,4/32,0,LOG,00000,"execute S_1: SELECT c_discount, c_last, c_credit, w_tax     FROM bmsql_customer     JOIN bmsql_warehouse ON (w_id = c_w_id)     WHERE c_w_id = $1 AND c_d_id = $2 AND c_id = $3","parameters: $1 = '1', $2 = '3', $3 = '27'",,,,,,,,"","client backend"
2024-06-16 19:01:25.168 CST,"raingage","benchmark",54598,"127.0.0.1:48956",666ec5b9.d546,445,"SELECT",2024-06-16 19:00:09 CST,7/33,0,LOG,00000,"execute S_1: SELECT c_discount, c_last, c_credit, w_tax     FROM bmsql_customer     JOIN bmsql_warehouse ON (w_id = c_w_id)     WHERE c_w_id = $1 AND c_d_id = $2 AND c_id = $3","parameters: $1 = '1', $2 = '4', $3 = '23'",,,,,,,,"","client backend"
2024-06-16 19:01:25.208 CST,"raingage","benchmark",54595,"127.0.0.1:48950",666ec5b9.d543,432,"SELECT",2024-06-16 19:00:09 CST,4/32,0,LOG,00000,"execute S_1: SELECT c_discount, c_last, c_credit, w_tax     FROM bmsql_customer     JOIN bmsql_warehouse ON (w_id = c_w_id)     WHERE c_w_id = $1 AND c_d_id = $2 AND c_id = $3","parameters: $1 = '1', $2 = '3', $3 = '27'",,,,,,,,"","client backend"
2024-06-16 19:01:25.224 CST,"raingage","benchmark",54595,"127.0.0.1:48950",666ec5b9.d543,433,"SELECT",2024-06-16 19:00:09 CST,4/32,0,LOG,00000,"execute S_5: SELECT i_price, i_name, i_data     FROM bmsql_item     WHERE i_id = $1","parameters: $1 = '19'",,,,,,,,"","client backend"
2024-06-16 19:01:25.230 CST,"raingage","benchmark",54598,"127.0.0.1:48956",666ec5b9.d546,446,"SELECT",2024-06-16 19:00:09 CST,7/33,0,LOG,00000,"execute S_1: SELECT c_discount, c_last, c_credit, w_tax     FROM bmsql_customer     JOIN bmsql_warehouse ON (w_id = c_w_id)     WHERE c_w_id = $1 AND c_d_id = $2 AND c_id = $3","parameters: $1 = '1', $2 = '4', $3 = '23'",,,,,,,,"","client backend"
2024-06-16 19:01:25.237 CST,"raingage","benchmark",54595,"127.0.0.1:48950",666ec5b9.d543,434,"SELECT",2024-06-16 19:00:09 CST,4/32,0,LOG,00000,"execute S_6: SELECT s_quantity, s_data,        s_dist_01, s_dist_02, s_dist_03, s_dist_04,        s_dist_05, s_dist_06, s_dist_07, s_dist_08,        s_dist_09, s_dist_10     FROM bmsql_stock     WHERE s_w_id = $1 AND s_i_id = $2 ","parameters: $1 = '1', $2 = '19'",,,,,,,,"","client backend"
2024-06-16 19:01:25.249 CST,"raingage","benchmark",54595,"127.0.0.1:48950",666ec5b9.d543,435,"UPDATE",2024-06-16 19:00:09 CST,4/32,0,LOG,00000,"execute S_7: UPDATE bmsql_stock     SET s_quantity = $1, s_ytd = s_ytd + $2,         s_order_cnt = s_order_cnt + 1,         s_remote_cnt = s_remote_cnt + $3     WHERE s_w_id = $4 AND s_i_id = $5","parameters: $1 = '48', $2 = '3', $3 = '0', $4 = '1', $5 = '19'",,,,,,,,"","client backend"
2024-06-16 19:01:25.261 CST,"raingage","benchmark",54595,"127.0.0.1:48950",666ec5b9.d543,436,"COMMIT",2024-06-16 19:00:09 CST,4/32,115402,LOG,00000,"execute S_2: COMMIT",,,,,,,,,"","client backend"
2024-06-16 19:01:25.262 CST,"raingage","benchmark",54595,"127.0.0.1:48950",666ec5b9.d543,437,"COMMIT",2024-06-16 19:00:09 CST,4/0,115402,WARNING,01000,"registered snapshots seem to remain after cleanup",,,,,,,,,"","client backend"
2024-06-16 19:01:25.274 CST,"raingage","benchmark",54595,"127.0.0.1:48950",666ec5b9.d543,438,"BEGIN",2024-06-16 19:00:09 CST,4/33,0,LOG,00000,"execute S_3: BEGIN",,,,,,,,,"","client backend"
2024-06-16 19:01:25.291 CST,"raingage","benchmark",54595,"127.0.0.1:48950",666ec5b9.d543,439,"SELECT",2024-06-16 19:00:09 CST,4/33,0,LOG,00000,"execute S_4: SELECT d_tax, d_next_o_id     FROM bmsql_district     WHERE d_w_id = $1 AND d_id = $2 ","parameters: $1 = '1', $2 = '4'",,,,,,,,"","client backend"
2024-06-16 19:01:25.301 CST,"raingage","benchmark",54598,"127.0.0.1:48956",666ec5b9.d546,447,"SELECT",2024-06-16 19:00:09 CST,7/33,0,LOG,00000,"execute S_1: SELECT c_discount, c_last, c_credit, w_tax     FROM bmsql_customer     JOIN bmsql_warehouse ON (w_id = c_w_id)     WHERE c_w_id = $1 AND c_d_id = $2 AND c_id = $3","parameters: $1 = '1', $2 = '4', $3 = '23'",,,,,,,,"","client backend"
2024-06-16 19:01:25.312 CST,"raingage","benchmark",54598,"127.0.0.1:48956",666ec5b9.d546,448,"SELECT",2024-06-16 19:00:09 CST,7/33,0,LOG,00000,"execute S_5: SELECT i_price, i_name, i_data     FROM bmsql_item     WHERE i_id = $1","parameters: $1 = '48'",,,,,,,,"","client backend"
2024-06-16 19:01:25.328 CST,"raingage","benchmark",54598,"127.0.0.1:48956",666ec5b9.d546,449,"SELECT",2024-06-16 19:00:09 CST,7/33,0,LOG,00000,"execute S_6: SELECT s_quantity, s_data,        s_dist_01, s_dist_02, s_dist_03, s_dist_04,        s_dist_05, s_dist_06, s_dist_07, s_dist_08,        s_dist_09, s_dist_10     FROM bmsql_stock     WHERE s_w_id = $1 AND s_i_id = $2 ","parameters: $1 = '1', $2 = '48'",,,,,,,,"","client backend"
2024-06-16 19:01:25.339 CST,"raingage","benchmark",54598,"127.0.0.1:48956",666ec5b9.d546,450,"UPDATE",2024-06-16 19:00:09 CST,7/33,0,LOG,00000,"execute S_7: UPDATE bmsql_stock     SET s_quantity = $1, s_ytd = s_ytd + $2,         s_order_cnt = s_order_cnt + 1,         s_remote_cnt = s_remote_cnt + $3     WHERE s_w_id = $4 AND s_i_id = $5","parameters: $1 = '76', $2 = '7', $3 = '0', $4 = '1', $5 = '48'",,,,,,,,"","client backend"
2024-06-16 19:01:25.352 CST,"raingage","benchmark",54595,"127.0.0.1:48950",666ec5b9.d543,440,"SELECT",2024-06-16 19:00:09 CST,4/33,0,LOG,00000,"execute S_1: SELECT c_discount, c_last, c_credit, w_tax     FROM bmsql_customer     JOIN bmsql_warehouse ON (w_id = c_w_id)     WHERE c_w_id = $1 AND c_d_id = $2 AND c_id = $3","parameters: $1 = '1', $2 = '4', $3 = '85'",,,,,,,,"","client backend"
2024-06-16 19:01:25.353 CST,"raingage","benchmark",54598,"127.0.0.1:48956",666ec5b9.d546,451,"COMMIT",2024-06-16 19:00:09 CST,7/33,115403,LOG,00000,"execute S_2: COMMIT",,,,,,,,,"","client backend"
2024-06-16 19:01:25.365 CST,"raingage","benchmark",54598,"127.0.0.1:48956",666ec5b9.d546,452,"BEGIN",2024-06-16 19:00:09 CST,7/34,0,LOG,00000,"execute S_3: BEGIN",,,,,,,,,"","client backend"
2024-06-16 19:01:25.379 CST,"raingage","benchmark",54598,"127.0.0.1:48956",666ec5b9.d546,453,"SELECT",2024-06-16 19:00:09 CST,7/34,0,LOG,00000,"execute S_4: SELECT d_tax, d_next_o_id     FROM bmsql_district     WHERE d_w_id = $1 AND d_id = $2 ","parameters: $1 = '1', $2 = '4'",,,,,,,,"","client backend"
2024-06-16 19:01:25.419 CST,"raingage","benchmark",54595,"127.0.0.1:48950",666ec5b9.d543,441,"SELECT",2024-06-16 19:00:09 CST,4/33,0,LOG,00000,"execute S_1: SELECT c_discount, c_last, c_credit, w_tax     FROM bmsql_customer     JOIN bmsql_warehouse ON (w_id = c_w_id)     WHERE c_w_id = $1 AND c_d_id = $2 AND c_id = $3","parameters: $1 = '1', $2 = '4', $3 = '85'",,,,,,,,"","client backend"
2024-06-16 19:01:25.484 CST,"raingage","benchmark",54595,"127.0.0.1:48950",666ec5b9.d543,442,"SELECT",2024-06-16 19:00:09 CST,4/33,0,LOG,00000,"execute S_1: SELECT c_discount, c_last, c_credit, w_tax     FROM bmsql_customer     JOIN bmsql_warehouse ON (w_id = c_w_id)     WHERE c_w_id = $1 AND c_d_id = $2 AND c_id = $3","parameters: $1 = '1', $2 = '4', $3 = '85'",,,,,,,,"","client backend"
2024-06-16 19:01:25.551 CST,"raingage","benchmark",54595,"127.0.0.1:48950",666ec5b9.d543,443,"SELECT",2024-06-16 19:00:09 CST,4/33,0,LOG,00000,"execute S_1: SELECT c_discount, c_last, c_credit, w_tax     FROM bmsql_customer     JOIN bmsql_warehouse ON (w_id = c_w_id)     WHERE c_w_id = $1 AND c_d_id = $2 AND c_id = $3","parameters: $1 = '1', $2 = '4', $3 = '85'",,,,,,,,"","client backend"
2024-06-16 19:01:25.622 CST,"raingage","benchmark",54595,"127.0.0.1:48950",666ec5b9.d543,444,"SELECT",2024-06-16 19:00:09 CST,4/33,0,LOG,00000,"execute S_1: SELECT c_discount, c_last, c_credit, w_tax     FROM bmsql_customer     JOIN bmsql_warehouse ON (w_id = c_w_id)     WHERE c_w_id = $1 AND c_d_id = $2 AND c_id = $3","parameters: $1 = '1', $2 = '4', $3 = '85'",,,,,,,,"","client backend"
2024-06-16 19:01:25.691 CST,"raingage","benchmark",54595,"127.0.0.1:48950",666ec5b9.d543,445,"SELECT",2024-06-16 19:00:09 CST,4/33,0,LOG,00000,"execute S_1: SELECT c_discount, c_last, c_credit, w_tax     FROM bmsql_customer     JOIN bmsql_warehouse ON (w_id = c_w_id)     WHERE c_w_id = $1 AND c_d_id = $2 AND c_id = $3","parameters: $1 = '1', $2 = '4', $3 = '85'",,,,,,,,"","client backend"
2024-06-16 19:01:25.756 CST,"raingage","benchmark",54595,"127.0.0.1:48950",666ec5b9.d543,446,"SELECT",2024-06-16 19:00:09 CST,4/33,0,LOG,00000,"execute S_1: SELECT c_discount, c_last, c_credit, w_tax     FROM bmsql_customer     JOIN bmsql_warehouse ON (w_id = c_w_id)     WHERE c_w_id = $1 AND c_d_id = $2 AND c_id = $3","parameters: $1 = '1', $2 = '4', $3 = '85'",,,,,,,,"","client backend"
2024-06-16 19:01:25.820 CST,"raingage","benchmark",54595,"127.0.0.1:48950",666ec5b9.d543,447,"SELECT",2024-06-16 19:00:09 CST,4/33,0,LOG,00000,"execute S_1: SELECT c_discount, c_last, c_credit, w_tax     FROM bmsql_customer     JOIN bmsql_warehouse ON (w_id = c_w_id)     WHERE c_w_id = $1 AND c_d_id = $2 AND c_id = $3","parameters: $1 = '1', $2 = '4', $3 = '85'",,,,,,,,"","client backend"
2024-06-16 19:01:25.840 CST,"raingage","benchmark",54595,"127.0.0.1:48950",666ec5b9.d543,448,"SELECT",2024-06-16 19:00:09 CST,4/33,0,LOG,00000,"execute S_5: SELECT i_price, i_name, i_data     FROM bmsql_item     WHERE i_id = $1","parameters: $1 = '67'",,,,,,,,"","client backend"
2024-06-16 19:01:25.852 CST,"raingage","benchmark",54595,"127.0.0.1:48950",666ec5b9.d543,449,"SELECT",2024-06-16 19:00:09 CST,4/33,0,LOG,00000,"execute S_6: SELECT s_quantity, s_data,        s_dist_01, s_dist_02, s_dist_03, s_dist_04,        s_dist_05, s_dist_06, s_dist_07, s_dist_08,        s_dist_09, s_dist_10     FROM bmsql_stock     WHERE s_w_id = $1 AND s_i_id = $2 ","parameters: $1 = '1', $2 = '67'",,,,,,,,"","client backend"
2024-06-16 19:01:25.863 CST,"raingage","benchmark",54595,"127.0.0.1:48950",666ec5b9.d543,450,"UPDATE",2024-06-16 19:00:09 CST,4/33,0,LOG,00000,"execute S_7: UPDATE bmsql_stock     SET s_quantity = $1, s_ytd = s_ytd + $2,         s_order_cnt = s_order_cnt + 1,         s_remote_cnt = s_remote_cnt + $3     WHERE s_w_id = $4 AND s_i_id = $5","parameters: $1 = '96', $2 = '4', $3 = '0', $4 = '1', $5 = '67'",,,,,,,,"","client backend"
2024-06-16 19:01:25.883 CST,"raingage","benchmark",54595,"127.0.0.1:48950",666ec5b9.d543,451,"COMMIT",2024-06-16 19:00:09 CST,4/33,115404,LOG,00000,"execute S_2: COMMIT",,,,,,,,,"","client backend"
2024-06-16 19:01:25.883 CST,"raingage","benchmark",54598,"127.0.0.1:48956",666ec5b9.d546,454,"SELECT",2024-06-16 19:00:09 CST,7/34,0,LOG,00000,"execute S_1: SELECT c_discount, c_last, c_credit, w_tax     FROM bmsql_customer     JOIN bmsql_warehouse ON (w_id = c_w_id)     WHERE c_w_id = $1 AND c_d_id = $2 AND c_id = $3","parameters: $1 = '1', $2 = '4', $3 = '85'",,,,,,,,"","client backend"
2024-06-16 19:01:25.896 CST,"raingage","benchmark",54595,"127.0.0.1:48950",666ec5b9.d543,452,"BEGIN",2024-06-16 19:00:09 CST,4/34,0,LOG,00000,"execute S_3: BEGIN",,,,,,,,,"","client backend"
2024-06-16 19:01:25.915 CST,"raingage","benchmark",54595,"127.0.0.1:48950",666ec5b9.d543,453,"SELECT",2024-06-16 19:00:09 CST,4/34,0,LOG,00000,"execute S_4: SELECT d_tax, d_next_o_id     FROM bmsql_district     WHERE d_w_id = $1 AND d_id = $2 ","parameters: $1 = '1', $2 = '3'",,,,,,,,"","client backend"
2024-06-16 19:01:25.946 CST,"raingage","benchmark",54598,"127.0.0.1:48956",666ec5b9.d546,455,"SELECT",2024-06-16 19:00:09 CST,7/34,0,LOG,00000,"execute S_1: SELECT c_discount, c_last, c_credit, w_tax     FROM bmsql_customer     JOIN bmsql_warehouse ON (w_id = c_w_id)     WHERE c_w_id = $1 AND c_d_id = $2 AND c_id = $3","parameters: $1 = '1', $2 = '4', $3 = '85'",,,,,,,,"","client backend"
2024-06-16 19:01:25.982 CST,"raingage","benchmark",54595,"127.0.0.1:48950",666ec5b9.d543,454,"SELECT",2024-06-16 19:00:09 CST,4/34,0,LOG,00000,"execute S_1: SELECT c_discount, c_last, c_credit, w_tax     FROM bmsql_customer     JOIN bmsql_warehouse ON (w_id = c_w_id)     WHERE c_w_id = $1 AND c_d_id = $2 AND c_id = $3","parameters: $1 = '1', $2 = '3', $3 = '91'",,,,,,,,"","client backend"
2024-06-16 19:01:26.011 CST,"raingage","benchmark",54598,"127.0.0.1:48956",666ec5b9.d546,456,"SELECT",2024-06-16 19:00:09 CST,7/34,0,LOG,00000,"execute S_1: SELECT c_discount, c_last, c_credit, w_tax     FROM bmsql_customer     JOIN bmsql_warehouse ON (w_id = c_w_id)     WHERE c_w_id = $1 AND c_d_id = $2 AND c_id = $3","parameters: $1 = '1', $2 = '4', $3 = '85'",,,,,,,,"","client backend"
2024-06-16 19:01:26.052 CST,"raingage","benchmark",54595,"127.0.0.1:48950",666ec5b9.d543,455,"SELECT",2024-06-16 19:00:09 CST,4/34,0,LOG,00000,"execute S_1: SELECT c_discount, c_last, c_credit, w_tax     FROM bmsql_customer     JOIN bmsql_warehouse ON (w_id = c_w_id)     WHERE c_w_id = $1 AND c_d_id = $2 AND c_id = $3","parameters: $1 = '1', $2 = '3', $3 = '91'",,,,,,,,"","client backend"
2024-06-16 19:01:26.078 CST,"raingage","benchmark",54598,"127.0.0.1:48956",666ec5b9.d546,457,"SELECT",2024-06-16 19:00:09 CST,7/34,0,LOG,00000,"execute S_1: SELECT c_discount, c_last, c_credit, w_tax     FROM bmsql_customer     JOIN bmsql_warehouse ON (w_id = c_w_id)     WHERE c_w_id = $1 AND c_d_id = $2 AND c_id = $3","parameters: $1 = '1', $2 = '4', $3 = '85'",,,,,,,,"","client backend"
2024-06-16 19:01:26.115 CST,"raingage","benchmark",54595,"127.0.0.1:48950",666ec5b9.d543,456,"SELECT",2024-06-16 19:00:09 CST,4/34,0,LOG,00000,"execute S_1: SELECT c_discount, c_last, c_credit, w_tax     FROM bmsql_customer     JOIN bmsql_warehouse ON (w_id = c_w_id)     WHERE c_w_id = $1 AND c_d_id = $2 AND c_id = $3","parameters: $1 = '1', $2 = '3', $3 = '91'",,,,,,,,"","client backend"
2024-06-16 19:01:26.140 CST,"raingage","benchmark",54598,"127.0.0.1:48956",666ec5b9.d546,458,"SELECT",2024-06-16 19:00:09 CST,7/34,0,LOG,00000,"execute S_1: SELECT c_discount, c_last, c_credit, w_tax     FROM bmsql_customer     JOIN bmsql_warehouse ON (w_id = c_w_id)     WHERE c_w_id = $1 AND c_d_id = $2 AND c_id = $3","parameters: $1 = '1', $2 = '4', $3 = '85'",,,,,,,,"","client backend"
2024-06-16 19:01:26.178 CST,"raingage","benchmark",54595,"127.0.0.1:48950",666ec5b9.d543,457,"SELECT",2024-06-16 19:00:09 CST,4/34,0,LOG,00000,"execute S_1: SELECT c_discount, c_last, c_credit, w_tax     FROM bmsql_customer     JOIN bmsql_warehouse ON (w_id = c_w_id)     WHERE c_w_id = $1 AND c_d_id = $2 AND c_id = $3","parameters: $1 = '1', $2 = '3', $3 = '91'",,,,,,,,"","client backend"
2024-06-16 19:01:26.209 CST,"raingage","benchmark",54598,"127.0.0.1:48956",666ec5b9.d546,459,"SELECT",2024-06-16 19:00:09 CST,7/34,0,LOG,00000,"execute S_1: SELECT c_discount, c_last, c_credit, w_tax     FROM bmsql_customer     JOIN bmsql_warehouse ON (w_id = c_w_id)     WHERE c_w_id = $1 AND c_d_id = $2 AND c_id = $3","parameters: $1 = '1', $2 = '4', $3 = '85'",,,,,,,,"","client backend"
2024-06-16 19:01:26.241 CST,"raingage","benchmark",54595,"127.0.0.1:48950",666ec5b9.d543,458,"SELECT",2024-06-16 19:00:09 CST,4/34,0,LOG,00000,"execute S_1: SELECT c_discount, c_last, c_credit, w_tax     FROM bmsql_customer     JOIN bmsql_warehouse ON (w_id = c_w_id)     WHERE c_w_id = $1 AND c_d_id = $2 AND c_id = $3","parameters: $1 = '1', $2 = '3', $3 = '91'",,,,,,,,"","client backend"
2024-06-16 19:01:26.274 CST,"raingage","benchmark",54598,"127.0.0.1:48956",666ec5b9.d546,460,"SELECT",2024-06-16 19:00:09 CST,7/34,0,LOG,00000,"execute S_1: SELECT c_discount, c_last, c_credit, w_tax     FROM bmsql_customer     JOIN bmsql_warehouse ON (w_id = c_w_id)     WHERE c_w_id = $1 AND c_d_id = $2 AND c_id = $3","parameters: $1 = '1', $2 = '4', $3 = '85'",,,,,,,,"","client backend"
2024-06-16 19:01:26.309 CST,"raingage","benchmark",54595,"127.0.0.1:48950",666ec5b9.d543,459,"SELECT",2024-06-16 19:00:09 CST,4/34,0,LOG,00000,"execute S_1: SELECT c_discount, c_last, c_credit, w_tax     FROM bmsql_customer     JOIN bmsql_warehouse ON (w_id = c_w_id)     WHERE c_w_id = $1 AND c_d_id = $2 AND c_id = $3","parameters: $1 = '1', $2 = '3', $3 = '91'",,,,,,,,"","client backend"
2024-06-16 19:01:26.344 CST,"raingage","benchmark",54598,"127.0.0.1:48956",666ec5b9.d546,461,"SELECT",2024-06-16 19:00:09 CST,7/34,0,LOG,00000,"execute S_1: SELECT c_discount, c_last, c_credit, w_tax     FROM bmsql_customer     JOIN bmsql_warehouse ON (w_id = c_w_id)     WHERE c_w_id = $1 AND c_d_id = $2 AND c_id = $3","parameters: $1 = '1', $2 = '4', $3 = '85'",,,,,,,,"","client backend"
2024-06-16 19:01:26.359 CST,"raingage","benchmark",54598,"127.0.0.1:48956",666ec5b9.d546,462,"SELECT",2024-06-16 19:00:09 CST,7/34,0,LOG,00000,"execute S_5: SELECT i_price, i_name, i_data     FROM bmsql_item     WHERE i_id = $1","parameters: $1 = '67'",,,,,,,,"","client backend"
2024-06-16 19:01:26.373 CST,"raingage","benchmark",54595,"127.0.0.1:48950",666ec5b9.d543,460,"SELECT",2024-06-16 19:00:09 CST,4/34,0,LOG,00000,"execute S_1: SELECT c_discount, c_last, c_credit, w_tax     FROM bmsql_customer     JOIN bmsql_warehouse ON (w_id = c_w_id)     WHERE c_w_id = $1 AND c_d_id = $2 AND c_id = $3","parameters: $1 = '1', $2 = '3', $3 = '91'",,,,,,,,"","client backend"
2024-06-16 19:01:26.378 CST,"raingage","benchmark",54598,"127.0.0.1:48956",666ec5b9.d546,463,"SELECT",2024-06-16 19:00:09 CST,7/34,0,LOG,00000,"execute S_6: SELECT s_quantity, s_data,        s_dist_01, s_dist_02, s_dist_03, s_dist_04,        s_dist_05, s_dist_06, s_dist_07, s_dist_08,        s_dist_09, s_dist_10     FROM bmsql_stock     WHERE s_w_id = $1 AND s_i_id = $2 ","parameters: $1 = '1', $2 = '67'",,,,,,,,"","client backend"
2024-06-16 19:01:26.390 CST,"raingage","benchmark",54598,"127.0.0.1:48956",666ec5b9.d546,464,"UPDATE",2024-06-16 19:00:09 CST,7/34,0,LOG,00000,"execute S_7: UPDATE bmsql_stock     SET s_quantity = $1, s_ytd = s_ytd + $2,         s_order_cnt = s_order_cnt + 1,         s_remote_cnt = s_remote_cnt + $3     WHERE s_w_id = $4 AND s_i_id = $5","parameters: $1 = '96', $2 = '4', $3 = '0', $4 = '1', $5 = '67'",,,,,,,,"","client backend"
2024-06-16 19:01:26.405 CST,"raingage","benchmark",54598,"127.0.0.1:48956",666ec5b9.d546,465,"COMMIT",2024-06-16 19:00:09 CST,7/34,115405,LOG,00000,"execute S_2: COMMIT",,,,,,,,,"","client backend"
2024-06-16 19:01:26.406 CST,"raingage","benchmark",54598,"127.0.0.1:48956",666ec5b9.d546,466,"COMMIT",2024-06-16 19:00:09 CST,7/0,115405,WARNING,01000,"registered snapshots seem to remain after cleanup",,,,,,,,,"","client backend"
2024-06-16 19:01:26.424 CST,"raingage","benchmark",54598,"127.0.0.1:48956",666ec5b9.d546,467,"BEGIN",2024-06-16 19:00:09 CST,7/35,0,LOG,00000,"execute S_3: BEGIN",,,,,,,,,"","client backend"
2024-06-16 19:01:26.435 CST,"raingage","benchmark",54595,"127.0.0.1:48950",666ec5b9.d543,461,"SELECT",2024-06-16 19:00:09 CST,4/34,0,LOG,00000,"execute S_1: SELECT c_discount, c_last, c_credit, w_tax     FROM bmsql_customer     JOIN bmsql_warehouse ON (w_id = c_w_id)     WHERE c_w_id = $1 AND c_d_id = $2 AND c_id = $3","parameters: $1 = '1', $2 = '3', $3 = '91'",,,,,,,,"","client backend"
2024-06-16 19:01:26.441 CST,"raingage","benchmark",54598,"127.0.0.1:48956",666ec5b9.d546,468,"SELECT",2024-06-16 19:00:09 CST,7/35,0,LOG,00000,"execute S_4: SELECT d_tax, d_next_o_id     FROM bmsql_district     WHERE d_w_id = $1 AND d_id = $2 ","parameters: $1 = '1', $2 = '3'",,,,,,,,"","client backend"
2024-06-16 19:01:26.453 CST,"raingage","benchmark",54595,"127.0.0.1:48950",666ec5b9.d543,462,"SELECT",2024-06-16 19:00:09 CST,4/34,0,LOG,00000,"execute S_5: SELECT i_price, i_name, i_data     FROM bmsql_item     WHERE i_id = $1","parameters: $1 = '50'",,,,,,,,"","client backend"
2024-06-16 19:01:26.473 CST,"raingage","benchmark",54595,"127.0.0.1:48950",666ec5b9.d543,463,"SELECT",2024-06-16 19:00:09 CST,4/34,0,LOG,00000,"execute S_6: SELECT s_quantity, s_data,        s_dist_01, s_dist_02, s_dist_03, s_dist_04,        s_dist_05, s_dist_06, s_dist_07, s_dist_08,        s_dist_09, s_dist_10     FROM bmsql_stock     WHERE s_w_id = $1 AND s_i_id = $2 ","parameters: $1 = '1', $2 = '50'",,,,,,,,"","client backend"
2024-06-16 19:01:26.489 CST,"raingage","benchmark",54595,"127.0.0.1:48950",666ec5b9.d543,464,"UPDATE",2024-06-16 19:00:09 CST,4/34,0,LOG,00000,"execute S_7: UPDATE bmsql_stock     SET s_quantity = $1, s_ytd = s_ytd + $2,         s_order_cnt = s_order_cnt + 1,         s_remote_cnt = s_remote_cnt + $3     WHERE s_w_id = $4 AND s_i_id = $5","parameters: $1 = '61', $2 = '2', $3 = '0', $4 = '1', $5 = '50'",,,,,,,,"","client backend"
2024-06-16 19:01:26.505 CST,"raingage","benchmark",54595,"127.0.0.1:48950",666ec5b9.d543,465,"COMMIT",2024-06-16 19:00:09 CST,4/34,115406,LOG,00000,"execute S_2: COMMIT",,,,,,,,,"","client backend"
2024-06-16 19:01:26.508 CST,"raingage","benchmark",54598,"127.0.0.1:48956",666ec5b9.d546,469,"SELECT",2024-06-16 19:00:09 CST,7/35,0,LOG,00000,"execute S_1: SELECT c_discount, c_last, c_credit, w_tax     FROM bmsql_customer     JOIN bmsql_warehouse ON (w_id = c_w_id)     WHERE c_w_id = $1 AND c_d_id = $2 AND c_id = $3","parameters: $1 = '1', $2 = '3', $3 = '91'",,,,,,,,"","client backend"
2024-06-16 19:01:26.517 CST,"raingage","benchmark",54595,"127.0.0.1:48950",666ec5b9.d543,466,"BEGIN",2024-06-16 19:00:09 CST,4/35,0,LOG,00000,"execute S_3: BEGIN",,,,,,,,,"","client backend"
2024-06-16 19:01:26.535 CST,"raingage","benchmark",54595,"127.0.0.1:48950",666ec5b9.d543,467,"SELECT",2024-06-16 19:00:09 CST,4/35,0,LOG,00000,"execute S_4: SELECT d_tax, d_next_o_id     FROM bmsql_district     WHERE d_w_id = $1 AND d_id = $2 ","parameters: $1 = '1', $2 = '2'",,,,,,,,"","client backend"
2024-06-16 19:01:26.576 CST,"raingage","benchmark",54598,"127.0.0.1:48956",666ec5b9.d546,470,"SELECT",2024-06-16 19:00:09 CST,7/35,0,LOG,00000,"execute S_1: SELECT c_discount, c_last, c_credit, w_tax     FROM bmsql_customer     JOIN bmsql_warehouse ON (w_id = c_w_id)     WHERE c_w_id = $1 AND c_d_id = $2 AND c_id = $3","parameters: $1 = '1', $2 = '3', $3 = '91'",,,,,,,,"","client backend"
2024-06-16 19:01:26.603 CST,"raingage","benchmark",54595,"127.0.0.1:48950",666ec5b9.d543,468,"SELECT",2024-06-16 19:00:09 CST,4/35,0,LOG,00000,"execute S_1: SELECT c_discount, c_last, c_credit, w_tax     FROM bmsql_customer     JOIN bmsql_warehouse ON (w_id = c_w_id)     WHERE c_w_id = $1 AND c_d_id = $2 AND c_id = $3","parameters: $1 = '1', $2 = '2', $3 = '18'",,,,,,,,"","client backend"
2024-06-16 19:01:26.640 CST,"raingage","benchmark",54598,"127.0.0.1:48956",666ec5b9.d546,471,"SELECT",2024-06-16 19:00:09 CST,7/35,0,LOG,00000,"execute S_1: SELECT c_discount, c_last, c_credit, w_tax     FROM bmsql_customer     JOIN bmsql_warehouse ON (w_id = c_w_id)     WHERE c_w_id = $1 AND c_d_id = $2 AND c_id = $3","parameters: $1 = '1', $2 = '3', $3 = '91'",,,,,,,,"","client backend"
2024-06-16 19:01:26.670 CST,"raingage","benchmark",54595,"127.0.0.1:48950",666ec5b9.d543,469,"SELECT",2024-06-16 19:00:09 CST,4/35,0,LOG,00000,"execute S_1: SELECT c_discount, c_last, c_credit, w_tax     FROM bmsql_customer     JOIN bmsql_warehouse ON (w_id = c_w_id)     WHERE c_w_id = $1 AND c_d_id = $2 AND c_id = $3","parameters: $1 = '1', $2 = '2', $3 = '18'",,,,,,,,"","client backend"
2024-06-16 19:01:26.711 CST,"raingage","benchmark",54598,"127.0.0.1:48956",666ec5b9.d546,472,"SELECT",2024-06-16 19:00:09 CST,7/35,0,LOG,00000,"execute S_1: SELECT c_discount, c_last, c_credit, w_tax     FROM bmsql_customer     JOIN bmsql_warehouse ON (w_id = c_w_id)     WHERE c_w_id = $1 AND c_d_id = $2 AND c_id = $3","parameters: $1 = '1', $2 = '3', $3 = '91'",,,,,,,,"","client backend"
2024-06-16 19:01:26.735 CST,"raingage","benchmark",54595,"127.0.0.1:48950",666ec5b9.d543,470,"SELECT",2024-06-16 19:00:09 CST,4/35,0,LOG,00000,"execute S_1: SELECT c_discount, c_last, c_credit, w_tax     FROM bmsql_customer     JOIN bmsql_warehouse ON (w_id = c_w_id)     WHERE c_w_id = $1 AND c_d_id = $2 AND c_id = $3","parameters: $1 = '1', $2 = '2', $3 = '18'",,,,,,,,"","client backend"
2024-06-16 19:01:26.775 CST,"raingage","benchmark",54598,"127.0.0.1:48956",666ec5b9.d546,473,"SELECT",2024-06-16 19:00:09 CST,7/35,0,LOG,00000,"execute S_1: SELECT c_discount, c_last, c_credit, w_tax     FROM bmsql_customer     JOIN bmsql_warehouse ON (w_id = c_w_id)     WHERE c_w_id = $1 AND c_d_id = $2 AND c_id = $3","parameters: $1 = '1', $2 = '3', $3 = '91'",,,,,,,,"","client backend"
2024-06-16 19:01:26.805 CST,"raingage","benchmark",54595,"127.0.0.1:48950",666ec5b9.d543,471,"SELECT",2024-06-16 19:00:09 CST,4/35,0,LOG,00000,"execute S_1: SELECT c_discount, c_last, c_credit, w_tax     FROM bmsql_customer     JOIN bmsql_warehouse ON (w_id = c_w_id)     WHERE c_w_id = $1 AND c_d_id = $2 AND c_id = $3","parameters: $1 = '1', $2 = '2', $3 = '18'",,,,,,,,"","client backend"
2024-06-16 19:01:26.840 CST,"raingage","benchmark",54598,"127.0.0.1:48956",666ec5b9.d546,474,"SELECT",2024-06-16 19:00:09 CST,7/35,0,LOG,00000,"execute S_1: SELECT c_discount, c_last, c_credit, w_tax     FROM bmsql_customer     JOIN bmsql_warehouse ON (w_id = c_w_id)     WHERE c_w_id = $1 AND c_d_id = $2 AND c_id = $3","parameters: $1 = '1', $2 = '3', $3 = '91'",,,,,,,,"","client backend"
2024-06-16 19:01:26.868 CST,"raingage","benchmark",54595,"127.0.0.1:48950",666ec5b9.d543,472,"SELECT",2024-06-16 19:00:09 CST,4/35,0,LOG,00000,"execute S_1: SELECT c_discount, c_last, c_credit, w_tax     FROM bmsql_customer     JOIN bmsql_warehouse ON (w_id = c_w_id)     WHERE c_w_id = $1 AND c_d_id = $2 AND c_id = $3","parameters: $1 = '1', $2 = '2', $3 = '18'",,,,,,,,"","client backend"
2024-06-16 19:01:26.905 CST,"raingage","benchmark",54598,"127.0.0.1:48956",666ec5b9.d546,475,"SELECT",2024-06-16 19:00:09 CST,7/35,0,LOG,00000,"execute S_1: SELECT c_discount, c_last, c_credit, w_tax     FROM bmsql_customer     JOIN bmsql_warehouse ON (w_id = c_w_id)     WHERE c_w_id = $1 AND c_d_id = $2 AND c_id = $3","parameters: $1 = '1', $2 = '3', $3 = '91'",,,,,,,,"","client backend"
2024-06-16 19:01:26.936 CST,"raingage","benchmark",54595,"127.0.0.1:48950",666ec5b9.d543,473,"SELECT",2024-06-16 19:00:09 CST,4/35,0,LOG,00000,"execute S_1: SELECT c_discount, c_last, c_credit, w_tax     FROM bmsql_customer     JOIN bmsql_warehouse ON (w_id = c_w_id)     WHERE c_w_id = $1 AND c_d_id = $2 AND c_id = $3","parameters: $1 = '1', $2 = '2', $3 = '18'",,,,,,,,"","client backend"
2024-06-16 19:01:26.975 CST,"raingage","benchmark",54598,"127.0.0.1:48956",666ec5b9.d546,476,"SELECT",2024-06-16 19:00:09 CST,7/35,0,LOG,00000,"execute S_1: SELECT c_discount, c_last, c_credit, w_tax     FROM bmsql_customer     JOIN bmsql_warehouse ON (w_id = c_w_id)     WHERE c_w_id = $1 AND c_d_id = $2 AND c_id = $3","parameters: $1 = '1', $2 = '3', $3 = '91'",,,,,,,,"","client backend"
2024-06-16 19:01:26.985 CST,"raingage","benchmark",54598,"127.0.0.1:48956",666ec5b9.d546,477,"SELECT",2024-06-16 19:00:09 CST,7/35,0,LOG,00000,"execute S_5: SELECT i_price, i_name, i_data     FROM bmsql_item     WHERE i_id = $1","parameters: $1 = '50'",,,,,,,,"","client backend"
2024-06-16 19:01:27.001 CST,"raingage","benchmark",54595,"127.0.0.1:48950",666ec5b9.d543,474,"SELECT",2024-06-16 19:00:09 CST,4/35,0,LOG,00000,"execute S_1: SELECT c_discount, c_last, c_credit, w_tax     FROM bmsql_customer     JOIN bmsql_warehouse ON (w_id = c_w_id)     WHERE c_w_id = $1 AND c_d_id = $2 AND c_id = $3","parameters: $1 = '1', $2 = '2', $3 = '18'",,,,,,,,"","client backend"
2024-06-16 19:01:27.001 CST,"raingage","benchmark",54598,"127.0.0.1:48956",666ec5b9.d546,478,"SELECT",2024-06-16 19:00:09 CST,7/35,0,LOG,00000,"execute S_6: SELECT s_quantity, s_data,        s_dist_01, s_dist_02, s_dist_03, s_dist_04,        s_dist_05, s_dist_06, s_dist_07, s_dist_08,        s_dist_09, s_dist_10     FROM bmsql_stock     WHERE s_w_id = $1 AND s_i_id = $2 ","parameters: $1 = '1', $2 = '50'",,,,,,,,"","client backend"
2024-06-16 19:01:27.022 CST,"raingage","benchmark",54598,"127.0.0.1:48956",666ec5b9.d546,479,"UPDATE",2024-06-16 19:00:09 CST,7/35,0,LOG,00000,"execute S_7: UPDATE bmsql_stock     SET s_quantity = $1, s_ytd = s_ytd + $2,         s_order_cnt = s_order_cnt + 1,         s_remote_cnt = s_remote_cnt + $3     WHERE s_w_id = $4 AND s_i_id = $5","parameters: $1 = '61', $2 = '2', $3 = '0', $4 = '1', $5 = '50'",,,,,,,,"","client backend"
2024-06-16 19:01:27.035 CST,"raingage","benchmark",54598,"127.0.0.1:48956",666ec5b9.d546,480,"COMMIT",2024-06-16 19:00:09 CST,7/35,115407,LOG,00000,"execute S_2: COMMIT",,,,,,,,,"","client backend"
2024-06-16 19:01:27.048 CST,"raingage","benchmark",54598,"127.0.0.1:48956",666ec5b9.d546,481,"BEGIN",2024-06-16 19:00:09 CST,7/36,0,LOG,00000,"execute S_3: BEGIN",,,,,,,,,"","client backend"
2024-06-16 19:01:27.060 CST,"raingage","benchmark",54598,"127.0.0.1:48956",666ec5b9.d546,482,"SELECT",2024-06-16 19:00:09 CST,7/36,0,LOG,00000,"execute S_4: SELECT d_tax, d_next_o_id     FROM bmsql_district     WHERE d_w_id = $1 AND d_id = $2 ","parameters: $1 = '1', $2 = '4'",,,,,,,,"","client backend"
2024-06-16 19:01:27.062 CST,"raingage","benchmark",54595,"127.0.0.1:48950",666ec5b9.d543,475,"SELECT",2024-06-16 19:00:09 CST,4/35,0,LOG,00000,"execute S_1: SELECT c_discount, c_last, c_credit, w_tax     FROM bmsql_customer     JOIN bmsql_warehouse ON (w_id = c_w_id)     WHERE c_w_id = $1 AND c_d_id = $2 AND c_id = $3","parameters: $1 = '1', $2 = '2', $3 = '18'",,,,,,,,"","client backend"
2024-06-16 19:01:27.078 CST,"raingage","benchmark",54595,"127.0.0.1:48950",666ec5b9.d543,476,"SELECT",2024-06-16 19:00:09 CST,4/35,0,LOG,00000,"execute S_5: SELECT i_price, i_name, i_data     FROM bmsql_item     WHERE i_id = $1","parameters: $1 = '31'",,,,,,,,"","client backend"
2024-06-16 19:01:27.096 CST,"raingage","benchmark",54595,"127.0.0.1:48950",666ec5b9.d543,477,"SELECT",2024-06-16 19:00:09 CST,4/35,0,LOG,00000,"execute S_6: SELECT s_quantity, s_data,        s_dist_01, s_dist_02, s_dist_03, s_dist_04,        s_dist_05, s_dist_06, s_dist_07, s_dist_08,        s_dist_09, s_dist_10     FROM bmsql_stock     WHERE s_w_id = $1 AND s_i_id = $2 ","parameters: $1 = '1', $2 = '31'",,,,,,,,"","client backend"
2024-06-16 19:01:27.111 CST,"raingage","benchmark",54595,"127.0.0.1:48950",666ec5b9.d543,478,"UPDATE",2024-06-16 19:00:09 CST,4/35,0,LOG,00000,"execute S_7: UPDATE bmsql_stock     SET s_quantity = $1, s_ytd = s_ytd + $2,         s_order_cnt = s_order_cnt + 1,         s_remote_cnt = s_remote_cnt + $3     WHERE s_w_id = $4 AND s_i_id = $5","parameters: $1 = '19', $2 = '4', $3 = '0', $4 = '1', $5 = '31'",,,,,,,,"","client backend"
2024-06-16 19:01:27.127 CST,"raingage","benchmark",54595,"127.0.0.1:48950",666ec5b9.d543,479,"COMMIT",2024-06-16 19:00:09 CST,4/35,115408,LOG,00000,"execute S_2: COMMIT",,,,,,,,,"","client backend"
2024-06-16 19:01:27.128 CST,"raingage","benchmark",54598,"127.0.0.1:48956",666ec5b9.d546,483,"SELECT",2024-06-16 19:00:09 CST,7/36,0,LOG,00000,"execute S_1: SELECT c_discount, c_last, c_credit, w_tax     FROM bmsql_customer     JOIN bmsql_warehouse ON (w_id = c_w_id)     WHERE c_w_id = $1 AND c_d_id = $2 AND c_id = $3","parameters: $1 = '1', $2 = '4', $3 = '45'",,,,,,,,"","client backend"
2024-06-16 19:01:27.147 CST,"raingage","benchmark",54595,"127.0.0.1:48950",666ec5b9.d543,480,"BEGIN",2024-06-16 19:00:09 CST,4/36,0,LOG,00000,"execute S_3: BEGIN",,,,,,,,,"","client backend"
2024-06-16 19:01:27.164 CST,"raingage","benchmark",54595,"127.0.0.1:48950",666ec5b9.d543,481,"SELECT",2024-06-16 19:00:09 CST,4/36,0,LOG,00000,"execute S_4: SELECT d_tax, d_next_o_id     FROM bmsql_district     WHERE d_w_id = $1 AND d_id = $2 ","parameters: $1 = '1', $2 = '4'",,,,,,,,"","client backend"
2024-06-16 19:01:27.191 CST,"raingage","benchmark",54598,"127.0.0.1:48956",666ec5b9.d546,484,"SELECT",2024-06-16 19:00:09 CST,7/36,0,LOG,00000,"execute S_1: SELECT c_discount, c_last, c_credit, w_tax     FROM bmsql_customer     JOIN bmsql_warehouse ON (w_id = c_w_id)     WHERE c_w_id = $1 AND c_d_id = $2 AND c_id = $3","parameters: $1 = '1', $2 = '4', $3 = '45'",,,,,,,,"","client backend"
2024-06-16 19:01:27.258 CST,"raingage","benchmark",54598,"127.0.0.1:48956",666ec5b9.d546,485,"SELECT",2024-06-16 19:00:09 CST,7/36,0,LOG,00000,"execute S_1: SELECT c_discount, c_last, c_credit, w_tax     FROM bmsql_customer     JOIN bmsql_warehouse ON (w_id = c_w_id)     WHERE c_w_id = $1 AND c_d_id = $2 AND c_id = $3","parameters: $1 = '1', $2 = '4', $3 = '45'",,,,,,,,"","client backend"
2024-06-16 19:01:27.320 CST,"raingage","benchmark",54598,"127.0.0.1:48956",666ec5b9.d546,486,"SELECT",2024-06-16 19:00:09 CST,7/36,0,LOG,00000,"execute S_1: SELECT c_discount, c_last, c_credit, w_tax     FROM bmsql_customer     JOIN bmsql_warehouse ON (w_id = c_w_id)     WHERE c_w_id = $1 AND c_d_id = $2 AND c_id = $3","parameters: $1 = '1', $2 = '4', $3 = '45'",,,,,,,,"","client backend"
2024-06-16 19:01:27.387 CST,"raingage","benchmark",54598,"127.0.0.1:48956",666ec5b9.d546,487,"SELECT",2024-06-16 19:00:09 CST,7/36,0,LOG,00000,"execute S_1: SELECT c_discount, c_last, c_credit, w_tax     FROM bmsql_customer     JOIN bmsql_warehouse ON (w_id = c_w_id)     WHERE c_w_id = $1 AND c_d_id = $2 AND c_id = $3","parameters: $1 = '1', $2 = '4', $3 = '45'",,,,,,,,"","client backend"
2024-06-16 19:01:27.458 CST,"raingage","benchmark",54598,"127.0.0.1:48956",666ec5b9.d546,488,"SELECT",2024-06-16 19:00:09 CST,7/36,0,LOG,00000,"execute S_1: SELECT c_discount, c_last, c_credit, w_tax     FROM bmsql_customer     JOIN bmsql_warehouse ON (w_id = c_w_id)     WHERE c_w_id = $1 AND c_d_id = $2 AND c_id = $3","parameters: $1 = '1', $2 = '4', $3 = '45'",,,,,,,,"","client backend"
2024-06-16 19:01:27.526 CST,"raingage","benchmark",54598,"127.0.0.1:48956",666ec5b9.d546,489,"SELECT",2024-06-16 19:00:09 CST,7/36,0,LOG,00000,"execute S_1: SELECT c_discount, c_last, c_credit, w_tax     FROM bmsql_customer     JOIN bmsql_warehouse ON (w_id = c_w_id)     WHERE c_w_id = $1 AND c_d_id = $2 AND c_id = $3","parameters: $1 = '1', $2 = '4', $3 = '45'",,,,,,,,"","client backend"
2024-06-16 19:01:27.593 CST,"raingage","benchmark",54598,"127.0.0.1:48956",666ec5b9.d546,490,"SELECT",2024-06-16 19:00:09 CST,7/36,0,LOG,00000,"execute S_1: SELECT c_discount, c_last, c_credit, w_tax     FROM bmsql_customer     JOIN bmsql_warehouse ON (w_id = c_w_id)     WHERE c_w_id = $1 AND c_d_id = $2 AND c_id = $3","parameters: $1 = '1', $2 = '4', $3 = '45'",,,,,,,,"","client backend"
2024-06-16 19:01:27.610 CST,"raingage","benchmark",54598,"127.0.0.1:48956",666ec5b9.d546,491,"SELECT",2024-06-16 19:00:09 CST,7/36,0,LOG,00000,"execute S_5: SELECT i_price, i_name, i_data     FROM bmsql_item     WHERE i_id = $1","parameters: $1 = '72'",,,,,,,,"","client backend"
2024-06-16 19:01:27.622 CST,"raingage","benchmark",54598,"127.0.0.1:48956",666ec5b9.d546,492,"SELECT",2024-06-16 19:00:09 CST,7/36,0,LOG,00000,"execute S_6: SELECT s_quantity, s_data,        s_dist_01, s_dist_02, s_dist_03, s_dist_04,        s_dist_05, s_dist_06, s_dist_07, s_dist_08,        s_dist_09, s_dist_10     FROM bmsql_stock     WHERE s_w_id = $1 AND s_i_id = $2 ","parameters: $1 = '1', $2 = '72'",,,,,,,,"","client backend"
2024-06-16 19:01:27.637 CST,"raingage","benchmark",54598,"127.0.0.1:48956",666ec5b9.d546,493,"UPDATE",2024-06-16 19:00:09 CST,7/36,0,LOG,00000,"execute S_7: UPDATE bmsql_stock     SET s_quantity = $1, s_ytd = s_ytd + $2,         s_order_cnt = s_order_cnt + 1,         s_remote_cnt = s_remote_cnt + $3     WHERE s_w_id = $4 AND s_i_id = $5","parameters: $1 = '66', $2 = '4', $3 = '0', $4 = '1', $5 = '72'",,,,,,,,"","client backend"
2024-06-16 19:01:27.650 CST,"raingage","benchmark",54598,"127.0.0.1:48956",666ec5b9.d546,494,"COMMIT",2024-06-16 19:00:09 CST,7/36,115409,LOG,00000,"execute S_2: COMMIT",,,,,,,,,"","client backend"
2024-06-16 19:01:27.650 CST,"raingage","benchmark",54595,"127.0.0.1:48950",666ec5b9.d543,482,"SELECT",2024-06-16 19:00:09 CST,4/36,0,LOG,00000,"execute S_1: SELECT c_discount, c_last, c_credit, w_tax     FROM bmsql_customer     JOIN bmsql_warehouse ON (w_id = c_w_id)     WHERE c_w_id = $1 AND c_d_id = $2 AND c_id = $3","parameters: $1 = '1', $2 = '4', $3 = '45'",,,,,,,,"","client backend"
2024-06-16 19:01:27.662 CST,"raingage","benchmark",54598,"127.0.0.1:48956",666ec5b9.d546,495,"BEGIN",2024-06-16 19:00:09 CST,7/37,0,LOG,00000,"execute S_3: BEGIN",,,,,,,,,"","client backend"
2024-06-16 19:01:27.680 CST,"raingage","benchmark",54598,"127.0.0.1:48956",666ec5b9.d546,496,"SELECT",2024-06-16 19:00:09 CST,7/37,0,LOG,00000,"execute S_4: SELECT d_tax, d_next_o_id     FROM bmsql_district     WHERE d_w_id = $1 AND d_id = $2 ","parameters: $1 = '1', $2 = '4'",,,,,,,,"","client backend"
2024-06-16 19:01:27.721 CST,"raingage","benchmark",54595,"127.0.0.1:48950",666ec5b9.d543,483,"SELECT",2024-06-16 19:00:09 CST,4/36,0,LOG,00000,"execute S_1: SELECT c_discount, c_last, c_credit, w_tax     FROM bmsql_customer     JOIN bmsql_warehouse ON (w_id = c_w_id)     WHERE c_w_id = $1 AND c_d_id = $2 AND c_id = $3","parameters: $1 = '1', $2 = '4', $3 = '45'",,,,,,,,"","client backend"
2024-06-16 19:01:27.749 CST,"raingage","benchmark",54598,"127.0.0.1:48956",666ec5b9.d546,497,"SELECT",2024-06-16 19:00:09 CST,7/37,0,LOG,00000,"execute S_1: SELECT c_discount, c_last, c_credit, w_tax     FROM bmsql_customer     JOIN bmsql_warehouse ON (w_id = c_w_id)     WHERE c_w_id = $1 AND c_d_id = $2 AND c_id = $3","parameters: $1 = '1', $2 = '4', $3 = '27'",,,,,,,,"","client backend"
2024-06-16 19:01:27.791 CST,"raingage","benchmark",54595,"127.0.0.1:48950",666ec5b9.d543,484,"SELECT",2024-06-16 19:00:09 CST,4/36,0,LOG,00000,"execute S_1: SELECT c_discount, c_last, c_credit, w_tax     FROM bmsql_customer     JOIN bmsql_warehouse ON (w_id = c_w_id)     WHERE c_w_id = $1 AND c_d_id = $2 AND c_id = $3","parameters: $1 = '1', $2 = '4', $3 = '45'",,,,,,,,"","client backend"
2024-06-16 19:01:27.820 CST,"raingage","benchmark",54598,"127.0.0.1:48956",666ec5b9.d546,498,"SELECT",2024-06-16 19:00:09 CST,7/37,0,LOG,00000,"execute S_1: SELECT c_discount, c_last, c_credit, w_tax     FROM bmsql_customer     JOIN bmsql_warehouse ON (w_id = c_w_id)     WHERE c_w_id = $1 AND c_d_id = $2 AND c_id = $3","parameters: $1 = '1', $2 = '4', $3 = '27'",,,,,,,,"","client backend"
2024-06-16 19:01:27.855 CST,"raingage","benchmark",54595,"127.0.0.1:48950",666ec5b9.d543,485,"SELECT",2024-06-16 19:00:09 CST,4/36,0,LOG,00000,"execute S_1: SELECT c_discount, c_last, c_credit, w_tax     FROM bmsql_customer     JOIN bmsql_warehouse ON (w_id = c_w_id)     WHERE c_w_id = $1 AND c_d_id = $2 AND c_id = $3","parameters: $1 = '1', $2 = '4', $3 = '45'",,,,,,,,"","client backend"
2024-06-16 19:01:27.885 CST,"raingage","benchmark",54598,"127.0.0.1:48956",666ec5b9.d546,499,"SELECT",2024-06-16 19:00:09 CST,7/37,0,LOG,00000,"execute S_1: SELECT c_discount, c_last, c_credit, w_tax     FROM bmsql_customer     JOIN bmsql_warehouse ON (w_id = c_w_id)     WHERE c_w_id = $1 AND c_d_id = $2 AND c_id = $3","parameters: $1 = '1', $2 = '4', $3 = '27'",,,,,,,,"","client backend"
2024-06-16 19:01:27.925 CST,"raingage","benchmark",54595,"127.0.0.1:48950",666ec5b9.d543,486,"SELECT",2024-06-16 19:00:09 CST,4/36,0,LOG,00000,"execute S_1: SELECT c_discount, c_last, c_credit, w_tax     FROM bmsql_customer     JOIN bmsql_warehouse ON (w_id = c_w_id)     WHERE c_w_id = $1 AND c_d_id = $2 AND c_id = $3","parameters: $1 = '1', $2 = '4', $3 = '45'",,,,,,,,"","client backend"
2024-06-16 19:01:27.951 CST,"raingage","benchmark",54598,"127.0.0.1:48956",666ec5b9.d546,500,"SELECT",2024-06-16 19:00:09 CST,7/37,0,LOG,00000,"execute S_1: SELECT c_discount, c_last, c_credit, w_tax     FROM bmsql_customer     JOIN bmsql_warehouse ON (w_id = c_w_id)     WHERE c_w_id = $1 AND c_d_id = $2 AND c_id = $3","parameters: $1 = '1', $2 = '4', $3 = '27'",,,,,,,,"","client backend"
2024-06-16 19:01:27.988 CST,"raingage","benchmark",54595,"127.0.0.1:48950",666ec5b9.d543,487,"SELECT",2024-06-16 19:00:09 CST,4/36,0,LOG,00000,"execute S_1: SELECT c_discount, c_last, c_credit, w_tax     FROM bmsql_customer     JOIN bmsql_warehouse ON (w_id = c_w_id)     WHERE c_w_id = $1 AND c_d_id = $2 AND c_id = $3","parameters: $1 = '1', $2 = '4', $3 = '45'",,,,,,,,"","client backend"
2024-06-16 19:01:28.018 CST,"raingage","benchmark",54598,"127.0.0.1:48956",666ec5b9.d546,501,"SELECT",2024-06-16 19:00:09 CST,7/37,0,LOG,00000,"execute S_1: SELECT c_discount, c_last, c_credit, w_tax     FROM bmsql_customer     JOIN bmsql_warehouse ON (w_id = c_w_id)     WHERE c_w_id = $1 AND c_d_id = $2 AND c_id = $3","parameters: $1 = '1', $2 = '4', $3 = '27'",,,,,,,,"","client backend"
2024-06-16 19:01:28.055 CST,"raingage","benchmark",54595,"127.0.0.1:48950",666ec5b9.d543,488,"SELECT",2024-06-16 19:00:09 CST,4/36,0,LOG,00000,"execute S_1: SELECT c_discount, c_last, c_credit, w_tax     FROM bmsql_customer     JOIN bmsql_warehouse ON (w_id = c_w_id)     WHERE c_w_id = $1 AND c_d_id = $2 AND c_id = $3","parameters: $1 = '1', $2 = '4', $3 = '45'",,,,,,,,"","client backend"
2024-06-16 19:01:28.084 CST,"raingage","benchmark",54598,"127.0.0.1:48956",666ec5b9.d546,502,"SELECT",2024-06-16 19:00:09 CST,7/37,0,LOG,00000,"execute S_1: SELECT c_discount, c_last, c_credit, w_tax     FROM bmsql_customer     JOIN bmsql_warehouse ON (w_id = c_w_id)     WHERE c_w_id = $1 AND c_d_id = $2 AND c_id = $3","parameters: $1 = '1', $2 = '4', $3 = '27'",,,,,,,,"","client backend"
2024-06-16 19:01:28.117 CST,"raingage","benchmark",54595,"127.0.0.1:48950",666ec5b9.d543,489,"SELECT",2024-06-16 19:00:09 CST,4/36,0,LOG,00000,"execute S_1: SELECT c_discount, c_last, c_credit, w_tax     FROM bmsql_customer     JOIN bmsql_warehouse ON (w_id = c_w_id)     WHERE c_w_id = $1 AND c_d_id = $2 AND c_id = $3","parameters: $1 = '1', $2 = '4', $3 = '45'",,,,,,,,"","client backend"
2024-06-16 19:01:28.136 CST,"raingage","benchmark",54595,"127.0.0.1:48950",666ec5b9.d543,490,"SELECT",2024-06-16 19:00:09 CST,4/36,0,LOG,00000,"execute S_5: SELECT i_price, i_name, i_data     FROM bmsql_item     WHERE i_id = $1","parameters: $1 = '8000072'",,,,,,,,"","client backend"
2024-06-16 19:01:28.151 CST,"raingage","benchmark",54598,"127.0.0.1:48956",666ec5b9.d546,503,"SELECT",2024-06-16 19:00:09 CST,7/37,0,LOG,00000,"execute S_1: SELECT c_discount, c_last, c_credit, w_tax     FROM bmsql_customer     JOIN bmsql_warehouse ON (w_id = c_w_id)     WHERE c_w_id = $1 AND c_d_id = $2 AND c_id = $3","parameters: $1 = '1', $2 = '4', $3 = '27'",,,,,,,,"","client backend"
2024-06-16 19:01:28.155 CST,"raingage","benchmark",54595,"127.0.0.1:48950",666ec5b9.d543,491,"ROLLBACK",2024-06-16 19:00:09 CST,4/36,0,LOG,00000,"execute S_8: ROLLBACK",,,,,,,,,"","client backend"
2024-06-16 19:01:28.169 CST,"raingage","benchmark",54595,"127.0.0.1:48950",666ec5b9.d543,492,"BEGIN",2024-06-16 19:00:09 CST,4/37,0,LOG,00000,"execute S_3: BEGIN",,,,,,,,,"","client backend"
2024-06-16 19:01:28.187 CST,"raingage","benchmark",54595,"127.0.0.1:48950",666ec5b9.d543,493,"SELECT",2024-06-16 19:00:09 CST,4/37,0,LOG,00000,"execute S_4: SELECT d_tax, d_next_o_id     FROM bmsql_district     WHERE d_w_id = $1 AND d_id = $2 ","parameters: $1 = '1', $2 = '4'",,,,,,,,"","client backend"
2024-06-16 19:01:28.213 CST,"raingage","benchmark",54598,"127.0.0.1:48956",666ec5b9.d546,504,"SELECT",2024-06-16 19:00:09 CST,7/37,0,LOG,00000,"execute S_1: SELECT c_discount, c_last, c_credit, w_tax     FROM bmsql_customer     JOIN bmsql_warehouse ON (w_id = c_w_id)     WHERE c_w_id = $1 AND c_d_id = $2 AND c_id = $3","parameters: $1 = '1', $2 = '4', $3 = '27'",,,,,,,,"","client backend"
2024-06-16 19:01:28.231 CST,"raingage","benchmark",54598,"127.0.0.1:48956",666ec5b9.d546,505,"SELECT",2024-06-16 19:00:09 CST,7/37,0,LOG,00000,"execute S_5: SELECT i_price, i_name, i_data     FROM bmsql_item     WHERE i_id = $1","parameters: $1 = '19'",,,,,,,,"","client backend"
2024-06-16 19:01:28.250 CST,"raingage","benchmark",54598,"127.0.0.1:48956",666ec5b9.d546,506,"SELECT",2024-06-16 19:00:09 CST,7/37,0,LOG,00000,"execute S_6: SELECT s_quantity, s_data,        s_dist_01, s_dist_02, s_dist_03, s_dist_04,        s_dist_05, s_dist_06, s_dist_07, s_dist_08,        s_dist_09, s_dist_10     FROM bmsql_stock     WHERE s_w_id = $1 AND s_i_id = $2 ","parameters: $1 = '1', $2 = '19'",,,,,,,,"","client backend"
2024-06-16 19:01:28.261 CST,"raingage","benchmark",54598,"127.0.0.1:48956",666ec5b9.d546,507,"UPDATE",2024-06-16 19:00:09 CST,7/37,0,LOG,00000,"execute S_7: UPDATE bmsql_stock     SET s_quantity = $1, s_ytd = s_ytd + $2,         s_order_cnt = s_order_cnt + 1,         s_remote_cnt = s_remote_cnt + $3     WHERE s_w_id = $4 AND s_i_id = $5","parameters: $1 = '41', $2 = '7', $3 = '0', $4 = '1', $5 = '19'",,,,,,,,"","client backend"
2024-06-16 19:01:28.282 CST,"raingage","benchmark",54598,"127.0.0.1:48956",666ec5b9.d546,508,"COMMIT",2024-06-16 19:00:09 CST,7/37,115410,LOG,00000,"execute S_2: COMMIT",,,,,,,,,"","client backend"
2024-06-16 19:01:28.282 CST,"raingage","benchmark",54595,"127.0.0.1:48950",666ec5b9.d543,494,"SELECT",2024-06-16 19:00:09 CST,4/37,0,LOG,00000,"execute S_1: SELECT c_discount, c_last, c_credit, w_tax     FROM bmsql_customer     JOIN bmsql_warehouse ON (w_id = c_w_id)     WHERE c_w_id = $1 AND c_d_id = $2 AND c_id = $3","parameters: $1 = '1', $2 = '4', $3 = '27'",,,,,,,,"","client backend"
2024-06-16 19:01:28.297 CST,"raingage","benchmark",54598,"127.0.0.1:48956",666ec5b9.d546,509,"BEGIN",2024-06-16 19:00:09 CST,7/38,0,LOG,00000,"execute S_3: BEGIN",,,,,,,,,"","client backend"
2024-06-16 19:01:28.309 CST,"raingage","benchmark",54598,"127.0.0.1:48956",666ec5b9.d546,510,"SELECT",2024-06-16 19:00:09 CST,7/38,0,LOG,00000,"execute S_4: SELECT d_tax, d_next_o_id     FROM bmsql_district     WHERE d_w_id = $1 AND d_id = $2 ","parameters: $1 = '1', $2 = '4'",,,,,,,,"","client backend"
2024-06-16 19:01:28.350 CST,"raingage","benchmark",54595,"127.0.0.1:48950",666ec5b9.d543,495,"SELECT",2024-06-16 19:00:09 CST,4/37,0,LOG,00000,"execute S_1: SELECT c_discount, c_last, c_credit, w_tax     FROM bmsql_customer     JOIN bmsql_warehouse ON (w_id = c_w_id)     WHERE c_w_id = $1 AND c_d_id = $2 AND c_id = $3","parameters: $1 = '1', $2 = '4', $3 = '27'",,,,,,,,"","client backend"
2024-06-16 19:01:28.373 CST,"raingage","benchmark",54598,"127.0.0.1:48956",666ec5b9.d546,511,"SELECT",2024-06-16 19:00:09 CST,7/38,0,LOG,00000,"execute S_1: SELECT c_discount, c_last, c_credit, w_tax     FROM bmsql_customer     JOIN bmsql_warehouse ON (w_id = c_w_id)     WHERE c_w_id = $1 AND c_d_id = $2 AND c_id = $3","parameters: $1 = '1', $2 = '4', $3 = '23'",,,,,,,,"","client backend"
2024-06-16 19:01:28.414 CST,"raingage","benchmark",54595,"127.0.0.1:48950",666ec5b9.d543,496,"SELECT",2024-06-16 19:00:09 CST,4/37,0,LOG,00000,"execute S_1: SELECT c_discount, c_last, c_credit, w_tax     FROM bmsql_customer     JOIN bmsql_warehouse ON (w_id = c_w_id)     WHERE c_w_id = $1 AND c_d_id = $2 AND c_id = $3","parameters: $1 = '1', $2 = '4', $3 = '27'",,,,,,,,"","client backend"
2024-06-16 19:01:28.441 CST,"raingage","benchmark",54598,"127.0.0.1:48956",666ec5b9.d546,512,"SELECT",2024-06-16 19:00:09 CST,7/38,0,LOG,00000,"execute S_1: SELECT c_discount, c_last, c_credit, w_tax     FROM bmsql_customer     JOIN bmsql_warehouse ON (w_id = c_w_id)     WHERE c_w_id = $1 AND c_d_id = $2 AND c_id = $3","parameters: $1 = '1', $2 = '4', $3 = '23'",,,,,,,,"","client backend"
2024-06-16 19:01:28.477 CST,"raingage","benchmark",54595,"127.0.0.1:48950",666ec5b9.d543,497,"SELECT",2024-06-16 19:00:09 CST,4/37,0,LOG,00000,"execute S_1: SELECT c_discount, c_last, c_credit, w_tax     FROM bmsql_customer     JOIN bmsql_warehouse ON (w_id = c_w_id)     WHERE c_w_id = $1 AND c_d_id = $2 AND c_id = $3","parameters: $1 = '1', $2 = '4', $3 = '27'",,,,,,,,"","client backend"
2024-06-16 19:01:28.505 CST,"raingage","benchmark",54598,"127.0.0.1:48956",666ec5b9.d546,513,"SELECT",2024-06-16 19:00:09 CST,7/38,0,LOG,00000,"execute S_1: SELECT c_discount, c_last, c_credit, w_tax     FROM bmsql_customer     JOIN bmsql_warehouse ON (w_id = c_w_id)     WHERE c_w_id = $1 AND c_d_id = $2 AND c_id = $3","parameters: $1 = '1', $2 = '4', $3 = '23'",,,,,,,,"","client backend"
2024-06-16 19:01:28.542 CST,"raingage","benchmark",54595,"127.0.0.1:48950",666ec5b9.d543,498,"SELECT",2024-06-16 19:00:09 CST,4/37,0,LOG,00000,"execute S_1: SELECT c_discount, c_last, c_credit, w_tax     FROM bmsql_customer     JOIN bmsql_warehouse ON (w_id = c_w_id)     WHERE c_w_id = $1 AND c_d_id = $2 AND c_id = $3","parameters: $1 = '1', $2 = '4', $3 = '27'",,,,,,,,"","client backend"
2024-06-16 19:01:28.575 CST,"raingage","benchmark",54598,"127.0.0.1:48956",666ec5b9.d546,514,"SELECT",2024-06-16 19:00:09 CST,7/38,0,LOG,00000,"execute S_1: SELECT c_discount, c_last, c_credit, w_tax     FROM bmsql_customer     JOIN bmsql_warehouse ON (w_id = c_w_id)     WHERE c_w_id = $1 AND c_d_id = $2 AND c_id = $3","parameters: $1 = '1', $2 = '4', $3 = '23'",,,,,,,,"","client backend"
2024-06-16 19:01:28.605 CST,"raingage","benchmark",54595,"127.0.0.1:48950",666ec5b9.d543,499,"SELECT",2024-06-16 19:00:09 CST,4/37,0,LOG,00000,"execute S_1: SELECT c_discount, c_last, c_credit, w_tax     FROM bmsql_customer     JOIN bmsql_warehouse ON (w_id = c_w_id)     WHERE c_w_id = $1 AND c_d_id = $2 AND c_id = $3","parameters: $1 = '1', $2 = '4', $3 = '27'",,,,,,,,"","client backend"
2024-06-16 19:01:28.650 CST,"raingage","benchmark",54598,"127.0.0.1:48956",666ec5b9.d546,515,"SELECT",2024-06-16 19:00:09 CST,7/38,0,LOG,00000,"execute S_1: SELECT c_discount, c_last, c_credit, w_tax     FROM bmsql_customer     JOIN bmsql_warehouse ON (w_id = c_w_id)     WHERE c_w_id = $1 AND c_d_id = $2 AND c_id = $3","parameters: $1 = '1', $2 = '4', $3 = '23'",,,,,,,,"","client backend"
2024-06-16 19:01:28.674 CST,"raingage","benchmark",54595,"127.0.0.1:48950",666ec5b9.d543,500,"SELECT",2024-06-16 19:00:09 CST,4/37,0,LOG,00000,"execute S_1: SELECT c_discount, c_last, c_credit, w_tax     FROM bmsql_customer     JOIN bmsql_warehouse ON (w_id = c_w_id)     WHERE c_w_id = $1 AND c_d_id = $2 AND c_id = $3","parameters: $1 = '1', $2 = '4', $3 = '27'",,,,,,,,"","client backend"
2024-06-16 19:01:28.720 CST,"raingage","benchmark",54598,"127.0.0.1:48956",666ec5b9.d546,516,"SELECT",2024-06-16 19:00:09 CST,7/38,0,LOG,00000,"execute S_1: SELECT c_discount, c_last, c_credit, w_tax     FROM bmsql_customer     JOIN bmsql_warehouse ON (w_id = c_w_id)     WHERE c_w_id = $1 AND c_d_id = $2 AND c_id = $3","parameters: $1 = '1', $2 = '4', $3 = '23'",,,,,,,,"","client backend"
2024-06-16 19:01:28.744 CST,"raingage","benchmark",54595,"127.0.0.1:48950",666ec5b9.d543,501,"SELECT",2024-06-16 19:00:09 CST,4/37,0,LOG,00000,"execute S_1: SELECT c_discount, c_last, c_credit, w_tax     FROM bmsql_customer     JOIN bmsql_warehouse ON (w_id = c_w_id)     WHERE c_w_id = $1 AND c_d_id = $2 AND c_id = $3","parameters: $1 = '1', $2 = '4', $3 = '27'",,,,,,,,"","client backend"
2024-06-16 19:01:28.765 CST,"raingage","benchmark",54595,"127.0.0.1:48950",666ec5b9.d543,502,"SELECT",2024-06-16 19:00:09 CST,4/37,0,LOG,00000,"execute S_5: SELECT i_price, i_name, i_data     FROM bmsql_item     WHERE i_id = $1","parameters: $1 = '19'",,,,,,,,"","client backend"
2024-06-16 19:01:28.785 CST,"raingage","benchmark",54595,"127.0.0.1:48950",666ec5b9.d543,503,"SELECT",2024-06-16 19:00:09 CST,4/37,0,LOG,00000,"execute S_6: SELECT s_quantity, s_data,        s_dist_01, s_dist_02, s_dist_03, s_dist_04,        s_dist_05, s_dist_06, s_dist_07, s_dist_08,        s_dist_09, s_dist_10     FROM bmsql_stock     WHERE s_w_id = $1 AND s_i_id = $2 ","parameters: $1 = '1', $2 = '19'",,,,,,,,"","client backend"
2024-06-16 19:01:28.791 CST,"raingage","benchmark",54598,"127.0.0.1:48956",666ec5b9.d546,517,"SELECT",2024-06-16 19:00:09 CST,7/38,0,LOG,00000,"execute S_1: SELECT c_discount, c_last, c_credit, w_tax     FROM bmsql_customer     JOIN bmsql_warehouse ON (w_id = c_w_id)     WHERE c_w_id = $1 AND c_d_id = $2 AND c_id = $3","parameters: $1 = '1', $2 = '4', $3 = '23'",,,,,,,,"","client backend"
2024-06-16 19:01:28.801 CST,"raingage","benchmark",54595,"127.0.0.1:48950",666ec5b9.d543,504,"UPDATE",2024-06-16 19:00:09 CST,4/37,0,LOG,00000,"execute S_7: UPDATE bmsql_stock     SET s_quantity = $1, s_ytd = s_ytd + $2,         s_order_cnt = s_order_cnt + 1,         s_remote_cnt = s_remote_cnt + $3     WHERE s_w_id = $4 AND s_i_id = $5","parameters: $1 = '45', $2 = '3', $3 = '0', $4 = '1', $5 = '19'",,,,,,,,"","client backend"
2024-06-16 19:01:28.815 CST,"raingage","benchmark",54595,"127.0.0.1:48950",666ec5b9.d543,505,"COMMIT",2024-06-16 19:00:09 CST,4/37,115411,LOG,00000,"execute S_2: COMMIT",,,,,,,,,"","client backend"
2024-06-16 19:01:28.816 CST,"raingage","benchmark",54595,"127.0.0.1:48950",666ec5b9.d543,506,"COMMIT",2024-06-16 19:00:09 CST,4/0,115411,WARNING,01000,"registered snapshots seem to remain after cleanup",,,,,,,,,"","client backend"
2024-06-16 19:01:28.838 CST,"raingage","benchmark",54595,"127.0.0.1:48950",666ec5b9.d543,507,"BEGIN",2024-06-16 19:00:09 CST,4/38,0,LOG,00000,"execute S_3: BEGIN",,,,,,,,,"","client backend"
2024-06-16 19:01:28.849 CST,"raingage","benchmark",54595,"127.0.0.1:48950",666ec5b9.d543,508,"SELECT",2024-06-16 19:00:09 CST,4/38,0,LOG,00000,"execute S_4: SELECT d_tax, d_next_o_id     FROM bmsql_district     WHERE d_w_id = $1 AND d_id = $2 ","parameters: $1 = '1', $2 = '4'",,,,,,,,"","client backend"
2024-06-16 19:01:28.857 CST,"raingage","benchmark",54598,"127.0.0.1:48956",666ec5b9.d546,518,"SELECT",2024-06-16 19:00:09 CST,7/38,0,LOG,00000,"execute S_1: SELECT c_discount, c_last, c_credit, w_tax     FROM bmsql_customer     JOIN bmsql_warehouse ON (w_id = c_w_id)     WHERE c_w_id = $1 AND c_d_id = $2 AND c_id = $3","parameters: $1 = '1', $2 = '4', $3 = '23'",,,,,,,,"","client backend"
2024-06-16 19:01:28.877 CST,"raingage","benchmark",54598,"127.0.0.1:48956",666ec5b9.d546,519,"SELECT",2024-06-16 19:00:09 CST,7/38,0,LOG,00000,"execute S_5: SELECT i_price, i_name, i_data     FROM bmsql_item     WHERE i_id = $1","parameters: $1 = '48'",,,,,,,,"","client backend"
2024-06-16 19:01:28.895 CST,"raingage","benchmark",54598,"127.0.0.1:48956",666ec5b9.d546,520,"SELECT",2024-06-16 19:00:09 CST,7/38,0,LOG,00000,"execute S_6: SELECT s_quantity, s_data,        s_dist_01, s_dist_02, s_dist_03, s_dist_04,        s_dist_05, s_dist_06, s_dist_07, s_dist_08,        s_dist_09, s_dist_10     FROM bmsql_stock     WHERE s_w_id = $1 AND s_i_id = $2 ","parameters: $1 = '1', $2 = '48'",,,,,,,,"","client backend"
2024-06-16 19:01:28.908 CST,"raingage","benchmark",54598,"127.0.0.1:48956",666ec5b9.d546,521,"UPDATE",2024-06-16 19:00:09 CST,7/38,0,LOG,00000,"execute S_7: UPDATE bmsql_stock     SET s_quantity = $1, s_ytd = s_ytd + $2,         s_order_cnt = s_order_cnt + 1,         s_remote_cnt = s_remote_cnt + $3     WHERE s_w_id = $4 AND s_i_id = $5","parameters: $1 = '74', $2 = '2', $3 = '0', $4 = '1', $5 = '48'",,,,,,,,"","client backend"
2024-06-16 19:01:28.925 CST,"raingage","benchmark",54598,"127.0.0.1:48956",666ec5b9.d546,522,"COMMIT",2024-06-16 19:00:09 CST,7/38,115412,LOG,00000,"execute S_2: COMMIT",,,,,,,,,"","client backend"
2024-06-16 19:01:28.925 CST,"raingage","benchmark",54595,"127.0.0.1:48950",666ec5b9.d543,509,"SELECT",2024-06-16 19:00:09 CST,4/38,0,LOG,00000,"execute S_1: SELECT c_discount, c_last, c_credit, w_tax     FROM bmsql_customer     JOIN bmsql_warehouse ON (w_id = c_w_id)     WHERE c_w_id = $1 AND c_d_id = $2 AND c_id = $3","parameters: $1 = '1', $2 = '4', $3 = '23'",,,,,,,,"","client backend"
2024-06-16 19:01:28.992 CST,"raingage","benchmark",54595,"127.0.0.1:48950",666ec5b9.d543,510,"SELECT",2024-06-16 19:00:09 CST,4/38,0,LOG,00000,"execute S_1: SELECT c_discount, c_last, c_credit, w_tax     FROM bmsql_customer     JOIN bmsql_warehouse ON (w_id = c_w_id)     WHERE c_w_id = $1 AND c_d_id = $2 AND c_id = $3","parameters: $1 = '1', $2 = '4', $3 = '23'",,,,,,,,"","client backend"
2024-06-16 19:01:29.061 CST,"raingage","benchmark",54595,"127.0.0.1:48950",666ec5b9.d543,511,"SELECT",2024-06-16 19:00:09 CST,4/38,0,LOG,00000,"execute S_1: SELECT c_discount, c_last, c_credit, w_tax     FROM bmsql_customer     JOIN bmsql_warehouse ON (w_id = c_w_id)     WHERE c_w_id = $1 AND c_d_id = $2 AND c_id = $3","parameters: $1 = '1', $2 = '4', $3 = '23'",,,,,,,,"","client backend"
2024-06-16 19:01:29.123 CST,"raingage","benchmark",54595,"127.0.0.1:48950",666ec5b9.d543,512,"SELECT",2024-06-16 19:00:09 CST,4/38,0,LOG,00000,"execute S_1: SELECT c_discount, c_last, c_credit, w_tax     FROM bmsql_customer     JOIN bmsql_warehouse ON (w_id = c_w_id)     WHERE c_w_id = $1 AND c_d_id = $2 AND c_id = $3","parameters: $1 = '1', $2 = '4', $3 = '23'",,,,,,,,"","client backend"
2024-06-16 19:01:29.188 CST,"raingage","benchmark",54595,"127.0.0.1:48950",666ec5b9.d543,513,"SELECT",2024-06-16 19:00:09 CST,4/38,0,LOG,00000,"execute S_1: SELECT c_discount, c_last, c_credit, w_tax     FROM bmsql_customer     JOIN bmsql_warehouse ON (w_id = c_w_id)     WHERE c_w_id = $1 AND c_d_id = $2 AND c_id = $3","parameters: $1 = '1', $2 = '4', $3 = '23'",,,,,,,,"","client backend"
2024-06-16 19:01:29.254 CST,"raingage","benchmark",54595,"127.0.0.1:48950",666ec5b9.d543,514,"SELECT",2024-06-16 19:00:09 CST,4/38,0,LOG,00000,"execute S_1: SELECT c_discount, c_last, c_credit, w_tax     FROM bmsql_customer     JOIN bmsql_warehouse ON (w_id = c_w_id)     WHERE c_w_id = $1 AND c_d_id = $2 AND c_id = $3","parameters: $1 = '1', $2 = '4', $3 = '23'",,,,,,,,"","client backend"
2024-06-16 19:01:29.325 CST,"raingage","benchmark",54595,"127.0.0.1:48950",666ec5b9.d543,515,"SELECT",2024-06-16 19:00:09 CST,4/38,0,LOG,00000,"execute S_1: SELECT c_discount, c_last, c_credit, w_tax     FROM bmsql_customer     JOIN bmsql_warehouse ON (w_id = c_w_id)     WHERE c_w_id = $1 AND c_d_id = $2 AND c_id = $3","parameters: $1 = '1', $2 = '4', $3 = '23'",,,,,,,,"","client backend"
2024-06-16 19:01:29.390 CST,"raingage","benchmark",54595,"127.0.0.1:48950",666ec5b9.d543,516,"SELECT",2024-06-16 19:00:09 CST,4/38,0,LOG,00000,"execute S_1: SELECT c_discount, c_last, c_credit, w_tax     FROM bmsql_customer     JOIN bmsql_warehouse ON (w_id = c_w_id)     WHERE c_w_id = $1 AND c_d_id = $2 AND c_id = $3","parameters: $1 = '1', $2 = '4', $3 = '23'",,,,,,,,"","client backend"
2024-06-16 19:01:29.407 CST,"raingage","benchmark",54595,"127.0.0.1:48950",666ec5b9.d543,517,"SELECT",2024-06-16 19:00:09 CST,4/38,0,LOG,00000,"execute S_5: SELECT i_price, i_name, i_data     FROM bmsql_item     WHERE i_id = $1","parameters: $1 = '48'",,,,,,,,"","client backend"
2024-06-16 19:01:29.419 CST,"raingage","benchmark",54595,"127.0.0.1:48950",666ec5b9.d543,518,"SELECT",2024-06-16 19:00:09 CST,4/38,0,LOG,00000,"execute S_6: SELECT s_quantity, s_data,        s_dist_01, s_dist_02, s_dist_03, s_dist_04,        s_dist_05, s_dist_06, s_dist_07, s_dist_08,        s_dist_09, s_dist_10     FROM bmsql_stock     WHERE s_w_id = $1 AND s_i_id = $2 ","parameters: $1 = '1', $2 = '48'",,,,,,,,"","client backend"
2024-06-16 19:01:29.436 CST,"raingage","benchmark",54595,"127.0.0.1:48950",666ec5b9.d543,519,"UPDATE",2024-06-16 19:00:09 CST,4/38,0,LOG,00000,"execute S_7: UPDATE bmsql_stock     SET s_quantity = $1, s_ytd = s_ytd + $2,         s_order_cnt = s_order_cnt + 1,         s_remote_cnt = s_remote_cnt + $3     WHERE s_w_id = $4 AND s_i_id = $5","parameters: $1 = '74', $2 = '2', $3 = '0', $4 = '1', $5 = '48'",,,,,,,,"","client backend"
2024-06-16 19:01:29.452 CST,"raingage","benchmark",54595,"127.0.0.1:48950",666ec5b9.d543,520,"COMMIT",2024-06-16 19:00:09 CST,4/38,115413,LOG,00000,"execute S_2: COMMIT",,,,,,,,,"","client backend"
2024-06-16 19:01:29.453 CST,"raingage","benchmark",54595,"127.0.0.1:48950",666ec5b9.d543,521,"COMMIT",2024-06-16 19:00:09 CST,4/0,115413,WARNING,01000,"registered snapshots seem to remain after cleanup",,,,,,,,,"","client backend"
2024-06-16 19:01:29.469 CST,"raingage","benchmark",54595,"127.0.0.1:48950",666ec5b9.d543,522,"BEGIN",2024-06-16 19:00:09 CST,4/39,0,LOG,00000,"execute S_3: BEGIN",,,,,,,,,"","client backend"
2024-06-16 19:01:29.485 CST,"raingage","benchmark",54595,"127.0.0.1:48950",666ec5b9.d543,523,"SELECT",2024-06-16 19:00:09 CST,4/39,0,LOG,00000,"execute S_4: SELECT d_tax, d_next_o_id     FROM bmsql_district     WHERE d_w_id = $1 AND d_id = $2 ","parameters: $1 = '1', $2 = '2'",,,,,,,,"","client backend"
2024-06-16 19:01:29.548 CST,"raingage","benchmark",54595,"127.0.0.1:48950",666ec5b9.d543,524,"SELECT",2024-06-16 19:00:09 CST,4/39,0,LOG,00000,"execute S_1: SELECT c_discount, c_last, c_credit, w_tax     FROM bmsql_customer     JOIN bmsql_warehouse ON (w_id = c_w_id)     WHERE c_w_id = $1 AND c_d_id = $2 AND c_id = $3","parameters: $1 = '1', $2 = '2', $3 = '43'",,,,,,,,"","client backend"
2024-06-16 19:01:29.616 CST,"raingage","benchmark",54595,"127.0.0.1:48950",666ec5b9.d543,525,"SELECT",2024-06-16 19:00:09 CST,4/39,0,LOG,00000,"execute S_1: SELECT c_discount, c_last, c_credit, w_tax     FROM bmsql_customer     JOIN bmsql_warehouse ON (w_id = c_w_id)     WHERE c_w_id = $1 AND c_d_id = $2 AND c_id = $3","parameters: $1 = '1', $2 = '2', $3 = '43'",,,,,,,,"","client backend"
2024-06-16 19:01:29.680 CST,"raingage","benchmark",54595,"127.0.0.1:48950",666ec5b9.d543,526,"SELECT",2024-06-16 19:00:09 CST,4/39,0,LOG,00000,"execute S_1: SELECT c_discount, c_last, c_credit, w_tax     FROM bmsql_customer     JOIN bmsql_warehouse ON (w_id = c_w_id)     WHERE c_w_id = $1 AND c_d_id = $2 AND c_id = $3","parameters: $1 = '1', $2 = '2', $3 = '43'",,,,,,,,"","client backend"
2024-06-16 19:01:29.743 CST,"raingage","benchmark",54595,"127.0.0.1:48950",666ec5b9.d543,527,"SELECT",2024-06-16 19:00:09 CST,4/39,0,LOG,00000,"execute S_1: SELECT c_discount, c_last, c_credit, w_tax     FROM bmsql_customer     JOIN bmsql_warehouse ON (w_id = c_w_id)     WHERE c_w_id = $1 AND c_d_id = $2 AND c_id = $3","parameters: $1 = '1', $2 = '2', $3 = '43'",,,,,,,,"","client backend"
2024-06-16 19:01:29.809 CST,"raingage","benchmark",54595,"127.0.0.1:48950",666ec5b9.d543,528,"SELECT",2024-06-16 19:00:09 CST,4/39,0,LOG,00000,"execute S_1: SELECT c_discount, c_last, c_credit, w_tax     FROM bmsql_customer     JOIN bmsql_warehouse ON (w_id = c_w_id)     WHERE c_w_id = $1 AND c_d_id = $2 AND c_id = $3","parameters: $1 = '1', $2 = '2', $3 = '43'",,,,,,,,"","client backend"
2024-06-16 19:01:29.879 CST,"raingage","benchmark",54595,"127.0.0.1:48950",666ec5b9.d543,529,"SELECT",2024-06-16 19:00:09 CST,4/39,0,LOG,00000,"execute S_1: SELECT c_discount, c_last, c_credit, w_tax     FROM bmsql_customer     JOIN bmsql_warehouse ON (w_id = c_w_id)     WHERE c_w_id = $1 AND c_d_id = $2 AND c_id = $3","parameters: $1 = '1', $2 = '2', $3 = '43'",,,,,,,,"","client backend"
2024-06-16 19:01:29.945 CST,"raingage","benchmark",54595,"127.0.0.1:48950",666ec5b9.d543,530,"SELECT",2024-06-16 19:00:09 CST,4/39,0,LOG,00000,"execute S_1: SELECT c_discount, c_last, c_credit, w_tax     FROM bmsql_customer     JOIN bmsql_warehouse ON (w_id = c_w_id)     WHERE c_w_id = $1 AND c_d_id = $2 AND c_id = $3","parameters: $1 = '1', $2 = '2', $3 = '43'",,,,,,,,"","client backend"
2024-06-16 19:01:30.007 CST,"raingage","benchmark",54595,"127.0.0.1:48950",666ec5b9.d543,531,"SELECT",2024-06-16 19:00:09 CST,4/39,0,LOG,00000,"execute S_1: SELECT c_discount, c_last, c_credit, w_tax     FROM bmsql_customer     JOIN bmsql_warehouse ON (w_id = c_w_id)     WHERE c_w_id = $1 AND c_d_id = $2 AND c_id = $3","parameters: $1 = '1', $2 = '2', $3 = '43'",,,,,,,,"","client backend"
2024-06-16 19:01:30.017 CST,"raingage","benchmark",54595,"127.0.0.1:48950",666ec5b9.d543,532,"SELECT",2024-06-16 19:00:09 CST,4/39,0,LOG,00000,"execute S_5: SELECT i_price, i_name, i_data     FROM bmsql_item     WHERE i_id = $1","parameters: $1 = '98'",,,,,,,,"","client backend"
2024-06-16 19:01:30.029 CST,"raingage","benchmark",54595,"127.0.0.1:48950",666ec5b9.d543,533,"SELECT",2024-06-16 19:00:09 CST,4/39,0,LOG,00000,"execute S_6: SELECT s_quantity, s_data,        s_dist_01, s_dist_02, s_dist_03, s_dist_04,        s_dist_05, s_dist_06, s_dist_07, s_dist_08,        s_dist_09, s_dist_10     FROM bmsql_stock     WHERE s_w_id = $1 AND s_i_id = $2 ","parameters: $1 = '1', $2 = '98'",,,,,,,,"","client backend"
2024-06-16 19:01:30.048 CST,"raingage","benchmark",54595,"127.0.0.1:48950",666ec5b9.d543,534,"UPDATE",2024-06-16 19:00:09 CST,4/39,0,LOG,00000,"execute S_7: UPDATE bmsql_stock     SET s_quantity = $1, s_ytd = s_ytd + $2,         s_order_cnt = s_order_cnt + 1,         s_remote_cnt = s_remote_cnt + $3     WHERE s_w_id = $4 AND s_i_id = $5","parameters: $1 = '106', $2 = '1', $3 = '0', $4 = '1', $5 = '98'",,,,,,,,"","client backend"
2024-06-16 19:01:30.069 CST,"raingage","benchmark",54595,"127.0.0.1:48950",666ec5b9.d543,535,"COMMIT",2024-06-16 19:00:09 CST,4/39,115414,LOG,00000,"execute S_2: COMMIT",,,,,,,,,"","client backend"
2024-06-16 19:01:30.081 CST,"raingage","benchmark",54595,"127.0.0.1:48950",666ec5b9.d543,536,"BEGIN",2024-06-16 19:00:09 CST,4/40,0,LOG,00000,"execute S_3: BEGIN",,,,,,,,,"","client backend"
2024-06-16 19:01:30.097 CST,"raingage","benchmark",54595,"127.0.0.1:48950",666ec5b9.d543,537,"SELECT",2024-06-16 19:00:09 CST,4/40,0,LOG,00000,"execute S_4: SELECT d_tax, d_next_o_id     FROM bmsql_district     WHERE d_w_id = $1 AND d_id = $2 ","parameters: $1 = '1', $2 = '2'",,,,,,,,"","client backend"
2024-06-16 19:01:30.162 CST,"raingage","benchmark",54595,"127.0.0.1:48950",666ec5b9.d543,538,"SELECT",2024-06-16 19:00:09 CST,4/40,0,LOG,00000,"execute S_1: SELECT c_discount, c_last, c_credit, w_tax     FROM bmsql_customer     JOIN bmsql_warehouse ON (w_id = c_w_id)     WHERE c_w_id = $1 AND c_d_id = $2 AND c_id = $3","parameters: $1 = '1', $2 = '2', $3 = '43'",,,,,,,,"","client backend"
2024-06-16 19:01:30.226 CST,"raingage","benchmark",54595,"127.0.0.1:48950",666ec5b9.d543,539,"SELECT",2024-06-16 19:00:09 CST,4/40,0,LOG,00000,"execute S_1: SELECT c_discount, c_last, c_credit, w_tax     FROM bmsql_customer     JOIN bmsql_warehouse ON (w_id = c_w_id)     WHERE c_w_id = $1 AND c_d_id = $2 AND c_id = $3","parameters: $1 = '1', $2 = '2', $3 = '43'",,,,,,,,"","client backend"
2024-06-16 19:01:30.295 CST,"raingage","benchmark",54595,"127.0.0.1:48950",666ec5b9.d543,540,"SELECT",2024-06-16 19:00:09 CST,4/40,0,LOG,00000,"execute S_1: SELECT c_discount, c_last, c_credit, w_tax     FROM bmsql_customer     JOIN bmsql_warehouse ON (w_id = c_w_id)     WHERE c_w_id = $1 AND c_d_id = $2 AND c_id = $3","parameters: $1 = '1', $2 = '2', $3 = '43'",,,,,,,,"","client backend"
2024-06-16 19:01:30.363 CST,"raingage","benchmark",54595,"127.0.0.1:48950",666ec5b9.d543,541,"SELECT",2024-06-16 19:00:09 CST,4/40,0,LOG,00000,"execute S_1: SELECT c_discount, c_last, c_credit, w_tax     FROM bmsql_customer     JOIN bmsql_warehouse ON (w_id = c_w_id)     WHERE c_w_id = $1 AND c_d_id = $2 AND c_id = $3","parameters: $1 = '1', $2 = '2', $3 = '43'",,,,,,,,"","client backend"
2024-06-16 19:01:30.432 CST,"raingage","benchmark",54595,"127.0.0.1:48950",666ec5b9.d543,542,"SELECT",2024-06-16 19:00:09 CST,4/40,0,LOG,00000,"execute S_1: SELECT c_discount, c_last, c_credit, w_tax     FROM bmsql_customer     JOIN bmsql_warehouse ON (w_id = c_w_id)     WHERE c_w_id = $1 AND c_d_id = $2 AND c_id = $3","parameters: $1 = '1', $2 = '2', $3 = '43'",,,,,,,,"","client backend"
2024-06-16 19:01:30.498 CST,"raingage","benchmark",54595,"127.0.0.1:48950",666ec5b9.d543,543,"SELECT",2024-06-16 19:00:09 CST,4/40,0,LOG,00000,"execute S_1: SELECT c_discount, c_last, c_credit, w_tax     FROM bmsql_customer     JOIN bmsql_warehouse ON (w_id = c_w_id)     WHERE c_w_id = $1 AND c_d_id = $2 AND c_id = $3","parameters: $1 = '1', $2 = '2', $3 = '43'",,,,,,,,"","client backend"
2024-06-16 19:01:30.566 CST,"raingage","benchmark",54595,"127.0.0.1:48950",666ec5b9.d543,544,"SELECT",2024-06-16 19:00:09 CST,4/40,0,LOG,00000,"execute S_1: SELECT c_discount, c_last, c_credit, w_tax     FROM bmsql_customer     JOIN bmsql_warehouse ON (w_id = c_w_id)     WHERE c_w_id = $1 AND c_d_id = $2 AND c_id = $3","parameters: $1 = '1', $2 = '2', $3 = '43'",,,,,,,,"","client backend"
2024-06-16 19:01:30.633 CST,"raingage","benchmark",54595,"127.0.0.1:48950",666ec5b9.d543,545,"SELECT",2024-06-16 19:00:09 CST,4/40,0,LOG,00000,"execute S_1: SELECT c_discount, c_last, c_credit, w_tax     FROM bmsql_customer     JOIN bmsql_warehouse ON (w_id = c_w_id)     WHERE c_w_id = $1 AND c_d_id = $2 AND c_id = $3","parameters: $1 = '1', $2 = '2', $3 = '43'",,,,,,,,"","client backend"
2024-06-16 19:01:30.646 CST,"raingage","benchmark",54595,"127.0.0.1:48950",666ec5b9.d543,546,"SELECT",2024-06-16 19:00:09 CST,4/40,0,LOG,00000,"execute S_5: SELECT i_price, i_name, i_data     FROM bmsql_item     WHERE i_id = $1","parameters: $1 = '98'",,,,,,,,"","client backend"
2024-06-16 19:01:30.665 CST,"raingage","benchmark",54595,"127.0.0.1:48950",666ec5b9.d543,547,"SELECT",2024-06-16 19:00:09 CST,4/40,0,LOG,00000,"execute S_6: SELECT s_quantity, s_data,        s_dist_01, s_dist_02, s_dist_03, s_dist_04,        s_dist_05, s_dist_06, s_dist_07, s_dist_08,        s_dist_09, s_dist_10     FROM bmsql_stock     WHERE s_w_id = $1 AND s_i_id = $2 ","parameters: $1 = '1', $2 = '98'",,,,,,,,"","client backend"
2024-06-16 19:01:30.683 CST,"raingage","benchmark",54595,"127.0.0.1:48950",666ec5b9.d543,548,"UPDATE",2024-06-16 19:00:09 CST,4/40,0,LOG,00000,"execute S_7: UPDATE bmsql_stock     SET s_quantity = $1, s_ytd = s_ytd + $2,         s_order_cnt = s_order_cnt + 1,         s_remote_cnt = s_remote_cnt + $3     WHERE s_w_id = $4 AND s_i_id = $5","parameters: $1 = '102', $2 = '4', $3 = '0', $4 = '1', $5 = '98'",,,,,,,,"","client backend"
2024-06-16 19:01:30.701 CST,"raingage","benchmark",54595,"127.0.0.1:48950",666ec5b9.d543,549,"COMMIT",2024-06-16 19:00:09 CST,4/40,115415,LOG,00000,"execute S_2: COMMIT",,,,,,,,,"","client backend"
2024-06-16 19:01:30.723 CST,"raingage","benchmark",54595,"127.0.0.1:48950",666ec5b9.d543,550,"BEGIN",2024-06-16 19:00:09 CST,4/41,0,LOG,00000,"execute S_3: BEGIN",,,,,,,,,"","client backend"
2024-06-16 19:01:30.735 CST,"raingage","benchmark",54595,"127.0.0.1:48950",666ec5b9.d543,551,"SELECT",2024-06-16 19:00:09 CST,4/41,0,LOG,00000,"execute S_4: SELECT d_tax, d_next_o_id     FROM bmsql_district     WHERE d_w_id = $1 AND d_id = $2 ","parameters: $1 = '1', $2 = '3'",,,,,,,,"","client backend"
2024-06-16 19:01:30.806 CST,"raingage","benchmark",54595,"127.0.0.1:48950",666ec5b9.d543,552,"SELECT",2024-06-16 19:00:09 CST,4/41,0,LOG,00000,"execute S_1: SELECT c_discount, c_last, c_credit, w_tax     FROM bmsql_customer     JOIN bmsql_warehouse ON (w_id = c_w_id)     WHERE c_w_id = $1 AND c_d_id = $2 AND c_id = $3","parameters: $1 = '1', $2 = '3', $3 = '36'",,,,,,,,"","client backend"
2024-06-16 19:01:30.869 CST,"raingage","benchmark",54595,"127.0.0.1:48950",666ec5b9.d543,553,"SELECT",2024-06-16 19:00:09 CST,4/41,0,LOG,00000,"execute S_1: SELECT c_discount, c_last, c_credit, w_tax     FROM bmsql_customer     JOIN bmsql_warehouse ON (w_id = c_w_id)     WHERE c_w_id = $1 AND c_d_id = $2 AND c_id = $3","parameters: $1 = '1', $2 = '3', $3 = '36'",,,,,,,,"","client backend"
2024-06-16 19:01:30.937 CST,"raingage","benchmark",54595,"127.0.0.1:48950",666ec5b9.d543,554,"SELECT",2024-06-16 19:00:09 CST,4/41,0,LOG,00000,"execute S_1: SELECT c_discount, c_last, c_credit, w_tax     FROM bmsql_customer     JOIN bmsql_warehouse ON (w_id = c_w_id)     WHERE c_w_id = $1 AND c_d_id = $2 AND c_id = $3","parameters: $1 = '1', $2 = '3', $3 = '36'",,,,,,,,"","client backend"
2024-06-16 19:01:31.002 CST,"raingage","benchmark",54595,"127.0.0.1:48950",666ec5b9.d543,555,"SELECT",2024-06-16 19:00:09 CST,4/41,0,LOG,00000,"execute S_1: SELECT c_discount, c_last, c_credit, w_tax     FROM bmsql_customer     JOIN bmsql_warehouse ON (w_id = c_w_id)     WHERE c_w_id = $1 AND c_d_id = $2 AND c_id = $3","parameters: $1 = '1', $2 = '3', $3 = '36'",,,,,,,,"","client backend"
2024-06-16 19:01:31.073 CST,"raingage","benchmark",54595,"127.0.0.1:48950",666ec5b9.d543,556,"SELECT",2024-06-16 19:00:09 CST,4/41,0,LOG,00000,"execute S_1: SELECT c_discount, c_last, c_credit, w_tax     FROM bmsql_customer     JOIN bmsql_warehouse ON (w_id = c_w_id)     WHERE c_w_id = $1 AND c_d_id = $2 AND c_id = $3","parameters: $1 = '1', $2 = '3', $3 = '36'",,,,,,,,"","client backend"
2024-06-16 19:01:31.136 CST,"raingage","benchmark",54595,"127.0.0.1:48950",666ec5b9.d543,557,"SELECT",2024-06-16 19:00:09 CST,4/41,0,LOG,00000,"execute S_1: SELECT c_discount, c_last, c_credit, w_tax     FROM bmsql_customer     JOIN bmsql_warehouse ON (w_id = c_w_id)     WHERE c_w_id = $1 AND c_d_id = $2 AND c_id = $3","parameters: $1 = '1', $2 = '3', $3 = '36'",,,,,,,,"","client backend"
2024-06-16 19:01:31.204 CST,"raingage","benchmark",54595,"127.0.0.1:48950",666ec5b9.d543,558,"SELECT",2024-06-16 19:00:09 CST,4/41,0,LOG,00000,"execute S_1: SELECT c_discount, c_last, c_credit, w_tax     FROM bmsql_customer     JOIN bmsql_warehouse ON (w_id = c_w_id)     WHERE c_w_id = $1 AND c_d_id = $2 AND c_id = $3","parameters: $1 = '1', $2 = '3', $3 = '36'",,,,,,,,"","client backend"
2024-06-16 19:01:31.271 CST,"raingage","benchmark",54595,"127.0.0.1:48950",666ec5b9.d543,559,"SELECT",2024-06-16 19:00:09 CST,4/41,0,LOG,00000,"execute S_1: SELECT c_discount, c_last, c_credit, w_tax     FROM bmsql_customer     JOIN bmsql_warehouse ON (w_id = c_w_id)     WHERE c_w_id = $1 AND c_d_id = $2 AND c_id = $3","parameters: $1 = '1', $2 = '3', $3 = '36'",,,,,,,,"","client backend"
2024-06-16 19:01:31.282 CST,"raingage","benchmark",54595,"127.0.0.1:48950",666ec5b9.d543,560,"SELECT",2024-06-16 19:00:09 CST,4/41,0,LOG,00000,"execute S_5: SELECT i_price, i_name, i_data     FROM bmsql_item     WHERE i_id = $1","parameters: $1 = '12'",,,,,,,,"","client backend"
2024-06-16 19:01:31.294 CST,"raingage","benchmark",54595,"127.0.0.1:48950",666ec5b9.d543,561,"SELECT",2024-06-16 19:00:09 CST,4/41,0,LOG,00000,"execute S_6: SELECT s_quantity, s_data,        s_dist_01, s_dist_02, s_dist_03, s_dist_04,        s_dist_05, s_dist_06, s_dist_07, s_dist_08,        s_dist_09, s_dist_10     FROM bmsql_stock     WHERE s_w_id = $1 AND s_i_id = $2 ","parameters: $1 = '1', $2 = '12'",,,,,,,,"","client backend"
2024-06-16 19:01:31.312 CST,"raingage","benchmark",54595,"127.0.0.1:48950",666ec5b9.d543,562,"UPDATE",2024-06-16 19:00:09 CST,4/41,0,LOG,00000,"execute S_7: UPDATE bmsql_stock     SET s_quantity = $1, s_ytd = s_ytd + $2,         s_order_cnt = s_order_cnt + 1,         s_remote_cnt = s_remote_cnt + $3     WHERE s_w_id = $4 AND s_i_id = $5","parameters: $1 = '66', $2 = '4', $3 = '0', $4 = '1', $5 = '12'",,,,,,,,"","client backend"
2024-06-16 19:01:31.327 CST,"raingage","benchmark",54595,"127.0.0.1:48950",666ec5b9.d543,563,"COMMIT",2024-06-16 19:00:09 CST,4/41,115416,LOG,00000,"execute S_2: COMMIT",,,,,,,,,"","client backend"
2024-06-16 19:01:31.343 CST,"raingage","benchmark",54595,"127.0.0.1:48950",666ec5b9.d543,564,"BEGIN",2024-06-16 19:00:09 CST,4/42,0,LOG,00000,"execute S_3: BEGIN",,,,,,,,,"","client backend"
2024-06-16 19:01:31.360 CST,"raingage","benchmark",54595,"127.0.0.1:48950",666ec5b9.d543,565,"SELECT",2024-06-16 19:00:09 CST,4/42,0,LOG,00000,"execute S_4: SELECT d_tax, d_next_o_id     FROM bmsql_district     WHERE d_w_id = $1 AND d_id = $2 ","parameters: $1 = '1', $2 = '3'",,,,,,,,"","client backend"
2024-06-16 19:01:31.423 CST,"raingage","benchmark",54595,"127.0.0.1:48950",666ec5b9.d543,566,"SELECT",2024-06-16 19:00:09 CST,4/42,0,LOG,00000,"execute S_1: SELECT c_discount, c_last, c_credit, w_tax     FROM bmsql_customer     JOIN bmsql_warehouse ON (w_id = c_w_id)     WHERE c_w_id = $1 AND c_d_id = $2 AND c_id = $3","parameters: $1 = '1', $2 = '3', $3 = '36'",,,,,,,,"","client backend"
2024-06-16 19:01:31.489 CST,"raingage","benchmark",54595,"127.0.0.1:48950",666ec5b9.d543,567,"SELECT",2024-06-16 19:00:09 CST,4/42,0,LOG,00000,"execute S_1: SELECT c_discount, c_last, c_credit, w_tax     FROM bmsql_customer     JOIN bmsql_warehouse ON (w_id = c_w_id)     WHERE c_w_id = $1 AND c_d_id = $2 AND c_id = $3","parameters: $1 = '1', $2 = '3', $3 = '36'",,,,,,,,"","client backend"
2024-06-16 19:01:31.552 CST,"raingage","benchmark",54595,"127.0.0.1:48950",666ec5b9.d543,568,"SELECT",2024-06-16 19:00:09 CST,4/42,0,LOG,00000,"execute S_1: SELECT c_discount, c_last, c_credit, w_tax     FROM bmsql_customer     JOIN bmsql_warehouse ON (w_id = c_w_id)     WHERE c_w_id = $1 AND c_d_id = $2 AND c_id = $3","parameters: $1 = '1', $2 = '3', $3 = '36'",,,,,,,,"","client backend"
2024-06-16 19:01:31.622 CST,"raingage","benchmark",54595,"127.0.0.1:48950",666ec5b9.d543,569,"SELECT",2024-06-16 19:00:09 CST,4/42,0,LOG,00000,"execute S_1: SELECT c_discount, c_last, c_credit, w_tax     FROM bmsql_customer     JOIN bmsql_warehouse ON (w_id = c_w_id)     WHERE c_w_id = $1 AND c_d_id = $2 AND c_id = $3","parameters: $1 = '1', $2 = '3', $3 = '36'",,,,,,,,"","client backend"
2024-06-16 19:01:31.691 CST,"raingage","benchmark",54595,"127.0.0.1:48950",666ec5b9.d543,570,"SELECT",2024-06-16 19:00:09 CST,4/42,0,LOG,00000,"execute S_1: SELECT c_discount, c_last, c_credit, w_tax     FROM bmsql_customer     JOIN bmsql_warehouse ON (w_id = c_w_id)     WHERE c_w_id = $1 AND c_d_id = $2 AND c_id = $3","parameters: $1 = '1', $2 = '3', $3 = '36'",,,,,,,,"","client backend"
2024-06-16 19:01:31.761 CST,"raingage","benchmark",54595,"127.0.0.1:48950",666ec5b9.d543,571,"SELECT",2024-06-16 19:00:09 CST,4/42,0,LOG,00000,"execute S_1: SELECT c_discount, c_last, c_credit, w_tax     FROM bmsql_customer     JOIN bmsql_warehouse ON (w_id = c_w_id)     WHERE c_w_id = $1 AND c_d_id = $2 AND c_id = $3","parameters: $1 = '1', $2 = '3', $3 = '36'",,,,,,,,"","client backend"
2024-06-16 19:01:31.826 CST,"raingage","benchmark",54595,"127.0.0.1:48950",666ec5b9.d543,572,"SELECT",2024-06-16 19:00:09 CST,4/42,0,LOG,00000,"execute S_1: SELECT c_discount, c_last, c_credit, w_tax     FROM bmsql_customer     JOIN bmsql_warehouse ON (w_id = c_w_id)     WHERE c_w_id = $1 AND c_d_id = $2 AND c_id = $3","parameters: $1 = '1', $2 = '3', $3 = '36'",,,,,,,,"","client backend"
2024-06-16 19:01:31.895 CST,"raingage","benchmark",54595,"127.0.0.1:48950",666ec5b9.d543,573,"SELECT",2024-06-16 19:00:09 CST,4/42,0,LOG,00000,"execute S_1: SELECT c_discount, c_last, c_credit, w_tax     FROM bmsql_customer     JOIN bmsql_warehouse ON (w_id = c_w_id)     WHERE c_w_id = $1 AND c_d_id = $2 AND c_id = $3","parameters: $1 = '1', $2 = '3', $3 = '36'",,,,,,,,"","client backend"
2024-06-16 19:01:31.910 CST,"raingage","benchmark",54595,"127.0.0.1:48950",666ec5b9.d543,574,"SELECT",2024-06-16 19:00:09 CST,4/42,0,LOG,00000,"execute S_5: SELECT i_price, i_name, i_data     FROM bmsql_item     WHERE i_id = $1","parameters: $1 = '12'",,,,,,,,"","client backend"
2024-06-16 19:01:31.922 CST,"raingage","benchmark",54595,"127.0.0.1:48950",666ec5b9.d543,575,"SELECT",2024-06-16 19:00:09 CST,4/42,0,LOG,00000,"execute S_6: SELECT s_quantity, s_data,        s_dist_01, s_dist_02, s_dist_03, s_dist_04,        s_dist_05, s_dist_06, s_dist_07, s_dist_08,        s_dist_09, s_dist_10     FROM bmsql_stock     WHERE s_w_id = $1 AND s_i_id = $2 ","parameters: $1 = '1', $2 = '12'",,,,,,,,"","client backend"
2024-06-16 19:01:31.935 CST,"raingage","benchmark",54595,"127.0.0.1:48950",666ec5b9.d543,576,"UPDATE",2024-06-16 19:00:09 CST,4/42,0,LOG,00000,"execute S_7: UPDATE bmsql_stock     SET s_quantity = $1, s_ytd = s_ytd + $2,         s_order_cnt = s_order_cnt + 1,         s_remote_cnt = s_remote_cnt + $3     WHERE s_w_id = $4 AND s_i_id = $5","parameters: $1 = '61', $2 = '5', $3 = '0', $4 = '1', $5 = '12'",,,,,,,,"","client backend"
2024-06-16 19:01:31.950 CST,"raingage","benchmark",54595,"127.0.0.1:48950",666ec5b9.d543,577,"COMMIT",2024-06-16 19:00:09 CST,4/42,115417,LOG,00000,"execute S_2: COMMIT",,,,,,,,,"","client backend"
2024-06-16 19:01:31.970 CST,"raingage","benchmark",54595,"127.0.0.1:48950",666ec5b9.d543,578,"BEGIN",2024-06-16 19:00:09 CST,4/43,0,LOG,00000,"execute S_3: BEGIN",,,,,,,,,"","client backend"
2024-06-16 19:01:31.982 CST,"raingage","benchmark",54595,"127.0.0.1:48950",666ec5b9.d543,579,"SELECT",2024-06-16 19:00:09 CST,4/43,0,LOG,00000,"execute S_4: SELECT d_tax, d_next_o_id     FROM bmsql_district     WHERE d_w_id = $1 AND d_id = $2 ","parameters: $1 = '1', $2 = '3'",,,,,,,,"","client backend"
2024-06-16 19:01:32.045 CST,"raingage","benchmark",54595,"127.0.0.1:48950",666ec5b9.d543,580,"SELECT",2024-06-16 19:00:09 CST,4/43,0,LOG,00000,"execute S_1: SELECT c_discount, c_last, c_credit, w_tax     FROM bmsql_customer     JOIN bmsql_warehouse ON (w_id = c_w_id)     WHERE c_w_id = $1 AND c_d_id = $2 AND c_id = $3","parameters: $1 = '1', $2 = '3', $3 = '60'",,,,,,,,"","client backend"
2024-06-16 19:01:32.116 CST,"raingage","benchmark",54595,"127.0.0.1:48950",666ec5b9.d543,581,"SELECT",2024-06-16 19:00:09 CST,4/43,0,LOG,00000,"execute S_1: SELECT c_discount, c_last, c_credit, w_tax     FROM bmsql_customer     JOIN bmsql_warehouse ON (w_id = c_w_id)     WHERE c_w_id = $1 AND c_d_id = $2 AND c_id = $3","parameters: $1 = '1', $2 = '3', $3 = '60'",,,,,,,,"","client backend"
2024-06-16 19:01:32.181 CST,"raingage","benchmark",54595,"127.0.0.1:48950",666ec5b9.d543,582,"SELECT",2024-06-16 19:00:09 CST,4/43,0,LOG,00000,"execute S_1: SELECT c_discount, c_last, c_credit, w_tax     FROM bmsql_customer     JOIN bmsql_warehouse ON (w_id = c_w_id)     WHERE c_w_id = $1 AND c_d_id = $2 AND c_id = $3","parameters: $1 = '1', $2 = '3', $3 = '60'",,,,,,,,"","client backend"
2024-06-16 19:01:32.244 CST,"raingage","benchmark",54595,"127.0.0.1:48950",666ec5b9.d543,583,"SELECT",2024-06-16 19:00:09 CST,4/43,0,LOG,00000,"execute S_1: SELECT c_discount, c_last, c_credit, w_tax     FROM bmsql_customer     JOIN bmsql_warehouse ON (w_id = c_w_id)     WHERE c_w_id = $1 AND c_d_id = $2 AND c_id = $3","parameters: $1 = '1', $2 = '3', $3 = '60'",,,,,,,,"","client backend"
2024-06-16 19:01:32.306 CST,"raingage","benchmark",54595,"127.0.0.1:48950",666ec5b9.d543,584,"SELECT",2024-06-16 19:00:09 CST,4/43,0,LOG,00000,"execute S_1: SELECT c_discount, c_last, c_credit, w_tax     FROM bmsql_customer     JOIN bmsql_warehouse ON (w_id = c_w_id)     WHERE c_w_id = $1 AND c_d_id = $2 AND c_id = $3","parameters: $1 = '1', $2 = '3', $3 = '60'",,,,,,,,"","client backend"
2024-06-16 19:01:32.368 CST,"raingage","benchmark",54595,"127.0.0.1:48950",666ec5b9.d543,585,"SELECT",2024-06-16 19:00:09 CST,4/43,0,LOG,00000,"execute S_1: SELECT c_discount, c_last, c_credit, w_tax     FROM bmsql_customer     JOIN bmsql_warehouse ON (w_id = c_w_id)     WHERE c_w_id = $1 AND c_d_id = $2 AND c_id = $3","parameters: $1 = '1', $2 = '3', $3 = '60'",,,,,,,,"","client backend"
2024-06-16 19:01:32.437 CST,"raingage","benchmark",54595,"127.0.0.1:48950",666ec5b9.d543,586,"SELECT",2024-06-16 19:00:09 CST,4/43,0,LOG,00000,"execute S_1: SELECT c_discount, c_last, c_credit, w_tax     FROM bmsql_customer     JOIN bmsql_warehouse ON (w_id = c_w_id)     WHERE c_w_id = $1 AND c_d_id = $2 AND c_id = $3","parameters: $1 = '1', $2 = '3', $3 = '60'",,,,,,,,"","client backend"
2024-06-16 19:01:32.502 CST,"raingage","benchmark",54595,"127.0.0.1:48950",666ec5b9.d543,587,"SELECT",2024-06-16 19:00:09 CST,4/43,0,LOG,00000,"execute S_1: SELECT c_discount, c_last, c_credit, w_tax     FROM bmsql_customer     JOIN bmsql_warehouse ON (w_id = c_w_id)     WHERE c_w_id = $1 AND c_d_id = $2 AND c_id = $3","parameters: $1 = '1', $2 = '3', $3 = '60'",,,,,,,,"","client backend"
2024-06-16 19:01:32.517 CST,"raingage","benchmark",54595,"127.0.0.1:48950",666ec5b9.d543,588,"SELECT",2024-06-16 19:00:09 CST,4/43,0,LOG,00000,"execute S_5: SELECT i_price, i_name, i_data     FROM bmsql_item     WHERE i_id = $1","parameters: $1 = '95'",,,,,,,,"","client backend"
2024-06-16 19:01:32.531 CST,"raingage","benchmark",54595,"127.0.0.1:48950",666ec5b9.d543,589,"SELECT",2024-06-16 19:00:09 CST,4/43,0,LOG,00000,"execute S_6: SELECT s_quantity, s_data,        s_dist_01, s_dist_02, s_dist_03, s_dist_04,        s_dist_05, s_dist_06, s_dist_07, s_dist_08,        s_dist_09, s_dist_10     FROM bmsql_stock     WHERE s_w_id = $1 AND s_i_id = $2 ","parameters: $1 = '1', $2 = '95'",,,,,,,,"","client backend"
2024-06-16 19:01:32.549 CST,"raingage","benchmark",54595,"127.0.0.1:48950",666ec5b9.d543,590,"UPDATE",2024-06-16 19:00:09 CST,4/43,0,LOG,00000,"execute S_7: UPDATE bmsql_stock     SET s_quantity = $1, s_ytd = s_ytd + $2,         s_order_cnt = s_order_cnt + 1,         s_remote_cnt = s_remote_cnt + $3     WHERE s_w_id = $4 AND s_i_id = $5","parameters: $1 = '37', $2 = '2', $3 = '0', $4 = '1', $5 = '95'",,,,,,,,"","client backend"
2024-06-16 19:01:32.566 CST,"raingage","benchmark",54595,"127.0.0.1:48950",666ec5b9.d543,591,"COMMIT",2024-06-16 19:00:09 CST,4/43,115418,LOG,00000,"execute S_2: COMMIT",,,,,,,,,"","client backend"
2024-06-16 19:01:32.584 CST,"raingage","benchmark",54595,"127.0.0.1:48950",666ec5b9.d543,592,"BEGIN",2024-06-16 19:00:09 CST,4/44,0,LOG,00000,"execute S_3: BEGIN",,,,,,,,,"","client backend"
2024-06-16 19:01:32.599 CST,"raingage","benchmark",54595,"127.0.0.1:48950",666ec5b9.d543,593,"SELECT",2024-06-16 19:00:09 CST,4/44,0,LOG,00000,"execute S_4: SELECT d_tax, d_next_o_id     FROM bmsql_district     WHERE d_w_id = $1 AND d_id = $2 ","parameters: $1 = '1', $2 = '3'",,,,,,,,"","client backend"
2024-06-16 19:01:32.668 CST,"raingage","benchmark",54595,"127.0.0.1:48950",666ec5b9.d543,594,"SELECT",2024-06-16 19:00:09 CST,4/44,0,LOG,00000,"execute S_1: SELECT c_discount, c_last, c_credit, w_tax     FROM bmsql_customer     JOIN bmsql_warehouse ON (w_id = c_w_id)     WHERE c_w_id = $1 AND c_d_id = $2 AND c_id = $3","parameters: $1 = '1', $2 = '3', $3 = '60'",,,,,,,,"","client backend"
2024-06-16 19:01:32.731 CST,"raingage","benchmark",54595,"127.0.0.1:48950",666ec5b9.d543,595,"SELECT",2024-06-16 19:00:09 CST,4/44,0,LOG,00000,"execute S_1: SELECT c_discount, c_last, c_credit, w_tax     FROM bmsql_customer     JOIN bmsql_warehouse ON (w_id = c_w_id)     WHERE c_w_id = $1 AND c_d_id = $2 AND c_id = $3","parameters: $1 = '1', $2 = '3', $3 = '60'",,,,,,,,"","client backend"
2024-06-16 19:01:32.794 CST,"raingage","benchmark",54595,"127.0.0.1:48950",666ec5b9.d543,596,"SELECT",2024-06-16 19:00:09 CST,4/44,0,LOG,00000,"execute S_1: SELECT c_discount, c_last, c_credit, w_tax     FROM bmsql_customer     JOIN bmsql_warehouse ON (w_id = c_w_id)     WHERE c_w_id = $1 AND c_d_id = $2 AND c_id = $3","parameters: $1 = '1', $2 = '3', $3 = '60'",,,,,,,,"","client backend"
2024-06-16 19:01:32.855 CST,"raingage","benchmark",54595,"127.0.0.1:48950",666ec5b9.d543,597,"SELECT",2024-06-16 19:00:09 CST,4/44,0,LOG,00000,"execute S_1: SELECT c_discount, c_last, c_credit, w_tax     FROM bmsql_customer     JOIN bmsql_warehouse ON (w_id = c_w_id)     WHERE c_w_id = $1 AND c_d_id = $2 AND c_id = $3","parameters: $1 = '1', $2 = '3', $3 = '60'",,,,,,,,"","client backend"
2024-06-16 19:01:32.924 CST,"raingage","benchmark",54595,"127.0.0.1:48950",666ec5b9.d543,598,"SELECT",2024-06-16 19:00:09 CST,4/44,0,LOG,00000,"execute S_1: SELECT c_discount, c_last, c_credit, w_tax     FROM bmsql_customer     JOIN bmsql_warehouse ON (w_id = c_w_id)     WHERE c_w_id = $1 AND c_d_id = $2 AND c_id = $3","parameters: $1 = '1', $2 = '3', $3 = '60'",,,,,,,,"","client backend"
2024-06-16 19:01:32.980 CST,"raingage","benchmark",54599,"127.0.0.1:48958",666ec5b9.d547,586,"BEGIN",2024-06-16 19:00:09 CST,8/43,0,LOG,00000,"execute S_3: BEGIN",,,,,,,,,"","client backend"
2024-06-16 19:01:32.988 CST,"raingage","benchmark",54595,"127.0.0.1:48950",666ec5b9.d543,599,"SELECT",2024-06-16 19:00:09 CST,4/44,0,LOG,00000,"execute S_1: SELECT c_discount, c_last, c_credit, w_tax     FROM bmsql_customer     JOIN bmsql_warehouse ON (w_id = c_w_id)     WHERE c_w_id = $1 AND c_d_id = $2 AND c_id = $3","parameters: $1 = '1', $2 = '3', $3 = '60'",,,,,,,,"","client backend"
2024-06-16 19:01:32.992 CST,"raingage","benchmark",54599,"127.0.0.1:48958",666ec5b9.d547,587,"SELECT",2024-06-16 19:00:09 CST,8/43,0,LOG,00000,"execute S_4: SELECT d_tax, d_next_o_id     FROM bmsql_district     WHERE d_w_id = $1 AND d_id = $2 ","parameters: $1 = '1', $2 = '3'",,,,,,,,"","client backend"
2024-06-16 19:01:33.057 CST,"raingage","benchmark",54599,"127.0.0.1:48958",666ec5b9.d547,588,"SELECT",2024-06-16 19:00:09 CST,8/43,0,LOG,00000,"execute S_1: SELECT c_discount, c_last, c_credit, w_tax     FROM bmsql_customer     JOIN bmsql_warehouse ON (w_id = c_w_id)     WHERE c_w_id = $1 AND c_d_id = $2 AND c_id = $3","parameters: $1 = '1', $2 = '3', $3 = '20'",,,,,,,,"","client backend"
2024-06-16 19:01:33.059 CST,"raingage","benchmark",54595,"127.0.0.1:48950",666ec5b9.d543,600,"SELECT",2024-06-16 19:00:09 CST,4/44,0,LOG,00000,"execute S_1: SELECT c_discount, c_last, c_credit, w_tax     FROM bmsql_customer     JOIN bmsql_warehouse ON (w_id = c_w_id)     WHERE c_w_id = $1 AND c_d_id = $2 AND c_id = $3","parameters: $1 = '1', $2 = '3', $3 = '60'",,,,,,,,"","client backend"
2024-06-16 19:01:33.124 CST,"raingage","benchmark",54595,"127.0.0.1:48950",666ec5b9.d543,601,"SELECT",2024-06-16 19:00:09 CST,4/44,0,LOG,00000,"execute S_1: SELECT c_discount, c_last, c_credit, w_tax     FROM bmsql_customer     JOIN bmsql_warehouse ON (w_id = c_w_id)     WHERE c_w_id = $1 AND c_d_id = $2 AND c_id = $3","parameters: $1 = '1', $2 = '3', $3 = '60'",,,,,,,,"","client backend"
2024-06-16 19:01:33.130 CST,"raingage","benchmark",54599,"127.0.0.1:48958",666ec5b9.d547,589,"SELECT",2024-06-16 19:00:09 CST,8/43,0,LOG,00000,"execute S_1: SELECT c_discount, c_last, c_credit, w_tax     FROM bmsql_customer     JOIN bmsql_warehouse ON (w_id = c_w_id)     WHERE c_w_id = $1 AND c_d_id = $2 AND c_id = $3","parameters: $1 = '1', $2 = '3', $3 = '20'",,,,,,,,"","client backend"
2024-06-16 19:01:33.138 CST,"raingage","benchmark",54595,"127.0.0.1:48950",666ec5b9.d543,602,"SELECT",2024-06-16 19:00:09 CST,4/44,0,LOG,00000,"execute S_5: SELECT i_price, i_name, i_data     FROM bmsql_item     WHERE i_id = $1","parameters: $1 = '95'",,,,,,,,"","client backend"
2024-06-16 19:01:33.152 CST,"raingage","benchmark",54595,"127.0.0.1:48950",666ec5b9.d543,603,"SELECT",2024-06-16 19:00:09 CST,4/44,0,LOG,00000,"execute S_6: SELECT s_quantity, s_data,        s_dist_01, s_dist_02, s_dist_03, s_dist_04,        s_dist_05, s_dist_06, s_dist_07, s_dist_08,        s_dist_09, s_dist_10     FROM bmsql_stock     WHERE s_w_id = $1 AND s_i_id = $2 ","parameters: $1 = '1', $2 = '95'",,,,,,,,"","client backend"
2024-06-16 19:01:33.166 CST,"raingage","benchmark",54595,"127.0.0.1:48950",666ec5b9.d543,604,"UPDATE",2024-06-16 19:00:09 CST,4/44,0,LOG,00000,"execute S_7: UPDATE bmsql_stock     SET s_quantity = $1, s_ytd = s_ytd + $2,         s_order_cnt = s_order_cnt + 1,         s_remote_cnt = s_remote_cnt + $3     WHERE s_w_id = $4 AND s_i_id = $5","parameters: $1 = '35', $2 = '2', $3 = '0', $4 = '1', $5 = '95'",,,,,,,,"","client backend"
2024-06-16 19:01:33.186 CST,"raingage","benchmark",54595,"127.0.0.1:48950",666ec5b9.d543,605,"COMMIT",2024-06-16 19:00:09 CST,4/44,115419,LOG,00000,"execute S_2: COMMIT",,,,,,,,,"","client backend"
2024-06-16 19:01:33.194 CST,"raingage","benchmark",54599,"127.0.0.1:48958",666ec5b9.d547,590,"SELECT",2024-06-16 19:00:09 CST,8/43,0,LOG,00000,"execute S_1: SELECT c_discount, c_last, c_credit, w_tax     FROM bmsql_customer     JOIN bmsql_warehouse ON (w_id = c_w_id)     WHERE c_w_id = $1 AND c_d_id = $2 AND c_id = $3","parameters: $1 = '1', $2 = '3', $3 = '20'",,,,,,,,"","client backend"
2024-06-16 19:01:33.206 CST,"raingage","benchmark",54595,"127.0.0.1:48950",666ec5b9.d543,606,"BEGIN",2024-06-16 19:00:09 CST,4/45,0,LOG,00000,"execute S_3: BEGIN",,,,,,,,,"","client backend"
2024-06-16 19:01:33.220 CST,"raingage","benchmark",54595,"127.0.0.1:48950",666ec5b9.d543,607,"SELECT",2024-06-16 19:00:09 CST,4/45,0,LOG,00000,"execute S_4: SELECT d_tax, d_next_o_id     FROM bmsql_district     WHERE d_w_id = $1 AND d_id = $2 ","parameters: $1 = '1', $2 = '3'",,,,,,,,"","client backend"
2024-06-16 19:01:33.256 CST,"raingage","benchmark",54599,"127.0.0.1:48958",666ec5b9.d547,591,"SELECT",2024-06-16 19:00:09 CST,8/43,0,LOG,00000,"execute S_1: SELECT c_discount, c_last, c_credit, w_tax     FROM bmsql_customer     JOIN bmsql_warehouse ON (w_id = c_w_id)     WHERE c_w_id = $1 AND c_d_id = $2 AND c_id = $3","parameters: $1 = '1', $2 = '3', $3 = '20'",,,,,,,,"","client backend"
2024-06-16 19:01:33.283 CST,"raingage","benchmark",54595,"127.0.0.1:48950",666ec5b9.d543,608,"SELECT",2024-06-16 19:00:09 CST,4/45,0,LOG,00000,"execute S_1: SELECT c_discount, c_last, c_credit, w_tax     FROM bmsql_customer     JOIN bmsql_warehouse ON (w_id = c_w_id)     WHERE c_w_id = $1 AND c_d_id = $2 AND c_id = $3","parameters: $1 = '1', $2 = '3', $3 = '71'",,,,,,,,"","client backend"
2024-06-16 19:01:33.325 CST,"raingage","benchmark",54599,"127.0.0.1:48958",666ec5b9.d547,592,"SELECT",2024-06-16 19:00:09 CST,8/43,0,LOG,00000,"execute S_1: SELECT c_discount, c_last, c_credit, w_tax     FROM bmsql_customer     JOIN bmsql_warehouse ON (w_id = c_w_id)     WHERE c_w_id = $1 AND c_d_id = $2 AND c_id = $3","parameters: $1 = '1', $2 = '3', $3 = '20'",,,,,,,,"","client backend"
2024-06-16 19:01:33.355 CST,"raingage","benchmark",54595,"127.0.0.1:48950",666ec5b9.d543,609,"SELECT",2024-06-16 19:00:09 CST,4/45,0,LOG,00000,"execute S_1: SELECT c_discount, c_last, c_credit, w_tax     FROM bmsql_customer     JOIN bmsql_warehouse ON (w_id = c_w_id)     WHERE c_w_id = $1 AND c_d_id = $2 AND c_id = $3","parameters: $1 = '1', $2 = '3', $3 = '71'",,,,,,,,"","client backend"
2024-06-16 19:01:33.392 CST,"raingage","benchmark",54599,"127.0.0.1:48958",666ec5b9.d547,593,"SELECT",2024-06-16 19:00:09 CST,8/43,0,LOG,00000,"execute S_1: SELECT c_discount, c_last, c_credit, w_tax     FROM bmsql_customer     JOIN bmsql_warehouse ON (w_id = c_w_id)     WHERE c_w_id = $1 AND c_d_id = $2 AND c_id = $3","parameters: $1 = '1', $2 = '3', $3 = '20'",,,,,,,,"","client backend"
2024-06-16 19:01:33.421 CST,"raingage","benchmark",54595,"127.0.0.1:48950",666ec5b9.d543,610,"SELECT",2024-06-16 19:00:09 CST,4/45,0,LOG,00000,"execute S_1: SELECT c_discount, c_last, c_credit, w_tax     FROM bmsql_customer     JOIN bmsql_warehouse ON (w_id = c_w_id)     WHERE c_w_id = $1 AND c_d_id = $2 AND c_id = $3","parameters: $1 = '1', $2 = '3', $3 = '71'",,,,,,,,"","client backend"
2024-06-16 19:01:33.461 CST,"raingage","benchmark",54599,"127.0.0.1:48958",666ec5b9.d547,594,"SELECT",2024-06-16 19:00:09 CST,8/43,0,LOG,00000,"execute S_1: SELECT c_discount, c_last, c_credit, w_tax     FROM bmsql_customer     JOIN bmsql_warehouse ON (w_id = c_w_id)     WHERE c_w_id = $1 AND c_d_id = $2 AND c_id = $3","parameters: $1 = '1', $2 = '3', $3 = '20'",,,,,,,,"","client backend"
2024-06-16 19:01:33.487 CST,"raingage","benchmark",54595,"127.0.0.1:48950",666ec5b9.d543,611,"SELECT",2024-06-16 19:00:09 CST,4/45,0,LOG,00000,"execute S_1: SELECT c_discount, c_last, c_credit, w_tax     FROM bmsql_customer     JOIN bmsql_warehouse ON (w_id = c_w_id)     WHERE c_w_id = $1 AND c_d_id = $2 AND c_id = $3","parameters: $1 = '1', $2 = '3', $3 = '71'",,,,,,,,"","client backend"
2024-06-16 19:01:33.525 CST,"raingage","benchmark",54599,"127.0.0.1:48958",666ec5b9.d547,595,"SELECT",2024-06-16 19:00:09 CST,8/43,0,LOG,00000,"execute S_1: SELECT c_discount, c_last, c_credit, w_tax     FROM bmsql_customer     JOIN bmsql_warehouse ON (w_id = c_w_id)     WHERE c_w_id = $1 AND c_d_id = $2 AND c_id = $3","parameters: $1 = '1', $2 = '3', $3 = '20'",,,,,,,,"","client backend"
2024-06-16 19:01:33.538 CST,"raingage","benchmark",54599,"127.0.0.1:48958",666ec5b9.d547,596,"SELECT",2024-06-16 19:00:09 CST,8/43,0,LOG,00000,"execute S_5: SELECT i_price, i_name, i_data     FROM bmsql_item     WHERE i_id = $1","parameters: $1 = '100'",,,,,,,,"","client backend"
2024-06-16 19:01:33.556 CST,"raingage","benchmark",54595,"127.0.0.1:48950",666ec5b9.d543,612,"SELECT",2024-06-16 19:00:09 CST,4/45,0,LOG,00000,"execute S_1: SELECT c_discount, c_last, c_credit, w_tax     FROM bmsql_customer     JOIN bmsql_warehouse ON (w_id = c_w_id)     WHERE c_w_id = $1 AND c_d_id = $2 AND c_id = $3","parameters: $1 = '1', $2 = '3', $3 = '71'",,,,,,,,"","client backend"
2024-06-16 19:01:33.556 CST,"raingage","benchmark",54599,"127.0.0.1:48958",666ec5b9.d547,597,"SELECT",2024-06-16 19:00:09 CST,8/43,0,LOG,00000,"execute S_6: SELECT s_quantity, s_data,        s_dist_01, s_dist_02, s_dist_03, s_dist_04,        s_dist_05, s_dist_06, s_dist_07, s_dist_08,        s_dist_09, s_dist_10     FROM bmsql_stock     WHERE s_w_id = $1 AND s_i_id = $2 ","parameters: $1 = '1', $2 = '100'",,,,,,,,"","client backend"
2024-06-16 19:01:33.573 CST,"raingage","benchmark",54599,"127.0.0.1:48958",666ec5b9.d547,598,"UPDATE",2024-06-16 19:00:09 CST,8/43,0,LOG,00000,"execute S_7: UPDATE bmsql_stock     SET s_quantity = $1, s_ytd = s_ytd + $2,         s_order_cnt = s_order_cnt + 1,         s_remote_cnt = s_remote_cnt + $3     WHERE s_w_id = $4 AND s_i_id = $5","parameters: $1 = '84', $2 = '2', $3 = '0', $4 = '1', $5 = '100'",,,,,,,,"","client backend"
2024-06-16 19:01:33.587 CST,"raingage","benchmark",54599,"127.0.0.1:48958",666ec5b9.d547,599,"COMMIT",2024-06-16 19:00:09 CST,8/43,115420,LOG,00000,"execute S_2: COMMIT",,,,,,,,,"","client backend"
2024-06-16 19:01:33.599 CST,"raingage","benchmark",54599,"127.0.0.1:48958",666ec5b9.d547,600,"BEGIN",2024-06-16 19:00:09 CST,8/44,0,LOG,00000,"execute S_3: BEGIN",,,,,,,,,"","client backend"
2024-06-16 19:01:33.614 CST,"raingage","benchmark",54599,"127.0.0.1:48958",666ec5b9.d547,601,"SELECT",2024-06-16 19:00:09 CST,8/44,0,LOG,00000,"execute S_4: SELECT d_tax, d_next_o_id     FROM bmsql_district     WHERE d_w_id = $1 AND d_id = $2 ","parameters: $1 = '1', $2 = '3'",,,,,,,,"","client backend"
2024-06-16 19:01:33.626 CST,"raingage","benchmark",54595,"127.0.0.1:48950",666ec5b9.d543,613,"SELECT",2024-06-16 19:00:09 CST,4/45,0,LOG,00000,"execute S_1: SELECT c_discount, c_last, c_credit, w_tax     FROM bmsql_customer     JOIN bmsql_warehouse ON (w_id = c_w_id)     WHERE c_w_id = $1 AND c_d_id = $2 AND c_id = $3","parameters: $1 = '1', $2 = '3', $3 = '71'",,,,,,,,"","client backend"
2024-06-16 19:01:33.632 CST,"raingage","benchmark",54596,"127.0.0.1:48952",666ec5b9.d544,805,"BEGIN",2024-06-16 19:00:09 CST,5/59,0,LOG,00000,"execute S_3: BEGIN",,,,,,,,,"","client backend"
2024-06-16 19:01:33.652 CST,"raingage","benchmark",54596,"127.0.0.1:48952",666ec5b9.d544,806,"SELECT",2024-06-16 19:00:09 CST,5/59,0,LOG,00000,"execute S_4: SELECT d_tax, d_next_o_id     FROM bmsql_district     WHERE d_w_id = $1 AND d_id = $2 ","parameters: $1 = '1', $2 = '4'",,,,,,,,"","client backend"
2024-06-16 19:01:33.676 CST,"raingage","benchmark",54599,"127.0.0.1:48958",666ec5b9.d547,602,"SELECT",2024-06-16 19:00:09 CST,8/44,0,LOG,00000,"execute S_1: SELECT c_discount, c_last, c_credit, w_tax     FROM bmsql_customer     JOIN bmsql_warehouse ON (w_id = c_w_id)     WHERE c_w_id = $1 AND c_d_id = $2 AND c_id = $3","parameters: $1 = '1', $2 = '3', $3 = '8'",,,,,,,,"","client backend"
2024-06-16 19:01:33.697 CST,"raingage","benchmark",54595,"127.0.0.1:48950",666ec5b9.d543,614,"SELECT",2024-06-16 19:00:09 CST,4/45,0,LOG,00000,"execute S_1: SELECT c_discount, c_last, c_credit, w_tax     FROM bmsql_customer     JOIN bmsql_warehouse ON (w_id = c_w_id)     WHERE c_w_id = $1 AND c_d_id = $2 AND c_id = $3","parameters: $1 = '1', $2 = '3', $3 = '71'",,,,,,,,"","client backend"
2024-06-16 19:01:33.714 CST,"raingage","benchmark",54596,"127.0.0.1:48952",666ec5b9.d544,807,"SELECT",2024-06-16 19:00:09 CST,5/59,0,LOG,00000,"execute S_1: SELECT c_discount, c_last, c_credit, w_tax     FROM bmsql_customer     JOIN bmsql_warehouse ON (w_id = c_w_id)     WHERE c_w_id = $1 AND c_d_id = $2 AND c_id = $3","parameters: $1 = '1', $2 = '4', $3 = '23'",,,,,,,,"","client backend"
2024-06-16 19:01:33.743 CST,"raingage","benchmark",54599,"127.0.0.1:48958",666ec5b9.d547,603,"SELECT",2024-06-16 19:00:09 CST,8/44,0,LOG,00000,"execute S_1: SELECT c_discount, c_last, c_credit, w_tax     FROM bmsql_customer     JOIN bmsql_warehouse ON (w_id = c_w_id)     WHERE c_w_id = $1 AND c_d_id = $2 AND c_id = $3","parameters: $1 = '1', $2 = '3', $3 = '8'",,,,,,,,"","client backend"
2024-06-16 19:01:33.766 CST,"raingage","benchmark",54595,"127.0.0.1:48950",666ec5b9.d543,615,"SELECT",2024-06-16 19:00:09 CST,4/45,0,LOG,00000,"execute S_1: SELECT c_discount, c_last, c_credit, w_tax     FROM bmsql_customer     JOIN bmsql_warehouse ON (w_id = c_w_id)     WHERE c_w_id = $1 AND c_d_id = $2 AND c_id = $3","parameters: $1 = '1', $2 = '3', $3 = '71'",,,,,,,,"","client backend"
2024-06-16 19:01:33.784 CST,"raingage","benchmark",54596,"127.0.0.1:48952",666ec5b9.d544,808,"SELECT",2024-06-16 19:00:09 CST,5/59,0,LOG,00000,"execute S_1: SELECT c_discount, c_last, c_credit, w_tax     FROM bmsql_customer     JOIN bmsql_warehouse ON (w_id = c_w_id)     WHERE c_w_id = $1 AND c_d_id = $2 AND c_id = $3","parameters: $1 = '1', $2 = '4', $3 = '23'",,,,,,,,"","client backend"
2024-06-16 19:01:33.786 CST,"raingage","benchmark",54595,"127.0.0.1:48950",666ec5b9.d543,616,"SELECT",2024-06-16 19:00:09 CST,4/45,0,LOG,00000,"execute S_5: SELECT i_price, i_name, i_data     FROM bmsql_item     WHERE i_id = $1","parameters: $1 = '78'",,,,,,,,"","client backend"
2024-06-16 19:01:33.803 CST,"raingage","benchmark",54595,"127.0.0.1:48950",666ec5b9.d543,617,"SELECT",2024-06-16 19:00:09 CST,4/45,0,LOG,00000,"execute S_6: SELECT s_quantity, s_data,        s_dist_01, s_dist_02, s_dist_03, s_dist_04,        s_dist_05, s_dist_06, s_dist_07, s_dist_08,        s_dist_09, s_dist_10     FROM bmsql_stock     WHERE s_w_id = $1 AND s_i_id = $2 ","parameters: $1 = '1', $2 = '78'",,,,,,,,"","client backend"
2024-06-16 19:01:33.814 CST,"raingage","benchmark",54599,"127.0.0.1:48958",666ec5b9.d547,604,"SELECT",2024-06-16 19:00:09 CST,8/44,0,LOG,00000,"execute S_1: SELECT c_discount, c_last, c_credit, w_tax     FROM bmsql_customer     JOIN bmsql_warehouse ON (w_id = c_w_id)     WHERE c_w_id = $1 AND c_d_id = $2 AND c_id = $3","parameters: $1 = '1', $2 = '3', $3 = '8'",,,,,,,,"","client backend"
2024-06-16 19:01:33.815 CST,"raingage","benchmark",54595,"127.0.0.1:48950",666ec5b9.d543,618,"UPDATE",2024-06-16 19:00:09 CST,4/45,0,LOG,00000,"execute S_7: UPDATE bmsql_stock     SET s_quantity = $1, s_ytd = s_ytd + $2,         s_order_cnt = s_order_cnt + 1,         s_remote_cnt = s_remote_cnt + $3     WHERE s_w_id = $4 AND s_i_id = $5","parameters: $1 = '79', $2 = '6', $3 = '0', $4 = '1', $5 = '78'",,,,,,,,"","client backend"
2024-06-16 19:01:33.831 CST,"raingage","benchmark",54595,"127.0.0.1:48950",666ec5b9.d543,619,"COMMIT",2024-06-16 19:00:09 CST,4/45,115421,LOG,00000,"execute S_2: COMMIT",,,,,,,,,"","client backend"
2024-06-16 19:01:33.844 CST,"raingage","benchmark",54595,"127.0.0.1:48950",666ec5b9.d543,620,"BEGIN",2024-06-16 19:00:09 CST,4/46,0,LOG,00000,"execute S_3: BEGIN",,,,,,,,,"","client backend"
2024-06-16 19:01:33.846 CST,"raingage","benchmark",54596,"127.0.0.1:48952",666ec5b9.d544,809,"SELECT",2024-06-16 19:00:09 CST,5/59,0,LOG,00000,"execute S_1: SELECT c_discount, c_last, c_credit, w_tax     FROM bmsql_customer     JOIN bmsql_warehouse ON (w_id = c_w_id)     WHERE c_w_id = $1 AND c_d_id = $2 AND c_id = $3","parameters: $1 = '1', $2 = '4', $3 = '23'",,,,,,,,"","client backend"
2024-06-16 19:01:33.863 CST,"raingage","benchmark",54595,"127.0.0.1:48950",666ec5b9.d543,621,"SELECT",2024-06-16 19:00:09 CST,4/46,0,LOG,00000,"execute S_4: SELECT d_tax, d_next_o_id     FROM bmsql_district     WHERE d_w_id = $1 AND d_id = $2 ","parameters: $1 = '1', $2 = '1'",,,,,,,,"","client backend"
2024-06-16 19:01:33.879 CST,"raingage","benchmark",54599,"127.0.0.1:48958",666ec5b9.d547,605,"SELECT",2024-06-16 19:00:09 CST,8/44,0,LOG,00000,"execute S_1: SELECT c_discount, c_last, c_credit, w_tax     FROM bmsql_customer     JOIN bmsql_warehouse ON (w_id = c_w_id)     WHERE c_w_id = $1 AND c_d_id = $2 AND c_id = $3","parameters: $1 = '1', $2 = '3', $3 = '8'",,,,,,,,"","client backend"
2024-06-16 19:01:33.912 CST,"raingage","benchmark",54596,"127.0.0.1:48952",666ec5b9.d544,810,"SELECT",2024-06-16 19:00:09 CST,5/59,0,LOG,00000,"execute S_1: SELECT c_discount, c_last, c_credit, w_tax     FROM bmsql_customer     JOIN bmsql_warehouse ON (w_id = c_w_id)     WHERE c_w_id = $1 AND c_d_id = $2 AND c_id = $3","parameters: $1 = '1', $2 = '4', $3 = '23'",,,,,,,,"","client backend"
2024-06-16 19:01:33.926 CST,"raingage","benchmark",54595,"127.0.0.1:48950",666ec5b9.d543,622,"SELECT",2024-06-16 19:00:09 CST,4/46,0,LOG,00000,"execute S_1: SELECT c_discount, c_last, c_credit, w_tax     FROM bmsql_customer     JOIN bmsql_warehouse ON (w_id = c_w_id)     WHERE c_w_id = $1 AND c_d_id = $2 AND c_id = $3","parameters: $1 = '1', $2 = '1', $3 = '21'",,,,,,,,"","client backend"
2024-06-16 19:01:33.941 CST,"raingage","benchmark",54599,"127.0.0.1:48958",666ec5b9.d547,606,"SELECT",2024-06-16 19:00:09 CST,8/44,0,LOG,00000,"execute S_1: SELECT c_discount, c_last, c_credit, w_tax     FROM bmsql_customer     JOIN bmsql_warehouse ON (w_id = c_w_id)     WHERE c_w_id = $1 AND c_d_id = $2 AND c_id = $3","parameters: $1 = '1', $2 = '3', $3 = '8'",,,,,,,,"","client backend"
2024-06-16 19:01:33.983 CST,"raingage","benchmark",54596,"127.0.0.1:48952",666ec5b9.d544,811,"SELECT",2024-06-16 19:00:09 CST,5/59,0,LOG,00000,"execute S_1: SELECT c_discount, c_last, c_credit, w_tax     FROM bmsql_customer     JOIN bmsql_warehouse ON (w_id = c_w_id)     WHERE c_w_id = $1 AND c_d_id = $2 AND c_id = $3","parameters: $1 = '1', $2 = '4', $3 = '23'",,,,,,,,"","client backend"
2024-06-16 19:01:33.996 CST,"raingage","benchmark",54595,"127.0.0.1:48950",666ec5b9.d543,623,"SELECT",2024-06-16 19:00:09 CST,4/46,0,LOG,00000,"execute S_1: SELECT c_discount, c_last, c_credit, w_tax     FROM bmsql_customer     JOIN bmsql_warehouse ON (w_id = c_w_id)     WHERE c_w_id = $1 AND c_d_id = $2 AND c_id = $3","parameters: $1 = '1', $2 = '1', $3 = '21'",,,,,,,,"","client backend"
2024-06-16 19:01:34.007 CST,"raingage","benchmark",54599,"127.0.0.1:48958",666ec5b9.d547,607,"SELECT",2024-06-16 19:00:09 CST,8/44,0,LOG,00000,"execute S_1: SELECT c_discount, c_last, c_credit, w_tax     FROM bmsql_customer     JOIN bmsql_warehouse ON (w_id = c_w_id)     WHERE c_w_id = $1 AND c_d_id = $2 AND c_id = $3","parameters: $1 = '1', $2 = '3', $3 = '8'",,,,,,,,"","client backend"
2024-06-16 19:01:34.048 CST,"raingage","benchmark",54596,"127.0.0.1:48952",666ec5b9.d544,812,"SELECT",2024-06-16 19:00:09 CST,5/59,0,LOG,00000,"execute S_1: SELECT c_discount, c_last, c_credit, w_tax     FROM bmsql_customer     JOIN bmsql_warehouse ON (w_id = c_w_id)     WHERE c_w_id = $1 AND c_d_id = $2 AND c_id = $3","parameters: $1 = '1', $2 = '4', $3 = '23'",,,,,,,,"","client backend"
2024-06-16 19:01:34.060 CST,"raingage","benchmark",54595,"127.0.0.1:48950",666ec5b9.d543,624,"SELECT",2024-06-16 19:00:09 CST,4/46,0,LOG,00000,"execute S_1: SELECT c_discount, c_last, c_credit, w_tax     FROM bmsql_customer     JOIN bmsql_warehouse ON (w_id = c_w_id)     WHERE c_w_id = $1 AND c_d_id = $2 AND c_id = $3","parameters: $1 = '1', $2 = '1', $3 = '21'",,,,,,,,"","client backend"
2024-06-16 19:01:34.073 CST,"raingage","benchmark",54599,"127.0.0.1:48958",666ec5b9.d547,608,"SELECT",2024-06-16 19:00:09 CST,8/44,0,LOG,00000,"execute S_1: SELECT c_discount, c_last, c_credit, w_tax     FROM bmsql_customer     JOIN bmsql_warehouse ON (w_id = c_w_id)     WHERE c_w_id = $1 AND c_d_id = $2 AND c_id = $3","parameters: $1 = '1', $2 = '3', $3 = '8'",,,,,,,,"","client backend"
2024-06-16 19:01:34.113 CST,"raingage","benchmark",54596,"127.0.0.1:48952",666ec5b9.d544,813,"SELECT",2024-06-16 19:00:09 CST,5/59,0,LOG,00000,"execute S_1: SELECT c_discount, c_last, c_credit, w_tax     FROM bmsql_customer     JOIN bmsql_warehouse ON (w_id = c_w_id)     WHERE c_w_id = $1 AND c_d_id = $2 AND c_id = $3","parameters: $1 = '1', $2 = '4', $3 = '23'",,,,,,,,"","client backend"
2024-06-16 19:01:34.130 CST,"raingage","benchmark",54595,"127.0.0.1:48950",666ec5b9.d543,625,"SELECT",2024-06-16 19:00:09 CST,4/46,0,LOG,00000,"execute S_1: SELECT c_discount, c_last, c_credit, w_tax     FROM bmsql_customer     JOIN bmsql_warehouse ON (w_id = c_w_id)     WHERE c_w_id = $1 AND c_d_id = $2 AND c_id = $3","parameters: $1 = '1', $2 = '1', $3 = '21'",,,,,,,,"","client backend"
2024-06-16 19:01:34.135 CST,"raingage","benchmark",54599,"127.0.0.1:48958",666ec5b9.d547,609,"SELECT",2024-06-16 19:00:09 CST,8/44,0,LOG,00000,"execute S_1: SELECT c_discount, c_last, c_credit, w_tax     FROM bmsql_customer     JOIN bmsql_warehouse ON (w_id = c_w_id)     WHERE c_w_id = $1 AND c_d_id = $2 AND c_id = $3","parameters: $1 = '1', $2 = '3', $3 = '8'",,,,,,,,"","client backend"
2024-06-16 19:01:34.149 CST,"raingage","benchmark",54599,"127.0.0.1:48958",666ec5b9.d547,610,"SELECT",2024-06-16 19:00:09 CST,8/44,0,LOG,00000,"execute S_5: SELECT i_price, i_name, i_data     FROM bmsql_item     WHERE i_id = $1","parameters: $1 = '109'",,,,,,,,"","client backend"
2024-06-16 19:01:34.167 CST,"raingage","benchmark",54599,"127.0.0.1:48958",666ec5b9.d547,611,"SELECT",2024-06-16 19:00:09 CST,8/44,0,LOG,00000,"execute S_6: SELECT s_quantity, s_data,        s_dist_01, s_dist_02, s_dist_03, s_dist_04,        s_dist_05, s_dist_06, s_dist_07, s_dist_08,        s_dist_09, s_dist_10     FROM bmsql_stock     WHERE s_w_id = $1 AND s_i_id = $2 ","parameters: $1 = '1', $2 = '109'",,,,,,,,"","client backend"
2024-06-16 19:01:34.185 CST,"raingage","benchmark",54596,"127.0.0.1:48952",666ec5b9.d544,814,"SELECT",2024-06-16 19:00:09 CST,5/59,0,LOG,00000,"execute S_1: SELECT c_discount, c_last, c_credit, w_tax     FROM bmsql_customer     JOIN bmsql_warehouse ON (w_id = c_w_id)     WHERE c_w_id = $1 AND c_d_id = $2 AND c_id = $3","parameters: $1 = '1', $2 = '4', $3 = '23'",,,,,,,,"","client backend"
2024-06-16 19:01:34.187 CST,"raingage","benchmark",54599,"127.0.0.1:48958",666ec5b9.d547,612,"UPDATE",2024-06-16 19:00:09 CST,8/44,0,LOG,00000,"execute S_7: UPDATE bmsql_stock     SET s_quantity = $1, s_ytd = s_ytd + $2,         s_order_cnt = s_order_cnt + 1,         s_remote_cnt = s_remote_cnt + $3     WHERE s_w_id = $4 AND s_i_id = $5","parameters: $1 = '33', $2 = '6', $3 = '0', $4 = '1', $5 = '109'",,,,,,,,"","client backend"
2024-06-16 19:01:34.199 CST,"raingage","benchmark",54595,"127.0.0.1:48950",666ec5b9.d543,626,"SELECT",2024-06-16 19:00:09 CST,4/46,0,LOG,00000,"execute S_1: SELECT c_discount, c_last, c_credit, w_tax     FROM bmsql_customer     JOIN bmsql_warehouse ON (w_id = c_w_id)     WHERE c_w_id = $1 AND c_d_id = $2 AND c_id = $3","parameters: $1 = '1', $2 = '1', $3 = '21'",,,,,,,,"","client backend"
2024-06-16 19:01:34.201 CST,"raingage","benchmark",54596,"127.0.0.1:48952",666ec5b9.d544,815,"SELECT",2024-06-16 19:00:09 CST,5/59,0,LOG,00000,"execute S_5: SELECT i_price, i_name, i_data     FROM bmsql_item     WHERE i_id = $1","parameters: $1 = '48'",,,,,,,,"","client backend"
2024-06-16 19:01:34.203 CST,"raingage","benchmark",54599,"127.0.0.1:48958",666ec5b9.d547,613,"COMMIT",2024-06-16 19:00:09 CST,8/44,115422,LOG,00000,"execute S_2: COMMIT",,,,,,,,,"","client backend"
2024-06-16 19:01:34.219 CST,"raingage","benchmark",54596,"127.0.0.1:48952",666ec5b9.d544,816,"SELECT",2024-06-16 19:00:09 CST,5/59,0,LOG,00000,"execute S_6: SELECT s_quantity, s_data,        s_dist_01, s_dist_02, s_dist_03, s_dist_04,        s_dist_05, s_dist_06, s_dist_07, s_dist_08,        s_dist_09, s_dist_10     FROM bmsql_stock     WHERE s_w_id = $1 AND s_i_id = $2 ","parameters: $1 = '1', $2 = '48'",,,,,,,,"","client backend"
2024-06-16 19:01:34.225 CST,"raingage","benchmark",54599,"127.0.0.1:48958",666ec5b9.d547,614,"BEGIN",2024-06-16 19:00:09 CST,8/45,0,LOG,00000,"execute S_3: BEGIN",,,,,,,,,"","client backend"
2024-06-16 19:01:34.235 CST,"raingage","benchmark",54596,"127.0.0.1:48952",666ec5b9.d544,817,"UPDATE",2024-06-16 19:00:09 CST,5/59,0,LOG,00000,"execute S_7: UPDATE bmsql_stock     SET s_quantity = $1, s_ytd = s_ytd + $2,         s_order_cnt = s_order_cnt + 1,         s_remote_cnt = s_remote_cnt + $3     WHERE s_w_id = $4 AND s_i_id = $5","parameters: $1 = '68', $2 = '6', $3 = '0', $4 = '1', $5 = '48'",,,,,,,,"","client backend"
2024-06-16 19:01:34.244 CST,"raingage","benchmark",54599,"127.0.0.1:48958",666ec5b9.d547,615,"SELECT",2024-06-16 19:00:09 CST,8/45,0,LOG,00000,"execute S_4: SELECT d_tax, d_next_o_id     FROM bmsql_district     WHERE d_w_id = $1 AND d_id = $2 ","parameters: $1 = '1', $2 = '2'",,,,,,,,"","client backend"
2024-06-16 19:01:34.248 CST,"raingage","benchmark",54596,"127.0.0.1:48952",666ec5b9.d544,818,"COMMIT",2024-06-16 19:00:09 CST,5/59,115423,LOG,00000,"execute S_2: COMMIT",,,,,,,,,"","client backend"
2024-06-16 19:01:34.264 CST,"raingage","benchmark",54596,"127.0.0.1:48952",666ec5b9.d544,819,"BEGIN",2024-06-16 19:00:09 CST,5/60,0,LOG,00000,"execute S_3: BEGIN",,,,,,,,,"","client backend"
2024-06-16 19:01:34.266 CST,"raingage","benchmark",54595,"127.0.0.1:48950",666ec5b9.d543,627,"SELECT",2024-06-16 19:00:09 CST,4/46,0,LOG,00000,"execute S_1: SELECT c_discount, c_last, c_credit, w_tax     FROM bmsql_customer     JOIN bmsql_warehouse ON (w_id = c_w_id)     WHERE c_w_id = $1 AND c_d_id = $2 AND c_id = $3","parameters: $1 = '1', $2 = '1', $3 = '21'",,,,,,,,"","client backend"
2024-06-16 19:01:34.278 CST,"raingage","benchmark",54596,"127.0.0.1:48952",666ec5b9.d544,820,"SELECT",2024-06-16 19:00:09 CST,5/60,0,LOG,00000,"execute S_4: SELECT d_tax, d_next_o_id     FROM bmsql_district     WHERE d_w_id = $1 AND d_id = $2 ","parameters: $1 = '1', $2 = '2'",,,,,,,,"","client backend"
2024-06-16 19:01:34.314 CST,"raingage","benchmark",54599,"127.0.0.1:48958",666ec5b9.d547,616,"SELECT",2024-06-16 19:00:09 CST,8/45,0,LOG,00000,"execute S_1: SELECT c_discount, c_last, c_credit, w_tax     FROM bmsql_customer     JOIN bmsql_warehouse ON (w_id = c_w_id)     WHERE c_w_id = $1 AND c_d_id = $2 AND c_id = $3","parameters: $1 = '1', $2 = '2', $3 = '85'",,,,,,,,"","client backend"
2024-06-16 19:01:34.328 CST,"raingage","benchmark",54595,"127.0.0.1:48950",666ec5b9.d543,628,"SELECT",2024-06-16 19:00:09 CST,4/46,0,LOG,00000,"execute S_1: SELECT c_discount, c_last, c_credit, w_tax     FROM bmsql_customer     JOIN bmsql_warehouse ON (w_id = c_w_id)     WHERE c_w_id = $1 AND c_d_id = $2 AND c_id = $3","parameters: $1 = '1', $2 = '1', $3 = '21'",,,,,,,,"","client backend"
2024-06-16 19:01:34.383 CST,"raingage","benchmark",54599,"127.0.0.1:48958",666ec5b9.d547,617,"SELECT",2024-06-16 19:00:09 CST,8/45,0,LOG,00000,"execute S_1: SELECT c_discount, c_last, c_credit, w_tax     FROM bmsql_customer     JOIN bmsql_warehouse ON (w_id = c_w_id)     WHERE c_w_id = $1 AND c_d_id = $2 AND c_id = $3","parameters: $1 = '1', $2 = '2', $3 = '85'",,,,,,,,"","client backend"
2024-06-16 19:01:34.394 CST,"raingage","benchmark",54595,"127.0.0.1:48950",666ec5b9.d543,629,"SELECT",2024-06-16 19:00:09 CST,4/46,0,LOG,00000,"execute S_1: SELECT c_discount, c_last, c_credit, w_tax     FROM bmsql_customer     JOIN bmsql_warehouse ON (w_id = c_w_id)     WHERE c_w_id = $1 AND c_d_id = $2 AND c_id = $3","parameters: $1 = '1', $2 = '1', $3 = '21'",,,,,,,,"","client backend"
2024-06-16 19:01:34.414 CST,"raingage","benchmark",54595,"127.0.0.1:48950",666ec5b9.d543,630,"SELECT",2024-06-16 19:00:09 CST,4/46,0,LOG,00000,"execute S_5: SELECT i_price, i_name, i_data     FROM bmsql_item     WHERE i_id = $1","parameters: $1 = '47'",,,,,,,,"","client backend"
2024-06-16 19:01:34.434 CST,"raingage","benchmark",54595,"127.0.0.1:48950",666ec5b9.d543,631,"SELECT",2024-06-16 19:00:09 CST,4/46,0,LOG,00000,"execute S_6: SELECT s_quantity, s_data,        s_dist_01, s_dist_02, s_dist_03, s_dist_04,        s_dist_05, s_dist_06, s_dist_07, s_dist_08,        s_dist_09, s_dist_10     FROM bmsql_stock     WHERE s_w_id = $1 AND s_i_id = $2 ","parameters: $1 = '1', $2 = '47'",,,,,,,,"","client backend"
2024-06-16 19:01:34.454 CST,"raingage","benchmark",54599,"127.0.0.1:48958",666ec5b9.d547,618,"SELECT",2024-06-16 19:00:09 CST,8/45,0,LOG,00000,"execute S_1: SELECT c_discount, c_last, c_credit, w_tax     FROM bmsql_customer     JOIN bmsql_warehouse ON (w_id = c_w_id)     WHERE c_w_id = $1 AND c_d_id = $2 AND c_id = $3","parameters: $1 = '1', $2 = '2', $3 = '85'",,,,,,,,"","client backend"
2024-06-16 19:01:34.455 CST,"raingage","benchmark",54595,"127.0.0.1:48950",666ec5b9.d543,632,"UPDATE",2024-06-16 19:00:09 CST,4/46,0,LOG,00000,"execute S_7: UPDATE bmsql_stock     SET s_quantity = $1, s_ytd = s_ytd + $2,         s_order_cnt = s_order_cnt + 1,         s_remote_cnt = s_remote_cnt + $3     WHERE s_w_id = $4 AND s_i_id = $5","parameters: $1 = '52', $2 = '2', $3 = '0', $4 = '1', $5 = '47'",,,,,,,,"","client backend"
2024-06-16 19:01:34.468 CST,"raingage","benchmark",54595,"127.0.0.1:48950",666ec5b9.d543,633,"COMMIT",2024-06-16 19:00:09 CST,4/46,115424,LOG,00000,"execute S_2: COMMIT",,,,,,,,,"","client backend"
2024-06-16 19:01:34.517 CST,"raingage","benchmark",54599,"127.0.0.1:48958",666ec5b9.d547,619,"SELECT",2024-06-16 19:00:09 CST,8/45,0,LOG,00000,"execute S_1: SELECT c_discount, c_last, c_credit, w_tax     FROM bmsql_customer     JOIN bmsql_warehouse ON (w_id = c_w_id)     WHERE c_w_id = $1 AND c_d_id = $2 AND c_id = $3","parameters: $1 = '1', $2 = '2', $3 = '85'",,,,,,,,"","client backend"
2024-06-16 19:01:34.586 CST,"raingage","benchmark",54599,"127.0.0.1:48958",666ec5b9.d547,620,"SELECT",2024-06-16 19:00:09 CST,8/45,0,LOG,00000,"execute S_1: SELECT c_discount, c_last, c_credit, w_tax     FROM bmsql_customer     JOIN bmsql_warehouse ON (w_id = c_w_id)     WHERE c_w_id = $1 AND c_d_id = $2 AND c_id = $3","parameters: $1 = '1', $2 = '2', $3 = '85'",,,,,,,,"","client backend"
2024-06-16 19:01:34.648 CST,"raingage","benchmark",54599,"127.0.0.1:48958",666ec5b9.d547,621,"SELECT",2024-06-16 19:00:09 CST,8/45,0,LOG,00000,"execute S_1: SELECT c_discount, c_last, c_credit, w_tax     FROM bmsql_customer     JOIN bmsql_warehouse ON (w_id = c_w_id)     WHERE c_w_id = $1 AND c_d_id = $2 AND c_id = $3","parameters: $1 = '1', $2 = '2', $3 = '85'",,,,,,,,"","client backend"
2024-06-16 19:01:34.714 CST,"raingage","benchmark",54599,"127.0.0.1:48958",666ec5b9.d547,622,"SELECT",2024-06-16 19:00:09 CST,8/45,0,LOG,00000,"execute S_1: SELECT c_discount, c_last, c_credit, w_tax     FROM bmsql_customer     JOIN bmsql_warehouse ON (w_id = c_w_id)     WHERE c_w_id = $1 AND c_d_id = $2 AND c_id = $3","parameters: $1 = '1', $2 = '2', $3 = '85'",,,,,,,,"","client backend"
2024-06-16 19:01:34.781 CST,"raingage","benchmark",54599,"127.0.0.1:48958",666ec5b9.d547,623,"SELECT",2024-06-16 19:00:09 CST,8/45,0,LOG,00000,"execute S_1: SELECT c_discount, c_last, c_credit, w_tax     FROM bmsql_customer     JOIN bmsql_warehouse ON (w_id = c_w_id)     WHERE c_w_id = $1 AND c_d_id = $2 AND c_id = $3","parameters: $1 = '1', $2 = '2', $3 = '85'",,,,,,,,"","client backend"
2024-06-16 19:01:34.801 CST,"raingage","benchmark",54599,"127.0.0.1:48958",666ec5b9.d547,624,"SELECT",2024-06-16 19:00:09 CST,8/45,0,LOG,00000,"execute S_5: SELECT i_price, i_name, i_data     FROM bmsql_item     WHERE i_id = $1","parameters: $1 = '67'",,,,,,,,"","client backend"
2024-06-16 19:01:34.814 CST,"raingage","benchmark",54599,"127.0.0.1:48958",666ec5b9.d547,625,"SELECT",2024-06-16 19:00:09 CST,8/45,0,LOG,00000,"execute S_6: SELECT s_quantity, s_data,        s_dist_01, s_dist_02, s_dist_03, s_dist_04,        s_dist_05, s_dist_06, s_dist_07, s_dist_08,        s_dist_09, s_dist_10     FROM bmsql_stock     WHERE s_w_id = $1 AND s_i_id = $2 ","parameters: $1 = '1', $2 = '67'",,,,,,,,"","client backend"
2024-06-16 19:01:34.834 CST,"raingage","benchmark",54599,"127.0.0.1:48958",666ec5b9.d547,626,"UPDATE",2024-06-16 19:00:09 CST,8/45,0,LOG,00000,"execute S_7: UPDATE bmsql_stock     SET s_quantity = $1, s_ytd = s_ytd + $2,         s_order_cnt = s_order_cnt + 1,         s_remote_cnt = s_remote_cnt + $3     WHERE s_w_id = $4 AND s_i_id = $5","parameters: $1 = '94', $2 = '2', $3 = '0', $4 = '1', $5 = '67'",,,,,,,,"","client backend"
2024-06-16 19:01:34.846 CST,"raingage","benchmark",54599,"127.0.0.1:48958",666ec5b9.d547,627,"COMMIT",2024-06-16 19:00:09 CST,8/45,115425,LOG,00000,"execute S_2: COMMIT",,,,,,,,,"","client backend"
2024-06-16 19:01:34.847 CST,"raingage","benchmark",54596,"127.0.0.1:48952",666ec5b9.d544,821,"SELECT",2024-06-16 19:00:09 CST,5/60,0,LOG,00000,"execute S_1: SELECT c_discount, c_last, c_credit, w_tax     FROM bmsql_customer     JOIN bmsql_warehouse ON (w_id = c_w_id)     WHERE c_w_id = $1 AND c_d_id = $2 AND c_id = $3","parameters: $1 = '1', $2 = '2', $3 = '85'",,,,,,,,"","client backend"
2024-06-16 19:01:34.861 CST,"raingage","benchmark",54599,"127.0.0.1:48958",666ec5b9.d547,628,"BEGIN",2024-06-16 19:00:09 CST,8/46,0,LOG,00000,"execute S_3: BEGIN",,,,,,,,,"","client backend"
2024-06-16 19:01:34.877 CST,"raingage","benchmark",54599,"127.0.0.1:48958",666ec5b9.d547,629,"SELECT",2024-06-16 19:00:09 CST,8/46,0,LOG,00000,"execute S_4: SELECT d_tax, d_next_o_id     FROM bmsql_district     WHERE d_w_id = $1 AND d_id = $2 ","parameters: $1 = '1', $2 = '1'",,,,,,,,"","client backend"
2024-06-16 19:01:34.916 CST,"raingage","benchmark",54596,"127.0.0.1:48952",666ec5b9.d544,822,"SELECT",2024-06-16 19:00:09 CST,5/60,0,LOG,00000,"execute S_1: SELECT c_discount, c_last, c_credit, w_tax     FROM bmsql_customer     JOIN bmsql_warehouse ON (w_id = c_w_id)     WHERE c_w_id = $1 AND c_d_id = $2 AND c_id = $3","parameters: $1 = '1', $2 = '2', $3 = '85'",,,,,,,,"","client backend"
2024-06-16 19:01:34.945 CST,"raingage","benchmark",54599,"127.0.0.1:48958",666ec5b9.d547,630,"SELECT",2024-06-16 19:00:09 CST,8/46,0,LOG,00000,"execute S_1: SELECT c_discount, c_last, c_credit, w_tax     FROM bmsql_customer     JOIN bmsql_warehouse ON (w_id = c_w_id)     WHERE c_w_id = $1 AND c_d_id = $2 AND c_id = $3","parameters: $1 = '1', $2 = '1', $3 = '73'",,,,,,,,"","client backend"
2024-06-16 19:01:34.979 CST,"raingage","benchmark",54596,"127.0.0.1:48952",666ec5b9.d544,823,"SELECT",2024-06-16 19:00:09 CST,5/60,0,LOG,00000,"execute S_1: SELECT c_discount, c_last, c_credit, w_tax     FROM bmsql_customer     JOIN bmsql_warehouse ON (w_id = c_w_id)     WHERE c_w_id = $1 AND c_d_id = $2 AND c_id = $3","parameters: $1 = '1', $2 = '2', $3 = '85'",,,,,,,,"","client backend"
2024-06-16 19:01:35.008 CST,"raingage","benchmark",54599,"127.0.0.1:48958",666ec5b9.d547,631,"SELECT",2024-06-16 19:00:09 CST,8/46,0,LOG,00000,"execute S_1: SELECT c_discount, c_last, c_credit, w_tax     FROM bmsql_customer     JOIN bmsql_warehouse ON (w_id = c_w_id)     WHERE c_w_id = $1 AND c_d_id = $2 AND c_id = $3","parameters: $1 = '1', $2 = '1', $3 = '73'",,,,,,,,"","client backend"
2024-06-16 19:01:35.047 CST,"raingage","benchmark",54596,"127.0.0.1:48952",666ec5b9.d544,824,"SELECT",2024-06-16 19:00:09 CST,5/60,0,LOG,00000,"execute S_1: SELECT c_discount, c_last, c_credit, w_tax     FROM bmsql_customer     JOIN bmsql_warehouse ON (w_id = c_w_id)     WHERE c_w_id = $1 AND c_d_id = $2 AND c_id = $3","parameters: $1 = '1', $2 = '2', $3 = '85'",,,,,,,,"","client backend"
2024-06-16 19:01:35.080 CST,"raingage","benchmark",54599,"127.0.0.1:48958",666ec5b9.d547,632,"SELECT",2024-06-16 19:00:09 CST,8/46,0,LOG,00000,"execute S_1: SELECT c_discount, c_last, c_credit, w_tax     FROM bmsql_customer     JOIN bmsql_warehouse ON (w_id = c_w_id)     WHERE c_w_id = $1 AND c_d_id = $2 AND c_id = $3","parameters: $1 = '1', $2 = '1', $3 = '73'",,,,,,,,"","client backend"
2024-06-16 19:01:35.114 CST,"raingage","benchmark",54596,"127.0.0.1:48952",666ec5b9.d544,825,"SELECT",2024-06-16 19:00:09 CST,5/60,0,LOG,00000,"execute S_1: SELECT c_discount, c_last, c_credit, w_tax     FROM bmsql_customer     JOIN bmsql_warehouse ON (w_id = c_w_id)     WHERE c_w_id = $1 AND c_d_id = $2 AND c_id = $3","parameters: $1 = '1', $2 = '2', $3 = '85'",,,,,,,,"","client backend"
2024-06-16 19:01:35.148 CST,"raingage","benchmark",54599,"127.0.0.1:48958",666ec5b9.d547,633,"SELECT",2024-06-16 19:00:09 CST,8/46,0,LOG,00000,"execute S_1: SELECT c_discount, c_last, c_credit, w_tax     FROM bmsql_customer     JOIN bmsql_warehouse ON (w_id = c_w_id)     WHERE c_w_id = $1 AND c_d_id = $2 AND c_id = $3","parameters: $1 = '1', $2 = '1', $3 = '73'",,,,,,,,"","client backend"
2024-06-16 19:01:35.185 CST,"raingage","benchmark",54596,"127.0.0.1:48952",666ec5b9.d544,826,"SELECT",2024-06-16 19:00:09 CST,5/60,0,LOG,00000,"execute S_1: SELECT c_discount, c_last, c_credit, w_tax     FROM bmsql_customer     JOIN bmsql_warehouse ON (w_id = c_w_id)     WHERE c_w_id = $1 AND c_d_id = $2 AND c_id = $3","parameters: $1 = '1', $2 = '2', $3 = '85'",,,,,,,,"","client backend"
2024-06-16 19:01:35.219 CST,"raingage","benchmark",54599,"127.0.0.1:48958",666ec5b9.d547,634,"SELECT",2024-06-16 19:00:09 CST,8/46,0,LOG,00000,"execute S_1: SELECT c_discount, c_last, c_credit, w_tax     FROM bmsql_customer     JOIN bmsql_warehouse ON (w_id = c_w_id)     WHERE c_w_id = $1 AND c_d_id = $2 AND c_id = $3","parameters: $1 = '1', $2 = '1', $3 = '73'",,,,,,,,"","client backend"
2024-06-16 19:01:35.251 CST,"raingage","benchmark",54596,"127.0.0.1:48952",666ec5b9.d544,827,"SELECT",2024-06-16 19:00:09 CST,5/60,0,LOG,00000,"execute S_1: SELECT c_discount, c_last, c_credit, w_tax     FROM bmsql_customer     JOIN bmsql_warehouse ON (w_id = c_w_id)     WHERE c_w_id = $1 AND c_d_id = $2 AND c_id = $3","parameters: $1 = '1', $2 = '2', $3 = '85'",,,,,,,,"","client backend"
2024-06-16 19:01:35.289 CST,"raingage","benchmark",54599,"127.0.0.1:48958",666ec5b9.d547,635,"SELECT",2024-06-16 19:00:09 CST,8/46,0,LOG,00000,"execute S_1: SELECT c_discount, c_last, c_credit, w_tax     FROM bmsql_customer     JOIN bmsql_warehouse ON (w_id = c_w_id)     WHERE c_w_id = $1 AND c_d_id = $2 AND c_id = $3","parameters: $1 = '1', $2 = '1', $3 = '73'",,,,,,,,"","client backend"
2024-06-16 19:01:35.317 CST,"raingage","benchmark",54596,"127.0.0.1:48952",666ec5b9.d544,828,"SELECT",2024-06-16 19:00:09 CST,5/60,0,LOG,00000,"execute S_1: SELECT c_discount, c_last, c_credit, w_tax     FROM bmsql_customer     JOIN bmsql_warehouse ON (w_id = c_w_id)     WHERE c_w_id = $1 AND c_d_id = $2 AND c_id = $3","parameters: $1 = '1', $2 = '2', $3 = '85'",,,,,,,,"","client backend"
2024-06-16 19:01:35.328 CST,"raingage","benchmark",54596,"127.0.0.1:48952",666ec5b9.d544,829,"SELECT",2024-06-16 19:00:09 CST,5/60,0,LOG,00000,"execute S_5: SELECT i_price, i_name, i_data     FROM bmsql_item     WHERE i_id = $1","parameters: $1 = '67'",,,,,,,,"","client backend"
2024-06-16 19:01:35.346 CST,"raingage","benchmark",54596,"127.0.0.1:48952",666ec5b9.d544,830,"SELECT",2024-06-16 19:00:09 CST,5/60,0,LOG,00000,"execute S_6: SELECT s_quantity, s_data,        s_dist_01, s_dist_02, s_dist_03, s_dist_04,        s_dist_05, s_dist_06, s_dist_07, s_dist_08,        s_dist_09, s_dist_10     FROM bmsql_stock     WHERE s_w_id = $1 AND s_i_id = $2 ","parameters: $1 = '1', $2 = '67'",,,,,,,,"","client backend"
2024-06-16 19:01:35.351 CST,"raingage","benchmark",54599,"127.0.0.1:48958",666ec5b9.d547,636,"SELECT",2024-06-16 19:00:09 CST,8/46,0,LOG,00000,"execute S_1: SELECT c_discount, c_last, c_credit, w_tax     FROM bmsql_customer     JOIN bmsql_warehouse ON (w_id = c_w_id)     WHERE c_w_id = $1 AND c_d_id = $2 AND c_id = $3","parameters: $1 = '1', $2 = '1', $3 = '73'",,,,,,,,"","client backend"
2024-06-16 19:01:35.365 CST,"raingage","benchmark",54596,"127.0.0.1:48952",666ec5b9.d544,831,"UPDATE",2024-06-16 19:00:09 CST,5/60,0,LOG,00000,"execute S_7: UPDATE bmsql_stock     SET s_quantity = $1, s_ytd = s_ytd + $2,         s_order_cnt = s_order_cnt + 1,         s_remote_cnt = s_remote_cnt + $3     WHERE s_w_id = $4 AND s_i_id = $5","parameters: $1 = '93', $2 = '3', $3 = '0', $4 = '1', $5 = '67'",,,,,,,,"","client backend"
2024-06-16 19:01:35.384 CST,"raingage","benchmark",54596,"127.0.0.1:48952",666ec5b9.d544,832,"COMMIT",2024-06-16 19:00:09 CST,5/60,115426,LOG,00000,"execute S_2: COMMIT",,,,,,,,,"","client backend"
2024-06-16 19:01:35.385 CST,"raingage","benchmark",54596,"127.0.0.1:48952",666ec5b9.d544,833,"COMMIT",2024-06-16 19:00:09 CST,5/0,115426,WARNING,01000,"registered snapshots seem to remain after cleanup",,,,,,,,,"","client backend"
2024-06-16 19:01:35.402 CST,"raingage","benchmark",54596,"127.0.0.1:48952",666ec5b9.d544,834,"BEGIN",2024-06-16 19:00:09 CST,5/61,0,LOG,00000,"execute S_3: BEGIN",,,,,,,,,"","client backend"
2024-06-16 19:01:35.415 CST,"raingage","benchmark",54599,"127.0.0.1:48958",666ec5b9.d547,637,"SELECT",2024-06-16 19:00:09 CST,8/46,0,LOG,00000,"execute S_1: SELECT c_discount, c_last, c_credit, w_tax     FROM bmsql_customer     JOIN bmsql_warehouse ON (w_id = c_w_id)     WHERE c_w_id = $1 AND c_d_id = $2 AND c_id = $3","parameters: $1 = '1', $2 = '1', $3 = '73'",,,,,,,,"","client backend"
2024-06-16 19:01:35.421 CST,"raingage","benchmark",54596,"127.0.0.1:48952",666ec5b9.d544,835,"SELECT",2024-06-16 19:00:09 CST,5/61,0,LOG,00000,"execute S_4: SELECT d_tax, d_next_o_id     FROM bmsql_district     WHERE d_w_id = $1 AND d_id = $2 ","parameters: $1 = '1', $2 = '1'",,,,,,,,"","client backend"
2024-06-16 19:01:35.431 CST,"raingage","benchmark",54599,"127.0.0.1:48958",666ec5b9.d547,638,"SELECT",2024-06-16 19:00:09 CST,8/46,0,LOG,00000,"execute S_5: SELECT i_price, i_name, i_data     FROM bmsql_item     WHERE i_id = $1","parameters: $1 = '10'",,,,,,,,"","client backend"
2024-06-16 19:01:35.448 CST,"raingage","benchmark",54599,"127.0.0.1:48958",666ec5b9.d547,639,"SELECT",2024-06-16 19:00:09 CST,8/46,0,LOG,00000,"execute S_6: SELECT s_quantity, s_data,        s_dist_01, s_dist_02, s_dist_03, s_dist_04,        s_dist_05, s_dist_06, s_dist_07, s_dist_08,        s_dist_09, s_dist_10     FROM bmsql_stock     WHERE s_w_id = $1 AND s_i_id = $2 ","parameters: $1 = '1', $2 = '10'",,,,,,,,"","client backend"
2024-06-16 19:01:35.462 CST,"raingage","benchmark",54599,"127.0.0.1:48958",666ec5b9.d547,640,"UPDATE",2024-06-16 19:00:09 CST,8/46,0,LOG,00000,"execute S_7: UPDATE bmsql_stock     SET s_quantity = $1, s_ytd = s_ytd + $2,         s_order_cnt = s_order_cnt + 1,         s_remote_cnt = s_remote_cnt + $3     WHERE s_w_id = $4 AND s_i_id = $5","parameters: $1 = '58', $2 = '1', $3 = '0', $4 = '1', $5 = '10'",,,,,,,,"","client backend"
2024-06-16 19:01:35.482 CST,"raingage","benchmark",54599,"127.0.0.1:48958",666ec5b9.d547,641,"COMMIT",2024-06-16 19:00:09 CST,8/46,115427,LOG,00000,"execute S_2: COMMIT",,,,,,,,,"","client backend"
2024-06-16 19:01:35.483 CST,"raingage","benchmark",54596,"127.0.0.1:48952",666ec5b9.d544,836,"SELECT",2024-06-16 19:00:09 CST,5/61,0,LOG,00000,"execute S_1: SELECT c_discount, c_last, c_credit, w_tax     FROM bmsql_customer     JOIN bmsql_warehouse ON (w_id = c_w_id)     WHERE c_w_id = $1 AND c_d_id = $2 AND c_id = $3","parameters: $1 = '1', $2 = '1', $3 = '8'",,,,,,,,"","client backend"
2024-06-16 19:01:35.497 CST,"raingage","benchmark",54599,"127.0.0.1:48958",666ec5b9.d547,642,"BEGIN",2024-06-16 19:00:09 CST,8/47,0,LOG,00000,"execute S_3: BEGIN",,,,,,,,,"","client backend"
2024-06-16 19:01:35.511 CST,"raingage","benchmark",54599,"127.0.0.1:48958",666ec5b9.d547,643,"SELECT",2024-06-16 19:00:09 CST,8/47,0,LOG,00000,"execute S_4: SELECT d_tax, d_next_o_id     FROM bmsql_district     WHERE d_w_id = $1 AND d_id = $2 ","parameters: $1 = '1', $2 = '1'",,,,,,,,"","client backend"
2024-06-16 19:01:35.549 CST,"raingage","benchmark",54596,"127.0.0.1:48952",666ec5b9.d544,837,"SELECT",2024-06-16 19:00:09 CST,5/61,0,LOG,00000,"execute S_1: SELECT c_discount, c_last, c_credit, w_tax     FROM bmsql_customer     JOIN bmsql_warehouse ON (w_id = c_w_id)     WHERE c_w_id = $1 AND c_d_id = $2 AND c_id = $3","parameters: $1 = '1', $2 = '1', $3 = '8'",,,,,,,,"","client backend"
2024-06-16 19:01:35.576 CST,"raingage","benchmark",54599,"127.0.0.1:48958",666ec5b9.d547,644,"SELECT",2024-06-16 19:00:09 CST,8/47,0,LOG,00000,"execute S_1: SELECT c_discount, c_last, c_credit, w_tax     FROM bmsql_customer     JOIN bmsql_warehouse ON (w_id = c_w_id)     WHERE c_w_id = $1 AND c_d_id = $2 AND c_id = $3","parameters: $1 = '1', $2 = '1', $3 = '47'",,,,,,,,"","client backend"
2024-06-16 19:01:35.619 CST,"raingage","benchmark",54596,"127.0.0.1:48952",666ec5b9.d544,838,"SELECT",2024-06-16 19:00:09 CST,5/61,0,LOG,00000,"execute S_1: SELECT c_discount, c_last, c_credit, w_tax     FROM bmsql_customer     JOIN bmsql_warehouse ON (w_id = c_w_id)     WHERE c_w_id = $1 AND c_d_id = $2 AND c_id = $3","parameters: $1 = '1', $2 = '1', $3 = '8'",,,,,,,,"","client backend"
2024-06-16 19:01:35.642 CST,"raingage","benchmark",54599,"127.0.0.1:48958",666ec5b9.d547,645,"SELECT",2024-06-16 19:00:09 CST,8/47,0,LOG,00000,"execute S_1: SELECT c_discount, c_last, c_credit, w_tax     FROM bmsql_customer     JOIN bmsql_warehouse ON (w_id = c_w_id)     WHERE c_w_id = $1 AND c_d_id = $2 AND c_id = $3","parameters: $1 = '1', $2 = '1', $3 = '47'",,,,,,,,"","client backend"
2024-06-16 19:01:35.681 CST,"raingage","benchmark",54596,"127.0.0.1:48952",666ec5b9.d544,839,"SELECT",2024-06-16 19:00:09 CST,5/61,0,LOG,00000,"execute S_1: SELECT c_discount, c_last, c_credit, w_tax     FROM bmsql_customer     JOIN bmsql_warehouse ON (w_id = c_w_id)     WHERE c_w_id = $1 AND c_d_id = $2 AND c_id = $3","parameters: $1 = '1', $2 = '1', $3 = '8'",,,,,,,,"","client backend"
2024-06-16 19:01:35.706 CST,"raingage","benchmark",54599,"127.0.0.1:48958",666ec5b9.d547,646,"SELECT",2024-06-16 19:00:09 CST,8/47,0,LOG,00000,"execute S_1: SELECT c_discount, c_last, c_credit, w_tax     FROM bmsql_customer     JOIN bmsql_warehouse ON (w_id = c_w_id)     WHERE c_w_id = $1 AND c_d_id = $2 AND c_id = $3","parameters: $1 = '1', $2 = '1', $3 = '47'",,,,,,,,"","client backend"
2024-06-16 19:01:35.746 CST,"raingage","benchmark",54596,"127.0.0.1:48952",666ec5b9.d544,840,"SELECT",2024-06-16 19:00:09 CST,5/61,0,LOG,00000,"execute S_1: SELECT c_discount, c_last, c_credit, w_tax     FROM bmsql_customer     JOIN bmsql_warehouse ON (w_id = c_w_id)     WHERE c_w_id = $1 AND c_d_id = $2 AND c_id = $3","parameters: $1 = '1', $2 = '1', $3 = '8'",,,,,,,,"","client backend"
2024-06-16 19:01:35.769 CST,"raingage","benchmark",54599,"127.0.0.1:48958",666ec5b9.d547,647,"SELECT",2024-06-16 19:00:09 CST,8/47,0,LOG,00000,"execute S_1: SELECT c_discount, c_last, c_credit, w_tax     FROM bmsql_customer     JOIN bmsql_warehouse ON (w_id = c_w_id)     WHERE c_w_id = $1 AND c_d_id = $2 AND c_id = $3","parameters: $1 = '1', $2 = '1', $3 = '47'",,,,,,,,"","client backend"
2024-06-16 19:01:35.809 CST,"raingage","benchmark",54596,"127.0.0.1:48952",666ec5b9.d544,841,"SELECT",2024-06-16 19:00:09 CST,5/61,0,LOG,00000,"execute S_1: SELECT c_discount, c_last, c_credit, w_tax     FROM bmsql_customer     JOIN bmsql_warehouse ON (w_id = c_w_id)     WHERE c_w_id = $1 AND c_d_id = $2 AND c_id = $3","parameters: $1 = '1', $2 = '1', $3 = '8'",,,,,,,,"","client backend"
2024-06-16 19:01:35.833 CST,"raingage","benchmark",54599,"127.0.0.1:48958",666ec5b9.d547,648,"SELECT",2024-06-16 19:00:09 CST,8/47,0,LOG,00000,"execute S_1: SELECT c_discount, c_last, c_credit, w_tax     FROM bmsql_customer     JOIN bmsql_warehouse ON (w_id = c_w_id)     WHERE c_w_id = $1 AND c_d_id = $2 AND c_id = $3","parameters: $1 = '1', $2 = '1', $3 = '47'",,,,,,,,"","client backend"
2024-06-16 19:01:35.878 CST,"raingage","benchmark",54596,"127.0.0.1:48952",666ec5b9.d544,842,"SELECT",2024-06-16 19:00:09 CST,5/61,0,LOG,00000,"execute S_1: SELECT c_discount, c_last, c_credit, w_tax     FROM bmsql_customer     JOIN bmsql_warehouse ON (w_id = c_w_id)     WHERE c_w_id = $1 AND c_d_id = $2 AND c_id = $3","parameters: $1 = '1', $2 = '1', $3 = '8'",,,,,,,,"","client backend"
2024-06-16 19:01:35.895 CST,"raingage","benchmark",54599,"127.0.0.1:48958",666ec5b9.d547,649,"SELECT",2024-06-16 19:00:09 CST,8/47,0,LOG,00000,"execute S_1: SELECT c_discount, c_last, c_credit, w_tax     FROM bmsql_customer     JOIN bmsql_warehouse ON (w_id = c_w_id)     WHERE c_w_id = $1 AND c_d_id = $2 AND c_id = $3","parameters: $1 = '1', $2 = '1', $3 = '47'",,,,,,,,"","client backend"
2024-06-16 19:01:35.945 CST,"raingage","benchmark",54596,"127.0.0.1:48952",666ec5b9.d544,843,"SELECT",2024-06-16 19:00:09 CST,5/61,0,LOG,00000,"execute S_1: SELECT c_discount, c_last, c_credit, w_tax     FROM bmsql_customer     JOIN bmsql_warehouse ON (w_id = c_w_id)     WHERE c_w_id = $1 AND c_d_id = $2 AND c_id = $3","parameters: $1 = '1', $2 = '1', $3 = '8'",,,,,,,,"","client backend"
2024-06-16 19:01:35.961 CST,"raingage","benchmark",54596,"127.0.0.1:48952",666ec5b9.d544,844,"SELECT",2024-06-16 19:00:09 CST,5/61,0,LOG,00000,"execute S_5: SELECT i_price, i_name, i_data     FROM bmsql_item     WHERE i_id = $1","parameters: $1 = '108'",,,,,,,,"","client backend"
2024-06-16 19:01:35.962 CST,"raingage","benchmark",54599,"127.0.0.1:48958",666ec5b9.d547,650,"SELECT",2024-06-16 19:00:09 CST,8/47,0,LOG,00000,"execute S_1: SELECT c_discount, c_last, c_credit, w_tax     FROM bmsql_customer     JOIN bmsql_warehouse ON (w_id = c_w_id)     WHERE c_w_id = $1 AND c_d_id = $2 AND c_id = $3","parameters: $1 = '1', $2 = '1', $3 = '47'",,,,,,,,"","client backend"
2024-06-16 19:01:35.973 CST,"raingage","benchmark",54596,"127.0.0.1:48952",666ec5b9.d544,845,"SELECT",2024-06-16 19:00:09 CST,5/61,0,LOG,00000,"execute S_6: SELECT s_quantity, s_data,        s_dist_01, s_dist_02, s_dist_03, s_dist_04,        s_dist_05, s_dist_06, s_dist_07, s_dist_08,        s_dist_09, s_dist_10     FROM bmsql_stock     WHERE s_w_id = $1 AND s_i_id = $2 ","parameters: $1 = '1', $2 = '108'",,,,,,,,"","client backend"
2024-06-16 19:01:35.989 CST,"raingage","benchmark",54596,"127.0.0.1:48952",666ec5b9.d544,846,"UPDATE",2024-06-16 19:00:09 CST,5/61,0,LOG,00000,"execute S_7: UPDATE bmsql_stock     SET s_quantity = $1, s_ytd = s_ytd + $2,         s_order_cnt = s_order_cnt + 1,         s_remote_cnt = s_remote_cnt + $3     WHERE s_w_id = $4 AND s_i_id = $5","parameters: $1 = '90', $2 = '4', $3 = '0', $4 = '1', $5 = '108'",,,,,,,,"","client backend"
2024-06-16 19:01:36.010 CST,"raingage","benchmark",54596,"127.0.0.1:48952",666ec5b9.d544,847,"COMMIT",2024-06-16 19:00:09 CST,5/61,115428,LOG,00000,"execute S_2: COMMIT",,,,,,,,,"","client backend"
2024-06-16 19:01:36.031 CST,"raingage","benchmark",54596,"127.0.0.1:48952",666ec5b9.d544,848,"BEGIN",2024-06-16 19:00:09 CST,5/62,0,LOG,00000,"execute S_3: BEGIN",,,,,,,,,"","client backend"
2024-06-16 19:01:36.032 CST,"raingage","benchmark",54599,"127.0.0.1:48958",666ec5b9.d547,651,"SELECT",2024-06-16 19:00:09 CST,8/47,0,LOG,00000,"execute S_1: SELECT c_discount, c_last, c_credit, w_tax     FROM bmsql_customer     JOIN bmsql_warehouse ON (w_id = c_w_id)     WHERE c_w_id = $1 AND c_d_id = $2 AND c_id = $3","parameters: $1 = '1', $2 = '1', $3 = '47'",,,,,,,,"","client backend"
2024-06-16 19:01:36.048 CST,"raingage","benchmark",54599,"127.0.0.1:48958",666ec5b9.d547,652,"SELECT",2024-06-16 19:00:09 CST,8/47,0,LOG,00000,"execute S_5: SELECT i_price, i_name, i_data     FROM bmsql_item     WHERE i_id = $1","parameters: $1 = '57'",,,,,,,,"","client backend"
2024-06-16 19:01:36.050 CST,"raingage","benchmark",54596,"127.0.0.1:48952",666ec5b9.d544,849,"SELECT",2024-06-16 19:00:09 CST,5/62,0,LOG,00000,"execute S_4: SELECT d_tax, d_next_o_id     FROM bmsql_district     WHERE d_w_id = $1 AND d_id = $2 ","parameters: $1 = '1', $2 = '1'",,,,,,,,"","client backend"
2024-06-16 19:01:36.068 CST,"raingage","benchmark",54599,"127.0.0.1:48958",666ec5b9.d547,653,"SELECT",2024-06-16 19:00:09 CST,8/47,0,LOG,00000,"execute S_6: SELECT s_quantity, s_data,        s_dist_01, s_dist_02, s_dist_03, s_dist_04,        s_dist_05, s_dist_06, s_dist_07, s_dist_08,        s_dist_09, s_dist_10     FROM bmsql_stock     WHERE s_w_id = $1 AND s_i_id = $2 ","parameters: $1 = '1', $2 = '57'",,,,,,,,"","client backend"
2024-06-16 19:01:36.085 CST,"raingage","benchmark",54599,"127.0.0.1:48958",666ec5b9.d547,654,"UPDATE",2024-06-16 19:00:09 CST,8/47,0,LOG,00000,"execute S_7: UPDATE bmsql_stock     SET s_quantity = $1, s_ytd = s_ytd + $2,         s_order_cnt = s_order_cnt + 1,         s_remote_cnt = s_remote_cnt + $3     WHERE s_w_id = $4 AND s_i_id = $5","parameters: $1 = '67', $2 = '4', $3 = '0', $4 = '1', $5 = '57'",,,,,,,,"","client backend"
2024-06-16 19:01:36.098 CST,"raingage","benchmark",54599,"127.0.0.1:48958",666ec5b9.d547,655,"COMMIT",2024-06-16 19:00:09 CST,8/47,115429,LOG,00000,"execute S_2: COMMIT",,,,,,,,,"","client backend"
2024-06-16 19:01:36.113 CST,"raingage","benchmark",54599,"127.0.0.1:48958",666ec5b9.d547,656,"BEGIN",2024-06-16 19:00:09 CST,8/48,0,LOG,00000,"execute S_3: BEGIN",,,,,,,,,"","client backend"
2024-06-16 19:01:36.113 CST,"raingage","benchmark",54596,"127.0.0.1:48952",666ec5b9.d544,850,"SELECT",2024-06-16 19:00:09 CST,5/62,0,LOG,00000,"execute S_1: SELECT c_discount, c_last, c_credit, w_tax     FROM bmsql_customer     JOIN bmsql_warehouse ON (w_id = c_w_id)     WHERE c_w_id = $1 AND c_d_id = $2 AND c_id = $3","parameters: $1 = '1', $2 = '1', $3 = '47'",,,,,,,,"","client backend"
2024-06-16 19:01:36.129 CST,"raingage","benchmark",54599,"127.0.0.1:48958",666ec5b9.d547,657,"SELECT",2024-06-16 19:00:09 CST,8/48,0,LOG,00000,"execute S_4: SELECT d_tax, d_next_o_id     FROM bmsql_district     WHERE d_w_id = $1 AND d_id = $2 ","parameters: $1 = '1', $2 = '1'",,,,,,,,"","client backend"
2024-06-16 19:01:36.180 CST,"raingage","benchmark",54596,"127.0.0.1:48952",666ec5b9.d544,851,"SELECT",2024-06-16 19:00:09 CST,5/62,0,LOG,00000,"execute S_1: SELECT c_discount, c_last, c_credit, w_tax     FROM bmsql_customer     JOIN bmsql_warehouse ON (w_id = c_w_id)     WHERE c_w_id = $1 AND c_d_id = $2 AND c_id = $3","parameters: $1 = '1', $2 = '1', $3 = '47'",,,,,,,,"","client backend"
2024-06-16 19:01:36.196 CST,"raingage","benchmark",54599,"127.0.0.1:48958",666ec5b9.d547,658,"SELECT",2024-06-16 19:00:09 CST,8/48,0,LOG,00000,"execute S_1: SELECT c_discount, c_last, c_credit, w_tax     FROM bmsql_customer     JOIN bmsql_warehouse ON (w_id = c_w_id)     WHERE c_w_id = $1 AND c_d_id = $2 AND c_id = $3","parameters: $1 = '1', $2 = '1', $3 = '69'",,,,,,,,"","client backend"
2024-06-16 19:01:36.248 CST,"raingage","benchmark",54596,"127.0.0.1:48952",666ec5b9.d544,852,"SELECT",2024-06-16 19:00:09 CST,5/62,0,LOG,00000,"execute S_1: SELECT c_discount, c_last, c_credit, w_tax     FROM bmsql_customer     JOIN bmsql_warehouse ON (w_id = c_w_id)     WHERE c_w_id = $1 AND c_d_id = $2 AND c_id = $3","parameters: $1 = '1', $2 = '1', $3 = '47'",,,,,,,,"","client backend"
2024-06-16 19:01:36.264 CST,"raingage","benchmark",54599,"127.0.0.1:48958",666ec5b9.d547,659,"SELECT",2024-06-16 19:00:09 CST,8/48,0,LOG,00000,"execute S_1: SELECT c_discount, c_last, c_credit, w_tax     FROM bmsql_customer     JOIN bmsql_warehouse ON (w_id = c_w_id)     WHERE c_w_id = $1 AND c_d_id = $2 AND c_id = $3","parameters: $1 = '1', $2 = '1', $3 = '69'",,,,,,,,"","client backend"
2024-06-16 19:01:36.317 CST,"raingage","benchmark",54596,"127.0.0.1:48952",666ec5b9.d544,853,"SELECT",2024-06-16 19:00:09 CST,5/62,0,LOG,00000,"execute S_1: SELECT c_discount, c_last, c_credit, w_tax     FROM bmsql_customer     JOIN bmsql_warehouse ON (w_id = c_w_id)     WHERE c_w_id = $1 AND c_d_id = $2 AND c_id = $3","parameters: $1 = '1', $2 = '1', $3 = '47'",,,,,,,,"","client backend"
2024-06-16 19:01:36.328 CST,"raingage","benchmark",54599,"127.0.0.1:48958",666ec5b9.d547,660,"SELECT",2024-06-16 19:00:09 CST,8/48,0,LOG,00000,"execute S_1: SELECT c_discount, c_last, c_credit, w_tax     FROM bmsql_customer     JOIN bmsql_warehouse ON (w_id = c_w_id)     WHERE c_w_id = $1 AND c_d_id = $2 AND c_id = $3","parameters: $1 = '1', $2 = '1', $3 = '69'",,,,,,,,"","client backend"
2024-06-16 19:01:36.383 CST,"raingage","benchmark",54596,"127.0.0.1:48952",666ec5b9.d544,854,"SELECT",2024-06-16 19:00:09 CST,5/62,0,LOG,00000,"execute S_1: SELECT c_discount, c_last, c_credit, w_tax     FROM bmsql_customer     JOIN bmsql_warehouse ON (w_id = c_w_id)     WHERE c_w_id = $1 AND c_d_id = $2 AND c_id = $3","parameters: $1 = '1', $2 = '1', $3 = '47'",,,,,,,,"","client backend"
2024-06-16 19:01:36.391 CST,"raingage","benchmark",54599,"127.0.0.1:48958",666ec5b9.d547,661,"SELECT",2024-06-16 19:00:09 CST,8/48,0,LOG,00000,"execute S_1: SELECT c_discount, c_last, c_credit, w_tax     FROM bmsql_customer     JOIN bmsql_warehouse ON (w_id = c_w_id)     WHERE c_w_id = $1 AND c_d_id = $2 AND c_id = $3","parameters: $1 = '1', $2 = '1', $3 = '69'",,,,,,,,"","client backend"
2024-06-16 19:01:36.453 CST,"raingage","benchmark",54596,"127.0.0.1:48952",666ec5b9.d544,855,"SELECT",2024-06-16 19:00:09 CST,5/62,0,LOG,00000,"execute S_1: SELECT c_discount, c_last, c_credit, w_tax     FROM bmsql_customer     JOIN bmsql_warehouse ON (w_id = c_w_id)     WHERE c_w_id = $1 AND c_d_id = $2 AND c_id = $3","parameters: $1 = '1', $2 = '1', $3 = '47'",,,,,,,,"","client backend"
2024-06-16 19:01:36.461 CST,"raingage","benchmark",54599,"127.0.0.1:48958",666ec5b9.d547,662,"SELECT",2024-06-16 19:00:09 CST,8/48,0,LOG,00000,"execute S_1: SELECT c_discount, c_last, c_credit, w_tax     FROM bmsql_customer     JOIN bmsql_warehouse ON (w_id = c_w_id)     WHERE c_w_id = $1 AND c_d_id = $2 AND c_id = $3","parameters: $1 = '1', $2 = '1', $3 = '69'",,,,,,,,"","client backend"
2024-06-16 19:01:36.519 CST,"raingage","benchmark",54596,"127.0.0.1:48952",666ec5b9.d544,856,"SELECT",2024-06-16 19:00:09 CST,5/62,0,LOG,00000,"execute S_1: SELECT c_discount, c_last, c_credit, w_tax     FROM bmsql_customer     JOIN bmsql_warehouse ON (w_id = c_w_id)     WHERE c_w_id = $1 AND c_d_id = $2 AND c_id = $3","parameters: $1 = '1', $2 = '1', $3 = '47'",,,,,,,,"","client backend"
2024-06-16 19:01:36.532 CST,"raingage","benchmark",54599,"127.0.0.1:48958",666ec5b9.d547,663,"SELECT",2024-06-16 19:00:09 CST,8/48,0,LOG,00000,"execute S_1: SELECT c_discount, c_last, c_credit, w_tax     FROM bmsql_customer     JOIN bmsql_warehouse ON (w_id = c_w_id)     WHERE c_w_id = $1 AND c_d_id = $2 AND c_id = $3","parameters: $1 = '1', $2 = '1', $3 = '69'",,,,,,,,"","client backend"
2024-06-16 19:01:36.581 CST,"raingage","benchmark",54596,"127.0.0.1:48952",666ec5b9.d544,857,"SELECT",2024-06-16 19:00:09 CST,5/62,0,LOG,00000,"execute S_1: SELECT c_discount, c_last, c_credit, w_tax     FROM bmsql_customer     JOIN bmsql_warehouse ON (w_id = c_w_id)     WHERE c_w_id = $1 AND c_d_id = $2 AND c_id = $3","parameters: $1 = '1', $2 = '1', $3 = '47'",,,,,,,,"","client backend"
2024-06-16 19:01:36.594 CST,"raingage","benchmark",54599,"127.0.0.1:48958",666ec5b9.d547,664,"SELECT",2024-06-16 19:00:09 CST,8/48,0,LOG,00000,"execute S_1: SELECT c_discount, c_last, c_credit, w_tax     FROM bmsql_customer     JOIN bmsql_warehouse ON (w_id = c_w_id)     WHERE c_w_id = $1 AND c_d_id = $2 AND c_id = $3","parameters: $1 = '1', $2 = '1', $3 = '69'",,,,,,,,"","client backend"
2024-06-16 19:01:36.601 CST,"raingage","benchmark",54596,"127.0.0.1:48952",666ec5b9.d544,858,"SELECT",2024-06-16 19:00:09 CST,5/62,0,LOG,00000,"execute S_5: SELECT i_price, i_name, i_data     FROM bmsql_item     WHERE i_id = $1","parameters: $1 = '57'",,,,,,,,"","client backend"
2024-06-16 19:01:36.614 CST,"raingage","benchmark",54596,"127.0.0.1:48952",666ec5b9.d544,859,"SELECT",2024-06-16 19:00:09 CST,5/62,0,LOG,00000,"execute S_6: SELECT s_quantity, s_data,        s_dist_01, s_dist_02, s_dist_03, s_dist_04,        s_dist_05, s_dist_06, s_dist_07, s_dist_08,        s_dist_09, s_dist_10     FROM bmsql_stock     WHERE s_w_id = $1 AND s_i_id = $2 ","parameters: $1 = '1', $2 = '57'",,,,,,,,"","client backend"
2024-06-16 19:01:36.630 CST,"raingage","benchmark",54596,"127.0.0.1:48952",666ec5b9.d544,860,"UPDATE",2024-06-16 19:00:09 CST,5/62,0,LOG,00000,"execute S_7: UPDATE bmsql_stock     SET s_quantity = $1, s_ytd = s_ytd + $2,         s_order_cnt = s_order_cnt + 1,         s_remote_cnt = s_remote_cnt + $3     WHERE s_w_id = $4 AND s_i_id = $5","parameters: $1 = '69', $2 = '2', $3 = '0', $4 = '1', $5 = '57'",,,,,,,,"","client backend"
2024-06-16 19:01:36.642 CST,"raingage","benchmark",54596,"127.0.0.1:48952",666ec5b9.d544,861,"COMMIT",2024-06-16 19:00:09 CST,5/62,115430,LOG,00000,"execute S_2: COMMIT",,,,,,,,,"","client backend"
2024-06-16 19:01:36.662 CST,"raingage","benchmark",54596,"127.0.0.1:48952",666ec5b9.d544,862,"BEGIN",2024-06-16 19:00:09 CST,5/63,0,LOG,00000,"execute S_3: BEGIN",,,,,,,,,"","client backend"
2024-06-16 19:01:36.663 CST,"raingage","benchmark",54599,"127.0.0.1:48958",666ec5b9.d547,665,"SELECT",2024-06-16 19:00:09 CST,8/48,0,LOG,00000,"execute S_1: SELECT c_discount, c_last, c_credit, w_tax     FROM bmsql_customer     JOIN bmsql_warehouse ON (w_id = c_w_id)     WHERE c_w_id = $1 AND c_d_id = $2 AND c_id = $3","parameters: $1 = '1', $2 = '1', $3 = '69'",,,,,,,,"","client backend"
2024-06-16 19:01:36.676 CST,"raingage","benchmark",54596,"127.0.0.1:48952",666ec5b9.d544,863,"SELECT",2024-06-16 19:00:09 CST,5/63,0,LOG,00000,"execute S_4: SELECT d_tax, d_next_o_id     FROM bmsql_district     WHERE d_w_id = $1 AND d_id = $2 ","parameters: $1 = '1', $2 = '1'",,,,,,,,"","client backend"
2024-06-16 19:01:36.684 CST,"raingage","benchmark",54599,"127.0.0.1:48958",666ec5b9.d547,666,"SELECT",2024-06-16 19:00:09 CST,8/48,0,LOG,00000,"execute S_5: SELECT i_price, i_name, i_data     FROM bmsql_item     WHERE i_id = $1","parameters: $1 = '28'",,,,,,,,"","client backend"
2024-06-16 19:01:36.698 CST,"raingage","benchmark",54599,"127.0.0.1:48958",666ec5b9.d547,667,"SELECT",2024-06-16 19:00:09 CST,8/48,0,LOG,00000,"execute S_6: SELECT s_quantity, s_data,        s_dist_01, s_dist_02, s_dist_03, s_dist_04,        s_dist_05, s_dist_06, s_dist_07, s_dist_08,        s_dist_09, s_dist_10     FROM bmsql_stock     WHERE s_w_id = $1 AND s_i_id = $2 ","parameters: $1 = '1', $2 = '28'",,,,,,,,"","client backend"
2024-06-16 19:01:36.710 CST,"raingage","benchmark",54599,"127.0.0.1:48958",666ec5b9.d547,668,"UPDATE",2024-06-16 19:00:09 CST,8/48,0,LOG,00000,"execute S_7: UPDATE bmsql_stock     SET s_quantity = $1, s_ytd = s_ytd + $2,         s_order_cnt = s_order_cnt + 1,         s_remote_cnt = s_remote_cnt + $3     WHERE s_w_id = $4 AND s_i_id = $5","parameters: $1 = '100', $2 = '2', $3 = '0', $4 = '1', $5 = '28'",,,,,,,,"","client backend"
2024-06-16 19:01:36.728 CST,"raingage","benchmark",54599,"127.0.0.1:48958",666ec5b9.d547,669,"COMMIT",2024-06-16 19:00:09 CST,8/48,115431,LOG,00000,"execute S_2: COMMIT",,,,,,,,,"","client backend"
2024-06-16 19:01:36.746 CST,"raingage","benchmark",54596,"127.0.0.1:48952",666ec5b9.d544,864,"SELECT",2024-06-16 19:00:09 CST,5/63,0,LOG,00000,"execute S_1: SELECT c_discount, c_last, c_credit, w_tax     FROM bmsql_customer     JOIN bmsql_warehouse ON (w_id = c_w_id)     WHERE c_w_id = $1 AND c_d_id = $2 AND c_id = $3","parameters: $1 = '1', $2 = '1', $3 = '75'",,,,,,,,"","client backend"
2024-06-16 19:01:36.747 CST,"raingage","benchmark",54599,"127.0.0.1:48958",666ec5b9.d547,670,"BEGIN",2024-06-16 19:00:09 CST,8/49,0,LOG,00000,"execute S_3: BEGIN",,,,,,,,,"","client backend"
2024-06-16 19:01:36.761 CST,"raingage","benchmark",54599,"127.0.0.1:48958",666ec5b9.d547,671,"SELECT",2024-06-16 19:00:09 CST,8/49,0,LOG,00000,"execute S_4: SELECT d_tax, d_next_o_id     FROM bmsql_district     WHERE d_w_id = $1 AND d_id = $2 ","parameters: $1 = '1', $2 = '1'",,,,,,,,"","client backend"
2024-06-16 19:01:36.809 CST,"raingage","benchmark",54596,"127.0.0.1:48952",666ec5b9.d544,865,"SELECT",2024-06-16 19:00:09 CST,5/63,0,LOG,00000,"execute S_1: SELECT c_discount, c_last, c_credit, w_tax     FROM bmsql_customer     JOIN bmsql_warehouse ON (w_id = c_w_id)     WHERE c_w_id = $1 AND c_d_id = $2 AND c_id = $3","parameters: $1 = '1', $2 = '1', $3 = '75'",,,,,,,,"","client backend"
2024-06-16 19:01:36.874 CST,"raingage","benchmark",54596,"127.0.0.1:48952",666ec5b9.d544,866,"SELECT",2024-06-16 19:00:09 CST,5/63,0,LOG,00000,"execute S_1: SELECT c_discount, c_last, c_credit, w_tax     FROM bmsql_customer     JOIN bmsql_warehouse ON (w_id = c_w_id)     WHERE c_w_id = $1 AND c_d_id = $2 AND c_id = $3","parameters: $1 = '1', $2 = '1', $3 = '75'",,,,,,,,"","client backend"
2024-06-16 19:01:36.937 CST,"raingage","benchmark",54596,"127.0.0.1:48952",666ec5b9.d544,867,"SELECT",2024-06-16 19:00:09 CST,5/63,0,LOG,00000,"execute S_1: SELECT c_discount, c_last, c_credit, w_tax     FROM bmsql_customer     JOIN bmsql_warehouse ON (w_id = c_w_id)     WHERE c_w_id = $1 AND c_d_id = $2 AND c_id = $3","parameters: $1 = '1', $2 = '1', $3 = '75'",,,,,,,,"","client backend"
2024-06-16 19:01:37.004 CST,"raingage","benchmark",54596,"127.0.0.1:48952",666ec5b9.d544,868,"SELECT",2024-06-16 19:00:09 CST,5/63,0,LOG,00000,"execute S_1: SELECT c_discount, c_last, c_credit, w_tax     FROM bmsql_customer     JOIN bmsql_warehouse ON (w_id = c_w_id)     WHERE c_w_id = $1 AND c_d_id = $2 AND c_id = $3","parameters: $1 = '1', $2 = '1', $3 = '75'",,,,,,,,"","client backend"
2024-06-16 19:01:37.068 CST,"raingage","benchmark",54596,"127.0.0.1:48952",666ec5b9.d544,869,"SELECT",2024-06-16 19:00:09 CST,5/63,0,LOG,00000,"execute S_1: SELECT c_discount, c_last, c_credit, w_tax     FROM bmsql_customer     JOIN bmsql_warehouse ON (w_id = c_w_id)     WHERE c_w_id = $1 AND c_d_id = $2 AND c_id = $3","parameters: $1 = '1', $2 = '1', $3 = '75'",,,,,,,,"","client backend"
2024-06-16 19:01:37.131 CST,"raingage","benchmark",54596,"127.0.0.1:48952",666ec5b9.d544,870,"SELECT",2024-06-16 19:00:09 CST,5/63,0,LOG,00000,"execute S_1: SELECT c_discount, c_last, c_credit, w_tax     FROM bmsql_customer     JOIN bmsql_warehouse ON (w_id = c_w_id)     WHERE c_w_id = $1 AND c_d_id = $2 AND c_id = $3","parameters: $1 = '1', $2 = '1', $3 = '75'",,,,,,,,"","client backend"
2024-06-16 19:01:37.202 CST,"raingage","benchmark",54596,"127.0.0.1:48952",666ec5b9.d544,871,"SELECT",2024-06-16 19:00:09 CST,5/63,0,LOG,00000,"execute S_1: SELECT c_discount, c_last, c_credit, w_tax     FROM bmsql_customer     JOIN bmsql_warehouse ON (w_id = c_w_id)     WHERE c_w_id = $1 AND c_d_id = $2 AND c_id = $3","parameters: $1 = '1', $2 = '1', $3 = '75'",,,,,,,,"","client backend"
2024-06-16 19:01:37.216 CST,"raingage","benchmark",54596,"127.0.0.1:48952",666ec5b9.d544,872,"SELECT",2024-06-16 19:00:09 CST,5/63,0,LOG,00000,"execute S_5: SELECT i_price, i_name, i_data     FROM bmsql_item     WHERE i_id = $1","parameters: $1 = '81'",,,,,,,,"","client backend"
2024-06-16 19:01:37.227 CST,"raingage","benchmark",54596,"127.0.0.1:48952",666ec5b9.d544,873,"SELECT",2024-06-16 19:00:09 CST,5/63,0,LOG,00000,"execute S_6: SELECT s_quantity, s_data,        s_dist_01, s_dist_02, s_dist_03, s_dist_04,        s_dist_05, s_dist_06, s_dist_07, s_dist_08,        s_dist_09, s_dist_10     FROM bmsql_stock     WHERE s_w_id = $1 AND s_i_id = $2 ","parameters: $1 = '1', $2 = '81'",,,,,,,,"","client backend"
2024-06-16 19:01:37.243 CST,"raingage","benchmark",54596,"127.0.0.1:48952",666ec5b9.d544,874,"UPDATE",2024-06-16 19:00:09 CST,5/63,0,LOG,00000,"execute S_7: UPDATE bmsql_stock     SET s_quantity = $1, s_ytd = s_ytd + $2,         s_order_cnt = s_order_cnt + 1,         s_remote_cnt = s_remote_cnt + $3     WHERE s_w_id = $4 AND s_i_id = $5","parameters: $1 = '27', $2 = '8', $3 = '0', $4 = '1', $5 = '81'",,,,,,,,"","client backend"
2024-06-16 19:01:37.261 CST,"raingage","benchmark",54596,"127.0.0.1:48952",666ec5b9.d544,875,"COMMIT",2024-06-16 19:00:09 CST,5/63,115432,LOG,00000,"execute S_2: COMMIT",,,,,,,,,"","client backend"
2024-06-16 19:01:37.262 CST,"raingage","benchmark",54599,"127.0.0.1:48958",666ec5b9.d547,672,"SELECT",2024-06-16 19:00:09 CST,8/49,0,LOG,00000,"execute S_1: SELECT c_discount, c_last, c_credit, w_tax     FROM bmsql_customer     JOIN bmsql_warehouse ON (w_id = c_w_id)     WHERE c_w_id = $1 AND c_d_id = $2 AND c_id = $3","parameters: $1 = '1', $2 = '1', $3 = '75'",,,,,,,,"","client backend"
2024-06-16 19:01:37.276 CST,"raingage","benchmark",54596,"127.0.0.1:48952",666ec5b9.d544,876,"BEGIN",2024-06-16 19:00:09 CST,5/64,0,LOG,00000,"execute S_3: BEGIN",,,,,,,,,"","client backend"
2024-06-16 19:01:37.296 CST,"raingage","benchmark",54596,"127.0.0.1:48952",666ec5b9.d544,877,"SELECT",2024-06-16 19:00:09 CST,5/64,0,LOG,00000,"execute S_4: SELECT d_tax, d_next_o_id     FROM bmsql_district     WHERE d_w_id = $1 AND d_id = $2 ","parameters: $1 = '1', $2 = '1'",,,,,,,,"","client backend"
2024-06-16 19:01:37.326 CST,"raingage","benchmark",54599,"127.0.0.1:48958",666ec5b9.d547,673,"SELECT",2024-06-16 19:00:09 CST,8/49,0,LOG,00000,"execute S_1: SELECT c_discount, c_last, c_credit, w_tax     FROM bmsql_customer     JOIN bmsql_warehouse ON (w_id = c_w_id)     WHERE c_w_id = $1 AND c_d_id = $2 AND c_id = $3","parameters: $1 = '1', $2 = '1', $3 = '75'",,,,,,,,"","client backend"
2024-06-16 19:01:37.365 CST,"raingage","benchmark",54596,"127.0.0.1:48952",666ec5b9.d544,878,"SELECT",2024-06-16 19:00:09 CST,5/64,0,LOG,00000,"execute S_1: SELECT c_discount, c_last, c_credit, w_tax     FROM bmsql_customer     JOIN bmsql_warehouse ON (w_id = c_w_id)     WHERE c_w_id = $1 AND c_d_id = $2 AND c_id = $3","parameters: $1 = '1', $2 = '1', $3 = '81'",,,,,,,,"","client backend"
2024-06-16 19:01:37.395 CST,"raingage","benchmark",54599,"127.0.0.1:48958",666ec5b9.d547,674,"SELECT",2024-06-16 19:00:09 CST,8/49,0,LOG,00000,"execute S_1: SELECT c_discount, c_last, c_credit, w_tax     FROM bmsql_customer     JOIN bmsql_warehouse ON (w_id = c_w_id)     WHERE c_w_id = $1 AND c_d_id = $2 AND c_id = $3","parameters: $1 = '1', $2 = '1', $3 = '75'",,,,,,,,"","client backend"
2024-06-16 19:01:37.428 CST,"raingage","benchmark",54596,"127.0.0.1:48952",666ec5b9.d544,879,"SELECT",2024-06-16 19:00:09 CST,5/64,0,LOG,00000,"execute S_1: SELECT c_discount, c_last, c_credit, w_tax     FROM bmsql_customer     JOIN bmsql_warehouse ON (w_id = c_w_id)     WHERE c_w_id = $1 AND c_d_id = $2 AND c_id = $3","parameters: $1 = '1', $2 = '1', $3 = '81'",,,,,,,,"","client backend"
2024-06-16 19:01:37.466 CST,"raingage","benchmark",54599,"127.0.0.1:48958",666ec5b9.d547,675,"SELECT",2024-06-16 19:00:09 CST,8/49,0,LOG,00000,"execute S_1: SELECT c_discount, c_last, c_credit, w_tax     FROM bmsql_customer     JOIN bmsql_warehouse ON (w_id = c_w_id)     WHERE c_w_id = $1 AND c_d_id = $2 AND c_id = $3","parameters: $1 = '1', $2 = '1', $3 = '75'",,,,,,,,"","client backend"
2024-06-16 19:01:37.499 CST,"raingage","benchmark",54596,"127.0.0.1:48952",666ec5b9.d544,880,"SELECT",2024-06-16 19:00:09 CST,5/64,0,LOG,00000,"execute S_1: SELECT c_discount, c_last, c_credit, w_tax     FROM bmsql_customer     JOIN bmsql_warehouse ON (w_id = c_w_id)     WHERE c_w_id = $1 AND c_d_id = $2 AND c_id = $3","parameters: $1 = '1', $2 = '1', $3 = '81'",,,,,,,,"","client backend"
2024-06-16 19:01:37.537 CST,"raingage","benchmark",54599,"127.0.0.1:48958",666ec5b9.d547,676,"SELECT",2024-06-16 19:00:09 CST,8/49,0,LOG,00000,"execute S_1: SELECT c_discount, c_last, c_credit, w_tax     FROM bmsql_customer     JOIN bmsql_warehouse ON (w_id = c_w_id)     WHERE c_w_id = $1 AND c_d_id = $2 AND c_id = $3","parameters: $1 = '1', $2 = '1', $3 = '75'",,,,,,,,"","client backend"
2024-06-16 19:01:37.570 CST,"raingage","benchmark",54596,"127.0.0.1:48952",666ec5b9.d544,881,"SELECT",2024-06-16 19:00:09 CST,5/64,0,LOG,00000,"execute S_1: SELECT c_discount, c_last, c_credit, w_tax     FROM bmsql_customer     JOIN bmsql_warehouse ON (w_id = c_w_id)     WHERE c_w_id = $1 AND c_d_id = $2 AND c_id = $3","parameters: $1 = '1', $2 = '1', $3 = '81'",,,,,,,,"","client backend"
2024-06-16 19:01:37.608 CST,"raingage","benchmark",54599,"127.0.0.1:48958",666ec5b9.d547,677,"SELECT",2024-06-16 19:00:09 CST,8/49,0,LOG,00000,"execute S_1: SELECT c_discount, c_last, c_credit, w_tax     FROM bmsql_customer     JOIN bmsql_warehouse ON (w_id = c_w_id)     WHERE c_w_id = $1 AND c_d_id = $2 AND c_id = $3","parameters: $1 = '1', $2 = '1', $3 = '75'",,,,,,,,"","client backend"
2024-06-16 19:01:37.640 CST,"raingage","benchmark",54596,"127.0.0.1:48952",666ec5b9.d544,882,"SELECT",2024-06-16 19:00:09 CST,5/64,0,LOG,00000,"execute S_1: SELECT c_discount, c_last, c_credit, w_tax     FROM bmsql_customer     JOIN bmsql_warehouse ON (w_id = c_w_id)     WHERE c_w_id = $1 AND c_d_id = $2 AND c_id = $3","parameters: $1 = '1', $2 = '1', $3 = '81'",,,,,,,,"","client backend"
2024-06-16 19:01:37.672 CST,"raingage","benchmark",54599,"127.0.0.1:48958",666ec5b9.d547,678,"SELECT",2024-06-16 19:00:09 CST,8/49,0,LOG,00000,"execute S_1: SELECT c_discount, c_last, c_credit, w_tax     FROM bmsql_customer     JOIN bmsql_warehouse ON (w_id = c_w_id)     WHERE c_w_id = $1 AND c_d_id = $2 AND c_id = $3","parameters: $1 = '1', $2 = '1', $3 = '75'",,,,,,,,"","client backend"
2024-06-16 19:01:37.709 CST,"raingage","benchmark",54596,"127.0.0.1:48952",666ec5b9.d544,883,"SELECT",2024-06-16 19:00:09 CST,5/64,0,LOG,00000,"execute S_1: SELECT c_discount, c_last, c_credit, w_tax     FROM bmsql_customer     JOIN bmsql_warehouse ON (w_id = c_w_id)     WHERE c_w_id = $1 AND c_d_id = $2 AND c_id = $3","parameters: $1 = '1', $2 = '1', $3 = '81'",,,,,,,,"","client backend"
2024-06-16 19:01:37.743 CST,"raingage","benchmark",54599,"127.0.0.1:48958",666ec5b9.d547,679,"SELECT",2024-06-16 19:00:09 CST,8/49,0,LOG,00000,"execute S_1: SELECT c_discount, c_last, c_credit, w_tax     FROM bmsql_customer     JOIN bmsql_warehouse ON (w_id = c_w_id)     WHERE c_w_id = $1 AND c_d_id = $2 AND c_id = $3","parameters: $1 = '1', $2 = '1', $3 = '75'",,,,,,,,"","client backend"
2024-06-16 19:01:37.756 CST,"raingage","benchmark",54599,"127.0.0.1:48958",666ec5b9.d547,680,"SELECT",2024-06-16 19:00:09 CST,8/49,0,LOG,00000,"execute S_5: SELECT i_price, i_name, i_data     FROM bmsql_item     WHERE i_id = $1","parameters: $1 = '81'",,,,,,,,"","client backend"
2024-06-16 19:01:37.773 CST,"raingage","benchmark",54599,"127.0.0.1:48958",666ec5b9.d547,681,"SELECT",2024-06-16 19:00:09 CST,8/49,0,LOG,00000,"execute S_6: SELECT s_quantity, s_data,        s_dist_01, s_dist_02, s_dist_03, s_dist_04,        s_dist_05, s_dist_06, s_dist_07, s_dist_08,        s_dist_09, s_dist_10     FROM bmsql_stock     WHERE s_w_id = $1 AND s_i_id = $2 ","parameters: $1 = '1', $2 = '81'",,,,,,,,"","client backend"
2024-06-16 19:01:37.779 CST,"raingage","benchmark",54596,"127.0.0.1:48952",666ec5b9.d544,884,"SELECT",2024-06-16 19:00:09 CST,5/64,0,LOG,00000,"execute S_1: SELECT c_discount, c_last, c_credit, w_tax     FROM bmsql_customer     JOIN bmsql_warehouse ON (w_id = c_w_id)     WHERE c_w_id = $1 AND c_d_id = $2 AND c_id = $3","parameters: $1 = '1', $2 = '1', $3 = '81'",,,,,,,,"","client backend"
2024-06-16 19:01:37.794 CST,"raingage","benchmark",54599,"127.0.0.1:48958",666ec5b9.d547,682,"UPDATE",2024-06-16 19:00:09 CST,8/49,0,LOG,00000,"execute S_7: UPDATE bmsql_stock     SET s_quantity = $1, s_ytd = s_ytd + $2,         s_order_cnt = s_order_cnt + 1,         s_remote_cnt = s_remote_cnt + $3     WHERE s_w_id = $4 AND s_i_id = $5","parameters: $1 = '31', $2 = '4', $3 = '0', $4 = '1', $5 = '81'",,,,,,,,"","client backend"
2024-06-16 19:01:37.811 CST,"raingage","benchmark",54599,"127.0.0.1:48958",666ec5b9.d547,683,"COMMIT",2024-06-16 19:00:09 CST,8/49,115433,LOG,00000,"execute S_2: COMMIT",,,,,,,,,"","client backend"
2024-06-16 19:01:37.812 CST,"raingage","benchmark",54599,"127.0.0.1:48958",666ec5b9.d547,684,"COMMIT",2024-06-16 19:00:09 CST,8/0,115433,WARNING,01000,"registered snapshots seem to remain after cleanup",,,,,,,,,"","client backend"
2024-06-16 19:01:37.830 CST,"raingage","benchmark",54599,"127.0.0.1:48958",666ec5b9.d547,685,"BEGIN",2024-06-16 19:00:09 CST,8/50,0,LOG,00000,"execute S_3: BEGIN",,,,,,,,,"","client backend"
2024-06-16 19:01:37.844 CST,"raingage","benchmark",54596,"127.0.0.1:48952",666ec5b9.d544,885,"SELECT",2024-06-16 19:00:09 CST,5/64,0,LOG,00000,"execute S_1: SELECT c_discount, c_last, c_credit, w_tax     FROM bmsql_customer     JOIN bmsql_warehouse ON (w_id = c_w_id)     WHERE c_w_id = $1 AND c_d_id = $2 AND c_id = $3","parameters: $1 = '1', $2 = '1', $3 = '81'",,,,,,,,"","client backend"
2024-06-16 19:01:37.847 CST,"raingage","benchmark",54599,"127.0.0.1:48958",666ec5b9.d547,686,"SELECT",2024-06-16 19:00:09 CST,8/50,0,LOG,00000,"execute S_4: SELECT d_tax, d_next_o_id     FROM bmsql_district     WHERE d_w_id = $1 AND d_id = $2 ","parameters: $1 = '1', $2 = '1'",,,,,,,,"","client backend"
2024-06-16 19:01:37.860 CST,"raingage","benchmark",54596,"127.0.0.1:48952",666ec5b9.d544,886,"SELECT",2024-06-16 19:00:09 CST,5/64,0,LOG,00000,"execute S_5: SELECT i_price, i_name, i_data     FROM bmsql_item     WHERE i_id = $1","parameters: $1 = '111'",,,,,,,,"","client backend"
2024-06-16 19:01:37.877 CST,"raingage","benchmark",54596,"127.0.0.1:48952",666ec5b9.d544,887,"SELECT",2024-06-16 19:00:09 CST,5/64,0,LOG,00000,"execute S_6: SELECT s_quantity, s_data,        s_dist_01, s_dist_02, s_dist_03, s_dist_04,        s_dist_05, s_dist_06, s_dist_07, s_dist_08,        s_dist_09, s_dist_10     FROM bmsql_stock     WHERE s_w_id = $1 AND s_i_id = $2 ","parameters: $1 = '1', $2 = '111'",,,,,,,,"","client backend"
2024-06-16 19:01:37.892 CST,"raingage","benchmark",54596,"127.0.0.1:48952",666ec5b9.d544,888,"UPDATE",2024-06-16 19:00:09 CST,5/64,0,LOG,00000,"execute S_7: UPDATE bmsql_stock     SET s_quantity = $1, s_ytd = s_ytd + $2,         s_order_cnt = s_order_cnt + 1,         s_remote_cnt = s_remote_cnt + $3     WHERE s_w_id = $4 AND s_i_id = $5","parameters: $1 = '101', $2 = '4', $3 = '0', $4 = '1', $5 = '111'",,,,,,,,"","client backend"
2024-06-16 19:01:37.900 CST,"raingage","benchmark",54598,"127.0.0.1:48956",666ec5b9.d546,523,"BEGIN",2024-06-16 19:00:09 CST,7/39,0,LOG,00000,"execute S_3: BEGIN",,,,,,,,,"","client backend"
2024-06-16 19:01:37.906 CST,"raingage","benchmark",54596,"127.0.0.1:48952",666ec5b9.d544,889,"COMMIT",2024-06-16 19:00:09 CST,5/64,115434,LOG,00000,"execute S_2: COMMIT",,,,,,,,,"","client backend"
2024-06-16 19:01:37.917 CST,"raingage","benchmark",54599,"127.0.0.1:48958",666ec5b9.d547,687,"SELECT",2024-06-16 19:00:09 CST,8/50,0,LOG,00000,"execute S_1: SELECT c_discount, c_last, c_credit, w_tax     FROM bmsql_customer     JOIN bmsql_warehouse ON (w_id = c_w_id)     WHERE c_w_id = $1 AND c_d_id = $2 AND c_id = $3","parameters: $1 = '1', $2 = '1', $3 = '41'",,,,,,,,"","client backend"
2024-06-16 19:01:37.918 CST,"raingage","benchmark",54598,"127.0.0.1:48956",666ec5b9.d546,524,"SELECT",2024-06-16 19:00:09 CST,7/39,0,LOG,00000,"execute S_4: SELECT d_tax, d_next_o_id     FROM bmsql_district     WHERE d_w_id = $1 AND d_id = $2 ","parameters: $1 = '1', $2 = '2'",,,,,,,,"","client backend"
2024-06-16 19:01:37.924 CST,"raingage","benchmark",54596,"127.0.0.1:48952",666ec5b9.d544,890,"BEGIN",2024-06-16 19:00:09 CST,5/65,0,LOG,00000,"execute S_3: BEGIN",,,,,,,,,"","client backend"
2024-06-16 19:01:37.944 CST,"raingage","benchmark",54596,"127.0.0.1:48952",666ec5b9.d544,891,"SELECT",2024-06-16 19:00:09 CST,5/65,0,LOG,00000,"execute S_4: SELECT d_tax, d_next_o_id     FROM bmsql_district     WHERE d_w_id = $1 AND d_id = $2 ","parameters: $1 = '1', $2 = '1'",,,,,,,,"","client backend"
2024-06-16 19:01:37.979 CST,"raingage","benchmark",54599,"127.0.0.1:48958",666ec5b9.d547,688,"SELECT",2024-06-16 19:00:09 CST,8/50,0,LOG,00000,"execute S_1: SELECT c_discount, c_last, c_credit, w_tax     FROM bmsql_customer     JOIN bmsql_warehouse ON (w_id = c_w_id)     WHERE c_w_id = $1 AND c_d_id = $2 AND c_id = $3","parameters: $1 = '1', $2 = '1', $3 = '41'",,,,,,,,"","client backend"
2024-06-16 19:01:37.989 CST,"raingage","benchmark",54598,"127.0.0.1:48956",666ec5b9.d546,525,"SELECT",2024-06-16 19:00:09 CST,7/39,0,LOG,00000,"execute S_1: SELECT c_discount, c_last, c_credit, w_tax     FROM bmsql_customer     JOIN bmsql_warehouse ON (w_id = c_w_id)     WHERE c_w_id = $1 AND c_d_id = $2 AND c_id = $3","parameters: $1 = '1', $2 = '2', $3 = '11'",,,,,,,,"","client backend"
2024-06-16 19:01:38.043 CST,"raingage","benchmark",54599,"127.0.0.1:48958",666ec5b9.d547,689,"SELECT",2024-06-16 19:00:09 CST,8/50,0,LOG,00000,"execute S_1: SELECT c_discount, c_last, c_credit, w_tax     FROM bmsql_customer     JOIN bmsql_warehouse ON (w_id = c_w_id)     WHERE c_w_id = $1 AND c_d_id = $2 AND c_id = $3","parameters: $1 = '1', $2 = '1', $3 = '41'",,,,,,,,"","client backend"
2024-06-16 19:01:38.060 CST,"raingage","benchmark",54598,"127.0.0.1:48956",666ec5b9.d546,526,"SELECT",2024-06-16 19:00:09 CST,7/39,0,LOG,00000,"execute S_1: SELECT c_discount, c_last, c_credit, w_tax     FROM bmsql_customer     JOIN bmsql_warehouse ON (w_id = c_w_id)     WHERE c_w_id = $1 AND c_d_id = $2 AND c_id = $3","parameters: $1 = '1', $2 = '2', $3 = '11'",,,,,,,,"","client backend"
2024-06-16 19:01:38.111 CST,"raingage","benchmark",54599,"127.0.0.1:48958",666ec5b9.d547,690,"SELECT",2024-06-16 19:00:09 CST,8/50,0,LOG,00000,"execute S_1: SELECT c_discount, c_last, c_credit, w_tax     FROM bmsql_customer     JOIN bmsql_warehouse ON (w_id = c_w_id)     WHERE c_w_id = $1 AND c_d_id = $2 AND c_id = $3","parameters: $1 = '1', $2 = '1', $3 = '41'",,,,,,,,"","client backend"
2024-06-16 19:01:38.128 CST,"raingage","benchmark",54598,"127.0.0.1:48956",666ec5b9.d546,527,"SELECT",2024-06-16 19:00:09 CST,7/39,0,LOG,00000,"execute S_1: SELECT c_discount, c_last, c_credit, w_tax     FROM bmsql_customer     JOIN bmsql_warehouse ON (w_id = c_w_id)     WHERE c_w_id = $1 AND c_d_id = $2 AND c_id = $3","parameters: $1 = '1', $2 = '2', $3 = '11'",,,,,,,,"","client backend"
2024-06-16 19:01:38.178 CST,"raingage","benchmark",54599,"127.0.0.1:48958",666ec5b9.d547,691,"SELECT",2024-06-16 19:00:09 CST,8/50,0,LOG,00000,"execute S_1: SELECT c_discount, c_last, c_credit, w_tax     FROM bmsql_customer     JOIN bmsql_warehouse ON (w_id = c_w_id)     WHERE c_w_id = $1 AND c_d_id = $2 AND c_id = $3","parameters: $1 = '1', $2 = '1', $3 = '41'",,,,,,,,"","client backend"
2024-06-16 19:01:38.197 CST,"raingage","benchmark",54598,"127.0.0.1:48956",666ec5b9.d546,528,"SELECT",2024-06-16 19:00:09 CST,7/39,0,LOG,00000,"execute S_1: SELECT c_discount, c_last, c_credit, w_tax     FROM bmsql_customer     JOIN bmsql_warehouse ON (w_id = c_w_id)     WHERE c_w_id = $1 AND c_d_id = $2 AND c_id = $3","parameters: $1 = '1', $2 = '2', $3 = '11'",,,,,,,,"","client backend"
2024-06-16 19:01:38.241 CST,"raingage","benchmark",54599,"127.0.0.1:48958",666ec5b9.d547,692,"SELECT",2024-06-16 19:00:09 CST,8/50,0,LOG,00000,"execute S_1: SELECT c_discount, c_last, c_credit, w_tax     FROM bmsql_customer     JOIN bmsql_warehouse ON (w_id = c_w_id)     WHERE c_w_id = $1 AND c_d_id = $2 AND c_id = $3","parameters: $1 = '1', $2 = '1', $3 = '41'",,,,,,,,"","client backend"
2024-06-16 19:01:38.267 CST,"raingage","benchmark",54598,"127.0.0.1:48956",666ec5b9.d546,529,"SELECT",2024-06-16 19:00:09 CST,7/39,0,LOG,00000,"execute S_1: SELECT c_discount, c_last, c_credit, w_tax     FROM bmsql_customer     JOIN bmsql_warehouse ON (w_id = c_w_id)     WHERE c_w_id = $1 AND c_d_id = $2 AND c_id = $3","parameters: $1 = '1', $2 = '2', $3 = '11'",,,,,,,,"","client backend"
2024-06-16 19:01:38.310 CST,"raingage","benchmark",54599,"127.0.0.1:48958",666ec5b9.d547,693,"SELECT",2024-06-16 19:00:09 CST,8/50,0,LOG,00000,"execute S_1: SELECT c_discount, c_last, c_credit, w_tax     FROM bmsql_customer     JOIN bmsql_warehouse ON (w_id = c_w_id)     WHERE c_w_id = $1 AND c_d_id = $2 AND c_id = $3","parameters: $1 = '1', $2 = '1', $3 = '41'",,,,,,,,"","client backend"
2024-06-16 19:01:38.338 CST,"raingage","benchmark",54598,"127.0.0.1:48956",666ec5b9.d546,530,"SELECT",2024-06-16 19:00:09 CST,7/39,0,LOG,00000,"execute S_1: SELECT c_discount, c_last, c_credit, w_tax     FROM bmsql_customer     JOIN bmsql_warehouse ON (w_id = c_w_id)     WHERE c_w_id = $1 AND c_d_id = $2 AND c_id = $3","parameters: $1 = '1', $2 = '2', $3 = '11'",,,,,,,,"","client backend"
2024-06-16 19:01:38.376 CST,"raingage","benchmark",54599,"127.0.0.1:48958",666ec5b9.d547,694,"SELECT",2024-06-16 19:00:09 CST,8/50,0,LOG,00000,"execute S_1: SELECT c_discount, c_last, c_credit, w_tax     FROM bmsql_customer     JOIN bmsql_warehouse ON (w_id = c_w_id)     WHERE c_w_id = $1 AND c_d_id = $2 AND c_id = $3","parameters: $1 = '1', $2 = '1', $3 = '41'",,,,,,,,"","client backend"
2024-06-16 19:01:38.392 CST,"raingage","benchmark",54599,"127.0.0.1:48958",666ec5b9.d547,695,"SELECT",2024-06-16 19:00:09 CST,8/50,0,LOG,00000,"execute S_5: SELECT i_price, i_name, i_data     FROM bmsql_item     WHERE i_id = $1","parameters: $1 = '6'",,,,,,,,"","client backend"
2024-06-16 19:01:38.403 CST,"raingage","benchmark",54598,"127.0.0.1:48956",666ec5b9.d546,531,"SELECT",2024-06-16 19:00:09 CST,7/39,0,LOG,00000,"execute S_1: SELECT c_discount, c_last, c_credit, w_tax     FROM bmsql_customer     JOIN bmsql_warehouse ON (w_id = c_w_id)     WHERE c_w_id = $1 AND c_d_id = $2 AND c_id = $3","parameters: $1 = '1', $2 = '2', $3 = '11'",,,,,,,,"","client backend"
2024-06-16 19:01:38.412 CST,"raingage","benchmark",54599,"127.0.0.1:48958",666ec5b9.d547,696,"SELECT",2024-06-16 19:00:09 CST,8/50,0,LOG,00000,"execute S_6: SELECT s_quantity, s_data,        s_dist_01, s_dist_02, s_dist_03, s_dist_04,        s_dist_05, s_dist_06, s_dist_07, s_dist_08,        s_dist_09, s_dist_10     FROM bmsql_stock     WHERE s_w_id = $1 AND s_i_id = $2 ","parameters: $1 = '1', $2 = '6'",,,,,,,,"","client backend"
2024-06-16 19:01:38.426 CST,"raingage","benchmark",54599,"127.0.0.1:48958",666ec5b9.d547,697,"UPDATE",2024-06-16 19:00:09 CST,8/50,0,LOG,00000,"execute S_7: UPDATE bmsql_stock     SET s_quantity = $1, s_ytd = s_ytd + $2,         s_order_cnt = s_order_cnt + 1,         s_remote_cnt = s_remote_cnt + $3     WHERE s_w_id = $4 AND s_i_id = $5","parameters: $1 = '69', $2 = '5', $3 = '0', $4 = '1', $5 = '6'",,,,,,,,"","client backend"
2024-06-16 19:01:38.442 CST,"raingage","benchmark",54599,"127.0.0.1:48958",666ec5b9.d547,698,"COMMIT",2024-06-16 19:00:09 CST,8/50,115435,LOG,00000,"execute S_2: COMMIT",,,,,,,,,"","client backend"
2024-06-16 19:01:38.443 CST,"raingage","benchmark",54596,"127.0.0.1:48952",666ec5b9.d544,892,"SELECT",2024-06-16 19:00:09 CST,5/65,0,LOG,00000,"execute S_1: SELECT c_discount, c_last, c_credit, w_tax     FROM bmsql_customer     JOIN bmsql_warehouse ON (w_id = c_w_id)     WHERE c_w_id = $1 AND c_d_id = $2 AND c_id = $3","parameters: $1 = '1', $2 = '1', $3 = '41'",,,,,,,,"","client backend"
2024-06-16 19:01:38.471 CST,"raingage","benchmark",54598,"127.0.0.1:48956",666ec5b9.d546,532,"SELECT",2024-06-16 19:00:09 CST,7/39,0,LOG,00000,"execute S_1: SELECT c_discount, c_last, c_credit, w_tax     FROM bmsql_customer     JOIN bmsql_warehouse ON (w_id = c_w_id)     WHERE c_w_id = $1 AND c_d_id = $2 AND c_id = $3","parameters: $1 = '1', $2 = '2', $3 = '11'",,,,,,,,"","client backend"
2024-06-16 19:01:38.489 CST,"raingage","benchmark",54598,"127.0.0.1:48956",666ec5b9.d546,533,"SELECT",2024-06-16 19:00:09 CST,7/39,0,LOG,00000,"execute S_5: SELECT i_price, i_name, i_data     FROM bmsql_item     WHERE i_id = $1","parameters: $1 = '9'",,,,,,,,"","client backend"
2024-06-16 19:01:38.501 CST,"raingage","benchmark",54598,"127.0.0.1:48956",666ec5b9.d546,534,"SELECT",2024-06-16 19:00:09 CST,7/39,0,LOG,00000,"execute S_6: SELECT s_quantity, s_data,        s_dist_01, s_dist_02, s_dist_03, s_dist_04,        s_dist_05, s_dist_06, s_dist_07, s_dist_08,        s_dist_09, s_dist_10     FROM bmsql_stock     WHERE s_w_id = $1 AND s_i_id = $2 ","parameters: $1 = '1', $2 = '9'",,,,,,,,"","client backend"
2024-06-16 19:01:38.508 CST,"raingage","benchmark",54596,"127.0.0.1:48952",666ec5b9.d544,893,"SELECT",2024-06-16 19:00:09 CST,5/65,0,LOG,00000,"execute S_1: SELECT c_discount, c_last, c_credit, w_tax     FROM bmsql_customer     JOIN bmsql_warehouse ON (w_id = c_w_id)     WHERE c_w_id = $1 AND c_d_id = $2 AND c_id = $3","parameters: $1 = '1', $2 = '1', $3 = '41'",,,,,,,,"","client backend"
2024-06-16 19:01:38.519 CST,"raingage","benchmark",54598,"127.0.0.1:48956",666ec5b9.d546,535,"UPDATE",2024-06-16 19:00:09 CST,7/39,0,LOG,00000,"execute S_7: UPDATE bmsql_stock     SET s_quantity = $1, s_ytd = s_ytd + $2,         s_order_cnt = s_order_cnt + 1,         s_remote_cnt = s_remote_cnt + $3     WHERE s_w_id = $4 AND s_i_id = $5","parameters: $1 = '78', $2 = '5', $3 = '0', $4 = '1', $5 = '9'",,,,,,,,"","client backend"
2024-06-16 19:01:38.536 CST,"raingage","benchmark",54598,"127.0.0.1:48956",666ec5b9.d546,536,"COMMIT",2024-06-16 19:00:09 CST,7/39,115436,LOG,00000,"execute S_2: COMMIT",,,,,,,,,"","client backend"
2024-06-16 19:01:38.557 CST,"raingage","benchmark",54598,"127.0.0.1:48956",666ec5b9.d546,537,"BEGIN",2024-06-16 19:00:09 CST,7/40,0,LOG,00000,"execute S_3: BEGIN",,,,,,,,,"","client backend"
2024-06-16 19:01:38.573 CST,"raingage","benchmark",54596,"127.0.0.1:48952",666ec5b9.d544,894,"SELECT",2024-06-16 19:00:09 CST,5/65,0,LOG,00000,"execute S_1: SELECT c_discount, c_last, c_credit, w_tax     FROM bmsql_customer     JOIN bmsql_warehouse ON (w_id = c_w_id)     WHERE c_w_id = $1 AND c_d_id = $2 AND c_id = $3","parameters: $1 = '1', $2 = '1', $3 = '41'",,,,,,,,"","client backend"
2024-06-16 19:01:38.575 CST,"raingage","benchmark",54598,"127.0.0.1:48956",666ec5b9.d546,538,"SELECT",2024-06-16 19:00:09 CST,7/40,0,LOG,00000,"execute S_4: SELECT d_tax, d_next_o_id     FROM bmsql_district     WHERE d_w_id = $1 AND d_id = $2 ","parameters: $1 = '1', $2 = '4'",,,,,,,,"","client backend"
2024-06-16 19:01:38.638 CST,"raingage","benchmark",54596,"127.0.0.1:48952",666ec5b9.d544,895,"SELECT",2024-06-16 19:00:09 CST,5/65,0,LOG,00000,"execute S_1: SELECT c_discount, c_last, c_credit, w_tax     FROM bmsql_customer     JOIN bmsql_warehouse ON (w_id = c_w_id)     WHERE c_w_id = $1 AND c_d_id = $2 AND c_id = $3","parameters: $1 = '1', $2 = '1', $3 = '41'",,,,,,,,"","client backend"
2024-06-16 19:01:38.642 CST,"raingage","benchmark",54598,"127.0.0.1:48956",666ec5b9.d546,539,"SELECT",2024-06-16 19:00:09 CST,7/40,0,LOG,00000,"execute S_1: SELECT c_discount, c_last, c_credit, w_tax     FROM bmsql_customer     JOIN bmsql_warehouse ON (w_id = c_w_id)     WHERE c_w_id = $1 AND c_d_id = $2 AND c_id = $3","parameters: $1 = '1', $2 = '4', $3 = '66'",,,,,,,,"","client backend"
2024-06-16 19:01:38.705 CST,"raingage","benchmark",54596,"127.0.0.1:48952",666ec5b9.d544,896,"SELECT",2024-06-16 19:00:09 CST,5/65,0,LOG,00000,"execute S_1: SELECT c_discount, c_last, c_credit, w_tax     FROM bmsql_customer     JOIN bmsql_warehouse ON (w_id = c_w_id)     WHERE c_w_id = $1 AND c_d_id = $2 AND c_id = $3","parameters: $1 = '1', $2 = '1', $3 = '41'",,,,,,,,"","client backend"
2024-06-16 19:01:38.708 CST,"raingage","benchmark",54598,"127.0.0.1:48956",666ec5b9.d546,540,"SELECT",2024-06-16 19:00:09 CST,7/40,0,LOG,00000,"execute S_1: SELECT c_discount, c_last, c_credit, w_tax     FROM bmsql_customer     JOIN bmsql_warehouse ON (w_id = c_w_id)     WHERE c_w_id = $1 AND c_d_id = $2 AND c_id = $3","parameters: $1 = '1', $2 = '4', $3 = '66'",,,,,,,,"","client backend"
2024-06-16 19:01:38.774 CST,"raingage","benchmark",54596,"127.0.0.1:48952",666ec5b9.d544,897,"SELECT",2024-06-16 19:00:09 CST,5/65,0,LOG,00000,"execute S_1: SELECT c_discount, c_last, c_credit, w_tax     FROM bmsql_customer     JOIN bmsql_warehouse ON (w_id = c_w_id)     WHERE c_w_id = $1 AND c_d_id = $2 AND c_id = $3","parameters: $1 = '1', $2 = '1', $3 = '41'",,,,,,,,"","client backend"
2024-06-16 19:01:38.778 CST,"raingage","benchmark",54598,"127.0.0.1:48956",666ec5b9.d546,541,"SELECT",2024-06-16 19:00:09 CST,7/40,0,LOG,00000,"execute S_1: SELECT c_discount, c_last, c_credit, w_tax     FROM bmsql_customer     JOIN bmsql_warehouse ON (w_id = c_w_id)     WHERE c_w_id = $1 AND c_d_id = $2 AND c_id = $3","parameters: $1 = '1', $2 = '4', $3 = '66'",,,,,,,,"","client backend"
2024-06-16 19:01:38.840 CST,"raingage","benchmark",54596,"127.0.0.1:48952",666ec5b9.d544,898,"SELECT",2024-06-16 19:00:09 CST,5/65,0,LOG,00000,"execute S_1: SELECT c_discount, c_last, c_credit, w_tax     FROM bmsql_customer     JOIN bmsql_warehouse ON (w_id = c_w_id)     WHERE c_w_id = $1 AND c_d_id = $2 AND c_id = $3","parameters: $1 = '1', $2 = '1', $3 = '41'",,,,,,,,"","client backend"
2024-06-16 19:01:38.849 CST,"raingage","benchmark",54598,"127.0.0.1:48956",666ec5b9.d546,542,"SELECT",2024-06-16 19:00:09 CST,7/40,0,LOG,00000,"execute S_1: SELECT c_discount, c_last, c_credit, w_tax     FROM bmsql_customer     JOIN bmsql_warehouse ON (w_id = c_w_id)     WHERE c_w_id = $1 AND c_d_id = $2 AND c_id = $3","parameters: $1 = '1', $2 = '4', $3 = '66'",,,,,,,,"","client backend"
2024-06-16 19:01:38.902 CST,"raingage","benchmark",54596,"127.0.0.1:48952",666ec5b9.d544,899,"SELECT",2024-06-16 19:00:09 CST,5/65,0,LOG,00000,"execute S_1: SELECT c_discount, c_last, c_credit, w_tax     FROM bmsql_customer     JOIN bmsql_warehouse ON (w_id = c_w_id)     WHERE c_w_id = $1 AND c_d_id = $2 AND c_id = $3","parameters: $1 = '1', $2 = '1', $3 = '41'",,,,,,,,"","client backend"
2024-06-16 19:01:38.913 CST,"raingage","benchmark",54598,"127.0.0.1:48956",666ec5b9.d546,543,"SELECT",2024-06-16 19:00:09 CST,7/40,0,LOG,00000,"execute S_1: SELECT c_discount, c_last, c_credit, w_tax     FROM bmsql_customer     JOIN bmsql_warehouse ON (w_id = c_w_id)     WHERE c_w_id = $1 AND c_d_id = $2 AND c_id = $3","parameters: $1 = '1', $2 = '4', $3 = '66'",,,,,,,,"","client backend"
2024-06-16 19:01:38.914 CST,"raingage","benchmark",54596,"127.0.0.1:48952",666ec5b9.d544,900,"SELECT",2024-06-16 19:00:09 CST,5/65,0,LOG,00000,"execute S_5: SELECT i_price, i_name, i_data     FROM bmsql_item     WHERE i_id = $1","parameters: $1 = '6'",,,,,,,,"","client backend"
2024-06-16 19:01:38.932 CST,"raingage","benchmark",54596,"127.0.0.1:48952",666ec5b9.d544,901,"SELECT",2024-06-16 19:00:09 CST,5/65,0,LOG,00000,"execute S_6: SELECT s_quantity, s_data,        s_dist_01, s_dist_02, s_dist_03, s_dist_04,        s_dist_05, s_dist_06, s_dist_07, s_dist_08,        s_dist_09, s_dist_10     FROM bmsql_stock     WHERE s_w_id = $1 AND s_i_id = $2 ","parameters: $1 = '1', $2 = '6'",,,,,,,,"","client backend"
2024-06-16 19:01:38.945 CST,"raingage","benchmark",54596,"127.0.0.1:48952",666ec5b9.d544,902,"UPDATE",2024-06-16 19:00:09 CST,5/65,0,LOG,00000,"execute S_7: UPDATE bmsql_stock     SET s_quantity = $1, s_ytd = s_ytd + $2,         s_order_cnt = s_order_cnt + 1,         s_remote_cnt = s_remote_cnt + $3     WHERE s_w_id = $4 AND s_i_id = $5","parameters: $1 = '72', $2 = '2', $3 = '0', $4 = '1', $5 = '6'",,,,,,,,"","client backend"
2024-06-16 19:01:38.962 CST,"raingage","benchmark",54596,"127.0.0.1:48952",666ec5b9.d544,903,"COMMIT",2024-06-16 19:00:09 CST,5/65,115437,LOG,00000,"execute S_2: COMMIT",,,,,,,,,"","client backend"
2024-06-16 19:01:38.964 CST,"raingage","benchmark",54596,"127.0.0.1:48952",666ec5b9.d544,904,"COMMIT",2024-06-16 19:00:09 CST,5/0,115437,WARNING,01000,"registered snapshots seem to remain after cleanup",,,,,,,,,"","client backend"
2024-06-16 19:01:38.975 CST,"raingage","benchmark",54598,"127.0.0.1:48956",666ec5b9.d546,544,"SELECT",2024-06-16 19:00:09 CST,7/40,0,LOG,00000,"execute S_1: SELECT c_discount, c_last, c_credit, w_tax     FROM bmsql_customer     JOIN bmsql_warehouse ON (w_id = c_w_id)     WHERE c_w_id = $1 AND c_d_id = $2 AND c_id = $3","parameters: $1 = '1', $2 = '4', $3 = '66'",,,,,,,,"","client backend"
2024-06-16 19:01:38.985 CST,"raingage","benchmark",54596,"127.0.0.1:48952",666ec5b9.d544,905,"BEGIN",2024-06-16 19:00:09 CST,5/66,0,LOG,00000,"execute S_3: BEGIN",,,,,,,,,"","client backend"
2024-06-16 19:01:39.002 CST,"raingage","benchmark",54596,"127.0.0.1:48952",666ec5b9.d544,906,"SELECT",2024-06-16 19:00:09 CST,5/66,0,LOG,00000,"execute S_4: SELECT d_tax, d_next_o_id     FROM bmsql_district     WHERE d_w_id = $1 AND d_id = $2 ","parameters: $1 = '1', $2 = '4'",,,,,,,,"","client backend"
2024-06-16 19:01:39.045 CST,"raingage","benchmark",54598,"127.0.0.1:48956",666ec5b9.d546,545,"SELECT",2024-06-16 19:00:09 CST,7/40,0,LOG,00000,"execute S_1: SELECT c_discount, c_last, c_credit, w_tax     FROM bmsql_customer     JOIN bmsql_warehouse ON (w_id = c_w_id)     WHERE c_w_id = $1 AND c_d_id = $2 AND c_id = $3","parameters: $1 = '1', $2 = '4', $3 = '66'",,,,,,,,"","client backend"
2024-06-16 19:01:39.068 CST,"raingage","benchmark",54596,"127.0.0.1:48952",666ec5b9.d544,907,"SELECT",2024-06-16 19:00:09 CST,5/66,0,LOG,00000,"execute S_1: SELECT c_discount, c_last, c_credit, w_tax     FROM bmsql_customer     JOIN bmsql_warehouse ON (w_id = c_w_id)     WHERE c_w_id = $1 AND c_d_id = $2 AND c_id = $3","parameters: $1 = '1', $2 = '4', $3 = '30'",,,,,,,,"","client backend"
2024-06-16 19:01:39.110 CST,"raingage","benchmark",54598,"127.0.0.1:48956",666ec5b9.d546,546,"SELECT",2024-06-16 19:00:09 CST,7/40,0,LOG,00000,"execute S_1: SELECT c_discount, c_last, c_credit, w_tax     FROM bmsql_customer     JOIN bmsql_warehouse ON (w_id = c_w_id)     WHERE c_w_id = $1 AND c_d_id = $2 AND c_id = $3","parameters: $1 = '1', $2 = '4', $3 = '66'",,,,,,,,"","client backend"
2024-06-16 19:01:39.123 CST,"raingage","benchmark",54598,"127.0.0.1:48956",666ec5b9.d546,547,"SELECT",2024-06-16 19:00:09 CST,7/40,0,LOG,00000,"execute S_5: SELECT i_price, i_name, i_data     FROM bmsql_item     WHERE i_id = $1","parameters: $1 = '5'",,,,,,,,"","client backend"
2024-06-16 19:01:39.131 CST,"raingage","benchmark",54596,"127.0.0.1:48952",666ec5b9.d544,908,"SELECT",2024-06-16 19:00:09 CST,5/66,0,LOG,00000,"execute S_1: SELECT c_discount, c_last, c_credit, w_tax     FROM bmsql_customer     JOIN bmsql_warehouse ON (w_id = c_w_id)     WHERE c_w_id = $1 AND c_d_id = $2 AND c_id = $3","parameters: $1 = '1', $2 = '4', $3 = '30'",,,,,,,,"","client backend"
2024-06-16 19:01:39.142 CST,"raingage","benchmark",54598,"127.0.0.1:48956",666ec5b9.d546,548,"SELECT",2024-06-16 19:00:09 CST,7/40,0,LOG,00000,"execute S_6: SELECT s_quantity, s_data,        s_dist_01, s_dist_02, s_dist_03, s_dist_04,        s_dist_05, s_dist_06, s_dist_07, s_dist_08,        s_dist_09, s_dist_10     FROM bmsql_stock     WHERE s_w_id = $1 AND s_i_id = $2 ","parameters: $1 = '1', $2 = '5'",,,,,,,,"","client backend"
2024-06-16 19:01:39.155 CST,"raingage","benchmark",54598,"127.0.0.1:48956",666ec5b9.d546,549,"UPDATE",2024-06-16 19:00:09 CST,7/40,0,LOG,00000,"execute S_7: UPDATE bmsql_stock     SET s_quantity = $1, s_ytd = s_ytd + $2,         s_order_cnt = s_order_cnt + 1,         s_remote_cnt = s_remote_cnt + $3     WHERE s_w_id = $4 AND s_i_id = $5","parameters: $1 = '21', $2 = '6', $3 = '0', $4 = '1', $5 = '5'",,,,,,,,"","client backend"
2024-06-16 19:01:39.176 CST,"raingage","benchmark",54598,"127.0.0.1:48956",666ec5b9.d546,550,"COMMIT",2024-06-16 19:00:09 CST,7/40,115438,LOG,00000,"execute S_2: COMMIT",,,,,,,,,"","client backend"
2024-06-16 19:01:39.197 CST,"raingage","benchmark",54598,"127.0.0.1:48956",666ec5b9.d546,551,"BEGIN",2024-06-16 19:00:09 CST,7/41,0,LOG,00000,"execute S_3: BEGIN",,,,,,,,,"","client backend"
2024-06-16 19:01:39.199 CST,"raingage","benchmark",54596,"127.0.0.1:48952",666ec5b9.d544,909,"SELECT",2024-06-16 19:00:09 CST,5/66,0,LOG,00000,"execute S_1: SELECT c_discount, c_last, c_credit, w_tax     FROM bmsql_customer     JOIN bmsql_warehouse ON (w_id = c_w_id)     WHERE c_w_id = $1 AND c_d_id = $2 AND c_id = $3","parameters: $1 = '1', $2 = '4', $3 = '30'",,,,,,,,"","client backend"
2024-06-16 19:01:39.209 CST,"raingage","benchmark",54598,"127.0.0.1:48956",666ec5b9.d546,552,"SELECT",2024-06-16 19:00:09 CST,7/41,0,LOG,00000,"execute S_4: SELECT d_tax, d_next_o_id     FROM bmsql_district     WHERE d_w_id = $1 AND d_id = $2 ","parameters: $1 = '1', $2 = '4'",,,,,,,,"","client backend"
2024-06-16 19:01:39.262 CST,"raingage","benchmark",54596,"127.0.0.1:48952",666ec5b9.d544,910,"SELECT",2024-06-16 19:00:09 CST,5/66,0,LOG,00000,"execute S_1: SELECT c_discount, c_last, c_credit, w_tax     FROM bmsql_customer     JOIN bmsql_warehouse ON (w_id = c_w_id)     WHERE c_w_id = $1 AND c_d_id = $2 AND c_id = $3","parameters: $1 = '1', $2 = '4', $3 = '30'",,,,,,,,"","client backend"
2024-06-16 19:01:39.328 CST,"raingage","benchmark",54596,"127.0.0.1:48952",666ec5b9.d544,911,"SELECT",2024-06-16 19:00:09 CST,5/66,0,LOG,00000,"execute S_1: SELECT c_discount, c_last, c_credit, w_tax     FROM bmsql_customer     JOIN bmsql_warehouse ON (w_id = c_w_id)     WHERE c_w_id = $1 AND c_d_id = $2 AND c_id = $3","parameters: $1 = '1', $2 = '4', $3 = '30'",,,,,,,,"","client backend"
2024-06-16 19:01:39.397 CST,"raingage","benchmark",54596,"127.0.0.1:48952",666ec5b9.d544,912,"SELECT",2024-06-16 19:00:09 CST,5/66,0,LOG,00000,"execute S_1: SELECT c_discount, c_last, c_credit, w_tax     FROM bmsql_customer     JOIN bmsql_warehouse ON (w_id = c_w_id)     WHERE c_w_id = $1 AND c_d_id = $2 AND c_id = $3","parameters: $1 = '1', $2 = '4', $3 = '30'",,,,,,,,"","client backend"
2024-06-16 19:01:39.459 CST,"raingage","benchmark",54596,"127.0.0.1:48952",666ec5b9.d544,913,"SELECT",2024-06-16 19:00:09 CST,5/66,0,LOG,00000,"execute S_1: SELECT c_discount, c_last, c_credit, w_tax     FROM bmsql_customer     JOIN bmsql_warehouse ON (w_id = c_w_id)     WHERE c_w_id = $1 AND c_d_id = $2 AND c_id = $3","parameters: $1 = '1', $2 = '4', $3 = '30'",,,,,,,,"","client backend"
2024-06-16 19:01:39.525 CST,"raingage","benchmark",54596,"127.0.0.1:48952",666ec5b9.d544,914,"SELECT",2024-06-16 19:00:09 CST,5/66,0,LOG,00000,"execute S_1: SELECT c_discount, c_last, c_credit, w_tax     FROM bmsql_customer     JOIN bmsql_warehouse ON (w_id = c_w_id)     WHERE c_w_id = $1 AND c_d_id = $2 AND c_id = $3","parameters: $1 = '1', $2 = '4', $3 = '30'",,,,,,,,"","client backend"
2024-06-16 19:01:39.542 CST,"raingage","benchmark",54596,"127.0.0.1:48952",666ec5b9.d544,915,"SELECT",2024-06-16 19:00:09 CST,5/66,0,LOG,00000,"execute S_5: SELECT i_price, i_name, i_data     FROM bmsql_item     WHERE i_id = $1","parameters: $1 = '110'",,,,,,,,"","client backend"
2024-06-16 19:01:39.563 CST,"raingage","benchmark",54596,"127.0.0.1:48952",666ec5b9.d544,916,"SELECT",2024-06-16 19:00:09 CST,5/66,0,LOG,00000,"execute S_6: SELECT s_quantity, s_data,        s_dist_01, s_dist_02, s_dist_03, s_dist_04,        s_dist_05, s_dist_06, s_dist_07, s_dist_08,        s_dist_09, s_dist_10     FROM bmsql_stock     WHERE s_w_id = $1 AND s_i_id = $2 ","parameters: $1 = '1', $2 = '110'",,,,,,,,"","client backend"
2024-06-16 19:01:39.582 CST,"raingage","benchmark",54596,"127.0.0.1:48952",666ec5b9.d544,917,"UPDATE",2024-06-16 19:00:09 CST,5/66,0,LOG,00000,"execute S_7: UPDATE bmsql_stock     SET s_quantity = $1, s_ytd = s_ytd + $2,         s_order_cnt = s_order_cnt + 1,         s_remote_cnt = s_remote_cnt + $3     WHERE s_w_id = $4 AND s_i_id = $5","parameters: $1 = '45', $2 = '7', $3 = '0', $4 = '1', $5 = '110'",,,,,,,,"","client backend"
2024-06-16 19:01:39.602 CST,"raingage","benchmark",54596,"127.0.0.1:48952",666ec5b9.d544,918,"COMMIT",2024-06-16 19:00:09 CST,5/66,115439,LOG,00000,"execute S_2: COMMIT",,,,,,,,,"","client backend"
2024-06-16 19:01:39.603 CST,"raingage","benchmark",54598,"127.0.0.1:48956",666ec5b9.d546,553,"SELECT",2024-06-16 19:00:09 CST,7/41,0,LOG,00000,"execute S_1: SELECT c_discount, c_last, c_credit, w_tax     FROM bmsql_customer     JOIN bmsql_warehouse ON (w_id = c_w_id)     WHERE c_w_id = $1 AND c_d_id = $2 AND c_id = $3","parameters: $1 = '1', $2 = '4', $3 = '30'",,,,,,,,"","client backend"
2024-06-16 19:01:39.671 CST,"raingage","benchmark",54598,"127.0.0.1:48956",666ec5b9.d546,554,"SELECT",2024-06-16 19:00:09 CST,7/41,0,LOG,00000,"execute S_1: SELECT c_discount, c_last, c_credit, w_tax     FROM bmsql_customer     JOIN bmsql_warehouse ON (w_id = c_w_id)     WHERE c_w_id = $1 AND c_d_id = $2 AND c_id = $3","parameters: $1 = '1', $2 = '4', $3 = '30'",,,,,,,,"","client backend"
2024-06-16 19:01:39.734 CST,"raingage","benchmark",54598,"127.0.0.1:48956",666ec5b9.d546,555,"SELECT",2024-06-16 19:00:09 CST,7/41,0,LOG,00000,"execute S_1: SELECT c_discount, c_last, c_credit, w_tax     FROM bmsql_customer     JOIN bmsql_warehouse ON (w_id = c_w_id)     WHERE c_w_id = $1 AND c_d_id = $2 AND c_id = $3","parameters: $1 = '1', $2 = '4', $3 = '30'",,,,,,,,"","client backend"
2024-06-16 19:01:39.802 CST,"raingage","benchmark",54598,"127.0.0.1:48956",666ec5b9.d546,556,"SELECT",2024-06-16 19:00:09 CST,7/41,0,LOG,00000,"execute S_1: SELECT c_discount, c_last, c_credit, w_tax     FROM bmsql_customer     JOIN bmsql_warehouse ON (w_id = c_w_id)     WHERE c_w_id = $1 AND c_d_id = $2 AND c_id = $3","parameters: $1 = '1', $2 = '4', $3 = '30'",,,,,,,,"","client backend"
2024-06-16 19:01:39.870 CST,"raingage","benchmark",54598,"127.0.0.1:48956",666ec5b9.d546,557,"SELECT",2024-06-16 19:00:09 CST,7/41,0,LOG,00000,"execute S_1: SELECT c_discount, c_last, c_credit, w_tax     FROM bmsql_customer     JOIN bmsql_warehouse ON (w_id = c_w_id)     WHERE c_w_id = $1 AND c_d_id = $2 AND c_id = $3","parameters: $1 = '1', $2 = '4', $3 = '30'",,,,,,,,"","client backend"
2024-06-16 19:01:39.938 CST,"raingage","benchmark",54598,"127.0.0.1:48956",666ec5b9.d546,558,"SELECT",2024-06-16 19:00:09 CST,7/41,0,LOG,00000,"execute S_1: SELECT c_discount, c_last, c_credit, w_tax     FROM bmsql_customer     JOIN bmsql_warehouse ON (w_id = c_w_id)     WHERE c_w_id = $1 AND c_d_id = $2 AND c_id = $3","parameters: $1 = '1', $2 = '4', $3 = '30'",,,,,,,,"","client backend"
2024-06-16 19:01:40.006 CST,"raingage","benchmark",54598,"127.0.0.1:48956",666ec5b9.d546,559,"SELECT",2024-06-16 19:00:09 CST,7/41,0,LOG,00000,"execute S_1: SELECT c_discount, c_last, c_credit, w_tax     FROM bmsql_customer     JOIN bmsql_warehouse ON (w_id = c_w_id)     WHERE c_w_id = $1 AND c_d_id = $2 AND c_id = $3","parameters: $1 = '1', $2 = '4', $3 = '30'",,,,,,,,"","client backend"
2024-06-16 19:01:40.075 CST,"raingage","benchmark",54598,"127.0.0.1:48956",666ec5b9.d546,560,"SELECT",2024-06-16 19:00:09 CST,7/41,0,LOG,00000,"execute S_1: SELECT c_discount, c_last, c_credit, w_tax     FROM bmsql_customer     JOIN bmsql_warehouse ON (w_id = c_w_id)     WHERE c_w_id = $1 AND c_d_id = $2 AND c_id = $3","parameters: $1 = '1', $2 = '4', $3 = '30'",,,,,,,,"","client backend"
2024-06-16 19:01:40.092 CST,"raingage","benchmark",54598,"127.0.0.1:48956",666ec5b9.d546,561,"SELECT",2024-06-16 19:00:09 CST,7/41,0,LOG,00000,"execute S_5: SELECT i_price, i_name, i_data     FROM bmsql_item     WHERE i_id = $1","parameters: $1 = '110'",,,,,,,,"","client backend"
2024-06-16 19:01:40.104 CST,"raingage","benchmark",54598,"127.0.0.1:48956",666ec5b9.d546,562,"SELECT",2024-06-16 19:00:09 CST,7/41,0,LOG,00000,"execute S_6: SELECT s_quantity, s_data,        s_dist_01, s_dist_02, s_dist_03, s_dist_04,        s_dist_05, s_dist_06, s_dist_07, s_dist_08,        s_dist_09, s_dist_10     FROM bmsql_stock     WHERE s_w_id = $1 AND s_i_id = $2 ","parameters: $1 = '1', $2 = '110'",,,,,,,,"","client backend"
2024-06-16 19:01:40.119 CST,"raingage","benchmark",54598,"127.0.0.1:48956",666ec5b9.d546,563,"UPDATE",2024-06-16 19:00:09 CST,7/41,0,LOG,00000,"execute S_7: UPDATE bmsql_stock     SET s_quantity = $1, s_ytd = s_ytd + $2,         s_order_cnt = s_order_cnt + 1,         s_remote_cnt = s_remote_cnt + $3     WHERE s_w_id = $4 AND s_i_id = $5","parameters: $1 = '45', $2 = '7', $3 = '0', $4 = '1', $5 = '110'",,,,,,,,"","client backend"
2024-06-16 19:01:40.135 CST,"raingage","benchmark",54598,"127.0.0.1:48956",666ec5b9.d546,564,"COMMIT",2024-06-16 19:00:09 CST,7/41,115440,LOG,00000,"execute S_2: COMMIT",,,,,,,,,"","client backend"
2024-06-16 19:01:40.136 CST,"raingage","benchmark",54598,"127.0.0.1:48956",666ec5b9.d546,565,"COMMIT",2024-06-16 19:00:09 CST,7/0,115440,WARNING,01000,"registered snapshots seem to remain after cleanup",,,,,,,,,"","client backend"
2024-06-16 19:01:40.149 CST,"raingage","benchmark",54598,"127.0.0.1:48956",666ec5b9.d546,566,"BEGIN",2024-06-16 19:00:09 CST,7/42,0,LOG,00000,"execute S_3: BEGIN",,,,,,,,,"","client backend"
2024-06-16 19:01:40.160 CST,"raingage","benchmark",54598,"127.0.0.1:48956",666ec5b9.d546,567,"SELECT",2024-06-16 19:00:09 CST,7/42,0,LOG,00000,"execute S_4: SELECT d_tax, d_next_o_id     FROM bmsql_district     WHERE d_w_id = $1 AND d_id = $2 ","parameters: $1 = '1', $2 = '2'",,,,,,,,"","client backend"
2024-06-16 19:01:40.231 CST,"raingage","benchmark",54598,"127.0.0.1:48956",666ec5b9.d546,568,"SELECT",2024-06-16 19:00:09 CST,7/42,0,LOG,00000,"execute S_1: SELECT c_discount, c_last, c_credit, w_tax     FROM bmsql_customer     JOIN bmsql_warehouse ON (w_id = c_w_id)     WHERE c_w_id = $1 AND c_d_id = $2 AND c_id = $3","parameters: $1 = '1', $2 = '2', $3 = '29'",,,,,,,,"","client backend"
2024-06-16 19:01:40.297 CST,"raingage","benchmark",54598,"127.0.0.1:48956",666ec5b9.d546,569,"SELECT",2024-06-16 19:00:09 CST,7/42,0,LOG,00000,"execute S_1: SELECT c_discount, c_last, c_credit, w_tax     FROM bmsql_customer     JOIN bmsql_warehouse ON (w_id = c_w_id)     WHERE c_w_id = $1 AND c_d_id = $2 AND c_id = $3","parameters: $1 = '1', $2 = '2', $3 = '29'",,,,,,,,"","client backend"
2024-06-16 19:01:40.368 CST,"raingage","benchmark",54598,"127.0.0.1:48956",666ec5b9.d546,570,"SELECT",2024-06-16 19:00:09 CST,7/42,0,LOG,00000,"execute S_1: SELECT c_discount, c_last, c_credit, w_tax     FROM bmsql_customer     JOIN bmsql_warehouse ON (w_id = c_w_id)     WHERE c_w_id = $1 AND c_d_id = $2 AND c_id = $3","parameters: $1 = '1', $2 = '2', $3 = '29'",,,,,,,,"","client backend"
2024-06-16 19:01:40.437 CST,"raingage","benchmark",54598,"127.0.0.1:48956",666ec5b9.d546,571,"SELECT",2024-06-16 19:00:09 CST,7/42,0,LOG,00000,"execute S_1: SELECT c_discount, c_last, c_credit, w_tax     FROM bmsql_customer     JOIN bmsql_warehouse ON (w_id = c_w_id)     WHERE c_w_id = $1 AND c_d_id = $2 AND c_id = $3","parameters: $1 = '1', $2 = '2', $3 = '29'",,,,,,,,"","client backend"
2024-06-16 19:01:40.508 CST,"raingage","benchmark",54598,"127.0.0.1:48956",666ec5b9.d546,572,"SELECT",2024-06-16 19:00:09 CST,7/42,0,LOG,00000,"execute S_1: SELECT c_discount, c_last, c_credit, w_tax     FROM bmsql_customer     JOIN bmsql_warehouse ON (w_id = c_w_id)     WHERE c_w_id = $1 AND c_d_id = $2 AND c_id = $3","parameters: $1 = '1', $2 = '2', $3 = '29'",,,,,,,,"","client backend"
2024-06-16 19:01:40.577 CST,"raingage","benchmark",54598,"127.0.0.1:48956",666ec5b9.d546,573,"SELECT",2024-06-16 19:00:09 CST,7/42,0,LOG,00000,"execute S_1: SELECT c_discount, c_last, c_credit, w_tax     FROM bmsql_customer     JOIN bmsql_warehouse ON (w_id = c_w_id)     WHERE c_w_id = $1 AND c_d_id = $2 AND c_id = $3","parameters: $1 = '1', $2 = '2', $3 = '29'",,,,,,,,"","client backend"
2024-06-16 19:01:40.643 CST,"raingage","benchmark",54598,"127.0.0.1:48956",666ec5b9.d546,574,"SELECT",2024-06-16 19:00:09 CST,7/42,0,LOG,00000,"execute S_1: SELECT c_discount, c_last, c_credit, w_tax     FROM bmsql_customer     JOIN bmsql_warehouse ON (w_id = c_w_id)     WHERE c_w_id = $1 AND c_d_id = $2 AND c_id = $3","parameters: $1 = '1', $2 = '2', $3 = '29'",,,,,,,,"","client backend"
2024-06-16 19:01:40.707 CST,"raingage","benchmark",54598,"127.0.0.1:48956",666ec5b9.d546,575,"SELECT",2024-06-16 19:00:09 CST,7/42,0,LOG,00000,"execute S_1: SELECT c_discount, c_last, c_credit, w_tax     FROM bmsql_customer     JOIN bmsql_warehouse ON (w_id = c_w_id)     WHERE c_w_id = $1 AND c_d_id = $2 AND c_id = $3","parameters: $1 = '1', $2 = '2', $3 = '29'",,,,,,,,"","client backend"
2024-06-16 19:01:40.718 CST,"raingage","benchmark",54598,"127.0.0.1:48956",666ec5b9.d546,576,"SELECT",2024-06-16 19:00:09 CST,7/42,0,LOG,00000,"execute S_5: SELECT i_price, i_name, i_data     FROM bmsql_item     WHERE i_id = $1","parameters: $1 = '63'",,,,,,,,"","client backend"
2024-06-16 19:01:40.734 CST,"raingage","benchmark",54598,"127.0.0.1:48956",666ec5b9.d546,577,"SELECT",2024-06-16 19:00:09 CST,7/42,0,LOG,00000,"execute S_6: SELECT s_quantity, s_data,        s_dist_01, s_dist_02, s_dist_03, s_dist_04,        s_dist_05, s_dist_06, s_dist_07, s_dist_08,        s_dist_09, s_dist_10     FROM bmsql_stock     WHERE s_w_id = $1 AND s_i_id = $2 ","parameters: $1 = '1', $2 = '63'",,,,,,,,"","client backend"
2024-06-16 19:01:40.750 CST,"raingage","benchmark",54598,"127.0.0.1:48956",666ec5b9.d546,578,"UPDATE",2024-06-16 19:00:09 CST,7/42,0,LOG,00000,"execute S_7: UPDATE bmsql_stock     SET s_quantity = $1, s_ytd = s_ytd + $2,         s_order_cnt = s_order_cnt + 1,         s_remote_cnt = s_remote_cnt + $3     WHERE s_w_id = $4 AND s_i_id = $5","parameters: $1 = '25', $2 = '2', $3 = '0', $4 = '1', $5 = '63'",,,,,,,,"","client backend"
2024-06-16 19:01:40.764 CST,"raingage","benchmark",54598,"127.0.0.1:48956",666ec5b9.d546,579,"COMMIT",2024-06-16 19:00:09 CST,7/42,115441,LOG,00000,"execute S_2: COMMIT",,,,,,,,,"","client backend"
2024-06-16 19:01:40.781 CST,"raingage","benchmark",54598,"127.0.0.1:48956",666ec5b9.d546,580,"BEGIN",2024-06-16 19:00:09 CST,7/43,0,LOG,00000,"execute S_3: BEGIN",,,,,,,,,"","client backend"
2024-06-16 19:01:40.796 CST,"raingage","benchmark",54598,"127.0.0.1:48956",666ec5b9.d546,581,"SELECT",2024-06-16 19:00:09 CST,7/43,0,LOG,00000,"execute S_4: SELECT d_tax, d_next_o_id     FROM bmsql_district     WHERE d_w_id = $1 AND d_id = $2 ","parameters: $1 = '1', $2 = '2'",,,,,,,,"","client backend"
2024-06-16 19:01:40.858 CST,"raingage","benchmark",54598,"127.0.0.1:48956",666ec5b9.d546,582,"SELECT",2024-06-16 19:00:09 CST,7/43,0,LOG,00000,"execute S_1: SELECT c_discount, c_last, c_credit, w_tax     FROM bmsql_customer     JOIN bmsql_warehouse ON (w_id = c_w_id)     WHERE c_w_id = $1 AND c_d_id = $2 AND c_id = $3","parameters: $1 = '1', $2 = '2', $3 = '29'",,,,,,,,"","client backend"
2024-06-16 19:01:40.922 CST,"raingage","benchmark",54598,"127.0.0.1:48956",666ec5b9.d546,583,"SELECT",2024-06-16 19:00:09 CST,7/43,0,LOG,00000,"execute S_1: SELECT c_discount, c_last, c_credit, w_tax     FROM bmsql_customer     JOIN bmsql_warehouse ON (w_id = c_w_id)     WHERE c_w_id = $1 AND c_d_id = $2 AND c_id = $3","parameters: $1 = '1', $2 = '2', $3 = '29'",,,,,,,,"","client backend"
2024-06-16 19:01:40.992 CST,"raingage","benchmark",54598,"127.0.0.1:48956",666ec5b9.d546,584,"SELECT",2024-06-16 19:00:09 CST,7/43,0,LOG,00000,"execute S_1: SELECT c_discount, c_last, c_credit, w_tax     FROM bmsql_customer     JOIN bmsql_warehouse ON (w_id = c_w_id)     WHERE c_w_id = $1 AND c_d_id = $2 AND c_id = $3","parameters: $1 = '1', $2 = '2', $3 = '29'",,,,,,,,"","client backend"
2024-06-16 19:01:41.062 CST,"raingage","benchmark",54598,"127.0.0.1:48956",666ec5b9.d546,585,"SELECT",2024-06-16 19:00:09 CST,7/43,0,LOG,00000,"execute S_1: SELECT c_discount, c_last, c_credit, w_tax     FROM bmsql_customer     JOIN bmsql_warehouse ON (w_id = c_w_id)     WHERE c_w_id = $1 AND c_d_id = $2 AND c_id = $3","parameters: $1 = '1', $2 = '2', $3 = '29'",,,,,,,,"","client backend"
2024-06-16 19:01:41.131 CST,"raingage","benchmark",54598,"127.0.0.1:48956",666ec5b9.d546,586,"SELECT",2024-06-16 19:00:09 CST,7/43,0,LOG,00000,"execute S_1: SELECT c_discount, c_last, c_credit, w_tax     FROM bmsql_customer     JOIN bmsql_warehouse ON (w_id = c_w_id)     WHERE c_w_id = $1 AND c_d_id = $2 AND c_id = $3","parameters: $1 = '1', $2 = '2', $3 = '29'",,,,,,,,"","client backend"
2024-06-16 19:01:41.201 CST,"raingage","benchmark",54598,"127.0.0.1:48956",666ec5b9.d546,587,"SELECT",2024-06-16 19:00:09 CST,7/43,0,LOG,00000,"execute S_1: SELECT c_discount, c_last, c_credit, w_tax     FROM bmsql_customer     JOIN bmsql_warehouse ON (w_id = c_w_id)     WHERE c_w_id = $1 AND c_d_id = $2 AND c_id = $3","parameters: $1 = '1', $2 = '2', $3 = '29'",,,,,,,,"","client backend"
2024-06-16 19:01:41.267 CST,"raingage","benchmark",54598,"127.0.0.1:48956",666ec5b9.d546,588,"SELECT",2024-06-16 19:00:09 CST,7/43,0,LOG,00000,"execute S_1: SELECT c_discount, c_last, c_credit, w_tax     FROM bmsql_customer     JOIN bmsql_warehouse ON (w_id = c_w_id)     WHERE c_w_id = $1 AND c_d_id = $2 AND c_id = $3","parameters: $1 = '1', $2 = '2', $3 = '29'",,,,,,,,"","client backend"
2024-06-16 19:01:41.334 CST,"raingage","benchmark",54598,"127.0.0.1:48956",666ec5b9.d546,589,"SELECT",2024-06-16 19:00:09 CST,7/43,0,LOG,00000,"execute S_1: SELECT c_discount, c_last, c_credit, w_tax     FROM bmsql_customer     JOIN bmsql_warehouse ON (w_id = c_w_id)     WHERE c_w_id = $1 AND c_d_id = $2 AND c_id = $3","parameters: $1 = '1', $2 = '2', $3 = '29'",,,,,,,,"","client backend"
2024-06-16 19:01:41.350 CST,"raingage","benchmark",54598,"127.0.0.1:48956",666ec5b9.d546,590,"SELECT",2024-06-16 19:00:09 CST,7/43,0,LOG,00000,"execute S_5: SELECT i_price, i_name, i_data     FROM bmsql_item     WHERE i_id = $1","parameters: $1 = '63'",,,,,,,,"","client backend"
2024-06-16 19:01:41.364 CST,"raingage","benchmark",54598,"127.0.0.1:48956",666ec5b9.d546,591,"SELECT",2024-06-16 19:00:09 CST,7/43,0,LOG,00000,"execute S_6: SELECT s_quantity, s_data,        s_dist_01, s_dist_02, s_dist_03, s_dist_04,        s_dist_05, s_dist_06, s_dist_07, s_dist_08,        s_dist_09, s_dist_10     FROM bmsql_stock     WHERE s_w_id = $1 AND s_i_id = $2 ","parameters: $1 = '1', $2 = '63'",,,,,,,,"","client backend"
2024-06-16 19:01:41.380 CST,"raingage","benchmark",54598,"127.0.0.1:48956",666ec5b9.d546,592,"UPDATE",2024-06-16 19:00:09 CST,7/43,0,LOG,00000,"execute S_7: UPDATE bmsql_stock     SET s_quantity = $1, s_ytd = s_ytd + $2,         s_order_cnt = s_order_cnt + 1,         s_remote_cnt = s_remote_cnt + $3     WHERE s_w_id = $4 AND s_i_id = $5","parameters: $1 = '22', $2 = '3', $3 = '0', $4 = '1', $5 = '63'",,,,,,,,"","client backend"
2024-06-16 19:01:41.395 CST,"raingage","benchmark",54598,"127.0.0.1:48956",666ec5b9.d546,593,"COMMIT",2024-06-16 19:00:09 CST,7/43,115442,LOG,00000,"execute S_2: COMMIT",,,,,,,,,"","client backend"
2024-06-16 19:01:41.411 CST,"raingage","benchmark",54598,"127.0.0.1:48956",666ec5b9.d546,594,"BEGIN",2024-06-16 19:00:09 CST,7/44,0,LOG,00000,"execute S_3: BEGIN",,,,,,,,,"","client backend"
2024-06-16 19:01:41.429 CST,"raingage","benchmark",54598,"127.0.0.1:48956",666ec5b9.d546,595,"SELECT",2024-06-16 19:00:09 CST,7/44,0,LOG,00000,"execute S_4: SELECT d_tax, d_next_o_id     FROM bmsql_district     WHERE d_w_id = $1 AND d_id = $2 ","parameters: $1 = '1', $2 = '2'",,,,,,,,"","client backend"
2024-06-16 19:01:41.500 CST,"raingage","benchmark",54598,"127.0.0.1:48956",666ec5b9.d546,596,"SELECT",2024-06-16 19:00:09 CST,7/44,0,LOG,00000,"execute S_1: SELECT c_discount, c_last, c_credit, w_tax     FROM bmsql_customer     JOIN bmsql_warehouse ON (w_id = c_w_id)     WHERE c_w_id = $1 AND c_d_id = $2 AND c_id = $3","parameters: $1 = '1', $2 = '2', $3 = '88'",,,,,,,,"","client backend"
2024-06-16 19:01:41.566 CST,"raingage","benchmark",54598,"127.0.0.1:48956",666ec5b9.d546,597,"SELECT",2024-06-16 19:00:09 CST,7/44,0,LOG,00000,"execute S_1: SELECT c_discount, c_last, c_credit, w_tax     FROM bmsql_customer     JOIN bmsql_warehouse ON (w_id = c_w_id)     WHERE c_w_id = $1 AND c_d_id = $2 AND c_id = $3","parameters: $1 = '1', $2 = '2', $3 = '88'",,,,,,,,"","client backend"
2024-06-16 19:01:41.628 CST,"raingage","benchmark",54598,"127.0.0.1:48956",666ec5b9.d546,598,"SELECT",2024-06-16 19:00:09 CST,7/44,0,LOG,00000,"execute S_1: SELECT c_discount, c_last, c_credit, w_tax     FROM bmsql_customer     JOIN bmsql_warehouse ON (w_id = c_w_id)     WHERE c_w_id = $1 AND c_d_id = $2 AND c_id = $3","parameters: $1 = '1', $2 = '2', $3 = '88'",,,,,,,,"","client backend"
2024-06-16 19:01:41.690 CST,"raingage","benchmark",54598,"127.0.0.1:48956",666ec5b9.d546,599,"SELECT",2024-06-16 19:00:09 CST,7/44,0,LOG,00000,"execute S_1: SELECT c_discount, c_last, c_credit, w_tax     FROM bmsql_customer     JOIN bmsql_warehouse ON (w_id = c_w_id)     WHERE c_w_id = $1 AND c_d_id = $2 AND c_id = $3","parameters: $1 = '1', $2 = '2', $3 = '88'",,,,,,,,"","client backend"
2024-06-16 19:01:41.759 CST,"raingage","benchmark",54598,"127.0.0.1:48956",666ec5b9.d546,600,"SELECT",2024-06-16 19:00:09 CST,7/44,0,LOG,00000,"execute S_1: SELECT c_discount, c_last, c_credit, w_tax     FROM bmsql_customer     JOIN bmsql_warehouse ON (w_id = c_w_id)     WHERE c_w_id = $1 AND c_d_id = $2 AND c_id = $3","parameters: $1 = '1', $2 = '2', $3 = '88'",,,,,,,,"","client backend"
2024-06-16 19:01:41.830 CST,"raingage","benchmark",54598,"127.0.0.1:48956",666ec5b9.d546,601,"SELECT",2024-06-16 19:00:09 CST,7/44,0,LOG,00000,"execute S_1: SELECT c_discount, c_last, c_credit, w_tax     FROM bmsql_customer     JOIN bmsql_warehouse ON (w_id = c_w_id)     WHERE c_w_id = $1 AND c_d_id = $2 AND c_id = $3","parameters: $1 = '1', $2 = '2', $3 = '88'",,,,,,,,"","client backend"
2024-06-16 19:01:41.899 CST,"raingage","benchmark",54598,"127.0.0.1:48956",666ec5b9.d546,602,"SELECT",2024-06-16 19:00:09 CST,7/44,0,LOG,00000,"execute S_1: SELECT c_discount, c_last, c_credit, w_tax     FROM bmsql_customer     JOIN bmsql_warehouse ON (w_id = c_w_id)     WHERE c_w_id = $1 AND c_d_id = $2 AND c_id = $3","parameters: $1 = '1', $2 = '2', $3 = '88'",,,,,,,,"","client backend"
2024-06-16 19:01:41.967 CST,"raingage","benchmark",54598,"127.0.0.1:48956",666ec5b9.d546,603,"SELECT",2024-06-16 19:00:09 CST,7/44,0,LOG,00000,"execute S_1: SELECT c_discount, c_last, c_credit, w_tax     FROM bmsql_customer     JOIN bmsql_warehouse ON (w_id = c_w_id)     WHERE c_w_id = $1 AND c_d_id = $2 AND c_id = $3","parameters: $1 = '1', $2 = '2', $3 = '88'",,,,,,,,"","client backend"
2024-06-16 19:01:41.985 CST,"raingage","benchmark",54598,"127.0.0.1:48956",666ec5b9.d546,604,"SELECT",2024-06-16 19:00:09 CST,7/44,0,LOG,00000,"execute S_5: SELECT i_price, i_name, i_data     FROM bmsql_item     WHERE i_id = $1","parameters: $1 = '97'",,,,,,,,"","client backend"
2024-06-16 19:01:42.000 CST,"raingage","benchmark",54598,"127.0.0.1:48956",666ec5b9.d546,605,"SELECT",2024-06-16 19:00:09 CST,7/44,0,LOG,00000,"execute S_6: SELECT s_quantity, s_data,        s_dist_01, s_dist_02, s_dist_03, s_dist_04,        s_dist_05, s_dist_06, s_dist_07, s_dist_08,        s_dist_09, s_dist_10     FROM bmsql_stock     WHERE s_w_id = $1 AND s_i_id = $2 ","parameters: $1 = '1', $2 = '97'",,,,,,,,"","client backend"
2024-06-16 19:01:42.021 CST,"raingage","benchmark",54598,"127.0.0.1:48956",666ec5b9.d546,606,"UPDATE",2024-06-16 19:00:09 CST,7/44,0,LOG,00000,"execute S_7: UPDATE bmsql_stock     SET s_quantity = $1, s_ytd = s_ytd + $2,         s_order_cnt = s_order_cnt + 1,         s_remote_cnt = s_remote_cnt + $3     WHERE s_w_id = $4 AND s_i_id = $5","parameters: $1 = '44', $2 = '3', $3 = '0', $4 = '1', $5 = '97'",,,,,,,,"","client backend"
2024-06-16 19:01:42.042 CST,"raingage","benchmark",54598,"127.0.0.1:48956",666ec5b9.d546,607,"COMMIT",2024-06-16 19:00:09 CST,7/44,115443,LOG,00000,"execute S_2: COMMIT",,,,,,,,,"","client backend"
2024-06-16 19:01:42.055 CST,"raingage","benchmark",54598,"127.0.0.1:48956",666ec5b9.d546,608,"BEGIN",2024-06-16 19:00:09 CST,7/45,0,LOG,00000,"execute S_3: BEGIN",,,,,,,,,"","client backend"
2024-06-16 19:01:42.072 CST,"raingage","benchmark",54598,"127.0.0.1:48956",666ec5b9.d546,609,"SELECT",2024-06-16 19:00:09 CST,7/45,0,LOG,00000,"execute S_4: SELECT d_tax, d_next_o_id     FROM bmsql_district     WHERE d_w_id = $1 AND d_id = $2 ","parameters: $1 = '1', $2 = '2'",,,,,,,,"","client backend"
2024-06-16 19:01:42.136 CST,"raingage","benchmark",54598,"127.0.0.1:48956",666ec5b9.d546,610,"SELECT",2024-06-16 19:00:09 CST,7/45,0,LOG,00000,"execute S_1: SELECT c_discount, c_last, c_credit, w_tax     FROM bmsql_customer     JOIN bmsql_warehouse ON (w_id = c_w_id)     WHERE c_w_id = $1 AND c_d_id = $2 AND c_id = $3","parameters: $1 = '1', $2 = '2', $3 = '41'",,,,,,,,"","client backend"
2024-06-16 19:01:42.204 CST,"raingage","benchmark",54598,"127.0.0.1:48956",666ec5b9.d546,611,"SELECT",2024-06-16 19:00:09 CST,7/45,0,LOG,00000,"execute S_1: SELECT c_discount, c_last, c_credit, w_tax     FROM bmsql_customer     JOIN bmsql_warehouse ON (w_id = c_w_id)     WHERE c_w_id = $1 AND c_d_id = $2 AND c_id = $3","parameters: $1 = '1', $2 = '2', $3 = '41'",,,,,,,,"","client backend"
2024-06-16 19:01:42.268 CST,"raingage","benchmark",54598,"127.0.0.1:48956",666ec5b9.d546,612,"SELECT",2024-06-16 19:00:09 CST,7/45,0,LOG,00000,"execute S_1: SELECT c_discount, c_last, c_credit, w_tax     FROM bmsql_customer     JOIN bmsql_warehouse ON (w_id = c_w_id)     WHERE c_w_id = $1 AND c_d_id = $2 AND c_id = $3","parameters: $1 = '1', $2 = '2', $3 = '41'",,,,,,,,"","client backend"
2024-06-16 19:01:42.333 CST,"raingage","benchmark",54598,"127.0.0.1:48956",666ec5b9.d546,613,"SELECT",2024-06-16 19:00:09 CST,7/45,0,LOG,00000,"execute S_1: SELECT c_discount, c_last, c_credit, w_tax     FROM bmsql_customer     JOIN bmsql_warehouse ON (w_id = c_w_id)     WHERE c_w_id = $1 AND c_d_id = $2 AND c_id = $3","parameters: $1 = '1', $2 = '2', $3 = '41'",,,,,,,,"","client backend"
2024-06-16 19:01:42.402 CST,"raingage","benchmark",54598,"127.0.0.1:48956",666ec5b9.d546,614,"SELECT",2024-06-16 19:00:09 CST,7/45,0,LOG,00000,"execute S_1: SELECT c_discount, c_last, c_credit, w_tax     FROM bmsql_customer     JOIN bmsql_warehouse ON (w_id = c_w_id)     WHERE c_w_id = $1 AND c_d_id = $2 AND c_id = $3","parameters: $1 = '1', $2 = '2', $3 = '41'",,,,,,,,"","client backend"
2024-06-16 19:01:42.464 CST,"raingage","benchmark",54598,"127.0.0.1:48956",666ec5b9.d546,615,"SELECT",2024-06-16 19:00:09 CST,7/45,0,LOG,00000,"execute S_1: SELECT c_discount, c_last, c_credit, w_tax     FROM bmsql_customer     JOIN bmsql_warehouse ON (w_id = c_w_id)     WHERE c_w_id = $1 AND c_d_id = $2 AND c_id = $3","parameters: $1 = '1', $2 = '2', $3 = '41'",,,,,,,,"","client backend"
2024-06-16 19:01:42.530 CST,"raingage","benchmark",54598,"127.0.0.1:48956",666ec5b9.d546,616,"SELECT",2024-06-16 19:00:09 CST,7/45,0,LOG,00000,"execute S_1: SELECT c_discount, c_last, c_credit, w_tax     FROM bmsql_customer     JOIN bmsql_warehouse ON (w_id = c_w_id)     WHERE c_w_id = $1 AND c_d_id = $2 AND c_id = $3","parameters: $1 = '1', $2 = '2', $3 = '41'",,,,,,,,"","client backend"
2024-06-16 19:01:42.598 CST,"raingage","benchmark",54598,"127.0.0.1:48956",666ec5b9.d546,617,"SELECT",2024-06-16 19:00:09 CST,7/45,0,LOG,00000,"execute S_1: SELECT c_discount, c_last, c_credit, w_tax     FROM bmsql_customer     JOIN bmsql_warehouse ON (w_id = c_w_id)     WHERE c_w_id = $1 AND c_d_id = $2 AND c_id = $3","parameters: $1 = '1', $2 = '2', $3 = '41'",,,,,,,,"","client backend"
2024-06-16 19:01:42.611 CST,"raingage","benchmark",54598,"127.0.0.1:48956",666ec5b9.d546,618,"SELECT",2024-06-16 19:00:09 CST,7/45,0,LOG,00000,"execute S_5: SELECT i_price, i_name, i_data     FROM bmsql_item     WHERE i_id = $1","parameters: $1 = '6'",,,,,,,,"","client backend"
2024-06-16 19:01:42.631 CST,"raingage","benchmark",54598,"127.0.0.1:48956",666ec5b9.d546,619,"SELECT",2024-06-16 19:00:09 CST,7/45,0,LOG,00000,"execute S_6: SELECT s_quantity, s_data,        s_dist_01, s_dist_02, s_dist_03, s_dist_04,        s_dist_05, s_dist_06, s_dist_07, s_dist_08,        s_dist_09, s_dist_10     FROM bmsql_stock     WHERE s_w_id = $1 AND s_i_id = $2 ","parameters: $1 = '1', $2 = '6'",,,,,,,,"","client backend"
2024-06-16 19:01:42.644 CST,"raingage","benchmark",54598,"127.0.0.1:48956",666ec5b9.d546,620,"UPDATE",2024-06-16 19:00:09 CST,7/45,0,LOG,00000,"execute S_7: UPDATE bmsql_stock     SET s_quantity = $1, s_ytd = s_ytd + $2,         s_order_cnt = s_order_cnt + 1,         s_remote_cnt = s_remote_cnt + $3     WHERE s_w_id = $4 AND s_i_id = $5","parameters: $1 = '71', $2 = '1', $3 = '0', $4 = '1', $5 = '6'",,,,,,,,"","client backend"
2024-06-16 19:01:42.664 CST,"raingage","benchmark",54598,"127.0.0.1:48956",666ec5b9.d546,621,"COMMIT",2024-06-16 19:00:09 CST,7/45,115444,LOG,00000,"execute S_2: COMMIT",,,,,,,,,"","client backend"
2024-06-16 19:01:42.677 CST,"raingage","benchmark",54598,"127.0.0.1:48956",666ec5b9.d546,622,"BEGIN",2024-06-16 19:00:09 CST,7/46,0,LOG,00000,"execute S_3: BEGIN",,,,,,,,,"","client backend"
2024-06-16 19:01:42.693 CST,"raingage","benchmark",54598,"127.0.0.1:48956",666ec5b9.d546,623,"SELECT",2024-06-16 19:00:09 CST,7/46,0,LOG,00000,"execute S_4: SELECT d_tax, d_next_o_id     FROM bmsql_district     WHERE d_w_id = $1 AND d_id = $2 ","parameters: $1 = '1', $2 = '2'",,,,,,,,"","client backend"
2024-06-16 19:01:42.756 CST,"raingage","benchmark",54598,"127.0.0.1:48956",666ec5b9.d546,624,"SELECT",2024-06-16 19:00:09 CST,7/46,0,LOG,00000,"execute S_1: SELECT c_discount, c_last, c_credit, w_tax     FROM bmsql_customer     JOIN bmsql_warehouse ON (w_id = c_w_id)     WHERE c_w_id = $1 AND c_d_id = $2 AND c_id = $3","parameters: $1 = '1', $2 = '2', $3 = '19'",,,,,,,,"","client backend"
2024-06-16 19:01:42.825 CST,"raingage","benchmark",54598,"127.0.0.1:48956",666ec5b9.d546,625,"SELECT",2024-06-16 19:00:09 CST,7/46,0,LOG,00000,"execute S_1: SELECT c_discount, c_last, c_credit, w_tax     FROM bmsql_customer     JOIN bmsql_warehouse ON (w_id = c_w_id)     WHERE c_w_id = $1 AND c_d_id = $2 AND c_id = $3","parameters: $1 = '1', $2 = '2', $3 = '19'",,,,,,,,"","client backend"
2024-06-16 19:01:42.892 CST,"raingage","benchmark",54598,"127.0.0.1:48956",666ec5b9.d546,626,"SELECT",2024-06-16 19:00:09 CST,7/46,0,LOG,00000,"execute S_1: SELECT c_discount, c_last, c_credit, w_tax     FROM bmsql_customer     JOIN bmsql_warehouse ON (w_id = c_w_id)     WHERE c_w_id = $1 AND c_d_id = $2 AND c_id = $3","parameters: $1 = '1', $2 = '2', $3 = '19'",,,,,,,,"","client backend"
2024-06-16 19:01:42.954 CST,"raingage","benchmark",54598,"127.0.0.1:48956",666ec5b9.d546,627,"SELECT",2024-06-16 19:00:09 CST,7/46,0,LOG,00000,"execute S_1: SELECT c_discount, c_last, c_credit, w_tax     FROM bmsql_customer     JOIN bmsql_warehouse ON (w_id = c_w_id)     WHERE c_w_id = $1 AND c_d_id = $2 AND c_id = $3","parameters: $1 = '1', $2 = '2', $3 = '19'",,,,,,,,"","client backend"
2024-06-16 19:01:43.016 CST,"raingage","benchmark",54598,"127.0.0.1:48956",666ec5b9.d546,628,"SELECT",2024-06-16 19:00:09 CST,7/46,0,LOG,00000,"execute S_1: SELECT c_discount, c_last, c_credit, w_tax     FROM bmsql_customer     JOIN bmsql_warehouse ON (w_id = c_w_id)     WHERE c_w_id = $1 AND c_d_id = $2 AND c_id = $3","parameters: $1 = '1', $2 = '2', $3 = '19'",,,,,,,,"","client backend"
2024-06-16 19:01:43.084 CST,"raingage","benchmark",54598,"127.0.0.1:48956",666ec5b9.d546,629,"SELECT",2024-06-16 19:00:09 CST,7/46,0,LOG,00000,"execute S_1: SELECT c_discount, c_last, c_credit, w_tax     FROM bmsql_customer     JOIN bmsql_warehouse ON (w_id = c_w_id)     WHERE c_w_id = $1 AND c_d_id = $2 AND c_id = $3","parameters: $1 = '1', $2 = '2', $3 = '19'",,,,,,,,"","client backend"
2024-06-16 19:01:43.146 CST,"raingage","benchmark",54598,"127.0.0.1:48956",666ec5b9.d546,630,"SELECT",2024-06-16 19:00:09 CST,7/46,0,LOG,00000,"execute S_1: SELECT c_discount, c_last, c_credit, w_tax     FROM bmsql_customer     JOIN bmsql_warehouse ON (w_id = c_w_id)     WHERE c_w_id = $1 AND c_d_id = $2 AND c_id = $3","parameters: $1 = '1', $2 = '2', $3 = '19'",,,,,,,,"","client backend"
2024-06-16 19:01:43.209 CST,"raingage","benchmark",54598,"127.0.0.1:48956",666ec5b9.d546,631,"SELECT",2024-06-16 19:00:09 CST,7/46,0,LOG,00000,"execute S_1: SELECT c_discount, c_last, c_credit, w_tax     FROM bmsql_customer     JOIN bmsql_warehouse ON (w_id = c_w_id)     WHERE c_w_id = $1 AND c_d_id = $2 AND c_id = $3","parameters: $1 = '1', $2 = '2', $3 = '19'",,,,,,,,"","client backend"
2024-06-16 19:01:43.225 CST,"raingage","benchmark",54598,"127.0.0.1:48956",666ec5b9.d546,632,"SELECT",2024-06-16 19:00:09 CST,7/46,0,LOG,00000,"execute S_5: SELECT i_price, i_name, i_data     FROM bmsql_item     WHERE i_id = $1","parameters: $1 = '29'",,,,,,,,"","client backend"
2024-06-16 19:01:43.247 CST,"raingage","benchmark",54598,"127.0.0.1:48956",666ec5b9.d546,633,"SELECT",2024-06-16 19:00:09 CST,7/46,0,LOG,00000,"execute S_6: SELECT s_quantity, s_data,        s_dist_01, s_dist_02, s_dist_03, s_dist_04,        s_dist_05, s_dist_06, s_dist_07, s_dist_08,        s_dist_09, s_dist_10     FROM bmsql_stock     WHERE s_w_id = $1 AND s_i_id = $2 ","parameters: $1 = '1', $2 = '29'",,,,,,,,"","client backend"
2024-06-16 19:01:43.267 CST,"raingage","benchmark",54598,"127.0.0.1:48956",666ec5b9.d546,634,"UPDATE",2024-06-16 19:00:09 CST,7/46,0,LOG,00000,"execute S_7: UPDATE bmsql_stock     SET s_quantity = $1, s_ytd = s_ytd + $2,         s_order_cnt = s_order_cnt + 1,         s_remote_cnt = s_remote_cnt + $3     WHERE s_w_id = $4 AND s_i_id = $5","parameters: $1 = '50', $2 = '3', $3 = '0', $4 = '1', $5 = '29'",,,,,,,,"","client backend"
2024-06-16 19:01:43.283 CST,"raingage","benchmark",54598,"127.0.0.1:48956",666ec5b9.d546,635,"COMMIT",2024-06-16 19:00:09 CST,7/46,115445,LOG,00000,"execute S_2: COMMIT",,,,,,,,,"","client backend"
2024-06-16 19:01:43.303 CST,"raingage","benchmark",54598,"127.0.0.1:48956",666ec5b9.d546,636,"BEGIN",2024-06-16 19:00:09 CST,7/47,0,LOG,00000,"execute S_3: BEGIN",,,,,,,,,"","client backend"
2024-06-16 19:01:43.314 CST,"raingage","benchmark",54598,"127.0.0.1:48956",666ec5b9.d546,637,"SELECT",2024-06-16 19:00:09 CST,7/47,0,LOG,00000,"execute S_4: SELECT d_tax, d_next_o_id     FROM bmsql_district     WHERE d_w_id = $1 AND d_id = $2 ","parameters: $1 = '1', $2 = '2'",,,,,,,,"","client backend"
2024-06-16 19:01:43.380 CST,"raingage","benchmark",54598,"127.0.0.1:48956",666ec5b9.d546,638,"SELECT",2024-06-16 19:00:09 CST,7/47,0,LOG,00000,"execute S_1: SELECT c_discount, c_last, c_credit, w_tax     FROM bmsql_customer     JOIN bmsql_warehouse ON (w_id = c_w_id)     WHERE c_w_id = $1 AND c_d_id = $2 AND c_id = $3","parameters: $1 = '1', $2 = '2', $3 = '19'",,,,,,,,"","client backend"
2024-06-16 19:01:43.451 CST,"raingage","benchmark",54598,"127.0.0.1:48956",666ec5b9.d546,639,"SELECT",2024-06-16 19:00:09 CST,7/47,0,LOG,00000,"execute S_1: SELECT c_discount, c_last, c_credit, w_tax     FROM bmsql_customer     JOIN bmsql_warehouse ON (w_id = c_w_id)     WHERE c_w_id = $1 AND c_d_id = $2 AND c_id = $3","parameters: $1 = '1', $2 = '2', $3 = '19'",,,,,,,,"","client backend"
2024-06-16 19:01:43.521 CST,"raingage","benchmark",54598,"127.0.0.1:48956",666ec5b9.d546,640,"SELECT",2024-06-16 19:00:09 CST,7/47,0,LOG,00000,"execute S_1: SELECT c_discount, c_last, c_credit, w_tax     FROM bmsql_customer     JOIN bmsql_warehouse ON (w_id = c_w_id)     WHERE c_w_id = $1 AND c_d_id = $2 AND c_id = $3","parameters: $1 = '1', $2 = '2', $3 = '19'",,,,,,,,"","client backend"
2024-06-16 19:01:43.591 CST,"raingage","benchmark",54598,"127.0.0.1:48956",666ec5b9.d546,641,"SELECT",2024-06-16 19:00:09 CST,7/47,0,LOG,00000,"execute S_1: SELECT c_discount, c_last, c_credit, w_tax     FROM bmsql_customer     JOIN bmsql_warehouse ON (w_id = c_w_id)     WHERE c_w_id = $1 AND c_d_id = $2 AND c_id = $3","parameters: $1 = '1', $2 = '2', $3 = '19'",,,,,,,,"","client backend"
2024-06-16 19:01:43.656 CST,"raingage","benchmark",54598,"127.0.0.1:48956",666ec5b9.d546,642,"SELECT",2024-06-16 19:00:09 CST,7/47,0,LOG,00000,"execute S_1: SELECT c_discount, c_last, c_credit, w_tax     FROM bmsql_customer     JOIN bmsql_warehouse ON (w_id = c_w_id)     WHERE c_w_id = $1 AND c_d_id = $2 AND c_id = $3","parameters: $1 = '1', $2 = '2', $3 = '19'",,,,,,,,"","client backend"
2024-06-16 19:01:43.718 CST,"raingage","benchmark",54598,"127.0.0.1:48956",666ec5b9.d546,643,"SELECT",2024-06-16 19:00:09 CST,7/47,0,LOG,00000,"execute S_1: SELECT c_discount, c_last, c_credit, w_tax     FROM bmsql_customer     JOIN bmsql_warehouse ON (w_id = c_w_id)     WHERE c_w_id = $1 AND c_d_id = $2 AND c_id = $3","parameters: $1 = '1', $2 = '2', $3 = '19'",,,,,,,,"","client backend"
2024-06-16 19:01:43.790 CST,"raingage","benchmark",54598,"127.0.0.1:48956",666ec5b9.d546,644,"SELECT",2024-06-16 19:00:09 CST,7/47,0,LOG,00000,"execute S_1: SELECT c_discount, c_last, c_credit, w_tax     FROM bmsql_customer     JOIN bmsql_warehouse ON (w_id = c_w_id)     WHERE c_w_id = $1 AND c_d_id = $2 AND c_id = $3","parameters: $1 = '1', $2 = '2', $3 = '19'",,,,,,,,"","client backend"
2024-06-16 19:01:43.862 CST,"raingage","benchmark",54598,"127.0.0.1:48956",666ec5b9.d546,645,"SELECT",2024-06-16 19:00:09 CST,7/47,0,LOG,00000,"execute S_1: SELECT c_discount, c_last, c_credit, w_tax     FROM bmsql_customer     JOIN bmsql_warehouse ON (w_id = c_w_id)     WHERE c_w_id = $1 AND c_d_id = $2 AND c_id = $3","parameters: $1 = '1', $2 = '2', $3 = '19'",,,,,,,,"","client backend"
2024-06-16 19:01:43.875 CST,"raingage","benchmark",54598,"127.0.0.1:48956",666ec5b9.d546,646,"SELECT",2024-06-16 19:00:09 CST,7/47,0,LOG,00000,"execute S_5: SELECT i_price, i_name, i_data     FROM bmsql_item     WHERE i_id = $1","parameters: $1 = '29'",,,,,,,,"","client backend"
2024-06-16 19:01:43.889 CST,"raingage","benchmark",54598,"127.0.0.1:48956",666ec5b9.d546,647,"SELECT",2024-06-16 19:00:09 CST,7/47,0,LOG,00000,"execute S_6: SELECT s_quantity, s_data,        s_dist_01, s_dist_02, s_dist_03, s_dist_04,        s_dist_05, s_dist_06, s_dist_07, s_dist_08,        s_dist_09, s_dist_10     FROM bmsql_stock     WHERE s_w_id = $1 AND s_i_id = $2 ","parameters: $1 = '1', $2 = '29'",,,,,,,,"","client backend"
2024-06-16 19:01:43.906 CST,"raingage","benchmark",54598,"127.0.0.1:48956",666ec5b9.d546,648,"UPDATE",2024-06-16 19:00:09 CST,7/47,0,LOG,00000,"execute S_7: UPDATE bmsql_stock     SET s_quantity = $1, s_ytd = s_ytd + $2,         s_order_cnt = s_order_cnt + 1,         s_remote_cnt = s_remote_cnt + $3     WHERE s_w_id = $4 AND s_i_id = $5","parameters: $1 = '47', $2 = '3', $3 = '0', $4 = '1', $5 = '29'",,,,,,,,"","client backend"
2024-06-16 19:01:43.922 CST,"raingage","benchmark",54598,"127.0.0.1:48956",666ec5b9.d546,649,"COMMIT",2024-06-16 19:00:09 CST,7/47,115446,LOG,00000,"execute S_2: COMMIT",,,,,,,,,"","client backend"
2024-06-16 19:01:43.937 CST,"raingage","benchmark",54598,"127.0.0.1:48956",666ec5b9.d546,650,"BEGIN",2024-06-16 19:00:09 CST,7/48,0,LOG,00000,"execute S_3: BEGIN",,,,,,,,,"","client backend"
2024-06-16 19:01:43.957 CST,"raingage","benchmark",54598,"127.0.0.1:48956",666ec5b9.d546,651,"SELECT",2024-06-16 19:00:09 CST,7/48,0,LOG,00000,"execute S_4: SELECT d_tax, d_next_o_id     FROM bmsql_district     WHERE d_w_id = $1 AND d_id = $2 ","parameters: $1 = '1', $2 = '2'",,,,,,,,"","client backend"
2024-06-16 19:01:44.022 CST,"raingage","benchmark",54598,"127.0.0.1:48956",666ec5b9.d546,652,"SELECT",2024-06-16 19:00:09 CST,7/48,0,LOG,00000,"execute S_1: SELECT c_discount, c_last, c_credit, w_tax     FROM bmsql_customer     JOIN bmsql_warehouse ON (w_id = c_w_id)     WHERE c_w_id = $1 AND c_d_id = $2 AND c_id = $3","parameters: $1 = '1', $2 = '2', $3 = '96'",,,,,,,,"","client backend"
2024-06-16 19:01:44.089 CST,"raingage","benchmark",54598,"127.0.0.1:48956",666ec5b9.d546,653,"SELECT",2024-06-16 19:00:09 CST,7/48,0,LOG,00000,"execute S_1: SELECT c_discount, c_last, c_credit, w_tax     FROM bmsql_customer     JOIN bmsql_warehouse ON (w_id = c_w_id)     WHERE c_w_id = $1 AND c_d_id = $2 AND c_id = $3","parameters: $1 = '1', $2 = '2', $3 = '96'",,,,,,,,"","client backend"
2024-06-16 19:01:44.157 CST,"raingage","benchmark",54598,"127.0.0.1:48956",666ec5b9.d546,654,"SELECT",2024-06-16 19:00:09 CST,7/48,0,LOG,00000,"execute S_1: SELECT c_discount, c_last, c_credit, w_tax     FROM bmsql_customer     JOIN bmsql_warehouse ON (w_id = c_w_id)     WHERE c_w_id = $1 AND c_d_id = $2 AND c_id = $3","parameters: $1 = '1', $2 = '2', $3 = '96'",,,,,,,,"","client backend"
2024-06-16 19:01:44.222 CST,"raingage","benchmark",54598,"127.0.0.1:48956",666ec5b9.d546,655,"SELECT",2024-06-16 19:00:09 CST,7/48,0,LOG,00000,"execute S_1: SELECT c_discount, c_last, c_credit, w_tax     FROM bmsql_customer     JOIN bmsql_warehouse ON (w_id = c_w_id)     WHERE c_w_id = $1 AND c_d_id = $2 AND c_id = $3","parameters: $1 = '1', $2 = '2', $3 = '96'",,,,,,,,"","client backend"
2024-06-16 19:01:44.285 CST,"raingage","benchmark",54598,"127.0.0.1:48956",666ec5b9.d546,656,"SELECT",2024-06-16 19:00:09 CST,7/48,0,LOG,00000,"execute S_1: SELECT c_discount, c_last, c_credit, w_tax     FROM bmsql_customer     JOIN bmsql_warehouse ON (w_id = c_w_id)     WHERE c_w_id = $1 AND c_d_id = $2 AND c_id = $3","parameters: $1 = '1', $2 = '2', $3 = '96'",,,,,,,,"","client backend"
2024-06-16 19:01:44.350 CST,"raingage","benchmark",54598,"127.0.0.1:48956",666ec5b9.d546,657,"SELECT",2024-06-16 19:00:09 CST,7/48,0,LOG,00000,"execute S_1: SELECT c_discount, c_last, c_credit, w_tax     FROM bmsql_customer     JOIN bmsql_warehouse ON (w_id = c_w_id)     WHERE c_w_id = $1 AND c_d_id = $2 AND c_id = $3","parameters: $1 = '1', $2 = '2', $3 = '96'",,,,,,,,"","client backend"
2024-06-16 19:01:44.419 CST,"raingage","benchmark",54598,"127.0.0.1:48956",666ec5b9.d546,658,"SELECT",2024-06-16 19:00:09 CST,7/48,0,LOG,00000,"execute S_1: SELECT c_discount, c_last, c_credit, w_tax     FROM bmsql_customer     JOIN bmsql_warehouse ON (w_id = c_w_id)     WHERE c_w_id = $1 AND c_d_id = $2 AND c_id = $3","parameters: $1 = '1', $2 = '2', $3 = '96'",,,,,,,,"","client backend"
2024-06-16 19:01:44.485 CST,"raingage","benchmark",54598,"127.0.0.1:48956",666ec5b9.d546,659,"SELECT",2024-06-16 19:00:09 CST,7/48,0,LOG,00000,"execute S_1: SELECT c_discount, c_last, c_credit, w_tax     FROM bmsql_customer     JOIN bmsql_warehouse ON (w_id = c_w_id)     WHERE c_w_id = $1 AND c_d_id = $2 AND c_id = $3","parameters: $1 = '1', $2 = '2', $3 = '96'",,,,,,,,"","client backend"
2024-06-16 19:01:44.504 CST,"raingage","benchmark",54598,"127.0.0.1:48956",666ec5b9.d546,660,"SELECT",2024-06-16 19:00:09 CST,7/48,0,LOG,00000,"execute S_5: SELECT i_price, i_name, i_data     FROM bmsql_item     WHERE i_id = $1","parameters: $1 = '86'",,,,,,,,"","client backend"
2024-06-16 19:01:44.522 CST,"raingage","benchmark",54598,"127.0.0.1:48956",666ec5b9.d546,661,"SELECT",2024-06-16 19:00:09 CST,7/48,0,LOG,00000,"execute S_6: SELECT s_quantity, s_data,        s_dist_01, s_dist_02, s_dist_03, s_dist_04,        s_dist_05, s_dist_06, s_dist_07, s_dist_08,        s_dist_09, s_dist_10     FROM bmsql_stock     WHERE s_w_id = $1 AND s_i_id = $2 ","parameters: $1 = '1', $2 = '86'",,,,,,,,"","client backend"
2024-06-16 19:01:44.538 CST,"raingage","benchmark",54598,"127.0.0.1:48956",666ec5b9.d546,662,"UPDATE",2024-06-16 19:00:09 CST,7/48,0,LOG,00000,"execute S_7: UPDATE bmsql_stock     SET s_quantity = $1, s_ytd = s_ytd + $2,         s_order_cnt = s_order_cnt + 1,         s_remote_cnt = s_remote_cnt + $3     WHERE s_w_id = $4 AND s_i_id = $5","parameters: $1 = '43', $2 = '9', $3 = '0', $4 = '1', $5 = '86'",,,,,,,,"","client backend"
2024-06-16 19:01:44.556 CST,"raingage","benchmark",54598,"127.0.0.1:48956",666ec5b9.d546,663,"COMMIT",2024-06-16 19:00:09 CST,7/48,115447,LOG,00000,"execute S_2: COMMIT",,,,,,,,,"","client backend"
2024-06-16 19:01:45.695 CST,"raingage","benchmark",54597,"127.0.0.1:48954",666ec5b9.d545,497,"BEGIN",2024-06-16 19:00:09 CST,6/37,0,LOG,00000,"execute S_3: BEGIN",,,,,,,,,"","client backend"
2024-06-16 19:01:45.712 CST,"raingage","benchmark",54597,"127.0.0.1:48954",666ec5b9.d545,498,"SELECT",2024-06-16 19:00:09 CST,6/37,0,LOG,00000,"execute S_4: SELECT d_tax, d_next_o_id     FROM bmsql_district     WHERE d_w_id = $1 AND d_id = $2 ","parameters: $1 = '1', $2 = '1'",,,,,,,,"","client backend"
2024-06-16 19:01:45.776 CST,"raingage","benchmark",54597,"127.0.0.1:48954",666ec5b9.d545,499,"SELECT",2024-06-16 19:00:09 CST,6/37,0,LOG,00000,"execute S_1: SELECT c_discount, c_last, c_credit, w_tax     FROM bmsql_customer     JOIN bmsql_warehouse ON (w_id = c_w_id)     WHERE c_w_id = $1 AND c_d_id = $2 AND c_id = $3","parameters: $1 = '1', $2 = '1', $3 = '46'",,,,,,,,"","client backend"
2024-06-16 19:01:45.839 CST,"raingage","benchmark",54597,"127.0.0.1:48954",666ec5b9.d545,500,"SELECT",2024-06-16 19:00:09 CST,6/37,0,LOG,00000,"execute S_1: SELECT c_discount, c_last, c_credit, w_tax     FROM bmsql_customer     JOIN bmsql_warehouse ON (w_id = c_w_id)     WHERE c_w_id = $1 AND c_d_id = $2 AND c_id = $3","parameters: $1 = '1', $2 = '1', $3 = '46'",,,,,,,,"","client backend"
2024-06-16 19:01:45.908 CST,"raingage","benchmark",54597,"127.0.0.1:48954",666ec5b9.d545,501,"SELECT",2024-06-16 19:00:09 CST,6/37,0,LOG,00000,"execute S_1: SELECT c_discount, c_last, c_credit, w_tax     FROM bmsql_customer     JOIN bmsql_warehouse ON (w_id = c_w_id)     WHERE c_w_id = $1 AND c_d_id = $2 AND c_id = $3","parameters: $1 = '1', $2 = '1', $3 = '46'",,,,,,,,"","client backend"
2024-06-16 19:01:45.976 CST,"raingage","benchmark",54597,"127.0.0.1:48954",666ec5b9.d545,502,"SELECT",2024-06-16 19:00:09 CST,6/37,0,LOG,00000,"execute S_1: SELECT c_discount, c_last, c_credit, w_tax     FROM bmsql_customer     JOIN bmsql_warehouse ON (w_id = c_w_id)     WHERE c_w_id = $1 AND c_d_id = $2 AND c_id = $3","parameters: $1 = '1', $2 = '1', $3 = '46'",,,,,,,,"","client backend"
2024-06-16 19:01:46.045 CST,"raingage","benchmark",54597,"127.0.0.1:48954",666ec5b9.d545,503,"SELECT",2024-06-16 19:00:09 CST,6/37,0,LOG,00000,"execute S_1: SELECT c_discount, c_last, c_credit, w_tax     FROM bmsql_customer     JOIN bmsql_warehouse ON (w_id = c_w_id)     WHERE c_w_id = $1 AND c_d_id = $2 AND c_id = $3","parameters: $1 = '1', $2 = '1', $3 = '46'",,,,,,,,"","client backend"
2024-06-16 19:01:46.110 CST,"raingage","benchmark",54597,"127.0.0.1:48954",666ec5b9.d545,504,"SELECT",2024-06-16 19:00:09 CST,6/37,0,LOG,00000,"execute S_1: SELECT c_discount, c_last, c_credit, w_tax     FROM bmsql_customer     JOIN bmsql_warehouse ON (w_id = c_w_id)     WHERE c_w_id = $1 AND c_d_id = $2 AND c_id = $3","parameters: $1 = '1', $2 = '1', $3 = '46'",,,,,,,,"","client backend"
2024-06-16 19:01:46.179 CST,"raingage","benchmark",54597,"127.0.0.1:48954",666ec5b9.d545,505,"SELECT",2024-06-16 19:00:09 CST,6/37,0,LOG,00000,"execute S_1: SELECT c_discount, c_last, c_credit, w_tax     FROM bmsql_customer     JOIN bmsql_warehouse ON (w_id = c_w_id)     WHERE c_w_id = $1 AND c_d_id = $2 AND c_id = $3","parameters: $1 = '1', $2 = '1', $3 = '46'",,,,,,,,"","client backend"
2024-06-16 19:01:46.241 CST,"raingage","benchmark",54597,"127.0.0.1:48954",666ec5b9.d545,506,"SELECT",2024-06-16 19:00:09 CST,6/37,0,LOG,00000,"execute S_1: SELECT c_discount, c_last, c_credit, w_tax     FROM bmsql_customer     JOIN bmsql_warehouse ON (w_id = c_w_id)     WHERE c_w_id = $1 AND c_d_id = $2 AND c_id = $3","parameters: $1 = '1', $2 = '1', $3 = '46'",,,,,,,,"","client backend"
2024-06-16 19:01:46.254 CST,"raingage","benchmark",54597,"127.0.0.1:48954",666ec5b9.d545,507,"SELECT",2024-06-16 19:00:09 CST,6/37,0,LOG,00000,"execute S_5: SELECT i_price, i_name, i_data     FROM bmsql_item     WHERE i_id = $1","parameters: $1 = '41'",,,,,,,,"","client backend"
2024-06-16 19:01:46.270 CST,"raingage","benchmark",54597,"127.0.0.1:48954",666ec5b9.d545,508,"SELECT",2024-06-16 19:00:09 CST,6/37,0,LOG,00000,"execute S_6: SELECT s_quantity, s_data,        s_dist_01, s_dist_02, s_dist_03, s_dist_04,        s_dist_05, s_dist_06, s_dist_07, s_dist_08,        s_dist_09, s_dist_10     FROM bmsql_stock     WHERE s_w_id = $1 AND s_i_id = $2 ","parameters: $1 = '1', $2 = '41'",,,,,,,,"","client backend"
2024-06-16 19:01:46.288 CST,"raingage","benchmark",54597,"127.0.0.1:48954",666ec5b9.d545,509,"UPDATE",2024-06-16 19:00:09 CST,6/37,0,LOG,00000,"execute S_7: UPDATE bmsql_stock     SET s_quantity = $1, s_ytd = s_ytd + $2,         s_order_cnt = s_order_cnt + 1,         s_remote_cnt = s_remote_cnt + $3     WHERE s_w_id = $4 AND s_i_id = $5","parameters: $1 = '79', $2 = '2', $3 = '0', $4 = '1', $5 = '41'",,,,,,,,"","client backend"
2024-06-16 19:01:46.305 CST,"raingage","benchmark",54597,"127.0.0.1:48954",666ec5b9.d545,510,"COMMIT",2024-06-16 19:00:09 CST,6/37,115448,LOG,00000,"execute S_2: COMMIT",,,,,,,,,"","client backend"
2024-06-16 19:01:46.325 CST,"raingage","benchmark",54597,"127.0.0.1:48954",666ec5b9.d545,511,"BEGIN",2024-06-16 19:00:09 CST,6/38,0,LOG,00000,"execute S_3: BEGIN",,,,,,,,,"","client backend"
2024-06-16 19:01:46.341 CST,"raingage","benchmark",54597,"127.0.0.1:48954",666ec5b9.d545,512,"SELECT",2024-06-16 19:00:09 CST,6/38,0,LOG,00000,"execute S_4: SELECT d_tax, d_next_o_id     FROM bmsql_district     WHERE d_w_id = $1 AND d_id = $2 ","parameters: $1 = '1', $2 = '1'",,,,,,,,"","client backend"
2024-06-16 19:01:46.409 CST,"raingage","benchmark",54597,"127.0.0.1:48954",666ec5b9.d545,513,"SELECT",2024-06-16 19:00:09 CST,6/38,0,LOG,00000,"execute S_1: SELECT c_discount, c_last, c_credit, w_tax     FROM bmsql_customer     JOIN bmsql_warehouse ON (w_id = c_w_id)     WHERE c_w_id = $1 AND c_d_id = $2 AND c_id = $3","parameters: $1 = '1', $2 = '1', $3 = '58'",,,,,,,,"","client backend"
2024-06-16 19:01:46.477 CST,"raingage","benchmark",54597,"127.0.0.1:48954",666ec5b9.d545,514,"SELECT",2024-06-16 19:00:09 CST,6/38,0,LOG,00000,"execute S_1: SELECT c_discount, c_last, c_credit, w_tax     FROM bmsql_customer     JOIN bmsql_warehouse ON (w_id = c_w_id)     WHERE c_w_id = $1 AND c_d_id = $2 AND c_id = $3","parameters: $1 = '1', $2 = '1', $3 = '58'",,,,,,,,"","client backend"
2024-06-16 19:01:46.547 CST,"raingage","benchmark",54597,"127.0.0.1:48954",666ec5b9.d545,515,"SELECT",2024-06-16 19:00:09 CST,6/38,0,LOG,00000,"execute S_1: SELECT c_discount, c_last, c_credit, w_tax     FROM bmsql_customer     JOIN bmsql_warehouse ON (w_id = c_w_id)     WHERE c_w_id = $1 AND c_d_id = $2 AND c_id = $3","parameters: $1 = '1', $2 = '1', $3 = '58'",,,,,,,,"","client backend"
2024-06-16 19:01:46.616 CST,"raingage","benchmark",54597,"127.0.0.1:48954",666ec5b9.d545,516,"SELECT",2024-06-16 19:00:09 CST,6/38,0,LOG,00000,"execute S_1: SELECT c_discount, c_last, c_credit, w_tax     FROM bmsql_customer     JOIN bmsql_warehouse ON (w_id = c_w_id)     WHERE c_w_id = $1 AND c_d_id = $2 AND c_id = $3","parameters: $1 = '1', $2 = '1', $3 = '58'",,,,,,,,"","client backend"
2024-06-16 19:01:46.682 CST,"raingage","benchmark",54597,"127.0.0.1:48954",666ec5b9.d545,517,"SELECT",2024-06-16 19:00:09 CST,6/38,0,LOG,00000,"execute S_1: SELECT c_discount, c_last, c_credit, w_tax     FROM bmsql_customer     JOIN bmsql_warehouse ON (w_id = c_w_id)     WHERE c_w_id = $1 AND c_d_id = $2 AND c_id = $3","parameters: $1 = '1', $2 = '1', $3 = '58'",,,,,,,,"","client backend"
2024-06-16 19:01:46.752 CST,"raingage","benchmark",54597,"127.0.0.1:48954",666ec5b9.d545,518,"SELECT",2024-06-16 19:00:09 CST,6/38,0,LOG,00000,"execute S_1: SELECT c_discount, c_last, c_credit, w_tax     FROM bmsql_customer     JOIN bmsql_warehouse ON (w_id = c_w_id)     WHERE c_w_id = $1 AND c_d_id = $2 AND c_id = $3","parameters: $1 = '1', $2 = '1', $3 = '58'",,,,,,,,"","client backend"
2024-06-16 19:01:46.816 CST,"raingage","benchmark",54597,"127.0.0.1:48954",666ec5b9.d545,519,"SELECT",2024-06-16 19:00:09 CST,6/38,0,LOG,00000,"execute S_1: SELECT c_discount, c_last, c_credit, w_tax     FROM bmsql_customer     JOIN bmsql_warehouse ON (w_id = c_w_id)     WHERE c_w_id = $1 AND c_d_id = $2 AND c_id = $3","parameters: $1 = '1', $2 = '1', $3 = '58'",,,,,,,,"","client backend"
2024-06-16 19:01:46.883 CST,"raingage","benchmark",54597,"127.0.0.1:48954",666ec5b9.d545,520,"SELECT",2024-06-16 19:00:09 CST,6/38,0,LOG,00000,"execute S_1: SELECT c_discount, c_last, c_credit, w_tax     FROM bmsql_customer     JOIN bmsql_warehouse ON (w_id = c_w_id)     WHERE c_w_id = $1 AND c_d_id = $2 AND c_id = $3","parameters: $1 = '1', $2 = '1', $3 = '58'",,,,,,,,"","client backend"
2024-06-16 19:01:46.901 CST,"raingage","benchmark",54597,"127.0.0.1:48954",666ec5b9.d545,521,"SELECT",2024-06-16 19:00:09 CST,6/38,0,LOG,00000,"execute S_5: SELECT i_price, i_name, i_data     FROM bmsql_item     WHERE i_id = $1","parameters: $1 = '45'",,,,,,,,"","client backend"
2024-06-16 19:01:46.918 CST,"raingage","benchmark",54597,"127.0.0.1:48954",666ec5b9.d545,522,"SELECT",2024-06-16 19:00:09 CST,6/38,0,LOG,00000,"execute S_6: SELECT s_quantity, s_data,        s_dist_01, s_dist_02, s_dist_03, s_dist_04,        s_dist_05, s_dist_06, s_dist_07, s_dist_08,        s_dist_09, s_dist_10     FROM bmsql_stock     WHERE s_w_id = $1 AND s_i_id = $2 ","parameters: $1 = '1', $2 = '45'",,,,,,,,"","client backend"
2024-06-16 19:01:46.930 CST,"raingage","benchmark",54597,"127.0.0.1:48954",666ec5b9.d545,523,"UPDATE",2024-06-16 19:00:09 CST,6/38,0,LOG,00000,"execute S_7: UPDATE bmsql_stock     SET s_quantity = $1, s_ytd = s_ytd + $2,         s_order_cnt = s_order_cnt + 1,         s_remote_cnt = s_remote_cnt + $3     WHERE s_w_id = $4 AND s_i_id = $5","parameters: $1 = '87', $2 = '2', $3 = '0', $4 = '1', $5 = '45'",,,,,,,,"","client backend"
2024-06-16 19:01:46.945 CST,"raingage","benchmark",54597,"127.0.0.1:48954",666ec5b9.d545,524,"COMMIT",2024-06-16 19:00:09 CST,6/38,115449,LOG,00000,"execute S_2: COMMIT",,,,,,,,,"","client backend"
2024-06-16 19:01:47.411 CST,"raingage","benchmark",54599,"127.0.0.1:48958",666ec5b9.d547,699,"BEGIN",2024-06-16 19:00:09 CST,8/51,0,LOG,00000,"execute S_3: BEGIN",,,,,,,,,"","client backend"
2024-06-16 19:01:47.427 CST,"raingage","benchmark",54599,"127.0.0.1:48958",666ec5b9.d547,700,"SELECT",2024-06-16 19:00:09 CST,8/51,0,LOG,00000,"execute S_4: SELECT d_tax, d_next_o_id     FROM bmsql_district     WHERE d_w_id = $1 AND d_id = $2 ","parameters: $1 = '1', $2 = '4'",,,,,,,,"","client backend"
2024-06-16 19:01:47.489 CST,"raingage","benchmark",54599,"127.0.0.1:48958",666ec5b9.d547,701,"SELECT",2024-06-16 19:00:09 CST,8/51,0,LOG,00000,"execute S_1: SELECT c_discount, c_last, c_credit, w_tax     FROM bmsql_customer     JOIN bmsql_warehouse ON (w_id = c_w_id)     WHERE c_w_id = $1 AND c_d_id = $2 AND c_id = $3","parameters: $1 = '1', $2 = '4', $3 = '66'",,,,,,,,"","client backend"
2024-06-16 19:01:47.560 CST,"raingage","benchmark",54599,"127.0.0.1:48958",666ec5b9.d547,702,"SELECT",2024-06-16 19:00:09 CST,8/51,0,LOG,00000,"execute S_1: SELECT c_discount, c_last, c_credit, w_tax     FROM bmsql_customer     JOIN bmsql_warehouse ON (w_id = c_w_id)     WHERE c_w_id = $1 AND c_d_id = $2 AND c_id = $3","parameters: $1 = '1', $2 = '4', $3 = '66'",,,,,,,,"","client backend"
2024-06-16 19:01:47.623 CST,"raingage","benchmark",54599,"127.0.0.1:48958",666ec5b9.d547,703,"SELECT",2024-06-16 19:00:09 CST,8/51,0,LOG,00000,"execute S_1: SELECT c_discount, c_last, c_credit, w_tax     FROM bmsql_customer     JOIN bmsql_warehouse ON (w_id = c_w_id)     WHERE c_w_id = $1 AND c_d_id = $2 AND c_id = $3","parameters: $1 = '1', $2 = '4', $3 = '66'",,,,,,,,"","client backend"
2024-06-16 19:01:47.691 CST,"raingage","benchmark",54599,"127.0.0.1:48958",666ec5b9.d547,704,"SELECT",2024-06-16 19:00:09 CST,8/51,0,LOG,00000,"execute S_1: SELECT c_discount, c_last, c_credit, w_tax     FROM bmsql_customer     JOIN bmsql_warehouse ON (w_id = c_w_id)     WHERE c_w_id = $1 AND c_d_id = $2 AND c_id = $3","parameters: $1 = '1', $2 = '4', $3 = '66'",,,,,,,,"","client backend"
2024-06-16 19:01:47.757 CST,"raingage","benchmark",54599,"127.0.0.1:48958",666ec5b9.d547,705,"SELECT",2024-06-16 19:00:09 CST,8/51,0,LOG,00000,"execute S_1: SELECT c_discount, c_last, c_credit, w_tax     FROM bmsql_customer     JOIN bmsql_warehouse ON (w_id = c_w_id)     WHERE c_w_id = $1 AND c_d_id = $2 AND c_id = $3","parameters: $1 = '1', $2 = '4', $3 = '66'",,,,,,,,"","client backend"
2024-06-16 19:01:47.828 CST,"raingage","benchmark",54599,"127.0.0.1:48958",666ec5b9.d547,706,"SELECT",2024-06-16 19:00:09 CST,8/51,0,LOG,00000,"execute S_1: SELECT c_discount, c_last, c_credit, w_tax     FROM bmsql_customer     JOIN bmsql_warehouse ON (w_id = c_w_id)     WHERE c_w_id = $1 AND c_d_id = $2 AND c_id = $3","parameters: $1 = '1', $2 = '4', $3 = '66'",,,,,,,,"","client backend"
2024-06-16 19:01:47.898 CST,"raingage","benchmark",54599,"127.0.0.1:48958",666ec5b9.d547,707,"SELECT",2024-06-16 19:00:09 CST,8/51,0,LOG,00000,"execute S_1: SELECT c_discount, c_last, c_credit, w_tax     FROM bmsql_customer     JOIN bmsql_warehouse ON (w_id = c_w_id)     WHERE c_w_id = $1 AND c_d_id = $2 AND c_id = $3","parameters: $1 = '1', $2 = '4', $3 = '66'",,,,,,,,"","client backend"
2024-06-16 19:01:47.963 CST,"raingage","benchmark",54599,"127.0.0.1:48958",666ec5b9.d547,708,"SELECT",2024-06-16 19:00:09 CST,8/51,0,LOG,00000,"execute S_1: SELECT c_discount, c_last, c_credit, w_tax     FROM bmsql_customer     JOIN bmsql_warehouse ON (w_id = c_w_id)     WHERE c_w_id = $1 AND c_d_id = $2 AND c_id = $3","parameters: $1 = '1', $2 = '4', $3 = '66'",,,,,,,,"","client backend"
2024-06-16 19:01:47.982 CST,"raingage","benchmark",54599,"127.0.0.1:48958",666ec5b9.d547,709,"SELECT",2024-06-16 19:00:09 CST,8/51,0,LOG,00000,"execute S_5: SELECT i_price, i_name, i_data     FROM bmsql_item     WHERE i_id = $1","parameters: $1 = '5'",,,,,,,,"","client backend"
2024-06-16 19:01:47.993 CST,"raingage","benchmark",54599,"127.0.0.1:48958",666ec5b9.d547,710,"SELECT",2024-06-16 19:00:09 CST,8/51,0,LOG,00000,"execute S_6: SELECT s_quantity, s_data,        s_dist_01, s_dist_02, s_dist_03, s_dist_04,        s_dist_05, s_dist_06, s_dist_07, s_dist_08,        s_dist_09, s_dist_10     FROM bmsql_stock     WHERE s_w_id = $1 AND s_i_id = $2 ","parameters: $1 = '1', $2 = '5'",,,,,,,,"","client backend"
2024-06-16 19:01:48.007 CST,"raingage","benchmark",54599,"127.0.0.1:48958",666ec5b9.d547,711,"UPDATE",2024-06-16 19:00:09 CST,8/51,0,LOG,00000,"execute S_7: UPDATE bmsql_stock     SET s_quantity = $1, s_ytd = s_ytd + $2,         s_order_cnt = s_order_cnt + 1,         s_remote_cnt = s_remote_cnt + $3     WHERE s_w_id = $4 AND s_i_id = $5","parameters: $1 = '19', $2 = '2', $3 = '0', $4 = '1', $5 = '5'",,,,,,,,"","client backend"
2024-06-16 19:01:48.028 CST,"raingage","benchmark",54599,"127.0.0.1:48958",666ec5b9.d547,712,"COMMIT",2024-06-16 19:00:09 CST,8/51,115450,LOG,00000,"execute S_2: COMMIT",,,,,,,,,"","client backend"
2024-06-16 19:01:48.574 CST,"raingage","benchmark",54596,"127.0.0.1:48952",666ec5b9.d544,919,"BEGIN",2024-06-16 19:00:09 CST,5/67,0,LOG,00000,"execute S_3: BEGIN",,,,,,,,,"","client backend"
2024-06-16 19:01:48.587 CST,"raingage","benchmark",54596,"127.0.0.1:48952",666ec5b9.d544,920,"SELECT",2024-06-16 19:00:09 CST,5/67,0,LOG,00000,"execute S_4: SELECT d_tax, d_next_o_id     FROM bmsql_district     WHERE d_w_id = $1 AND d_id = $2 ","parameters: $1 = '1', $2 = '2'",,,,,,,,"","client backend"
2024-06-16 19:01:48.653 CST,"raingage","benchmark",54596,"127.0.0.1:48952",666ec5b9.d544,921,"SELECT",2024-06-16 19:00:09 CST,5/67,0,LOG,00000,"execute S_1: SELECT c_discount, c_last, c_credit, w_tax     FROM bmsql_customer     JOIN bmsql_warehouse ON (w_id = c_w_id)     WHERE c_w_id = $1 AND c_d_id = $2 AND c_id = $3","parameters: $1 = '1', $2 = '2', $3 = '22'",,,,,,,,"","client backend"
2024-06-16 19:01:48.718 CST,"raingage","benchmark",54596,"127.0.0.1:48952",666ec5b9.d544,922,"SELECT",2024-06-16 19:00:09 CST,5/67,0,LOG,00000,"execute S_1: SELECT c_discount, c_last, c_credit, w_tax     FROM bmsql_customer     JOIN bmsql_warehouse ON (w_id = c_w_id)     WHERE c_w_id = $1 AND c_d_id = $2 AND c_id = $3","parameters: $1 = '1', $2 = '2', $3 = '22'",,,,,,,,"","client backend"
2024-06-16 19:01:48.780 CST,"raingage","benchmark",54596,"127.0.0.1:48952",666ec5b9.d544,923,"SELECT",2024-06-16 19:00:09 CST,5/67,0,LOG,00000,"execute S_1: SELECT c_discount, c_last, c_credit, w_tax     FROM bmsql_customer     JOIN bmsql_warehouse ON (w_id = c_w_id)     WHERE c_w_id = $1 AND c_d_id = $2 AND c_id = $3","parameters: $1 = '1', $2 = '2', $3 = '22'",,,,,,,,"","client backend"
2024-06-16 19:01:48.850 CST,"raingage","benchmark",54596,"127.0.0.1:48952",666ec5b9.d544,924,"SELECT",2024-06-16 19:00:09 CST,5/67,0,LOG,00000,"execute S_1: SELECT c_discount, c_last, c_credit, w_tax     FROM bmsql_customer     JOIN bmsql_warehouse ON (w_id = c_w_id)     WHERE c_w_id = $1 AND c_d_id = $2 AND c_id = $3","parameters: $1 = '1', $2 = '2', $3 = '22'",,,,,,,,"","client backend"
2024-06-16 19:01:48.918 CST,"raingage","benchmark",54596,"127.0.0.1:48952",666ec5b9.d544,925,"SELECT",2024-06-16 19:00:09 CST,5/67,0,LOG,00000,"execute S_1: SELECT c_discount, c_last, c_credit, w_tax     FROM bmsql_customer     JOIN bmsql_warehouse ON (w_id = c_w_id)     WHERE c_w_id = $1 AND c_d_id = $2 AND c_id = $3","parameters: $1 = '1', $2 = '2', $3 = '22'",,,,,,,,"","client backend"
2024-06-16 19:01:48.986 CST,"raingage","benchmark",54596,"127.0.0.1:48952",666ec5b9.d544,926,"SELECT",2024-06-16 19:00:09 CST,5/67,0,LOG,00000,"execute S_1: SELECT c_discount, c_last, c_credit, w_tax     FROM bmsql_customer     JOIN bmsql_warehouse ON (w_id = c_w_id)     WHERE c_w_id = $1 AND c_d_id = $2 AND c_id = $3","parameters: $1 = '1', $2 = '2', $3 = '22'",,,,,,,,"","client backend"
2024-06-16 19:01:49.058 CST,"raingage","benchmark",54596,"127.0.0.1:48952",666ec5b9.d544,927,"SELECT",2024-06-16 19:00:09 CST,5/67,0,LOG,00000,"execute S_1: SELECT c_discount, c_last, c_credit, w_tax     FROM bmsql_customer     JOIN bmsql_warehouse ON (w_id = c_w_id)     WHERE c_w_id = $1 AND c_d_id = $2 AND c_id = $3","parameters: $1 = '1', $2 = '2', $3 = '22'",,,,,,,,"","client backend"
2024-06-16 19:01:49.121 CST,"raingage","benchmark",54596,"127.0.0.1:48952",666ec5b9.d544,928,"SELECT",2024-06-16 19:00:09 CST,5/67,0,LOG,00000,"execute S_1: SELECT c_discount, c_last, c_credit, w_tax     FROM bmsql_customer     JOIN bmsql_warehouse ON (w_id = c_w_id)     WHERE c_w_id = $1 AND c_d_id = $2 AND c_id = $3","parameters: $1 = '1', $2 = '2', $3 = '22'",,,,,,,,"","client backend"
2024-06-16 19:01:49.135 CST,"raingage","benchmark",54596,"127.0.0.1:48952",666ec5b9.d544,929,"SELECT",2024-06-16 19:00:09 CST,5/67,0,LOG,00000,"execute S_5: SELECT i_price, i_name, i_data     FROM bmsql_item     WHERE i_id = $1","parameters: $1 = '2'",,,,,,,,"","client backend"
2024-06-16 19:01:49.152 CST,"raingage","benchmark",54596,"127.0.0.1:48952",666ec5b9.d544,930,"SELECT",2024-06-16 19:00:09 CST,5/67,0,LOG,00000,"execute S_6: SELECT s_quantity, s_data,        s_dist_01, s_dist_02, s_dist_03, s_dist_04,        s_dist_05, s_dist_06, s_dist_07, s_dist_08,        s_dist_09, s_dist_10     FROM bmsql_stock     WHERE s_w_id = $1 AND s_i_id = $2 ","parameters: $1 = '1', $2 = '2'",,,,,,,,"","client backend"
2024-06-16 19:01:49.166 CST,"raingage","benchmark",54596,"127.0.0.1:48952",666ec5b9.d544,931,"UPDATE",2024-06-16 19:00:09 CST,5/67,0,LOG,00000,"execute S_7: UPDATE bmsql_stock     SET s_quantity = $1, s_ytd = s_ytd + $2,         s_order_cnt = s_order_cnt + 1,         s_remote_cnt = s_remote_cnt + $3     WHERE s_w_id = $4 AND s_i_id = $5","parameters: $1 = '95', $2 = '4', $3 = '0', $4 = '1', $5 = '2'",,,,,,,,"","client backend"
2024-06-16 19:01:49.183 CST,"raingage","benchmark",54596,"127.0.0.1:48952",666ec5b9.d544,932,"COMMIT",2024-06-16 19:00:09 CST,5/67,115451,LOG,00000,"execute S_2: COMMIT",,,,,,,,,"","client backend"
2024-06-16 19:01:49.200 CST,"raingage","benchmark",54596,"127.0.0.1:48952",666ec5b9.d544,933,"BEGIN",2024-06-16 19:00:09 CST,5/68,0,LOG,00000,"execute S_3: BEGIN",,,,,,,,,"","client backend"
2024-06-16 19:01:49.215 CST,"raingage","benchmark",54596,"127.0.0.1:48952",666ec5b9.d544,934,"SELECT",2024-06-16 19:00:09 CST,5/68,0,LOG,00000,"execute S_4: SELECT d_tax, d_next_o_id     FROM bmsql_district     WHERE d_w_id = $1 AND d_id = $2 ","parameters: $1 = '1', $2 = '2'",,,,,,,,"","client backend"
2024-06-16 19:01:49.278 CST,"raingage","benchmark",54596,"127.0.0.1:48952",666ec5b9.d544,935,"SELECT",2024-06-16 19:00:09 CST,5/68,0,LOG,00000,"execute S_1: SELECT c_discount, c_last, c_credit, w_tax     FROM bmsql_customer     JOIN bmsql_warehouse ON (w_id = c_w_id)     WHERE c_w_id = $1 AND c_d_id = $2 AND c_id = $3","parameters: $1 = '1', $2 = '2', $3 = '72'",,,,,,,,"","client backend"
2024-06-16 19:01:49.343 CST,"raingage","benchmark",54596,"127.0.0.1:48952",666ec5b9.d544,936,"SELECT",2024-06-16 19:00:09 CST,5/68,0,LOG,00000,"execute S_1: SELECT c_discount, c_last, c_credit, w_tax     FROM bmsql_customer     JOIN bmsql_warehouse ON (w_id = c_w_id)     WHERE c_w_id = $1 AND c_d_id = $2 AND c_id = $3","parameters: $1 = '1', $2 = '2', $3 = '72'",,,,,,,,"","client backend"
2024-06-16 19:01:49.407 CST,"raingage","benchmark",54596,"127.0.0.1:48952",666ec5b9.d544,937,"SELECT",2024-06-16 19:00:09 CST,5/68,0,LOG,00000,"execute S_1: SELECT c_discount, c_last, c_credit, w_tax     FROM bmsql_customer     JOIN bmsql_warehouse ON (w_id = c_w_id)     WHERE c_w_id = $1 AND c_d_id = $2 AND c_id = $3","parameters: $1 = '1', $2 = '2', $3 = '72'",,,,,,,,"","client backend"
2024-06-16 19:01:49.472 CST,"raingage","benchmark",54596,"127.0.0.1:48952",666ec5b9.d544,938,"SELECT",2024-06-16 19:00:09 CST,5/68,0,LOG,00000,"execute S_1: SELECT c_discount, c_last, c_credit, w_tax     FROM bmsql_customer     JOIN bmsql_warehouse ON (w_id = c_w_id)     WHERE c_w_id = $1 AND c_d_id = $2 AND c_id = $3","parameters: $1 = '1', $2 = '2', $3 = '72'",,,,,,,,"","client backend"
2024-06-16 19:01:49.542 CST,"raingage","benchmark",54596,"127.0.0.1:48952",666ec5b9.d544,939,"SELECT",2024-06-16 19:00:09 CST,5/68,0,LOG,00000,"execute S_1: SELECT c_discount, c_last, c_credit, w_tax     FROM bmsql_customer     JOIN bmsql_warehouse ON (w_id = c_w_id)     WHERE c_w_id = $1 AND c_d_id = $2 AND c_id = $3","parameters: $1 = '1', $2 = '2', $3 = '72'",,,,,,,,"","client backend"
2024-06-16 19:01:49.613 CST,"raingage","benchmark",54596,"127.0.0.1:48952",666ec5b9.d544,940,"SELECT",2024-06-16 19:00:09 CST,5/68,0,LOG,00000,"execute S_1: SELECT c_discount, c_last, c_credit, w_tax     FROM bmsql_customer     JOIN bmsql_warehouse ON (w_id = c_w_id)     WHERE c_w_id = $1 AND c_d_id = $2 AND c_id = $3","parameters: $1 = '1', $2 = '2', $3 = '72'",,,,,,,,"","client backend"
2024-06-16 19:01:49.679 CST,"raingage","benchmark",54596,"127.0.0.1:48952",666ec5b9.d544,941,"SELECT",2024-06-16 19:00:09 CST,5/68,0,LOG,00000,"execute S_1: SELECT c_discount, c_last, c_credit, w_tax     FROM bmsql_customer     JOIN bmsql_warehouse ON (w_id = c_w_id)     WHERE c_w_id = $1 AND c_d_id = $2 AND c_id = $3","parameters: $1 = '1', $2 = '2', $3 = '72'",,,,,,,,"","client backend"
2024-06-16 19:01:49.743 CST,"raingage","benchmark",54596,"127.0.0.1:48952",666ec5b9.d544,942,"SELECT",2024-06-16 19:00:09 CST,5/68,0,LOG,00000,"execute S_1: SELECT c_discount, c_last, c_credit, w_tax     FROM bmsql_customer     JOIN bmsql_warehouse ON (w_id = c_w_id)     WHERE c_w_id = $1 AND c_d_id = $2 AND c_id = $3","parameters: $1 = '1', $2 = '2', $3 = '72'",,,,,,,,"","client backend"
2024-06-16 19:01:49.763 CST,"raingage","benchmark",54596,"127.0.0.1:48952",666ec5b9.d544,943,"SELECT",2024-06-16 19:00:09 CST,5/68,0,LOG,00000,"execute S_5: SELECT i_price, i_name, i_data     FROM bmsql_item     WHERE i_id = $1","parameters: $1 = '30'",,,,,,,,"","client backend"
2024-06-16 19:01:49.780 CST,"raingage","benchmark",54596,"127.0.0.1:48952",666ec5b9.d544,944,"SELECT",2024-06-16 19:00:09 CST,5/68,0,LOG,00000,"execute S_6: SELECT s_quantity, s_data,        s_dist_01, s_dist_02, s_dist_03, s_dist_04,        s_dist_05, s_dist_06, s_dist_07, s_dist_08,        s_dist_09, s_dist_10     FROM bmsql_stock     WHERE s_w_id = $1 AND s_i_id = $2 ","parameters: $1 = '1', $2 = '30'",,,,,,,,"","client backend"
2024-06-16 19:01:49.798 CST,"raingage","benchmark",54596,"127.0.0.1:48952",666ec5b9.d544,945,"UPDATE",2024-06-16 19:00:09 CST,5/68,0,LOG,00000,"execute S_7: UPDATE bmsql_stock     SET s_quantity = $1, s_ytd = s_ytd + $2,         s_order_cnt = s_order_cnt + 1,         s_remote_cnt = s_remote_cnt + $3     WHERE s_w_id = $4 AND s_i_id = $5","parameters: $1 = '89', $2 = '2', $3 = '0', $4 = '1', $5 = '30'",,,,,,,,"","client backend"
2024-06-16 19:01:49.813 CST,"raingage","benchmark",54596,"127.0.0.1:48952",666ec5b9.d544,946,"COMMIT",2024-06-16 19:00:09 CST,5/68,115452,LOG,00000,"execute S_2: COMMIT",,,,,,,,,"","client backend"
2024-06-16 19:01:49.832 CST,"raingage","benchmark",54596,"127.0.0.1:48952",666ec5b9.d544,947,"BEGIN",2024-06-16 19:00:09 CST,5/69,0,LOG,00000,"execute S_3: BEGIN",,,,,,,,,"","client backend"
2024-06-16 19:01:49.845 CST,"raingage","benchmark",54596,"127.0.0.1:48952",666ec5b9.d544,948,"SELECT",2024-06-16 19:00:09 CST,5/69,0,LOG,00000,"execute S_4: SELECT d_tax, d_next_o_id     FROM bmsql_district     WHERE d_w_id = $1 AND d_id = $2 ","parameters: $1 = '1', $2 = '2'",,,,,,,,"","client backend"
2024-06-16 19:01:49.910 CST,"raingage","benchmark",54596,"127.0.0.1:48952",666ec5b9.d544,949,"SELECT",2024-06-16 19:00:09 CST,5/69,0,LOG,00000,"execute S_1: SELECT c_discount, c_last, c_credit, w_tax     FROM bmsql_customer     JOIN bmsql_warehouse ON (w_id = c_w_id)     WHERE c_w_id = $1 AND c_d_id = $2 AND c_id = $3","parameters: $1 = '1', $2 = '2', $3 = '42'",,,,,,,,"","client backend"
2024-06-16 19:01:49.973 CST,"raingage","benchmark",54596,"127.0.0.1:48952",666ec5b9.d544,950,"SELECT",2024-06-16 19:00:09 CST,5/69,0,LOG,00000,"execute S_1: SELECT c_discount, c_last, c_credit, w_tax     FROM bmsql_customer     JOIN bmsql_warehouse ON (w_id = c_w_id)     WHERE c_w_id = $1 AND c_d_id = $2 AND c_id = $3","parameters: $1 = '1', $2 = '2', $3 = '42'",,,,,,,,"","client backend"
2024-06-16 19:01:50.040 CST,"raingage","benchmark",54596,"127.0.0.1:48952",666ec5b9.d544,951,"SELECT",2024-06-16 19:00:09 CST,5/69,0,LOG,00000,"execute S_1: SELECT c_discount, c_last, c_credit, w_tax     FROM bmsql_customer     JOIN bmsql_warehouse ON (w_id = c_w_id)     WHERE c_w_id = $1 AND c_d_id = $2 AND c_id = $3","parameters: $1 = '1', $2 = '2', $3 = '42'",,,,,,,,"","client backend"
2024-06-16 19:01:50.108 CST,"raingage","benchmark",54596,"127.0.0.1:48952",666ec5b9.d544,952,"SELECT",2024-06-16 19:00:09 CST,5/69,0,LOG,00000,"execute S_1: SELECT c_discount, c_last, c_credit, w_tax     FROM bmsql_customer     JOIN bmsql_warehouse ON (w_id = c_w_id)     WHERE c_w_id = $1 AND c_d_id = $2 AND c_id = $3","parameters: $1 = '1', $2 = '2', $3 = '42'",,,,,,,,"","client backend"
2024-06-16 19:01:50.173 CST,"raingage","benchmark",54596,"127.0.0.1:48952",666ec5b9.d544,953,"SELECT",2024-06-16 19:00:09 CST,5/69,0,LOG,00000,"execute S_1: SELECT c_discount, c_last, c_credit, w_tax     FROM bmsql_customer     JOIN bmsql_warehouse ON (w_id = c_w_id)     WHERE c_w_id = $1 AND c_d_id = $2 AND c_id = $3","parameters: $1 = '1', $2 = '2', $3 = '42'",,,,,,,,"","client backend"
2024-06-16 19:01:50.243 CST,"raingage","benchmark",54596,"127.0.0.1:48952",666ec5b9.d544,954,"SELECT",2024-06-16 19:00:09 CST,5/69,0,LOG,00000,"execute S_1: SELECT c_discount, c_last, c_credit, w_tax     FROM bmsql_customer     JOIN bmsql_warehouse ON (w_id = c_w_id)     WHERE c_w_id = $1 AND c_d_id = $2 AND c_id = $3","parameters: $1 = '1', $2 = '2', $3 = '42'",,,,,,,,"","client backend"
2024-06-16 19:01:50.308 CST,"raingage","benchmark",54596,"127.0.0.1:48952",666ec5b9.d544,955,"SELECT",2024-06-16 19:00:09 CST,5/69,0,LOG,00000,"execute S_1: SELECT c_discount, c_last, c_credit, w_tax     FROM bmsql_customer     JOIN bmsql_warehouse ON (w_id = c_w_id)     WHERE c_w_id = $1 AND c_d_id = $2 AND c_id = $3","parameters: $1 = '1', $2 = '2', $3 = '42'",,,,,,,,"","client backend"
2024-06-16 19:01:50.378 CST,"raingage","benchmark",54596,"127.0.0.1:48952",666ec5b9.d544,956,"SELECT",2024-06-16 19:00:09 CST,5/69,0,LOG,00000,"execute S_1: SELECT c_discount, c_last, c_credit, w_tax     FROM bmsql_customer     JOIN bmsql_warehouse ON (w_id = c_w_id)     WHERE c_w_id = $1 AND c_d_id = $2 AND c_id = $3","parameters: $1 = '1', $2 = '2', $3 = '42'",,,,,,,,"","client backend"
2024-06-16 19:01:50.394 CST,"raingage","benchmark",54596,"127.0.0.1:48952",666ec5b9.d544,957,"SELECT",2024-06-16 19:00:09 CST,5/69,0,LOG,00000,"execute S_5: SELECT i_price, i_name, i_data     FROM bmsql_item     WHERE i_id = $1","parameters: $1 = '33'",,,,,,,,"","client backend"
2024-06-16 19:01:50.410 CST,"raingage","benchmark",54596,"127.0.0.1:48952",666ec5b9.d544,958,"SELECT",2024-06-16 19:00:09 CST,5/69,0,LOG,00000,"execute S_6: SELECT s_quantity, s_data,        s_dist_01, s_dist_02, s_dist_03, s_dist_04,        s_dist_05, s_dist_06, s_dist_07, s_dist_08,        s_dist_09, s_dist_10     FROM bmsql_stock     WHERE s_w_id = $1 AND s_i_id = $2 ","parameters: $1 = '1', $2 = '33'",,,,,,,,"","client backend"
2024-06-16 19:01:50.431 CST,"raingage","benchmark",54596,"127.0.0.1:48952",666ec5b9.d544,959,"UPDATE",2024-06-16 19:00:09 CST,5/69,0,LOG,00000,"execute S_7: UPDATE bmsql_stock     SET s_quantity = $1, s_ytd = s_ytd + $2,         s_order_cnt = s_order_cnt + 1,         s_remote_cnt = s_remote_cnt + $3     WHERE s_w_id = $4 AND s_i_id = $5","parameters: $1 = '40', $2 = '2', $3 = '0', $4 = '1', $5 = '33'",,,,,,,,"","client backend"
2024-06-16 19:01:50.451 CST,"raingage","benchmark",54596,"127.0.0.1:48952",666ec5b9.d544,960,"COMMIT",2024-06-16 19:00:09 CST,5/69,115453,LOG,00000,"execute S_2: COMMIT",,,,,,,,,"","client backend"
2024-06-16 19:01:50.466 CST,"raingage","benchmark",54596,"127.0.0.1:48952",666ec5b9.d544,961,"BEGIN",2024-06-16 19:00:09 CST,5/70,0,LOG,00000,"execute S_3: BEGIN",,,,,,,,,"","client backend"
2024-06-16 19:01:50.480 CST,"raingage","benchmark",54596,"127.0.0.1:48952",666ec5b9.d544,962,"SELECT",2024-06-16 19:00:09 CST,5/70,0,LOG,00000,"execute S_4: SELECT d_tax, d_next_o_id     FROM bmsql_district     WHERE d_w_id = $1 AND d_id = $2 ","parameters: $1 = '1', $2 = '2'",,,,,,,,"","client backend"
2024-06-16 19:01:50.545 CST,"raingage","benchmark",54596,"127.0.0.1:48952",666ec5b9.d544,963,"SELECT",2024-06-16 19:00:09 CST,5/70,0,LOG,00000,"execute S_1: SELECT c_discount, c_last, c_credit, w_tax     FROM bmsql_customer     JOIN bmsql_warehouse ON (w_id = c_w_id)     WHERE c_w_id = $1 AND c_d_id = $2 AND c_id = $3","parameters: $1 = '1', $2 = '2', $3 = '42'",,,,,,,,"","client backend"
2024-06-16 19:01:50.614 CST,"raingage","benchmark",54596,"127.0.0.1:48952",666ec5b9.d544,964,"SELECT",2024-06-16 19:00:09 CST,5/70,0,LOG,00000,"execute S_1: SELECT c_discount, c_last, c_credit, w_tax     FROM bmsql_customer     JOIN bmsql_warehouse ON (w_id = c_w_id)     WHERE c_w_id = $1 AND c_d_id = $2 AND c_id = $3","parameters: $1 = '1', $2 = '2', $3 = '42'",,,,,,,,"","client backend"
2024-06-16 19:01:50.682 CST,"raingage","benchmark",54596,"127.0.0.1:48952",666ec5b9.d544,965,"SELECT",2024-06-16 19:00:09 CST,5/70,0,LOG,00000,"execute S_1: SELECT c_discount, c_last, c_credit, w_tax     FROM bmsql_customer     JOIN bmsql_warehouse ON (w_id = c_w_id)     WHERE c_w_id = $1 AND c_d_id = $2 AND c_id = $3","parameters: $1 = '1', $2 = '2', $3 = '42'",,,,,,,,"","client backend"
2024-06-16 19:01:50.749 CST,"raingage","benchmark",54596,"127.0.0.1:48952",666ec5b9.d544,966,"SELECT",2024-06-16 19:00:09 CST,5/70,0,LOG,00000,"execute S_1: SELECT c_discount, c_last, c_credit, w_tax     FROM bmsql_customer     JOIN bmsql_warehouse ON (w_id = c_w_id)     WHERE c_w_id = $1 AND c_d_id = $2 AND c_id = $3","parameters: $1 = '1', $2 = '2', $3 = '42'",,,,,,,,"","client backend"
2024-06-16 19:01:50.816 CST,"raingage","benchmark",54596,"127.0.0.1:48952",666ec5b9.d544,967,"SELECT",2024-06-16 19:00:09 CST,5/70,0,LOG,00000,"execute S_1: SELECT c_discount, c_last, c_credit, w_tax     FROM bmsql_customer     JOIN bmsql_warehouse ON (w_id = c_w_id)     WHERE c_w_id = $1 AND c_d_id = $2 AND c_id = $3","parameters: $1 = '1', $2 = '2', $3 = '42'",,,,,,,,"","client backend"
2024-06-16 19:01:50.887 CST,"raingage","benchmark",54596,"127.0.0.1:48952",666ec5b9.d544,968,"SELECT",2024-06-16 19:00:09 CST,5/70,0,LOG,00000,"execute S_1: SELECT c_discount, c_last, c_credit, w_tax     FROM bmsql_customer     JOIN bmsql_warehouse ON (w_id = c_w_id)     WHERE c_w_id = $1 AND c_d_id = $2 AND c_id = $3","parameters: $1 = '1', $2 = '2', $3 = '42'",,,,,,,,"","client backend"
2024-06-16 19:01:50.959 CST,"raingage","benchmark",54596,"127.0.0.1:48952",666ec5b9.d544,969,"SELECT",2024-06-16 19:00:09 CST,5/70,0,LOG,00000,"execute S_1: SELECT c_discount, c_last, c_credit, w_tax     FROM bmsql_customer     JOIN bmsql_warehouse ON (w_id = c_w_id)     WHERE c_w_id = $1 AND c_d_id = $2 AND c_id = $3","parameters: $1 = '1', $2 = '2', $3 = '42'",,,,,,,,"","client backend"
2024-06-16 19:01:51.031 CST,"raingage","benchmark",54596,"127.0.0.1:48952",666ec5b9.d544,970,"SELECT",2024-06-16 19:00:09 CST,5/70,0,LOG,00000,"execute S_1: SELECT c_discount, c_last, c_credit, w_tax     FROM bmsql_customer     JOIN bmsql_warehouse ON (w_id = c_w_id)     WHERE c_w_id = $1 AND c_d_id = $2 AND c_id = $3","parameters: $1 = '1', $2 = '2', $3 = '42'",,,,,,,,"","client backend"
2024-06-16 19:01:51.051 CST,"raingage","benchmark",54596,"127.0.0.1:48952",666ec5b9.d544,971,"SELECT",2024-06-16 19:00:09 CST,5/70,0,LOG,00000,"execute S_5: SELECT i_price, i_name, i_data     FROM bmsql_item     WHERE i_id = $1","parameters: $1 = '33'",,,,,,,,"","client backend"
2024-06-16 19:01:51.066 CST,"raingage","benchmark",54596,"127.0.0.1:48952",666ec5b9.d544,972,"SELECT",2024-06-16 19:00:09 CST,5/70,0,LOG,00000,"execute S_6: SELECT s_quantity, s_data,        s_dist_01, s_dist_02, s_dist_03, s_dist_04,        s_dist_05, s_dist_06, s_dist_07, s_dist_08,        s_dist_09, s_dist_10     FROM bmsql_stock     WHERE s_w_id = $1 AND s_i_id = $2 ","parameters: $1 = '1', $2 = '33'",,,,,,,,"","client backend"
2024-06-16 19:01:51.079 CST,"raingage","benchmark",54596,"127.0.0.1:48952",666ec5b9.d544,973,"UPDATE",2024-06-16 19:00:09 CST,5/70,0,LOG,00000,"execute S_7: UPDATE bmsql_stock     SET s_quantity = $1, s_ytd = s_ytd + $2,         s_order_cnt = s_order_cnt + 1,         s_remote_cnt = s_remote_cnt + $3     WHERE s_w_id = $4 AND s_i_id = $5","parameters: $1 = '32', $2 = '8', $3 = '0', $4 = '1', $5 = '33'",,,,,,,,"","client backend"
2024-06-16 19:01:51.098 CST,"raingage","benchmark",54596,"127.0.0.1:48952",666ec5b9.d544,974,"COMMIT",2024-06-16 19:00:09 CST,5/70,115454,LOG,00000,"execute S_2: COMMIT",,,,,,,,,"","client backend"
2024-06-16 19:01:51.120 CST,"raingage","benchmark",54596,"127.0.0.1:48952",666ec5b9.d544,975,"BEGIN",2024-06-16 19:00:09 CST,5/71,0,LOG,00000,"execute S_3: BEGIN",,,,,,,,,"","client backend"
2024-06-16 19:01:51.137 CST,"raingage","benchmark",54596,"127.0.0.1:48952",666ec5b9.d544,976,"SELECT",2024-06-16 19:00:09 CST,5/71,0,LOG,00000,"execute S_4: SELECT d_tax, d_next_o_id     FROM bmsql_district     WHERE d_w_id = $1 AND d_id = $2 ","parameters: $1 = '1', $2 = '2'",,,,,,,,"","client backend"
2024-06-16 19:01:51.209 CST,"raingage","benchmark",54596,"127.0.0.1:48952",666ec5b9.d544,977,"SELECT",2024-06-16 19:00:09 CST,5/71,0,LOG,00000,"execute S_1: SELECT c_discount, c_last, c_credit, w_tax     FROM bmsql_customer     JOIN bmsql_warehouse ON (w_id = c_w_id)     WHERE c_w_id = $1 AND c_d_id = $2 AND c_id = $3","parameters: $1 = '1', $2 = '2', $3 = '19'",,,,,,,,"","client backend"
2024-06-16 19:01:51.277 CST,"raingage","benchmark",54596,"127.0.0.1:48952",666ec5b9.d544,978,"SELECT",2024-06-16 19:00:09 CST,5/71,0,LOG,00000,"execute S_1: SELECT c_discount, c_last, c_credit, w_tax     FROM bmsql_customer     JOIN bmsql_warehouse ON (w_id = c_w_id)     WHERE c_w_id = $1 AND c_d_id = $2 AND c_id = $3","parameters: $1 = '1', $2 = '2', $3 = '19'",,,,,,,,"","client backend"
2024-06-16 19:01:51.342 CST,"raingage","benchmark",54596,"127.0.0.1:48952",666ec5b9.d544,979,"SELECT",2024-06-16 19:00:09 CST,5/71,0,LOG,00000,"execute S_1: SELECT c_discount, c_last, c_credit, w_tax     FROM bmsql_customer     JOIN bmsql_warehouse ON (w_id = c_w_id)     WHERE c_w_id = $1 AND c_d_id = $2 AND c_id = $3","parameters: $1 = '1', $2 = '2', $3 = '19'",,,,,,,,"","client backend"
2024-06-16 19:01:51.408 CST,"raingage","benchmark",54596,"127.0.0.1:48952",666ec5b9.d544,980,"SELECT",2024-06-16 19:00:09 CST,5/71,0,LOG,00000,"execute S_1: SELECT c_discount, c_last, c_credit, w_tax     FROM bmsql_customer     JOIN bmsql_warehouse ON (w_id = c_w_id)     WHERE c_w_id = $1 AND c_d_id = $2 AND c_id = $3","parameters: $1 = '1', $2 = '2', $3 = '19'",,,,,,,,"","client backend"
2024-06-16 19:01:51.478 CST,"raingage","benchmark",54596,"127.0.0.1:48952",666ec5b9.d544,981,"SELECT",2024-06-16 19:00:09 CST,5/71,0,LOG,00000,"execute S_1: SELECT c_discount, c_last, c_credit, w_tax     FROM bmsql_customer     JOIN bmsql_warehouse ON (w_id = c_w_id)     WHERE c_w_id = $1 AND c_d_id = $2 AND c_id = $3","parameters: $1 = '1', $2 = '2', $3 = '19'",,,,,,,,"","client backend"
2024-06-16 19:01:51.548 CST,"raingage","benchmark",54596,"127.0.0.1:48952",666ec5b9.d544,982,"SELECT",2024-06-16 19:00:09 CST,5/71,0,LOG,00000,"execute S_1: SELECT c_discount, c_last, c_credit, w_tax     FROM bmsql_customer     JOIN bmsql_warehouse ON (w_id = c_w_id)     WHERE c_w_id = $1 AND c_d_id = $2 AND c_id = $3","parameters: $1 = '1', $2 = '2', $3 = '19'",,,,,,,,"","client backend"
2024-06-16 19:01:51.610 CST,"raingage","benchmark",54596,"127.0.0.1:48952",666ec5b9.d544,983,"SELECT",2024-06-16 19:00:09 CST,5/71,0,LOG,00000,"execute S_1: SELECT c_discount, c_last, c_credit, w_tax     FROM bmsql_customer     JOIN bmsql_warehouse ON (w_id = c_w_id)     WHERE c_w_id = $1 AND c_d_id = $2 AND c_id = $3","parameters: $1 = '1', $2 = '2', $3 = '19'",,,,,,,,"","client backend"
2024-06-16 19:01:51.674 CST,"raingage","benchmark",54596,"127.0.0.1:48952",666ec5b9.d544,984,"SELECT",2024-06-16 19:00:09 CST,5/71,0,LOG,00000,"execute S_1: SELECT c_discount, c_last, c_credit, w_tax     FROM bmsql_customer     JOIN bmsql_warehouse ON (w_id = c_w_id)     WHERE c_w_id = $1 AND c_d_id = $2 AND c_id = $3","parameters: $1 = '1', $2 = '2', $3 = '19'",,,,,,,,"","client backend"
2024-06-16 19:01:51.691 CST,"raingage","benchmark",54596,"127.0.0.1:48952",666ec5b9.d544,985,"SELECT",2024-06-16 19:00:09 CST,5/71,0,LOG,00000,"execute S_5: SELECT i_price, i_name, i_data     FROM bmsql_item     WHERE i_id = $1","parameters: $1 = '29'",,,,,,,,"","client backend"
2024-06-16 19:01:51.706 CST,"raingage","benchmark",54596,"127.0.0.1:48952",666ec5b9.d544,986,"SELECT",2024-06-16 19:00:09 CST,5/71,0,LOG,00000,"execute S_6: SELECT s_quantity, s_data,        s_dist_01, s_dist_02, s_dist_03, s_dist_04,        s_dist_05, s_dist_06, s_dist_07, s_dist_08,        s_dist_09, s_dist_10     FROM bmsql_stock     WHERE s_w_id = $1 AND s_i_id = $2 ","parameters: $1 = '1', $2 = '29'",,,,,,,,"","client backend"
2024-06-16 19:01:51.720 CST,"raingage","benchmark",54596,"127.0.0.1:48952",666ec5b9.d544,987,"UPDATE",2024-06-16 19:00:09 CST,5/71,0,LOG,00000,"execute S_7: UPDATE bmsql_stock     SET s_quantity = $1, s_ytd = s_ytd + $2,         s_order_cnt = s_order_cnt + 1,         s_remote_cnt = s_remote_cnt + $3     WHERE s_w_id = $4 AND s_i_id = $5","parameters: $1 = '46', $2 = '1', $3 = '0', $4 = '1', $5 = '29'",,,,,,,,"","client backend"
2024-06-16 19:01:51.742 CST,"raingage","benchmark",54596,"127.0.0.1:48952",666ec5b9.d544,988,"COMMIT",2024-06-16 19:00:09 CST,5/71,115455,LOG,00000,"execute S_2: COMMIT",,,,,,,,,"","client backend"
2024-06-16 19:01:51.754 CST,"raingage","benchmark",54596,"127.0.0.1:48952",666ec5b9.d544,989,"BEGIN",2024-06-16 19:00:09 CST,5/72,0,LOG,00000,"execute S_3: BEGIN",,,,,,,,,"","client backend"
2024-06-16 19:01:51.766 CST,"raingage","benchmark",54596,"127.0.0.1:48952",666ec5b9.d544,990,"SELECT",2024-06-16 19:00:09 CST,5/72,0,LOG,00000,"execute S_4: SELECT d_tax, d_next_o_id     FROM bmsql_district     WHERE d_w_id = $1 AND d_id = $2 ","parameters: $1 = '1', $2 = '2'",,,,,,,,"","client backend"
2024-06-16 19:01:51.836 CST,"raingage","benchmark",54596,"127.0.0.1:48952",666ec5b9.d544,991,"SELECT",2024-06-16 19:00:09 CST,5/72,0,LOG,00000,"execute S_1: SELECT c_discount, c_last, c_credit, w_tax     FROM bmsql_customer     JOIN bmsql_warehouse ON (w_id = c_w_id)     WHERE c_w_id = $1 AND c_d_id = $2 AND c_id = $3","parameters: $1 = '1', $2 = '2', $3 = '21'",,,,,,,,"","client backend"
2024-06-16 19:01:51.902 CST,"raingage","benchmark",54596,"127.0.0.1:48952",666ec5b9.d544,992,"SELECT",2024-06-16 19:00:09 CST,5/72,0,LOG,00000,"execute S_1: SELECT c_discount, c_last, c_credit, w_tax     FROM bmsql_customer     JOIN bmsql_warehouse ON (w_id = c_w_id)     WHERE c_w_id = $1 AND c_d_id = $2 AND c_id = $3","parameters: $1 = '1', $2 = '2', $3 = '21'",,,,,,,,"","client backend"
2024-06-16 19:01:51.969 CST,"raingage","benchmark",54596,"127.0.0.1:48952",666ec5b9.d544,993,"SELECT",2024-06-16 19:00:09 CST,5/72,0,LOG,00000,"execute S_1: SELECT c_discount, c_last, c_credit, w_tax     FROM bmsql_customer     JOIN bmsql_warehouse ON (w_id = c_w_id)     WHERE c_w_id = $1 AND c_d_id = $2 AND c_id = $3","parameters: $1 = '1', $2 = '2', $3 = '21'",,,,,,,,"","client backend"
2024-06-16 19:01:52.036 CST,"raingage","benchmark",54596,"127.0.0.1:48952",666ec5b9.d544,994,"SELECT",2024-06-16 19:00:09 CST,5/72,0,LOG,00000,"execute S_1: SELECT c_discount, c_last, c_credit, w_tax     FROM bmsql_customer     JOIN bmsql_warehouse ON (w_id = c_w_id)     WHERE c_w_id = $1 AND c_d_id = $2 AND c_id = $3","parameters: $1 = '1', $2 = '2', $3 = '21'",,,,,,,,"","client backend"
2024-06-16 19:01:52.100 CST,"raingage","benchmark",54596,"127.0.0.1:48952",666ec5b9.d544,995,"SELECT",2024-06-16 19:00:09 CST,5/72,0,LOG,00000,"execute S_1: SELECT c_discount, c_last, c_credit, w_tax     FROM bmsql_customer     JOIN bmsql_warehouse ON (w_id = c_w_id)     WHERE c_w_id = $1 AND c_d_id = $2 AND c_id = $3","parameters: $1 = '1', $2 = '2', $3 = '21'",,,,,,,,"","client backend"
2024-06-16 19:01:52.167 CST,"raingage","benchmark",54596,"127.0.0.1:48952",666ec5b9.d544,996,"SELECT",2024-06-16 19:00:09 CST,5/72,0,LOG,00000,"execute S_1: SELECT c_discount, c_last, c_credit, w_tax     FROM bmsql_customer     JOIN bmsql_warehouse ON (w_id = c_w_id)     WHERE c_w_id = $1 AND c_d_id = $2 AND c_id = $3","parameters: $1 = '1', $2 = '2', $3 = '21'",,,,,,,,"","client backend"
2024-06-16 19:01:52.238 CST,"raingage","benchmark",54596,"127.0.0.1:48952",666ec5b9.d544,997,"SELECT",2024-06-16 19:00:09 CST,5/72,0,LOG,00000,"execute S_1: SELECT c_discount, c_last, c_credit, w_tax     FROM bmsql_customer     JOIN bmsql_warehouse ON (w_id = c_w_id)     WHERE c_w_id = $1 AND c_d_id = $2 AND c_id = $3","parameters: $1 = '1', $2 = '2', $3 = '21'",,,,,,,,"","client backend"
2024-06-16 19:01:52.303 CST,"raingage","benchmark",54596,"127.0.0.1:48952",666ec5b9.d544,998,"SELECT",2024-06-16 19:00:09 CST,5/72,0,LOG,00000,"execute S_1: SELECT c_discount, c_last, c_credit, w_tax     FROM bmsql_customer     JOIN bmsql_warehouse ON (w_id = c_w_id)     WHERE c_w_id = $1 AND c_d_id = $2 AND c_id = $3","parameters: $1 = '1', $2 = '2', $3 = '21'",,,,,,,,"","client backend"
2024-06-16 19:01:52.321 CST,"raingage","benchmark",54596,"127.0.0.1:48952",666ec5b9.d544,999,"SELECT",2024-06-16 19:00:09 CST,5/72,0,LOG,00000,"execute S_5: SELECT i_price, i_name, i_data     FROM bmsql_item     WHERE i_id = $1","parameters: $1 = '46'",,,,,,,,"","client backend"
2024-06-16 19:01:52.341 CST,"raingage","benchmark",54596,"127.0.0.1:48952",666ec5b9.d544,1000,"SELECT",2024-06-16 19:00:09 CST,5/72,0,LOG,00000,"execute S_6: SELECT s_quantity, s_data,        s_dist_01, s_dist_02, s_dist_03, s_dist_04,        s_dist_05, s_dist_06, s_dist_07, s_dist_08,        s_dist_09, s_dist_10     FROM bmsql_stock     WHERE s_w_id = $1 AND s_i_id = $2 ","parameters: $1 = '1', $2 = '46'",,,,,,,,"","client backend"
2024-06-16 19:01:52.356 CST,"raingage","benchmark",54596,"127.0.0.1:48952",666ec5b9.d544,1001,"UPDATE",2024-06-16 19:00:09 CST,5/72,0,LOG,00000,"execute S_7: UPDATE bmsql_stock     SET s_quantity = $1, s_ytd = s_ytd + $2,         s_order_cnt = s_order_cnt + 1,         s_remote_cnt = s_remote_cnt + $3     WHERE s_w_id = $4 AND s_i_id = $5","parameters: $1 = '45', $2 = '1', $3 = '0', $4 = '1', $5 = '46'",,,,,,,,"","client backend"
2024-06-16 19:01:52.372 CST,"raingage","benchmark",54596,"127.0.0.1:48952",666ec5b9.d544,1002,"COMMIT",2024-06-16 19:00:09 CST,5/72,115456,LOG,00000,"execute S_2: COMMIT",,,,,,,,,"","client backend"
2024-06-16 19:01:52.390 CST,"raingage","benchmark",54596,"127.0.0.1:48952",666ec5b9.d544,1003,"BEGIN",2024-06-16 19:00:09 CST,5/73,0,LOG,00000,"execute S_3: BEGIN",,,,,,,,,"","client backend"
2024-06-16 19:01:52.406 CST,"raingage","benchmark",54596,"127.0.0.1:48952",666ec5b9.d544,1004,"SELECT",2024-06-16 19:00:09 CST,5/73,0,LOG,00000,"execute S_4: SELECT d_tax, d_next_o_id     FROM bmsql_district     WHERE d_w_id = $1 AND d_id = $2 ","parameters: $1 = '1', $2 = '2'",,,,,,,,"","client backend"
2024-06-16 19:01:52.470 CST,"raingage","benchmark",54596,"127.0.0.1:48952",666ec5b9.d544,1005,"SELECT",2024-06-16 19:00:09 CST,5/73,0,LOG,00000,"execute S_1: SELECT c_discount, c_last, c_credit, w_tax     FROM bmsql_customer     JOIN bmsql_warehouse ON (w_id = c_w_id)     WHERE c_w_id = $1 AND c_d_id = $2 AND c_id = $3","parameters: $1 = '1', $2 = '2', $3 = '21'",,,,,,,,"","client backend"
2024-06-16 19:01:52.537 CST,"raingage","benchmark",54596,"127.0.0.1:48952",666ec5b9.d544,1006,"SELECT",2024-06-16 19:00:09 CST,5/73,0,LOG,00000,"execute S_1: SELECT c_discount, c_last, c_credit, w_tax     FROM bmsql_customer     JOIN bmsql_warehouse ON (w_id = c_w_id)     WHERE c_w_id = $1 AND c_d_id = $2 AND c_id = $3","parameters: $1 = '1', $2 = '2', $3 = '21'",,,,,,,,"","client backend"
2024-06-16 19:01:52.603 CST,"raingage","benchmark",54596,"127.0.0.1:48952",666ec5b9.d544,1007,"SELECT",2024-06-16 19:00:09 CST,5/73,0,LOG,00000,"execute S_1: SELECT c_discount, c_last, c_credit, w_tax     FROM bmsql_customer     JOIN bmsql_warehouse ON (w_id = c_w_id)     WHERE c_w_id = $1 AND c_d_id = $2 AND c_id = $3","parameters: $1 = '1', $2 = '2', $3 = '21'",,,,,,,,"","client backend"
2024-06-16 19:01:52.668 CST,"raingage","benchmark",54596,"127.0.0.1:48952",666ec5b9.d544,1008,"SELECT",2024-06-16 19:00:09 CST,5/73,0,LOG,00000,"execute S_1: SELECT c_discount, c_last, c_credit, w_tax     FROM bmsql_customer     JOIN bmsql_warehouse ON (w_id = c_w_id)     WHERE c_w_id = $1 AND c_d_id = $2 AND c_id = $3","parameters: $1 = '1', $2 = '2', $3 = '21'",,,,,,,,"","client backend"
2024-06-16 19:01:52.730 CST,"raingage","benchmark",54596,"127.0.0.1:48952",666ec5b9.d544,1009,"SELECT",2024-06-16 19:00:09 CST,5/73,0,LOG,00000,"execute S_1: SELECT c_discount, c_last, c_credit, w_tax     FROM bmsql_customer     JOIN bmsql_warehouse ON (w_id = c_w_id)     WHERE c_w_id = $1 AND c_d_id = $2 AND c_id = $3","parameters: $1 = '1', $2 = '2', $3 = '21'",,,,,,,,"","client backend"
2024-06-16 19:01:52.796 CST,"raingage","benchmark",54596,"127.0.0.1:48952",666ec5b9.d544,1010,"SELECT",2024-06-16 19:00:09 CST,5/73,0,LOG,00000,"execute S_1: SELECT c_discount, c_last, c_credit, w_tax     FROM bmsql_customer     JOIN bmsql_warehouse ON (w_id = c_w_id)     WHERE c_w_id = $1 AND c_d_id = $2 AND c_id = $3","parameters: $1 = '1', $2 = '2', $3 = '21'",,,,,,,,"","client backend"
2024-06-16 19:01:52.866 CST,"raingage","benchmark",54596,"127.0.0.1:48952",666ec5b9.d544,1011,"SELECT",2024-06-16 19:00:09 CST,5/73,0,LOG,00000,"execute S_1: SELECT c_discount, c_last, c_credit, w_tax     FROM bmsql_customer     JOIN bmsql_warehouse ON (w_id = c_w_id)     WHERE c_w_id = $1 AND c_d_id = $2 AND c_id = $3","parameters: $1 = '1', $2 = '2', $3 = '21'",,,,,,,,"","client backend"
2024-06-16 19:01:52.938 CST,"raingage","benchmark",54596,"127.0.0.1:48952",666ec5b9.d544,1012,"SELECT",2024-06-16 19:00:09 CST,5/73,0,LOG,00000,"execute S_1: SELECT c_discount, c_last, c_credit, w_tax     FROM bmsql_customer     JOIN bmsql_warehouse ON (w_id = c_w_id)     WHERE c_w_id = $1 AND c_d_id = $2 AND c_id = $3","parameters: $1 = '1', $2 = '2', $3 = '21'",,,,,,,,"","client backend"
2024-06-16 19:01:52.951 CST,"raingage","benchmark",54596,"127.0.0.1:48952",666ec5b9.d544,1013,"SELECT",2024-06-16 19:00:09 CST,5/73,0,LOG,00000,"execute S_5: SELECT i_price, i_name, i_data     FROM bmsql_item     WHERE i_id = $1","parameters: $1 = '46'",,,,,,,,"","client backend"
2024-06-16 19:01:52.970 CST,"raingage","benchmark",54596,"127.0.0.1:48952",666ec5b9.d544,1014,"SELECT",2024-06-16 19:00:09 CST,5/73,0,LOG,00000,"execute S_6: SELECT s_quantity, s_data,        s_dist_01, s_dist_02, s_dist_03, s_dist_04,        s_dist_05, s_dist_06, s_dist_07, s_dist_08,        s_dist_09, s_dist_10     FROM bmsql_stock     WHERE s_w_id = $1 AND s_i_id = $2 ","parameters: $1 = '1', $2 = '46'",,,,,,,,"","client backend"
2024-06-16 19:01:52.984 CST,"raingage","benchmark",54596,"127.0.0.1:48952",666ec5b9.d544,1015,"UPDATE",2024-06-16 19:00:09 CST,5/73,0,LOG,00000,"execute S_7: UPDATE bmsql_stock     SET s_quantity = $1, s_ytd = s_ytd + $2,         s_order_cnt = s_order_cnt + 1,         s_remote_cnt = s_remote_cnt + $3     WHERE s_w_id = $4 AND s_i_id = $5","parameters: $1 = '43', $2 = '2', $3 = '0', $4 = '1', $5 = '46'",,,,,,,,"","client backend"
2024-06-16 19:01:53.005 CST,"raingage","benchmark",54596,"127.0.0.1:48952",666ec5b9.d544,1016,"COMMIT",2024-06-16 19:00:09 CST,5/73,115457,LOG,00000,"execute S_2: COMMIT",,,,,,,,,"","client backend"
2024-06-16 19:01:53.023 CST,"raingage","benchmark",54596,"127.0.0.1:48952",666ec5b9.d544,1017,"BEGIN",2024-06-16 19:00:09 CST,5/74,0,LOG,00000,"execute S_3: BEGIN",,,,,,,,,"","client backend"
2024-06-16 19:01:53.038 CST,"raingage","benchmark",54596,"127.0.0.1:48952",666ec5b9.d544,1018,"SELECT",2024-06-16 19:00:09 CST,5/74,0,LOG,00000,"execute S_4: SELECT d_tax, d_next_o_id     FROM bmsql_district     WHERE d_w_id = $1 AND d_id = $2 ","parameters: $1 = '1', $2 = '1'",,,,,,,,"","client backend"
2024-06-16 19:01:53.108 CST,"raingage","benchmark",54596,"127.0.0.1:48952",666ec5b9.d544,1019,"SELECT",2024-06-16 19:00:09 CST,5/74,0,LOG,00000,"execute S_1: SELECT c_discount, c_last, c_credit, w_tax     FROM bmsql_customer     JOIN bmsql_warehouse ON (w_id = c_w_id)     WHERE c_w_id = $1 AND c_d_id = $2 AND c_id = $3","parameters: $1 = '1', $2 = '1', $3 = '5'",,,,,,,,"","client backend"
2024-06-16 19:01:53.174 CST,"raingage","benchmark",54596,"127.0.0.1:48952",666ec5b9.d544,1020,"SELECT",2024-06-16 19:00:09 CST,5/74,0,LOG,00000,"execute S_1: SELECT c_discount, c_last, c_credit, w_tax     FROM bmsql_customer     JOIN bmsql_warehouse ON (w_id = c_w_id)     WHERE c_w_id = $1 AND c_d_id = $2 AND c_id = $3","parameters: $1 = '1', $2 = '1', $3 = '5'",,,,,,,,"","client backend"
2024-06-16 19:01:53.243 CST,"raingage","benchmark",54596,"127.0.0.1:48952",666ec5b9.d544,1021,"SELECT",2024-06-16 19:00:09 CST,5/74,0,LOG,00000,"execute S_1: SELECT c_discount, c_last, c_credit, w_tax     FROM bmsql_customer     JOIN bmsql_warehouse ON (w_id = c_w_id)     WHERE c_w_id = $1 AND c_d_id = $2 AND c_id = $3","parameters: $1 = '1', $2 = '1', $3 = '5'",,,,,,,,"","client backend"
2024-06-16 19:01:53.314 CST,"raingage","benchmark",54596,"127.0.0.1:48952",666ec5b9.d544,1022,"SELECT",2024-06-16 19:00:09 CST,5/74,0,LOG,00000,"execute S_1: SELECT c_discount, c_last, c_credit, w_tax     FROM bmsql_customer     JOIN bmsql_warehouse ON (w_id = c_w_id)     WHERE c_w_id = $1 AND c_d_id = $2 AND c_id = $3","parameters: $1 = '1', $2 = '1', $3 = '5'",,,,,,,,"","client backend"
2024-06-16 19:01:53.384 CST,"raingage","benchmark",54596,"127.0.0.1:48952",666ec5b9.d544,1023,"SELECT",2024-06-16 19:00:09 CST,5/74,0,LOG,00000,"execute S_1: SELECT c_discount, c_last, c_credit, w_tax     FROM bmsql_customer     JOIN bmsql_warehouse ON (w_id = c_w_id)     WHERE c_w_id = $1 AND c_d_id = $2 AND c_id = $3","parameters: $1 = '1', $2 = '1', $3 = '5'",,,,,,,,"","client backend"
2024-06-16 19:01:53.452 CST,"raingage","benchmark",54596,"127.0.0.1:48952",666ec5b9.d544,1024,"SELECT",2024-06-16 19:00:09 CST,5/74,0,LOG,00000,"execute S_1: SELECT c_discount, c_last, c_credit, w_tax     FROM bmsql_customer     JOIN bmsql_warehouse ON (w_id = c_w_id)     WHERE c_w_id = $1 AND c_d_id = $2 AND c_id = $3","parameters: $1 = '1', $2 = '1', $3 = '5'",,,,,,,,"","client backend"
2024-06-16 19:01:53.519 CST,"raingage","benchmark",54596,"127.0.0.1:48952",666ec5b9.d544,1025,"SELECT",2024-06-16 19:00:09 CST,5/74,0,LOG,00000,"execute S_1: SELECT c_discount, c_last, c_credit, w_tax     FROM bmsql_customer     JOIN bmsql_warehouse ON (w_id = c_w_id)     WHERE c_w_id = $1 AND c_d_id = $2 AND c_id = $3","parameters: $1 = '1', $2 = '1', $3 = '5'",,,,,,,,"","client backend"
2024-06-16 19:01:53.591 CST,"raingage","benchmark",54596,"127.0.0.1:48952",666ec5b9.d544,1026,"SELECT",2024-06-16 19:00:09 CST,5/74,0,LOG,00000,"execute S_1: SELECT c_discount, c_last, c_credit, w_tax     FROM bmsql_customer     JOIN bmsql_warehouse ON (w_id = c_w_id)     WHERE c_w_id = $1 AND c_d_id = $2 AND c_id = $3","parameters: $1 = '1', $2 = '1', $3 = '5'",,,,,,,,"","client backend"
2024-06-16 19:01:53.604 CST,"raingage","benchmark",54596,"127.0.0.1:48952",666ec5b9.d544,1027,"SELECT",2024-06-16 19:00:09 CST,5/74,0,LOG,00000,"execute S_5: SELECT i_price, i_name, i_data     FROM bmsql_item     WHERE i_id = $1","parameters: $1 = '101'",,,,,,,,"","client backend"
2024-06-16 19:01:53.620 CST,"raingage","benchmark",54596,"127.0.0.1:48952",666ec5b9.d544,1028,"SELECT",2024-06-16 19:00:09 CST,5/74,0,LOG,00000,"execute S_6: SELECT s_quantity, s_data,        s_dist_01, s_dist_02, s_dist_03, s_dist_04,        s_dist_05, s_dist_06, s_dist_07, s_dist_08,        s_dist_09, s_dist_10     FROM bmsql_stock     WHERE s_w_id = $1 AND s_i_id = $2 ","parameters: $1 = '1', $2 = '101'",,,,,,,,"","client backend"
2024-06-16 19:01:53.636 CST,"raingage","benchmark",54596,"127.0.0.1:48952",666ec5b9.d544,1029,"UPDATE",2024-06-16 19:00:09 CST,5/74,0,LOG,00000,"execute S_7: UPDATE bmsql_stock     SET s_quantity = $1, s_ytd = s_ytd + $2,         s_order_cnt = s_order_cnt + 1,         s_remote_cnt = s_remote_cnt + $3     WHERE s_w_id = $4 AND s_i_id = $5","parameters: $1 = '89', $2 = '2', $3 = '0', $4 = '1', $5 = '101'",,,,,,,,"","client backend"
2024-06-16 19:01:53.654 CST,"raingage","benchmark",54596,"127.0.0.1:48952",666ec5b9.d544,1030,"COMMIT",2024-06-16 19:00:09 CST,5/74,115458,LOG,00000,"execute S_2: COMMIT",,,,,,,,,"","client backend"
2024-06-16 19:01:53.669 CST,"raingage","benchmark",54596,"127.0.0.1:48952",666ec5b9.d544,1031,"BEGIN",2024-06-16 19:00:09 CST,5/75,0,LOG,00000,"execute S_3: BEGIN",,,,,,,,,"","client backend"
2024-06-16 19:01:53.687 CST,"raingage","benchmark",54596,"127.0.0.1:48952",666ec5b9.d544,1032,"SELECT",2024-06-16 19:00:09 CST,5/75,0,LOG,00000,"execute S_4: SELECT d_tax, d_next_o_id     FROM bmsql_district     WHERE d_w_id = $1 AND d_id = $2 ","parameters: $1 = '1', $2 = '1'",,,,,,,,"","client backend"
2024-06-16 19:01:53.751 CST,"raingage","benchmark",54596,"127.0.0.1:48952",666ec5b9.d544,1033,"SELECT",2024-06-16 19:00:09 CST,5/75,0,LOG,00000,"execute S_1: SELECT c_discount, c_last, c_credit, w_tax     FROM bmsql_customer     JOIN bmsql_warehouse ON (w_id = c_w_id)     WHERE c_w_id = $1 AND c_d_id = $2 AND c_id = $3","parameters: $1 = '1', $2 = '1', $3 = '5'",,,,,,,,"","client backend"
2024-06-16 19:01:53.821 CST,"raingage","benchmark",54596,"127.0.0.1:48952",666ec5b9.d544,1034,"SELECT",2024-06-16 19:00:09 CST,5/75,0,LOG,00000,"execute S_1: SELECT c_discount, c_last, c_credit, w_tax     FROM bmsql_customer     JOIN bmsql_warehouse ON (w_id = c_w_id)     WHERE c_w_id = $1 AND c_d_id = $2 AND c_id = $3","parameters: $1 = '1', $2 = '1', $3 = '5'",,,,,,,,"","client backend"
2024-06-16 19:01:53.886 CST,"raingage","benchmark",54596,"127.0.0.1:48952",666ec5b9.d544,1035,"SELECT",2024-06-16 19:00:09 CST,5/75,0,LOG,00000,"execute S_1: SELECT c_discount, c_last, c_credit, w_tax     FROM bmsql_customer     JOIN bmsql_warehouse ON (w_id = c_w_id)     WHERE c_w_id = $1 AND c_d_id = $2 AND c_id = $3","parameters: $1 = '1', $2 = '1', $3 = '5'",,,,,,,,"","client backend"
2024-06-16 19:01:53.953 CST,"raingage","benchmark",54596,"127.0.0.1:48952",666ec5b9.d544,1036,"SELECT",2024-06-16 19:00:09 CST,5/75,0,LOG,00000,"execute S_1: SELECT c_discount, c_last, c_credit, w_tax     FROM bmsql_customer     JOIN bmsql_warehouse ON (w_id = c_w_id)     WHERE c_w_id = $1 AND c_d_id = $2 AND c_id = $3","parameters: $1 = '1', $2 = '1', $3 = '5'",,,,,,,,"","client backend"
2024-06-16 19:01:54.017 CST,"raingage","benchmark",54596,"127.0.0.1:48952",666ec5b9.d544,1037,"SELECT",2024-06-16 19:00:09 CST,5/75,0,LOG,00000,"execute S_1: SELECT c_discount, c_last, c_credit, w_tax     FROM bmsql_customer     JOIN bmsql_warehouse ON (w_id = c_w_id)     WHERE c_w_id = $1 AND c_d_id = $2 AND c_id = $3","parameters: $1 = '1', $2 = '1', $3 = '5'",,,,,,,,"","client backend"
2024-06-16 19:01:54.088 CST,"raingage","benchmark",54596,"127.0.0.1:48952",666ec5b9.d544,1038,"SELECT",2024-06-16 19:00:09 CST,5/75,0,LOG,00000,"execute S_1: SELECT c_discount, c_last, c_credit, w_tax     FROM bmsql_customer     JOIN bmsql_warehouse ON (w_id = c_w_id)     WHERE c_w_id = $1 AND c_d_id = $2 AND c_id = $3","parameters: $1 = '1', $2 = '1', $3 = '5'",,,,,,,,"","client backend"
2024-06-16 19:01:54.160 CST,"raingage","benchmark",54596,"127.0.0.1:48952",666ec5b9.d544,1039,"SELECT",2024-06-16 19:00:09 CST,5/75,0,LOG,00000,"execute S_1: SELECT c_discount, c_last, c_credit, w_tax     FROM bmsql_customer     JOIN bmsql_warehouse ON (w_id = c_w_id)     WHERE c_w_id = $1 AND c_d_id = $2 AND c_id = $3","parameters: $1 = '1', $2 = '1', $3 = '5'",,,,,,,,"","client backend"
2024-06-16 19:01:54.226 CST,"raingage","benchmark",54596,"127.0.0.1:48952",666ec5b9.d544,1040,"SELECT",2024-06-16 19:00:09 CST,5/75,0,LOG,00000,"execute S_1: SELECT c_discount, c_last, c_credit, w_tax     FROM bmsql_customer     JOIN bmsql_warehouse ON (w_id = c_w_id)     WHERE c_w_id = $1 AND c_d_id = $2 AND c_id = $3","parameters: $1 = '1', $2 = '1', $3 = '5'",,,,,,,,"","client backend"
2024-06-16 19:01:54.239 CST,"raingage","benchmark",54596,"127.0.0.1:48952",666ec5b9.d544,1041,"SELECT",2024-06-16 19:00:09 CST,5/75,0,LOG,00000,"execute S_5: SELECT i_price, i_name, i_data     FROM bmsql_item     WHERE i_id = $1","parameters: $1 = '101'",,,,,,,,"","client backend"
2024-06-16 19:01:54.258 CST,"raingage","benchmark",54596,"127.0.0.1:48952",666ec5b9.d544,1042,"SELECT",2024-06-16 19:00:09 CST,5/75,0,LOG,00000,"execute S_6: SELECT s_quantity, s_data,        s_dist_01, s_dist_02, s_dist_03, s_dist_04,        s_dist_05, s_dist_06, s_dist_07, s_dist_08,        s_dist_09, s_dist_10     FROM bmsql_stock     WHERE s_w_id = $1 AND s_i_id = $2 ","parameters: $1 = '1', $2 = '101'",,,,,,,,"","client backend"
2024-06-16 19:01:54.273 CST,"raingage","benchmark",54596,"127.0.0.1:48952",666ec5b9.d544,1043,"UPDATE",2024-06-16 19:00:09 CST,5/75,0,LOG,00000,"execute S_7: UPDATE bmsql_stock     SET s_quantity = $1, s_ytd = s_ytd + $2,         s_order_cnt = s_order_cnt + 1,         s_remote_cnt = s_remote_cnt + $3     WHERE s_w_id = $4 AND s_i_id = $5","parameters: $1 = '82', $2 = '7', $3 = '0', $4 = '1', $5 = '101'",,,,,,,,"","client backend"
2024-06-16 19:01:54.289 CST,"raingage","benchmark",54596,"127.0.0.1:48952",666ec5b9.d544,1044,"COMMIT",2024-06-16 19:00:09 CST,5/75,115459,LOG,00000,"execute S_2: COMMIT",,,,,,,,,"","client backend"
2024-06-16 19:01:54.308 CST,"raingage","benchmark",54596,"127.0.0.1:48952",666ec5b9.d544,1045,"BEGIN",2024-06-16 19:00:09 CST,5/76,0,LOG,00000,"execute S_3: BEGIN",,,,,,,,,"","client backend"
2024-06-16 19:01:54.324 CST,"raingage","benchmark",54596,"127.0.0.1:48952",666ec5b9.d544,1046,"SELECT",2024-06-16 19:00:09 CST,5/76,0,LOG,00000,"execute S_4: SELECT d_tax, d_next_o_id     FROM bmsql_district     WHERE d_w_id = $1 AND d_id = $2 ","parameters: $1 = '1', $2 = '1'",,,,,,,,"","client backend"
2024-06-16 19:01:54.392 CST,"raingage","benchmark",54596,"127.0.0.1:48952",666ec5b9.d544,1047,"SELECT",2024-06-16 19:00:09 CST,5/76,0,LOG,00000,"execute S_1: SELECT c_discount, c_last, c_credit, w_tax     FROM bmsql_customer     JOIN bmsql_warehouse ON (w_id = c_w_id)     WHERE c_w_id = $1 AND c_d_id = $2 AND c_id = $3","parameters: $1 = '1', $2 = '1', $3 = '75'",,,,,,,,"","client backend"
2024-06-16 19:01:54.464 CST,"raingage","benchmark",54596,"127.0.0.1:48952",666ec5b9.d544,1048,"SELECT",2024-06-16 19:00:09 CST,5/76,0,LOG,00000,"execute S_1: SELECT c_discount, c_last, c_credit, w_tax     FROM bmsql_customer     JOIN bmsql_warehouse ON (w_id = c_w_id)     WHERE c_w_id = $1 AND c_d_id = $2 AND c_id = $3","parameters: $1 = '1', $2 = '1', $3 = '75'",,,,,,,,"","client backend"
2024-06-16 19:01:54.535 CST,"raingage","benchmark",54596,"127.0.0.1:48952",666ec5b9.d544,1049,"SELECT",2024-06-16 19:00:09 CST,5/76,0,LOG,00000,"execute S_1: SELECT c_discount, c_last, c_credit, w_tax     FROM bmsql_customer     JOIN bmsql_warehouse ON (w_id = c_w_id)     WHERE c_w_id = $1 AND c_d_id = $2 AND c_id = $3","parameters: $1 = '1', $2 = '1', $3 = '75'",,,,,,,,"","client backend"
2024-06-16 19:01:54.604 CST,"raingage","benchmark",54596,"127.0.0.1:48952",666ec5b9.d544,1050,"SELECT",2024-06-16 19:00:09 CST,5/76,0,LOG,00000,"execute S_1: SELECT c_discount, c_last, c_credit, w_tax     FROM bmsql_customer     JOIN bmsql_warehouse ON (w_id = c_w_id)     WHERE c_w_id = $1 AND c_d_id = $2 AND c_id = $3","parameters: $1 = '1', $2 = '1', $3 = '75'",,,,,,,,"","client backend"
2024-06-16 19:01:54.670 CST,"raingage","benchmark",54596,"127.0.0.1:48952",666ec5b9.d544,1051,"SELECT",2024-06-16 19:00:09 CST,5/76,0,LOG,00000,"execute S_1: SELECT c_discount, c_last, c_credit, w_tax     FROM bmsql_customer     JOIN bmsql_warehouse ON (w_id = c_w_id)     WHERE c_w_id = $1 AND c_d_id = $2 AND c_id = $3","parameters: $1 = '1', $2 = '1', $3 = '75'",,,,,,,,"","client backend"
2024-06-16 19:01:54.740 CST,"raingage","benchmark",54596,"127.0.0.1:48952",666ec5b9.d544,1052,"SELECT",2024-06-16 19:00:09 CST,5/76,0,LOG,00000,"execute S_1: SELECT c_discount, c_last, c_credit, w_tax     FROM bmsql_customer     JOIN bmsql_warehouse ON (w_id = c_w_id)     WHERE c_w_id = $1 AND c_d_id = $2 AND c_id = $3","parameters: $1 = '1', $2 = '1', $3 = '75'",,,,,,,,"","client backend"
2024-06-16 19:01:54.810 CST,"raingage","benchmark",54596,"127.0.0.1:48952",666ec5b9.d544,1053,"SELECT",2024-06-16 19:00:09 CST,5/76,0,LOG,00000,"execute S_1: SELECT c_discount, c_last, c_credit, w_tax     FROM bmsql_customer     JOIN bmsql_warehouse ON (w_id = c_w_id)     WHERE c_w_id = $1 AND c_d_id = $2 AND c_id = $3","parameters: $1 = '1', $2 = '1', $3 = '75'",,,,,,,,"","client backend"
2024-06-16 19:01:54.874 CST,"raingage","benchmark",54596,"127.0.0.1:48952",666ec5b9.d544,1054,"SELECT",2024-06-16 19:00:09 CST,5/76,0,LOG,00000,"execute S_1: SELECT c_discount, c_last, c_credit, w_tax     FROM bmsql_customer     JOIN bmsql_warehouse ON (w_id = c_w_id)     WHERE c_w_id = $1 AND c_d_id = $2 AND c_id = $3","parameters: $1 = '1', $2 = '1', $3 = '75'",,,,,,,,"","client backend"
2024-06-16 19:01:54.889 CST,"raingage","benchmark",54596,"127.0.0.1:48952",666ec5b9.d544,1055,"SELECT",2024-06-16 19:00:09 CST,5/76,0,LOG,00000,"execute S_5: SELECT i_price, i_name, i_data     FROM bmsql_item     WHERE i_id = $1","parameters: $1 = '81'",,,,,,,,"","client backend"
2024-06-16 19:01:54.902 CST,"raingage","benchmark",54596,"127.0.0.1:48952",666ec5b9.d544,1056,"SELECT",2024-06-16 19:00:09 CST,5/76,0,LOG,00000,"execute S_6: SELECT s_quantity, s_data,        s_dist_01, s_dist_02, s_dist_03, s_dist_04,        s_dist_05, s_dist_06, s_dist_07, s_dist_08,        s_dist_09, s_dist_10     FROM bmsql_stock     WHERE s_w_id = $1 AND s_i_id = $2 ","parameters: $1 = '1', $2 = '81'",,,,,,,,"","client backend"
2024-06-16 19:01:54.917 CST,"raingage","benchmark",54596,"127.0.0.1:48952",666ec5b9.d544,1057,"UPDATE",2024-06-16 19:00:09 CST,5/76,0,LOG,00000,"execute S_7: UPDATE bmsql_stock     SET s_quantity = $1, s_ytd = s_ytd + $2,         s_order_cnt = s_order_cnt + 1,         s_remote_cnt = s_remote_cnt + $3     WHERE s_w_id = $4 AND s_i_id = $5","parameters: $1 = '29', $2 = '2', $3 = '0', $4 = '1', $5 = '81'",,,,,,,,"","client backend"
2024-06-16 19:01:54.932 CST,"raingage","benchmark",54596,"127.0.0.1:48952",666ec5b9.d544,1058,"COMMIT",2024-06-16 19:00:09 CST,5/76,115460,LOG,00000,"execute S_2: COMMIT",,,,,,,,,"","client backend"
2024-06-16 19:01:54.952 CST,"raingage","benchmark",54596,"127.0.0.1:48952",666ec5b9.d544,1059,"BEGIN",2024-06-16 19:00:09 CST,5/77,0,LOG,00000,"execute S_3: BEGIN",,,,,,,,,"","client backend"
2024-06-16 19:01:54.971 CST,"raingage","benchmark",54596,"127.0.0.1:48952",666ec5b9.d544,1060,"SELECT",2024-06-16 19:00:09 CST,5/77,0,LOG,00000,"execute S_4: SELECT d_tax, d_next_o_id     FROM bmsql_district     WHERE d_w_id = $1 AND d_id = $2 ","parameters: $1 = '1', $2 = '1'",,,,,,,,"","client backend"
2024-06-16 19:01:55.036 CST,"raingage","benchmark",54596,"127.0.0.1:48952",666ec5b9.d544,1061,"SELECT",2024-06-16 19:00:09 CST,5/77,0,LOG,00000,"execute S_1: SELECT c_discount, c_last, c_credit, w_tax     FROM bmsql_customer     JOIN bmsql_warehouse ON (w_id = c_w_id)     WHERE c_w_id = $1 AND c_d_id = $2 AND c_id = $3","parameters: $1 = '1', $2 = '1', $3 = '75'",,,,,,,,"","client backend"
2024-06-16 19:01:55.099 CST,"raingage","benchmark",54596,"127.0.0.1:48952",666ec5b9.d544,1062,"SELECT",2024-06-16 19:00:09 CST,5/77,0,LOG,00000,"execute S_1: SELECT c_discount, c_last, c_credit, w_tax     FROM bmsql_customer     JOIN bmsql_warehouse ON (w_id = c_w_id)     WHERE c_w_id = $1 AND c_d_id = $2 AND c_id = $3","parameters: $1 = '1', $2 = '1', $3 = '75'",,,,,,,,"","client backend"
2024-06-16 19:01:55.166 CST,"raingage","benchmark",54596,"127.0.0.1:48952",666ec5b9.d544,1063,"SELECT",2024-06-16 19:00:09 CST,5/77,0,LOG,00000,"execute S_1: SELECT c_discount, c_last, c_credit, w_tax     FROM bmsql_customer     JOIN bmsql_warehouse ON (w_id = c_w_id)     WHERE c_w_id = $1 AND c_d_id = $2 AND c_id = $3","parameters: $1 = '1', $2 = '1', $3 = '75'",,,,,,,,"","client backend"
2024-06-16 19:01:55.233 CST,"raingage","benchmark",54596,"127.0.0.1:48952",666ec5b9.d544,1064,"SELECT",2024-06-16 19:00:09 CST,5/77,0,LOG,00000,"execute S_1: SELECT c_discount, c_last, c_credit, w_tax     FROM bmsql_customer     JOIN bmsql_warehouse ON (w_id = c_w_id)     WHERE c_w_id = $1 AND c_d_id = $2 AND c_id = $3","parameters: $1 = '1', $2 = '1', $3 = '75'",,,,,,,,"","client backend"
2024-06-16 19:01:55.296 CST,"raingage","benchmark",54596,"127.0.0.1:48952",666ec5b9.d544,1065,"SELECT",2024-06-16 19:00:09 CST,5/77,0,LOG,00000,"execute S_1: SELECT c_discount, c_last, c_credit, w_tax     FROM bmsql_customer     JOIN bmsql_warehouse ON (w_id = c_w_id)     WHERE c_w_id = $1 AND c_d_id = $2 AND c_id = $3","parameters: $1 = '1', $2 = '1', $3 = '75'",,,,,,,,"","client backend"
2024-06-16 19:01:55.368 CST,"raingage","benchmark",54596,"127.0.0.1:48952",666ec5b9.d544,1066,"SELECT",2024-06-16 19:00:09 CST,5/77,0,LOG,00000,"execute S_1: SELECT c_discount, c_last, c_credit, w_tax     FROM bmsql_customer     JOIN bmsql_warehouse ON (w_id = c_w_id)     WHERE c_w_id = $1 AND c_d_id = $2 AND c_id = $3","parameters: $1 = '1', $2 = '1', $3 = '75'",,,,,,,,"","client backend"
2024-06-16 19:01:55.430 CST,"raingage","benchmark",54596,"127.0.0.1:48952",666ec5b9.d544,1067,"SELECT",2024-06-16 19:00:09 CST,5/77,0,LOG,00000,"execute S_1: SELECT c_discount, c_last, c_credit, w_tax     FROM bmsql_customer     JOIN bmsql_warehouse ON (w_id = c_w_id)     WHERE c_w_id = $1 AND c_d_id = $2 AND c_id = $3","parameters: $1 = '1', $2 = '1', $3 = '75'",,,,,,,,"","client backend"
2024-06-16 19:01:55.496 CST,"raingage","benchmark",54596,"127.0.0.1:48952",666ec5b9.d544,1068,"SELECT",2024-06-16 19:00:09 CST,5/77,0,LOG,00000,"execute S_1: SELECT c_discount, c_last, c_credit, w_tax     FROM bmsql_customer     JOIN bmsql_warehouse ON (w_id = c_w_id)     WHERE c_w_id = $1 AND c_d_id = $2 AND c_id = $3","parameters: $1 = '1', $2 = '1', $3 = '75'",,,,,,,,"","client backend"
2024-06-16 19:01:55.513 CST,"raingage","benchmark",54596,"127.0.0.1:48952",666ec5b9.d544,1069,"SELECT",2024-06-16 19:00:09 CST,5/77,0,LOG,00000,"execute S_5: SELECT i_price, i_name, i_data     FROM bmsql_item     WHERE i_id = $1","parameters: $1 = '81'",,,,,,,,"","client backend"
2024-06-16 19:01:55.526 CST,"raingage","benchmark",54596,"127.0.0.1:48952",666ec5b9.d544,1070,"SELECT",2024-06-16 19:00:09 CST,5/77,0,LOG,00000,"execute S_6: SELECT s_quantity, s_data,        s_dist_01, s_dist_02, s_dist_03, s_dist_04,        s_dist_05, s_dist_06, s_dist_07, s_dist_08,        s_dist_09, s_dist_10     FROM bmsql_stock     WHERE s_w_id = $1 AND s_i_id = $2 ","parameters: $1 = '1', $2 = '81'",,,,,,,,"","client backend"
2024-06-16 19:01:55.545 CST,"raingage","benchmark",54596,"127.0.0.1:48952",666ec5b9.d544,1071,"UPDATE",2024-06-16 19:00:09 CST,5/77,0,LOG,00000,"execute S_7: UPDATE bmsql_stock     SET s_quantity = $1, s_ytd = s_ytd + $2,         s_order_cnt = s_order_cnt + 1,         s_remote_cnt = s_remote_cnt + $3     WHERE s_w_id = $4 AND s_i_id = $5","parameters: $1 = '27', $2 = '2', $3 = '0', $4 = '1', $5 = '81'",,,,,,,,"","client backend"
2024-06-16 19:01:55.557 CST,"raingage","benchmark",54596,"127.0.0.1:48952",666ec5b9.d544,1072,"COMMIT",2024-06-16 19:00:09 CST,5/77,115461,LOG,00000,"execute S_2: COMMIT",,,,,,,,,"","client backend"
2024-06-16 19:01:55.579 CST,"raingage","benchmark",54596,"127.0.0.1:48952",666ec5b9.d544,1073,"BEGIN",2024-06-16 19:00:09 CST,5/78,0,LOG,00000,"execute S_3: BEGIN",,,,,,,,,"","client backend"
2024-06-16 19:01:55.599 CST,"raingage","benchmark",54596,"127.0.0.1:48952",666ec5b9.d544,1074,"SELECT",2024-06-16 19:00:09 CST,5/78,0,LOG,00000,"execute S_4: SELECT d_tax, d_next_o_id     FROM bmsql_district     WHERE d_w_id = $1 AND d_id = $2 ","parameters: $1 = '1', $2 = '1'",,,,,,,,"","client backend"
2024-06-16 19:01:55.668 CST,"raingage","benchmark",54596,"127.0.0.1:48952",666ec5b9.d544,1075,"SELECT",2024-06-16 19:00:09 CST,5/78,0,LOG,00000,"execute S_1: SELECT c_discount, c_last, c_credit, w_tax     FROM bmsql_customer     JOIN bmsql_warehouse ON (w_id = c_w_id)     WHERE c_w_id = $1 AND c_d_id = $2 AND c_id = $3","parameters: $1 = '1', $2 = '1', $3 = '9'",,,,,,,,"","client backend"
2024-06-16 19:01:55.734 CST,"raingage","benchmark",54596,"127.0.0.1:48952",666ec5b9.d544,1076,"SELECT",2024-06-16 19:00:09 CST,5/78,0,LOG,00000,"execute S_1: SELECT c_discount, c_last, c_credit, w_tax     FROM bmsql_customer     JOIN bmsql_warehouse ON (w_id = c_w_id)     WHERE c_w_id = $1 AND c_d_id = $2 AND c_id = $3","parameters: $1 = '1', $2 = '1', $3 = '9'",,,,,,,,"","client backend"
2024-06-16 19:01:55.803 CST,"raingage","benchmark",54596,"127.0.0.1:48952",666ec5b9.d544,1077,"SELECT",2024-06-16 19:00:09 CST,5/78,0,LOG,00000,"execute S_1: SELECT c_discount, c_last, c_credit, w_tax     FROM bmsql_customer     JOIN bmsql_warehouse ON (w_id = c_w_id)     WHERE c_w_id = $1 AND c_d_id = $2 AND c_id = $3","parameters: $1 = '1', $2 = '1', $3 = '9'",,,,,,,,"","client backend"
2024-06-16 19:01:55.866 CST,"raingage","benchmark",54596,"127.0.0.1:48952",666ec5b9.d544,1078,"SELECT",2024-06-16 19:00:09 CST,5/78,0,LOG,00000,"execute S_1: SELECT c_discount, c_last, c_credit, w_tax     FROM bmsql_customer     JOIN bmsql_warehouse ON (w_id = c_w_id)     WHERE c_w_id = $1 AND c_d_id = $2 AND c_id = $3","parameters: $1 = '1', $2 = '1', $3 = '9'",,,,,,,,"","client backend"
2024-06-16 19:01:55.922 CST,"raingage","benchmark",54597,"127.0.0.1:48954",666ec5b9.d545,525,"BEGIN",2024-06-16 19:00:09 CST,6/39,0,LOG,00000,"execute S_3: BEGIN",,,,,,,,,"","client backend"
2024-06-16 19:01:55.931 CST,"raingage","benchmark",54596,"127.0.0.1:48952",666ec5b9.d544,1079,"SELECT",2024-06-16 19:00:09 CST,5/78,0,LOG,00000,"execute S_1: SELECT c_discount, c_last, c_credit, w_tax     FROM bmsql_customer     JOIN bmsql_warehouse ON (w_id = c_w_id)     WHERE c_w_id = $1 AND c_d_id = $2 AND c_id = $3","parameters: $1 = '1', $2 = '1', $3 = '9'",,,,,,,,"","client backend"
2024-06-16 19:01:55.936 CST,"raingage","benchmark",54597,"127.0.0.1:48954",666ec5b9.d545,526,"SELECT",2024-06-16 19:00:09 CST,6/39,0,LOG,00000,"execute S_4: SELECT d_tax, d_next_o_id     FROM bmsql_district     WHERE d_w_id = $1 AND d_id = $2 ","parameters: $1 = '1', $2 = '4'",,,,,,,,"","client backend"
2024-06-16 19:01:56.001 CST,"raingage","benchmark",54596,"127.0.0.1:48952",666ec5b9.d544,1080,"SELECT",2024-06-16 19:00:09 CST,5/78,0,LOG,00000,"execute S_1: SELECT c_discount, c_last, c_credit, w_tax     FROM bmsql_customer     JOIN bmsql_warehouse ON (w_id = c_w_id)     WHERE c_w_id = $1 AND c_d_id = $2 AND c_id = $3","parameters: $1 = '1', $2 = '1', $3 = '9'",,,,,,,,"","client backend"
2024-06-16 19:01:56.008 CST,"raingage","benchmark",54597,"127.0.0.1:48954",666ec5b9.d545,527,"SELECT",2024-06-16 19:00:09 CST,6/39,0,LOG,00000,"execute S_1: SELECT c_discount, c_last, c_credit, w_tax     FROM bmsql_customer     JOIN bmsql_warehouse ON (w_id = c_w_id)     WHERE c_w_id = $1 AND c_d_id = $2 AND c_id = $3","parameters: $1 = '1', $2 = '4', $3 = '50'",,,,,,,,"","client backend"
2024-06-16 19:01:56.071 CST,"raingage","benchmark",54596,"127.0.0.1:48952",666ec5b9.d544,1081,"SELECT",2024-06-16 19:00:09 CST,5/78,0,LOG,00000,"execute S_1: SELECT c_discount, c_last, c_credit, w_tax     FROM bmsql_customer     JOIN bmsql_warehouse ON (w_id = c_w_id)     WHERE c_w_id = $1 AND c_d_id = $2 AND c_id = $3","parameters: $1 = '1', $2 = '1', $3 = '9'",,,,,,,,"","client backend"
2024-06-16 19:01:56.078 CST,"raingage","benchmark",54597,"127.0.0.1:48954",666ec5b9.d545,528,"SELECT",2024-06-16 19:00:09 CST,6/39,0,LOG,00000,"execute S_1: SELECT c_discount, c_last, c_credit, w_tax     FROM bmsql_customer     JOIN bmsql_warehouse ON (w_id = c_w_id)     WHERE c_w_id = $1 AND c_d_id = $2 AND c_id = $3","parameters: $1 = '1', $2 = '4', $3 = '50'",,,,,,,,"","client backend"
2024-06-16 19:01:56.141 CST,"raingage","benchmark",54597,"127.0.0.1:48954",666ec5b9.d545,529,"SELECT",2024-06-16 19:00:09 CST,6/39,0,LOG,00000,"execute S_1: SELECT c_discount, c_last, c_credit, w_tax     FROM bmsql_customer     JOIN bmsql_warehouse ON (w_id = c_w_id)     WHERE c_w_id = $1 AND c_d_id = $2 AND c_id = $3","parameters: $1 = '1', $2 = '4', $3 = '50'",,,,,,,,"","client backend"
2024-06-16 19:01:56.142 CST,"raingage","benchmark",54596,"127.0.0.1:48952",666ec5b9.d544,1082,"SELECT",2024-06-16 19:00:09 CST,5/78,0,LOG,00000,"execute S_1: SELECT c_discount, c_last, c_credit, w_tax     FROM bmsql_customer     JOIN bmsql_warehouse ON (w_id = c_w_id)     WHERE c_w_id = $1 AND c_d_id = $2 AND c_id = $3","parameters: $1 = '1', $2 = '1', $3 = '9'",,,,,,,,"","client backend"
2024-06-16 19:01:56.159 CST,"raingage","benchmark",54596,"127.0.0.1:48952",666ec5b9.d544,1083,"SELECT",2024-06-16 19:00:09 CST,5/78,0,LOG,00000,"execute S_5: SELECT i_price, i_name, i_data     FROM bmsql_item     WHERE i_id = $1","parameters: $1 = '25'",,,,,,,,"","client backend"
2024-06-16 19:01:56.177 CST,"raingage","benchmark",54596,"127.0.0.1:48952",666ec5b9.d544,1084,"SELECT",2024-06-16 19:00:09 CST,5/78,0,LOG,00000,"execute S_6: SELECT s_quantity, s_data,        s_dist_01, s_dist_02, s_dist_03, s_dist_04,        s_dist_05, s_dist_06, s_dist_07, s_dist_08,        s_dist_09, s_dist_10     FROM bmsql_stock     WHERE s_w_id = $1 AND s_i_id = $2 ","parameters: $1 = '1', $2 = '25'",,,,,,,,"","client backend"
2024-06-16 19:01:56.191 CST,"raingage","benchmark",54596,"127.0.0.1:48952",666ec5b9.d544,1085,"UPDATE",2024-06-16 19:00:09 CST,5/78,0,LOG,00000,"execute S_7: UPDATE bmsql_stock     SET s_quantity = $1, s_ytd = s_ytd + $2,         s_order_cnt = s_order_cnt + 1,         s_remote_cnt = s_remote_cnt + $3     WHERE s_w_id = $4 AND s_i_id = $5","parameters: $1 = '14', $2 = '6', $3 = '0', $4 = '1', $5 = '25'",,,,,,,,"","client backend"
2024-06-16 19:01:56.205 CST,"raingage","benchmark",54597,"127.0.0.1:48954",666ec5b9.d545,530,"SELECT",2024-06-16 19:00:09 CST,6/39,0,LOG,00000,"execute S_1: SELECT c_discount, c_last, c_credit, w_tax     FROM bmsql_customer     JOIN bmsql_warehouse ON (w_id = c_w_id)     WHERE c_w_id = $1 AND c_d_id = $2 AND c_id = $3","parameters: $1 = '1', $2 = '4', $3 = '50'",,,,,,,,"","client backend"
2024-06-16 19:01:56.212 CST,"raingage","benchmark",54596,"127.0.0.1:48952",666ec5b9.d544,1086,"COMMIT",2024-06-16 19:00:09 CST,5/78,115462,LOG,00000,"execute S_2: COMMIT",,,,,,,,,"","client backend"
2024-06-16 19:01:56.268 CST,"raingage","benchmark",54597,"127.0.0.1:48954",666ec5b9.d545,531,"SELECT",2024-06-16 19:00:09 CST,6/39,0,LOG,00000,"execute S_1: SELECT c_discount, c_last, c_credit, w_tax     FROM bmsql_customer     JOIN bmsql_warehouse ON (w_id = c_w_id)     WHERE c_w_id = $1 AND c_d_id = $2 AND c_id = $3","parameters: $1 = '1', $2 = '4', $3 = '50'",,,,,,,,"","client backend"
2024-06-16 19:01:56.332 CST,"raingage","benchmark",54597,"127.0.0.1:48954",666ec5b9.d545,532,"SELECT",2024-06-16 19:00:09 CST,6/39,0,LOG,00000,"execute S_1: SELECT c_discount, c_last, c_credit, w_tax     FROM bmsql_customer     JOIN bmsql_warehouse ON (w_id = c_w_id)     WHERE c_w_id = $1 AND c_d_id = $2 AND c_id = $3","parameters: $1 = '1', $2 = '4', $3 = '50'",,,,,,,,"","client backend"
2024-06-16 19:01:56.401 CST,"raingage","benchmark",54597,"127.0.0.1:48954",666ec5b9.d545,533,"SELECT",2024-06-16 19:00:09 CST,6/39,0,LOG,00000,"execute S_1: SELECT c_discount, c_last, c_credit, w_tax     FROM bmsql_customer     JOIN bmsql_warehouse ON (w_id = c_w_id)     WHERE c_w_id = $1 AND c_d_id = $2 AND c_id = $3","parameters: $1 = '1', $2 = '4', $3 = '50'",,,,,,,,"","client backend"
2024-06-16 19:01:56.472 CST,"raingage","benchmark",54597,"127.0.0.1:48954",666ec5b9.d545,534,"SELECT",2024-06-16 19:00:09 CST,6/39,0,LOG,00000,"execute S_1: SELECT c_discount, c_last, c_credit, w_tax     FROM bmsql_customer     JOIN bmsql_warehouse ON (w_id = c_w_id)     WHERE c_w_id = $1 AND c_d_id = $2 AND c_id = $3","parameters: $1 = '1', $2 = '4', $3 = '50'",,,,,,,,"","client backend"
2024-06-16 19:01:56.489 CST,"raingage","benchmark",54597,"127.0.0.1:48954",666ec5b9.d545,535,"SELECT",2024-06-16 19:00:09 CST,6/39,0,LOG,00000,"execute S_5: SELECT i_price, i_name, i_data     FROM bmsql_item     WHERE i_id = $1","parameters: $1 = '7'",,,,,,,,"","client backend"
2024-06-16 19:01:56.507 CST,"raingage","benchmark",54597,"127.0.0.1:48954",666ec5b9.d545,536,"SELECT",2024-06-16 19:00:09 CST,6/39,0,LOG,00000,"execute S_6: SELECT s_quantity, s_data,        s_dist_01, s_dist_02, s_dist_03, s_dist_04,        s_dist_05, s_dist_06, s_dist_07, s_dist_08,        s_dist_09, s_dist_10     FROM bmsql_stock     WHERE s_w_id = $1 AND s_i_id = $2 ","parameters: $1 = '1', $2 = '7'",,,,,,,,"","client backend"
2024-06-16 19:01:56.520 CST,"raingage","benchmark",54597,"127.0.0.1:48954",666ec5b9.d545,537,"UPDATE",2024-06-16 19:00:09 CST,6/39,0,LOG,00000,"execute S_7: UPDATE bmsql_stock     SET s_quantity = $1, s_ytd = s_ytd + $2,         s_order_cnt = s_order_cnt + 1,         s_remote_cnt = s_remote_cnt + $3     WHERE s_w_id = $4 AND s_i_id = $5","parameters: $1 = '105', $2 = '6', $3 = '0', $4 = '1', $5 = '7'",,,,,,,,"","client backend"
2024-06-16 19:01:56.539 CST,"raingage","benchmark",54597,"127.0.0.1:48954",666ec5b9.d545,538,"COMMIT",2024-06-16 19:00:09 CST,6/39,115463,LOG,00000,"execute S_2: COMMIT",,,,,,,,,"","client backend"
2024-06-16 19:01:56.556 CST,"raingage","benchmark",54597,"127.0.0.1:48954",666ec5b9.d545,539,"BEGIN",2024-06-16 19:00:09 CST,6/40,0,LOG,00000,"execute S_3: BEGIN",,,,,,,,,"","client backend"
2024-06-16 19:01:56.576 CST,"raingage","benchmark",54597,"127.0.0.1:48954",666ec5b9.d545,540,"SELECT",2024-06-16 19:00:09 CST,6/40,0,LOG,00000,"execute S_4: SELECT d_tax, d_next_o_id     FROM bmsql_district     WHERE d_w_id = $1 AND d_id = $2 ","parameters: $1 = '1', $2 = '1'",,,,,,,,"","client backend"
2024-06-16 19:01:56.642 CST,"raingage","benchmark",54597,"127.0.0.1:48954",666ec5b9.d545,541,"SELECT",2024-06-16 19:00:09 CST,6/40,0,LOG,00000,"execute S_1: SELECT c_discount, c_last, c_credit, w_tax     FROM bmsql_customer     JOIN bmsql_warehouse ON (w_id = c_w_id)     WHERE c_w_id = $1 AND c_d_id = $2 AND c_id = $3","parameters: $1 = '1', $2 = '1', $3 = '80'",,,,,,,,"","client backend"
2024-06-16 19:01:56.704 CST,"raingage","benchmark",54597,"127.0.0.1:48954",666ec5b9.d545,542,"SELECT",2024-06-16 19:00:09 CST,6/40,0,LOG,00000,"execute S_1: SELECT c_discount, c_last, c_credit, w_tax     FROM bmsql_customer     JOIN bmsql_warehouse ON (w_id = c_w_id)     WHERE c_w_id = $1 AND c_d_id = $2 AND c_id = $3","parameters: $1 = '1', $2 = '1', $3 = '80'",,,,,,,,"","client backend"
2024-06-16 19:01:56.772 CST,"raingage","benchmark",54597,"127.0.0.1:48954",666ec5b9.d545,543,"SELECT",2024-06-16 19:00:09 CST,6/40,0,LOG,00000,"execute S_1: SELECT c_discount, c_last, c_credit, w_tax     FROM bmsql_customer     JOIN bmsql_warehouse ON (w_id = c_w_id)     WHERE c_w_id = $1 AND c_d_id = $2 AND c_id = $3","parameters: $1 = '1', $2 = '1', $3 = '80'",,,,,,,,"","client backend"
2024-06-16 19:01:56.835 CST,"raingage","benchmark",54597,"127.0.0.1:48954",666ec5b9.d545,544,"SELECT",2024-06-16 19:00:09 CST,6/40,0,LOG,00000,"execute S_1: SELECT c_discount, c_last, c_credit, w_tax     FROM bmsql_customer     JOIN bmsql_warehouse ON (w_id = c_w_id)     WHERE c_w_id = $1 AND c_d_id = $2 AND c_id = $3","parameters: $1 = '1', $2 = '1', $3 = '80'",,,,,,,,"","client backend"
2024-06-16 19:01:56.906 CST,"raingage","benchmark",54597,"127.0.0.1:48954",666ec5b9.d545,545,"SELECT",2024-06-16 19:00:09 CST,6/40,0,LOG,00000,"execute S_1: SELECT c_discount, c_last, c_credit, w_tax     FROM bmsql_customer     JOIN bmsql_warehouse ON (w_id = c_w_id)     WHERE c_w_id = $1 AND c_d_id = $2 AND c_id = $3","parameters: $1 = '1', $2 = '1', $3 = '80'",,,,,,,,"","client backend"
2024-06-16 19:01:56.974 CST,"raingage","benchmark",54597,"127.0.0.1:48954",666ec5b9.d545,546,"SELECT",2024-06-16 19:00:09 CST,6/40,0,LOG,00000,"execute S_1: SELECT c_discount, c_last, c_credit, w_tax     FROM bmsql_customer     JOIN bmsql_warehouse ON (w_id = c_w_id)     WHERE c_w_id = $1 AND c_d_id = $2 AND c_id = $3","parameters: $1 = '1', $2 = '1', $3 = '80'",,,,,,,,"","client backend"
2024-06-16 19:01:57.005 CST,"raingage","benchmark",54599,"127.0.0.1:48958",666ec5b9.d547,713,"BEGIN",2024-06-16 19:00:09 CST,8/52,0,LOG,00000,"execute S_3: BEGIN",,,,,,,,,"","client backend"
2024-06-16 19:01:57.019 CST,"raingage","benchmark",54599,"127.0.0.1:48958",666ec5b9.d547,714,"SELECT",2024-06-16 19:00:09 CST,8/52,0,LOG,00000,"execute S_4: SELECT d_tax, d_next_o_id     FROM bmsql_district     WHERE d_w_id = $1 AND d_id = $2 ","parameters: $1 = '1', $2 = '2'",,,,,,,,"","client backend"
2024-06-16 19:01:57.037 CST,"raingage","benchmark",54597,"127.0.0.1:48954",666ec5b9.d545,547,"SELECT",2024-06-16 19:00:09 CST,6/40,0,LOG,00000,"execute S_1: SELECT c_discount, c_last, c_credit, w_tax     FROM bmsql_customer     JOIN bmsql_warehouse ON (w_id = c_w_id)     WHERE c_w_id = $1 AND c_d_id = $2 AND c_id = $3","parameters: $1 = '1', $2 = '1', $3 = '80'",,,,,,,,"","client backend"
2024-06-16 19:01:57.086 CST,"raingage","benchmark",54599,"127.0.0.1:48958",666ec5b9.d547,715,"SELECT",2024-06-16 19:00:09 CST,8/52,0,LOG,00000,"execute S_1: SELECT c_discount, c_last, c_credit, w_tax     FROM bmsql_customer     JOIN bmsql_warehouse ON (w_id = c_w_id)     WHERE c_w_id = $1 AND c_d_id = $2 AND c_id = $3","parameters: $1 = '1', $2 = '2', $3 = '72'",,,,,,,,"","client backend"
2024-06-16 19:01:57.104 CST,"raingage","benchmark",54597,"127.0.0.1:48954",666ec5b9.d545,548,"SELECT",2024-06-16 19:00:09 CST,6/40,0,LOG,00000,"execute S_1: SELECT c_discount, c_last, c_credit, w_tax     FROM bmsql_customer     JOIN bmsql_warehouse ON (w_id = c_w_id)     WHERE c_w_id = $1 AND c_d_id = $2 AND c_id = $3","parameters: $1 = '1', $2 = '1', $3 = '80'",,,,,,,,"","client backend"
2024-06-16 19:01:57.119 CST,"raingage","benchmark",54597,"127.0.0.1:48954",666ec5b9.d545,549,"SELECT",2024-06-16 19:00:09 CST,6/40,0,LOG,00000,"execute S_5: SELECT i_price, i_name, i_data     FROM bmsql_item     WHERE i_id = $1","parameters: $1 = '60'",,,,,,,,"","client backend"
2024-06-16 19:01:57.133 CST,"raingage","benchmark",54597,"127.0.0.1:48954",666ec5b9.d545,550,"SELECT",2024-06-16 19:00:09 CST,6/40,0,LOG,00000,"execute S_6: SELECT s_quantity, s_data,        s_dist_01, s_dist_02, s_dist_03, s_dist_04,        s_dist_05, s_dist_06, s_dist_07, s_dist_08,        s_dist_09, s_dist_10     FROM bmsql_stock     WHERE s_w_id = $1 AND s_i_id = $2 ","parameters: $1 = '1', $2 = '60'",,,,,,,,"","client backend"
2024-06-16 19:01:57.153 CST,"raingage","benchmark",54599,"127.0.0.1:48958",666ec5b9.d547,716,"SELECT",2024-06-16 19:00:09 CST,8/52,0,LOG,00000,"execute S_1: SELECT c_discount, c_last, c_credit, w_tax     FROM bmsql_customer     JOIN bmsql_warehouse ON (w_id = c_w_id)     WHERE c_w_id = $1 AND c_d_id = $2 AND c_id = $3","parameters: $1 = '1', $2 = '2', $3 = '72'",,,,,,,,"","client backend"
2024-06-16 19:01:57.154 CST,"raingage","benchmark",54597,"127.0.0.1:48954",666ec5b9.d545,551,"UPDATE",2024-06-16 19:00:09 CST,6/40,0,LOG,00000,"execute S_7: UPDATE bmsql_stock     SET s_quantity = $1, s_ytd = s_ytd + $2,         s_order_cnt = s_order_cnt + 1,         s_remote_cnt = s_remote_cnt + $3     WHERE s_w_id = $4 AND s_i_id = $5","parameters: $1 = '74', $2 = '8', $3 = '0', $4 = '1', $5 = '60'",,,,,,,,"","client backend"
2024-06-16 19:01:57.168 CST,"raingage","benchmark",54597,"127.0.0.1:48954",666ec5b9.d545,552,"COMMIT",2024-06-16 19:00:09 CST,6/40,115464,LOG,00000,"execute S_2: COMMIT",,,,,,,,,"","client backend"
2024-06-16 19:01:57.183 CST,"raingage","benchmark",54597,"127.0.0.1:48954",666ec5b9.d545,553,"BEGIN",2024-06-16 19:00:09 CST,6/41,0,LOG,00000,"execute S_3: BEGIN",,,,,,,,,"","client backend"
2024-06-16 19:01:57.194 CST,"raingage","benchmark",54597,"127.0.0.1:48954",666ec5b9.d545,554,"SELECT",2024-06-16 19:00:09 CST,6/41,0,LOG,00000,"execute S_4: SELECT d_tax, d_next_o_id     FROM bmsql_district     WHERE d_w_id = $1 AND d_id = $2 ","parameters: $1 = '1', $2 = '4'",,,,,,,,"","client backend"
2024-06-16 19:01:57.216 CST,"raingage","benchmark",54599,"127.0.0.1:48958",666ec5b9.d547,717,"SELECT",2024-06-16 19:00:09 CST,8/52,0,LOG,00000,"execute S_1: SELECT c_discount, c_last, c_credit, w_tax     FROM bmsql_customer     JOIN bmsql_warehouse ON (w_id = c_w_id)     WHERE c_w_id = $1 AND c_d_id = $2 AND c_id = $3","parameters: $1 = '1', $2 = '2', $3 = '72'",,,,,,,,"","client backend"
2024-06-16 19:01:57.264 CST,"raingage","benchmark",54597,"127.0.0.1:48954",666ec5b9.d545,555,"SELECT",2024-06-16 19:00:09 CST,6/41,0,LOG,00000,"execute S_1: SELECT c_discount, c_last, c_credit, w_tax     FROM bmsql_customer     JOIN bmsql_warehouse ON (w_id = c_w_id)     WHERE c_w_id = $1 AND c_d_id = $2 AND c_id = $3","parameters: $1 = '1', $2 = '4', $3 = '9'",,,,,,,,"","client backend"
2024-06-16 19:01:57.282 CST,"raingage","benchmark",54599,"127.0.0.1:48958",666ec5b9.d547,718,"SELECT",2024-06-16 19:00:09 CST,8/52,0,LOG,00000,"execute S_1: SELECT c_discount, c_last, c_credit, w_tax     FROM bmsql_customer     JOIN bmsql_warehouse ON (w_id = c_w_id)     WHERE c_w_id = $1 AND c_d_id = $2 AND c_id = $3","parameters: $1 = '1', $2 = '2', $3 = '72'",,,,,,,,"","client backend"
2024-06-16 19:01:57.335 CST,"raingage","benchmark",54597,"127.0.0.1:48954",666ec5b9.d545,556,"SELECT",2024-06-16 19:00:09 CST,6/41,0,LOG,00000,"execute S_1: SELECT c_discount, c_last, c_credit, w_tax     FROM bmsql_customer     JOIN bmsql_warehouse ON (w_id = c_w_id)     WHERE c_w_id = $1 AND c_d_id = $2 AND c_id = $3","parameters: $1 = '1', $2 = '4', $3 = '9'",,,,,,,,"","client backend"
2024-06-16 19:01:57.349 CST,"raingage","benchmark",54599,"127.0.0.1:48958",666ec5b9.d547,719,"SELECT",2024-06-16 19:00:09 CST,8/52,0,LOG,00000,"execute S_1: SELECT c_discount, c_last, c_credit, w_tax     FROM bmsql_customer     JOIN bmsql_warehouse ON (w_id = c_w_id)     WHERE c_w_id = $1 AND c_d_id = $2 AND c_id = $3","parameters: $1 = '1', $2 = '2', $3 = '72'",,,,,,,,"","client backend"
2024-06-16 19:01:57.403 CST,"raingage","benchmark",54597,"127.0.0.1:48954",666ec5b9.d545,557,"SELECT",2024-06-16 19:00:09 CST,6/41,0,LOG,00000,"execute S_1: SELECT c_discount, c_last, c_credit, w_tax     FROM bmsql_customer     JOIN bmsql_warehouse ON (w_id = c_w_id)     WHERE c_w_id = $1 AND c_d_id = $2 AND c_id = $3","parameters: $1 = '1', $2 = '4', $3 = '9'",,,,,,,,"","client backend"
2024-06-16 19:01:57.413 CST,"raingage","benchmark",54599,"127.0.0.1:48958",666ec5b9.d547,720,"SELECT",2024-06-16 19:00:09 CST,8/52,0,LOG,00000,"execute S_1: SELECT c_discount, c_last, c_credit, w_tax     FROM bmsql_customer     JOIN bmsql_warehouse ON (w_id = c_w_id)     WHERE c_w_id = $1 AND c_d_id = $2 AND c_id = $3","parameters: $1 = '1', $2 = '2', $3 = '72'",,,,,,,,"","client backend"
2024-06-16 19:01:57.472 CST,"raingage","benchmark",54597,"127.0.0.1:48954",666ec5b9.d545,558,"SELECT",2024-06-16 19:00:09 CST,6/41,0,LOG,00000,"execute S_1: SELECT c_discount, c_last, c_credit, w_tax     FROM bmsql_customer     JOIN bmsql_warehouse ON (w_id = c_w_id)     WHERE c_w_id = $1 AND c_d_id = $2 AND c_id = $3","parameters: $1 = '1', $2 = '4', $3 = '9'",,,,,,,,"","client backend"
2024-06-16 19:01:57.484 CST,"raingage","benchmark",54599,"127.0.0.1:48958",666ec5b9.d547,721,"SELECT",2024-06-16 19:00:09 CST,8/52,0,LOG,00000,"execute S_1: SELECT c_discount, c_last, c_credit, w_tax     FROM bmsql_customer     JOIN bmsql_warehouse ON (w_id = c_w_id)     WHERE c_w_id = $1 AND c_d_id = $2 AND c_id = $3","parameters: $1 = '1', $2 = '2', $3 = '72'",,,,,,,,"","client backend"
2024-06-16 19:01:57.543 CST,"raingage","benchmark",54597,"127.0.0.1:48954",666ec5b9.d545,559,"SELECT",2024-06-16 19:00:09 CST,6/41,0,LOG,00000,"execute S_1: SELECT c_discount, c_last, c_credit, w_tax     FROM bmsql_customer     JOIN bmsql_warehouse ON (w_id = c_w_id)     WHERE c_w_id = $1 AND c_d_id = $2 AND c_id = $3","parameters: $1 = '1', $2 = '4', $3 = '9'",,,,,,,,"","client backend"
2024-06-16 19:01:57.547 CST,"raingage","benchmark",54599,"127.0.0.1:48958",666ec5b9.d547,722,"SELECT",2024-06-16 19:00:09 CST,8/52,0,LOG,00000,"execute S_1: SELECT c_discount, c_last, c_credit, w_tax     FROM bmsql_customer     JOIN bmsql_warehouse ON (w_id = c_w_id)     WHERE c_w_id = $1 AND c_d_id = $2 AND c_id = $3","parameters: $1 = '1', $2 = '2', $3 = '72'",,,,,,,,"","client backend"
2024-06-16 19:01:57.563 CST,"raingage","benchmark",54599,"127.0.0.1:48958",666ec5b9.d547,723,"SELECT",2024-06-16 19:00:09 CST,8/52,0,LOG,00000,"execute S_5: SELECT i_price, i_name, i_data     FROM bmsql_item     WHERE i_id = $1","parameters: $1 = '30'",,,,,,,,"","client backend"
2024-06-16 19:01:57.582 CST,"raingage","benchmark",54599,"127.0.0.1:48958",666ec5b9.d547,724,"SELECT",2024-06-16 19:00:09 CST,8/52,0,LOG,00000,"execute S_6: SELECT s_quantity, s_data,        s_dist_01, s_dist_02, s_dist_03, s_dist_04,        s_dist_05, s_dist_06, s_dist_07, s_dist_08,        s_dist_09, s_dist_10     FROM bmsql_stock     WHERE s_w_id = $1 AND s_i_id = $2 ","parameters: $1 = '1', $2 = '30'",,,,,,,,"","client backend"
2024-06-16 19:01:57.601 CST,"raingage","benchmark",54599,"127.0.0.1:48958",666ec5b9.d547,725,"UPDATE",2024-06-16 19:00:09 CST,8/52,0,LOG,00000,"execute S_7: UPDATE bmsql_stock     SET s_quantity = $1, s_ytd = s_ytd + $2,         s_order_cnt = s_order_cnt + 1,         s_remote_cnt = s_remote_cnt + $3     WHERE s_w_id = $4 AND s_i_id = $5","parameters: $1 = '81', $2 = '8', $3 = '0', $4 = '1', $5 = '30'",,,,,,,,"","client backend"
2024-06-16 19:01:57.614 CST,"raingage","benchmark",54599,"127.0.0.1:48958",666ec5b9.d547,726,"COMMIT",2024-06-16 19:00:09 CST,8/52,115465,LOG,00000,"execute S_2: COMMIT",,,,,,,,,"","client backend"
2024-06-16 19:01:57.614 CST,"raingage","benchmark",54597,"127.0.0.1:48954",666ec5b9.d545,560,"SELECT",2024-06-16 19:00:09 CST,6/41,0,LOG,00000,"execute S_1: SELECT c_discount, c_last, c_credit, w_tax     FROM bmsql_customer     JOIN bmsql_warehouse ON (w_id = c_w_id)     WHERE c_w_id = $1 AND c_d_id = $2 AND c_id = $3","parameters: $1 = '1', $2 = '4', $3 = '9'",,,,,,,,"","client backend"
2024-06-16 19:01:57.631 CST,"raingage","benchmark",54599,"127.0.0.1:48958",666ec5b9.d547,727,"BEGIN",2024-06-16 19:00:09 CST,8/53,0,LOG,00000,"execute S_3: BEGIN",,,,,,,,,"","client backend"
2024-06-16 19:01:57.642 CST,"raingage","benchmark",54599,"127.0.0.1:48958",666ec5b9.d547,728,"SELECT",2024-06-16 19:00:09 CST,8/53,0,LOG,00000,"execute S_4: SELECT d_tax, d_next_o_id     FROM bmsql_district     WHERE d_w_id = $1 AND d_id = $2 ","parameters: $1 = '1', $2 = '4'",,,,,,,,"","client backend"
2024-06-16 19:01:57.677 CST,"raingage","benchmark",54597,"127.0.0.1:48954",666ec5b9.d545,561,"SELECT",2024-06-16 19:00:09 CST,6/41,0,LOG,00000,"execute S_1: SELECT c_discount, c_last, c_credit, w_tax     FROM bmsql_customer     JOIN bmsql_warehouse ON (w_id = c_w_id)     WHERE c_w_id = $1 AND c_d_id = $2 AND c_id = $3","parameters: $1 = '1', $2 = '4', $3 = '9'",,,,,,,,"","client backend"
2024-06-16 19:01:57.748 CST,"raingage","benchmark",54597,"127.0.0.1:48954",666ec5b9.d545,562,"SELECT",2024-06-16 19:00:09 CST,6/41,0,LOG,00000,"execute S_1: SELECT c_discount, c_last, c_credit, w_tax     FROM bmsql_customer     JOIN bmsql_warehouse ON (w_id = c_w_id)     WHERE c_w_id = $1 AND c_d_id = $2 AND c_id = $3","parameters: $1 = '1', $2 = '4', $3 = '9'",,,,,,,,"","client backend"
2024-06-16 19:01:57.769 CST,"raingage","benchmark",54597,"127.0.0.1:48954",666ec5b9.d545,563,"SELECT",2024-06-16 19:00:09 CST,6/41,0,LOG,00000,"execute S_5: SELECT i_price, i_name, i_data     FROM bmsql_item     WHERE i_id = $1","parameters: $1 = '54'",,,,,,,,"","client backend"
2024-06-16 19:01:57.788 CST,"raingage","benchmark",54597,"127.0.0.1:48954",666ec5b9.d545,564,"SELECT",2024-06-16 19:00:09 CST,6/41,0,LOG,00000,"execute S_6: SELECT s_quantity, s_data,        s_dist_01, s_dist_02, s_dist_03, s_dist_04,        s_dist_05, s_dist_06, s_dist_07, s_dist_08,        s_dist_09, s_dist_10     FROM bmsql_stock     WHERE s_w_id = $1 AND s_i_id = $2 ","parameters: $1 = '1', $2 = '54'",,,,,,,,"","client backend"
2024-06-16 19:01:57.800 CST,"raingage","benchmark",54597,"127.0.0.1:48954",666ec5b9.d545,565,"UPDATE",2024-06-16 19:00:09 CST,6/41,0,LOG,00000,"execute S_7: UPDATE bmsql_stock     SET s_quantity = $1, s_ytd = s_ytd + $2,         s_order_cnt = s_order_cnt + 1,         s_remote_cnt = s_remote_cnt + $3     WHERE s_w_id = $4 AND s_i_id = $5","parameters: $1 = '27', $2 = '8', $3 = '0', $4 = '1', $5 = '54'",,,,,,,,"","client backend"
2024-06-16 19:01:57.816 CST,"raingage","benchmark",54597,"127.0.0.1:48954",666ec5b9.d545,566,"COMMIT",2024-06-16 19:00:09 CST,6/41,115466,LOG,00000,"execute S_2: COMMIT",,,,,,,,,"","client backend"
2024-06-16 19:01:57.817 CST,"raingage","benchmark",54599,"127.0.0.1:48958",666ec5b9.d547,729,"SELECT",2024-06-16 19:00:09 CST,8/53,0,LOG,00000,"execute S_1: SELECT c_discount, c_last, c_credit, w_tax     FROM bmsql_customer     JOIN bmsql_warehouse ON (w_id = c_w_id)     WHERE c_w_id = $1 AND c_d_id = $2 AND c_id = $3","parameters: $1 = '1', $2 = '4', $3 = '9'",,,,,,,,"","client backend"
2024-06-16 19:01:57.836 CST,"raingage","benchmark",54597,"127.0.0.1:48954",666ec5b9.d545,567,"BEGIN",2024-06-16 19:00:09 CST,6/42,0,LOG,00000,"execute S_3: BEGIN",,,,,,,,,"","client backend"
2024-06-16 19:01:57.849 CST,"raingage","benchmark",54597,"127.0.0.1:48954",666ec5b9.d545,568,"SELECT",2024-06-16 19:00:09 CST,6/42,0,LOG,00000,"execute S_4: SELECT d_tax, d_next_o_id     FROM bmsql_district     WHERE d_w_id = $1 AND d_id = $2 ","parameters: $1 = '1', $2 = '4'",,,,,,,,"","client backend"
2024-06-16 19:01:57.887 CST,"raingage","benchmark",54599,"127.0.0.1:48958",666ec5b9.d547,730,"SELECT",2024-06-16 19:00:09 CST,8/53,0,LOG,00000,"execute S_1: SELECT c_discount, c_last, c_credit, w_tax     FROM bmsql_customer     JOIN bmsql_warehouse ON (w_id = c_w_id)     WHERE c_w_id = $1 AND c_d_id = $2 AND c_id = $3","parameters: $1 = '1', $2 = '4', $3 = '9'",,,,,,,,"","client backend"
2024-06-16 19:01:57.914 CST,"raingage","benchmark",54597,"127.0.0.1:48954",666ec5b9.d545,569,"SELECT",2024-06-16 19:00:09 CST,6/42,0,LOG,00000,"execute S_1: SELECT c_discount, c_last, c_credit, w_tax     FROM bmsql_customer     JOIN bmsql_warehouse ON (w_id = c_w_id)     WHERE c_w_id = $1 AND c_d_id = $2 AND c_id = $3","parameters: $1 = '1', $2 = '4', $3 = '87'",,,,,,,,"","client backend"
2024-06-16 19:01:57.956 CST,"raingage","benchmark",54599,"127.0.0.1:48958",666ec5b9.d547,731,"SELECT",2024-06-16 19:00:09 CST,8/53,0,LOG,00000,"execute S_1: SELECT c_discount, c_last, c_credit, w_tax     FROM bmsql_customer     JOIN bmsql_warehouse ON (w_id = c_w_id)     WHERE c_w_id = $1 AND c_d_id = $2 AND c_id = $3","parameters: $1 = '1', $2 = '4', $3 = '9'",,,,,,,,"","client backend"
2024-06-16 19:01:57.976 CST,"raingage","benchmark",54597,"127.0.0.1:48954",666ec5b9.d545,570,"SELECT",2024-06-16 19:00:09 CST,6/42,0,LOG,00000,"execute S_1: SELECT c_discount, c_last, c_credit, w_tax     FROM bmsql_customer     JOIN bmsql_warehouse ON (w_id = c_w_id)     WHERE c_w_id = $1 AND c_d_id = $2 AND c_id = $3","parameters: $1 = '1', $2 = '4', $3 = '87'",,,,,,,,"","client backend"
2024-06-16 19:01:58.023 CST,"raingage","benchmark",54599,"127.0.0.1:48958",666ec5b9.d547,732,"SELECT",2024-06-16 19:00:09 CST,8/53,0,LOG,00000,"execute S_1: SELECT c_discount, c_last, c_credit, w_tax     FROM bmsql_customer     JOIN bmsql_warehouse ON (w_id = c_w_id)     WHERE c_w_id = $1 AND c_d_id = $2 AND c_id = $3","parameters: $1 = '1', $2 = '4', $3 = '9'",,,,,,,,"","client backend"
2024-06-16 19:01:58.040 CST,"raingage","benchmark",54597,"127.0.0.1:48954",666ec5b9.d545,571,"SELECT",2024-06-16 19:00:09 CST,6/42,0,LOG,00000,"execute S_1: SELECT c_discount, c_last, c_credit, w_tax     FROM bmsql_customer     JOIN bmsql_warehouse ON (w_id = c_w_id)     WHERE c_w_id = $1 AND c_d_id = $2 AND c_id = $3","parameters: $1 = '1', $2 = '4', $3 = '87'",,,,,,,,"","client backend"
2024-06-16 19:01:58.092 CST,"raingage","benchmark",54599,"127.0.0.1:48958",666ec5b9.d547,733,"SELECT",2024-06-16 19:00:09 CST,8/53,0,LOG,00000,"execute S_1: SELECT c_discount, c_last, c_credit, w_tax     FROM bmsql_customer     JOIN bmsql_warehouse ON (w_id = c_w_id)     WHERE c_w_id = $1 AND c_d_id = $2 AND c_id = $3","parameters: $1 = '1', $2 = '4', $3 = '9'",,,,,,,,"","client backend"
2024-06-16 19:01:58.111 CST,"raingage","benchmark",54597,"127.0.0.1:48954",666ec5b9.d545,572,"SELECT",2024-06-16 19:00:09 CST,6/42,0,LOG,00000,"execute S_1: SELECT c_discount, c_last, c_credit, w_tax     FROM bmsql_customer     JOIN bmsql_warehouse ON (w_id = c_w_id)     WHERE c_w_id = $1 AND c_d_id = $2 AND c_id = $3","parameters: $1 = '1', $2 = '4', $3 = '87'",,,,,,,,"","client backend"
2024-06-16 19:01:58.161 CST,"raingage","benchmark",54599,"127.0.0.1:48958",666ec5b9.d547,734,"SELECT",2024-06-16 19:00:09 CST,8/53,0,LOG,00000,"execute S_1: SELECT c_discount, c_last, c_credit, w_tax     FROM bmsql_customer     JOIN bmsql_warehouse ON (w_id = c_w_id)     WHERE c_w_id = $1 AND c_d_id = $2 AND c_id = $3","parameters: $1 = '1', $2 = '4', $3 = '9'",,,,,,,,"","client backend"
2024-06-16 19:01:58.172 CST,"raingage","benchmark",54597,"127.0.0.1:48954",666ec5b9.d545,573,"SELECT",2024-06-16 19:00:09 CST,6/42,0,LOG,00000,"execute S_1: SELECT c_discount, c_last, c_credit, w_tax     FROM bmsql_customer     JOIN bmsql_warehouse ON (w_id = c_w_id)     WHERE c_w_id = $1 AND c_d_id = $2 AND c_id = $3","parameters: $1 = '1', $2 = '4', $3 = '87'",,,,,,,,"","client backend"
2024-06-16 19:01:58.227 CST,"raingage","benchmark",54599,"127.0.0.1:48958",666ec5b9.d547,735,"SELECT",2024-06-16 19:00:09 CST,8/53,0,LOG,00000,"execute S_1: SELECT c_discount, c_last, c_credit, w_tax     FROM bmsql_customer     JOIN bmsql_warehouse ON (w_id = c_w_id)     WHERE c_w_id = $1 AND c_d_id = $2 AND c_id = $3","parameters: $1 = '1', $2 = '4', $3 = '9'",,,,,,,,"","client backend"
2024-06-16 19:01:58.241 CST,"raingage","benchmark",54597,"127.0.0.1:48954",666ec5b9.d545,574,"SELECT",2024-06-16 19:00:09 CST,6/42,0,LOG,00000,"execute S_1: SELECT c_discount, c_last, c_credit, w_tax     FROM bmsql_customer     JOIN bmsql_warehouse ON (w_id = c_w_id)     WHERE c_w_id = $1 AND c_d_id = $2 AND c_id = $3","parameters: $1 = '1', $2 = '4', $3 = '87'",,,,,,,,"","client backend"
2024-06-16 19:01:58.290 CST,"raingage","benchmark",54599,"127.0.0.1:48958",666ec5b9.d547,736,"SELECT",2024-06-16 19:00:09 CST,8/53,0,LOG,00000,"execute S_1: SELECT c_discount, c_last, c_credit, w_tax     FROM bmsql_customer     JOIN bmsql_warehouse ON (w_id = c_w_id)     WHERE c_w_id = $1 AND c_d_id = $2 AND c_id = $3","parameters: $1 = '1', $2 = '4', $3 = '9'",,,,,,,,"","client backend"
2024-06-16 19:01:58.304 CST,"raingage","benchmark",54597,"127.0.0.1:48954",666ec5b9.d545,575,"SELECT",2024-06-16 19:00:09 CST,6/42,0,LOG,00000,"execute S_1: SELECT c_discount, c_last, c_credit, w_tax     FROM bmsql_customer     JOIN bmsql_warehouse ON (w_id = c_w_id)     WHERE c_w_id = $1 AND c_d_id = $2 AND c_id = $3","parameters: $1 = '1', $2 = '4', $3 = '87'",,,,,,,,"","client backend"
2024-06-16 19:01:58.307 CST,"raingage","benchmark",54599,"127.0.0.1:48958",666ec5b9.d547,737,"SELECT",2024-06-16 19:00:09 CST,8/53,0,LOG,00000,"execute S_5: SELECT i_price, i_name, i_data     FROM bmsql_item     WHERE i_id = $1","parameters: $1 = '4000054'",,,,,,,,"","client backend"
2024-06-16 19:01:58.321 CST,"raingage","benchmark",54599,"127.0.0.1:48958",666ec5b9.d547,738,"ROLLBACK",2024-06-16 19:00:09 CST,8/53,0,LOG,00000,"execute S_8: ROLLBACK",,,,,,,,,"","client backend"
2024-06-16 19:01:58.339 CST,"raingage","benchmark",54599,"127.0.0.1:48958",666ec5b9.d547,739,"BEGIN",2024-06-16 19:00:09 CST,8/54,0,LOG,00000,"execute S_3: BEGIN",,,,,,,,,"","client backend"
2024-06-16 19:01:58.354 CST,"raingage","benchmark",54599,"127.0.0.1:48958",666ec5b9.d547,740,"SELECT",2024-06-16 19:00:09 CST,8/54,0,LOG,00000,"execute S_4: SELECT d_tax, d_next_o_id     FROM bmsql_district     WHERE d_w_id = $1 AND d_id = $2 ","parameters: $1 = '1', $2 = '4'",,,,,,,,"","client backend"
2024-06-16 19:01:58.366 CST,"raingage","benchmark",54597,"127.0.0.1:48954",666ec5b9.d545,576,"SELECT",2024-06-16 19:00:09 CST,6/42,0,LOG,00000,"execute S_1: SELECT c_discount, c_last, c_credit, w_tax     FROM bmsql_customer     JOIN bmsql_warehouse ON (w_id = c_w_id)     WHERE c_w_id = $1 AND c_d_id = $2 AND c_id = $3","parameters: $1 = '1', $2 = '4', $3 = '87'",,,,,,,,"","client backend"
2024-06-16 19:01:58.381 CST,"raingage","benchmark",54597,"127.0.0.1:48954",666ec5b9.d545,577,"SELECT",2024-06-16 19:00:09 CST,6/42,0,LOG,00000,"execute S_5: SELECT i_price, i_name, i_data     FROM bmsql_item     WHERE i_id = $1","parameters: $1 = '42'",,,,,,,,"","client backend"
2024-06-16 19:01:58.394 CST,"raingage","benchmark",54597,"127.0.0.1:48954",666ec5b9.d545,578,"SELECT",2024-06-16 19:00:09 CST,6/42,0,LOG,00000,"execute S_6: SELECT s_quantity, s_data,        s_dist_01, s_dist_02, s_dist_03, s_dist_04,        s_dist_05, s_dist_06, s_dist_07, s_dist_08,        s_dist_09, s_dist_10     FROM bmsql_stock     WHERE s_w_id = $1 AND s_i_id = $2 ","parameters: $1 = '1', $2 = '42'",,,,,,,,"","client backend"
2024-06-16 19:01:58.412 CST,"raingage","benchmark",54597,"127.0.0.1:48954",666ec5b9.d545,579,"UPDATE",2024-06-16 19:00:09 CST,6/42,0,LOG,00000,"execute S_7: UPDATE bmsql_stock     SET s_quantity = $1, s_ytd = s_ytd + $2,         s_order_cnt = s_order_cnt + 1,         s_remote_cnt = s_remote_cnt + $3     WHERE s_w_id = $4 AND s_i_id = $5","parameters: $1 = '102', $2 = '3', $3 = '0', $4 = '1', $5 = '42'",,,,,,,,"","client backend"
2024-06-16 19:01:58.432 CST,"raingage","benchmark",54597,"127.0.0.1:48954",666ec5b9.d545,580,"COMMIT",2024-06-16 19:00:09 CST,6/42,115467,LOG,00000,"execute S_2: COMMIT",,,,,,,,,"","client backend"
2024-06-16 19:01:58.433 CST,"raingage","benchmark",54599,"127.0.0.1:48958",666ec5b9.d547,741,"SELECT",2024-06-16 19:00:09 CST,8/54,0,LOG,00000,"execute S_1: SELECT c_discount, c_last, c_credit, w_tax     FROM bmsql_customer     JOIN bmsql_warehouse ON (w_id = c_w_id)     WHERE c_w_id = $1 AND c_d_id = $2 AND c_id = $3","parameters: $1 = '1', $2 = '4', $3 = '87'",,,,,,,,"","client backend"
2024-06-16 19:01:58.449 CST,"raingage","benchmark",54597,"127.0.0.1:48954",666ec5b9.d545,581,"BEGIN",2024-06-16 19:00:09 CST,6/43,0,LOG,00000,"execute S_3: BEGIN",,,,,,,,,"","client backend"
2024-06-16 19:01:58.466 CST,"raingage","benchmark",54597,"127.0.0.1:48954",666ec5b9.d545,582,"SELECT",2024-06-16 19:00:09 CST,6/43,0,LOG,00000,"execute S_4: SELECT d_tax, d_next_o_id     FROM bmsql_district     WHERE d_w_id = $1 AND d_id = $2 ","parameters: $1 = '1', $2 = '3'",,,,,,,,"","client backend"
2024-06-16 19:01:58.502 CST,"raingage","benchmark",54599,"127.0.0.1:48958",666ec5b9.d547,742,"SELECT",2024-06-16 19:00:09 CST,8/54,0,LOG,00000,"execute S_1: SELECT c_discount, c_last, c_credit, w_tax     FROM bmsql_customer     JOIN bmsql_warehouse ON (w_id = c_w_id)     WHERE c_w_id = $1 AND c_d_id = $2 AND c_id = $3","parameters: $1 = '1', $2 = '4', $3 = '87'",,,,,,,,"","client backend"
2024-06-16 19:01:58.532 CST,"raingage","benchmark",54597,"127.0.0.1:48954",666ec5b9.d545,583,"SELECT",2024-06-16 19:00:09 CST,6/43,0,LOG,00000,"execute S_1: SELECT c_discount, c_last, c_credit, w_tax     FROM bmsql_customer     JOIN bmsql_warehouse ON (w_id = c_w_id)     WHERE c_w_id = $1 AND c_d_id = $2 AND c_id = $3","parameters: $1 = '1', $2 = '3', $3 = '6'",,,,,,,,"","client backend"
2024-06-16 19:01:58.567 CST,"raingage","benchmark",54599,"127.0.0.1:48958",666ec5b9.d547,743,"SELECT",2024-06-16 19:00:09 CST,8/54,0,LOG,00000,"execute S_1: SELECT c_discount, c_last, c_credit, w_tax     FROM bmsql_customer     JOIN bmsql_warehouse ON (w_id = c_w_id)     WHERE c_w_id = $1 AND c_d_id = $2 AND c_id = $3","parameters: $1 = '1', $2 = '4', $3 = '87'",,,,,,,,"","client backend"
2024-06-16 19:01:58.601 CST,"raingage","benchmark",54597,"127.0.0.1:48954",666ec5b9.d545,584,"SELECT",2024-06-16 19:00:09 CST,6/43,0,LOG,00000,"execute S_1: SELECT c_discount, c_last, c_credit, w_tax     FROM bmsql_customer     JOIN bmsql_warehouse ON (w_id = c_w_id)     WHERE c_w_id = $1 AND c_d_id = $2 AND c_id = $3","parameters: $1 = '1', $2 = '3', $3 = '6'",,,,,,,,"","client backend"
2024-06-16 19:01:58.630 CST,"raingage","benchmark",54599,"127.0.0.1:48958",666ec5b9.d547,744,"SELECT",2024-06-16 19:00:09 CST,8/54,0,LOG,00000,"execute S_1: SELECT c_discount, c_last, c_credit, w_tax     FROM bmsql_customer     JOIN bmsql_warehouse ON (w_id = c_w_id)     WHERE c_w_id = $1 AND c_d_id = $2 AND c_id = $3","parameters: $1 = '1', $2 = '4', $3 = '87'",,,,,,,,"","client backend"
2024-06-16 19:01:58.664 CST,"raingage","benchmark",54597,"127.0.0.1:48954",666ec5b9.d545,585,"SELECT",2024-06-16 19:00:09 CST,6/43,0,LOG,00000,"execute S_1: SELECT c_discount, c_last, c_credit, w_tax     FROM bmsql_customer     JOIN bmsql_warehouse ON (w_id = c_w_id)     WHERE c_w_id = $1 AND c_d_id = $2 AND c_id = $3","parameters: $1 = '1', $2 = '3', $3 = '6'",,,,,,,,"","client backend"
2024-06-16 19:01:58.695 CST,"raingage","benchmark",54599,"127.0.0.1:48958",666ec5b9.d547,745,"SELECT",2024-06-16 19:00:09 CST,8/54,0,LOG,00000,"execute S_1: SELECT c_discount, c_last, c_credit, w_tax     FROM bmsql_customer     JOIN bmsql_warehouse ON (w_id = c_w_id)     WHERE c_w_id = $1 AND c_d_id = $2 AND c_id = $3","parameters: $1 = '1', $2 = '4', $3 = '87'",,,,,,,,"","client backend"
2024-06-16 19:01:58.728 CST,"raingage","benchmark",54597,"127.0.0.1:48954",666ec5b9.d545,586,"SELECT",2024-06-16 19:00:09 CST,6/43,0,LOG,00000,"execute S_1: SELECT c_discount, c_last, c_credit, w_tax     FROM bmsql_customer     JOIN bmsql_warehouse ON (w_id = c_w_id)     WHERE c_w_id = $1 AND c_d_id = $2 AND c_id = $3","parameters: $1 = '1', $2 = '3', $3 = '6'",,,,,,,,"","client backend"
2024-06-16 19:01:58.757 CST,"raingage","benchmark",54599,"127.0.0.1:48958",666ec5b9.d547,746,"SELECT",2024-06-16 19:00:09 CST,8/54,0,LOG,00000,"execute S_1: SELECT c_discount, c_last, c_credit, w_tax     FROM bmsql_customer     JOIN bmsql_warehouse ON (w_id = c_w_id)     WHERE c_w_id = $1 AND c_d_id = $2 AND c_id = $3","parameters: $1 = '1', $2 = '4', $3 = '87'",,,,,,,,"","client backend"
2024-06-16 19:01:58.794 CST,"raingage","benchmark",54597,"127.0.0.1:48954",666ec5b9.d545,587,"SELECT",2024-06-16 19:00:09 CST,6/43,0,LOG,00000,"execute S_1: SELECT c_discount, c_last, c_credit, w_tax     FROM bmsql_customer     JOIN bmsql_warehouse ON (w_id = c_w_id)     WHERE c_w_id = $1 AND c_d_id = $2 AND c_id = $3","parameters: $1 = '1', $2 = '3', $3 = '6'",,,,,,,,"","client backend"
2024-06-16 19:01:58.827 CST,"raingage","benchmark",54599,"127.0.0.1:48958",666ec5b9.d547,747,"SELECT",2024-06-16 19:00:09 CST,8/54,0,LOG,00000,"execute S_1: SELECT c_discount, c_last, c_credit, w_tax     FROM bmsql_customer     JOIN bmsql_warehouse ON (w_id = c_w_id)     WHERE c_w_id = $1 AND c_d_id = $2 AND c_id = $3","parameters: $1 = '1', $2 = '4', $3 = '87'",,,,,,,,"","client backend"
2024-06-16 19:01:58.864 CST,"raingage","benchmark",54597,"127.0.0.1:48954",666ec5b9.d545,588,"SELECT",2024-06-16 19:00:09 CST,6/43,0,LOG,00000,"execute S_1: SELECT c_discount, c_last, c_credit, w_tax     FROM bmsql_customer     JOIN bmsql_warehouse ON (w_id = c_w_id)     WHERE c_w_id = $1 AND c_d_id = $2 AND c_id = $3","parameters: $1 = '1', $2 = '3', $3 = '6'",,,,,,,,"","client backend"
2024-06-16 19:01:58.895 CST,"raingage","benchmark",54599,"127.0.0.1:48958",666ec5b9.d547,748,"SELECT",2024-06-16 19:00:09 CST,8/54,0,LOG,00000,"execute S_1: SELECT c_discount, c_last, c_credit, w_tax     FROM bmsql_customer     JOIN bmsql_warehouse ON (w_id = c_w_id)     WHERE c_w_id = $1 AND c_d_id = $2 AND c_id = $3","parameters: $1 = '1', $2 = '4', $3 = '87'",,,,,,,,"","client backend"
2024-06-16 19:01:58.910 CST,"raingage","benchmark",54599,"127.0.0.1:48958",666ec5b9.d547,749,"SELECT",2024-06-16 19:00:09 CST,8/54,0,LOG,00000,"execute S_5: SELECT i_price, i_name, i_data     FROM bmsql_item     WHERE i_id = $1","parameters: $1 = '42'",,,,,,,,"","client backend"
2024-06-16 19:01:58.923 CST,"raingage","benchmark",54599,"127.0.0.1:48958",666ec5b9.d547,750,"SELECT",2024-06-16 19:00:09 CST,8/54,0,LOG,00000,"execute S_6: SELECT s_quantity, s_data,        s_dist_01, s_dist_02, s_dist_03, s_dist_04,        s_dist_05, s_dist_06, s_dist_07, s_dist_08,        s_dist_09, s_dist_10     FROM bmsql_stock     WHERE s_w_id = $1 AND s_i_id = $2 ","parameters: $1 = '1', $2 = '42'",,,,,,,,"","client backend"
2024-06-16 19:01:58.927 CST,"raingage","benchmark",54597,"127.0.0.1:48954",666ec5b9.d545,589,"SELECT",2024-06-16 19:00:09 CST,6/43,0,LOG,00000,"execute S_1: SELECT c_discount, c_last, c_credit, w_tax     FROM bmsql_customer     JOIN bmsql_warehouse ON (w_id = c_w_id)     WHERE c_w_id = $1 AND c_d_id = $2 AND c_id = $3","parameters: $1 = '1', $2 = '3', $3 = '6'",,,,,,,,"","client backend"
2024-06-16 19:01:58.943 CST,"raingage","benchmark",54599,"127.0.0.1:48958",666ec5b9.d547,751,"UPDATE",2024-06-16 19:00:09 CST,8/54,0,LOG,00000,"execute S_7: UPDATE bmsql_stock     SET s_quantity = $1, s_ytd = s_ytd + $2,         s_order_cnt = s_order_cnt + 1,         s_remote_cnt = s_remote_cnt + $3     WHERE s_w_id = $4 AND s_i_id = $5","parameters: $1 = '102', $2 = '3', $3 = '0', $4 = '1', $5 = '42'",,,,,,,,"","client backend"
2024-06-16 19:01:58.961 CST,"raingage","benchmark",54599,"127.0.0.1:48958",666ec5b9.d547,752,"COMMIT",2024-06-16 19:00:09 CST,8/54,115468,LOG,00000,"execute S_2: COMMIT",,,,,,,,,"","client backend"
2024-06-16 19:01:58.962 CST,"raingage","benchmark",54599,"127.0.0.1:48958",666ec5b9.d547,753,"COMMIT",2024-06-16 19:00:09 CST,8/0,115468,WARNING,01000,"registered snapshots seem to remain after cleanup",,,,,,,,,"","client backend"
2024-06-16 19:01:58.991 CST,"raingage","benchmark",54597,"127.0.0.1:48954",666ec5b9.d545,590,"SELECT",2024-06-16 19:00:09 CST,6/43,0,LOG,00000,"execute S_1: SELECT c_discount, c_last, c_credit, w_tax     FROM bmsql_customer     JOIN bmsql_warehouse ON (w_id = c_w_id)     WHERE c_w_id = $1 AND c_d_id = $2 AND c_id = $3","parameters: $1 = '1', $2 = '3', $3 = '6'",,,,,,,,"","client backend"
2024-06-16 19:01:59.006 CST,"raingage","benchmark",54597,"127.0.0.1:48954",666ec5b9.d545,591,"SELECT",2024-06-16 19:00:09 CST,6/43,0,LOG,00000,"execute S_5: SELECT i_price, i_name, i_data     FROM bmsql_item     WHERE i_id = $1","parameters: $1 = '85'",,,,,,,,"","client backend"
2024-06-16 19:01:59.018 CST,"raingage","benchmark",54597,"127.0.0.1:48954",666ec5b9.d545,592,"SELECT",2024-06-16 19:00:09 CST,6/43,0,LOG,00000,"execute S_6: SELECT s_quantity, s_data,        s_dist_01, s_dist_02, s_dist_03, s_dist_04,        s_dist_05, s_dist_06, s_dist_07, s_dist_08,        s_dist_09, s_dist_10     FROM bmsql_stock     WHERE s_w_id = $1 AND s_i_id = $2 ","parameters: $1 = '1', $2 = '85'",,,,,,,,"","client backend"
2024-06-16 19:01:59.034 CST,"raingage","benchmark",54597,"127.0.0.1:48954",666ec5b9.d545,593,"UPDATE",2024-06-16 19:00:09 CST,6/43,0,LOG,00000,"execute S_7: UPDATE bmsql_stock     SET s_quantity = $1, s_ytd = s_ytd + $2,         s_order_cnt = s_order_cnt + 1,         s_remote_cnt = s_remote_cnt + $3     WHERE s_w_id = $4 AND s_i_id = $5","parameters: $1 = '30', $2 = '3', $3 = '0', $4 = '1', $5 = '85'",,,,,,,,"","client backend"
2024-06-16 19:01:59.051 CST,"raingage","benchmark",54597,"127.0.0.1:48954",666ec5b9.d545,594,"COMMIT",2024-06-16 19:00:09 CST,6/43,115469,LOG,00000,"execute S_2: COMMIT",,,,,,,,,"","client backend"
2024-06-16 19:01:59.075 CST,"raingage","benchmark",54597,"127.0.0.1:48954",666ec5b9.d545,595,"BEGIN",2024-06-16 19:00:09 CST,6/44,0,LOG,00000,"execute S_3: BEGIN",,,,,,,,,"","client backend"
2024-06-16 19:01:59.090 CST,"raingage","benchmark",54597,"127.0.0.1:48954",666ec5b9.d545,596,"SELECT",2024-06-16 19:00:09 CST,6/44,0,LOG,00000,"execute S_4: SELECT d_tax, d_next_o_id     FROM bmsql_district     WHERE d_w_id = $1 AND d_id = $2 ","parameters: $1 = '1', $2 = '1'",,,,,,,,"","client backend"
2024-06-16 19:01:59.155 CST,"raingage","benchmark",54597,"127.0.0.1:48954",666ec5b9.d545,597,"SELECT",2024-06-16 19:00:09 CST,6/44,0,LOG,00000,"execute S_1: SELECT c_discount, c_last, c_credit, w_tax     FROM bmsql_customer     JOIN bmsql_warehouse ON (w_id = c_w_id)     WHERE c_w_id = $1 AND c_d_id = $2 AND c_id = $3","parameters: $1 = '1', $2 = '1', $3 = '71'",,,,,,,,"","client backend"
2024-06-16 19:01:59.223 CST,"raingage","benchmark",54597,"127.0.0.1:48954",666ec5b9.d545,598,"SELECT",2024-06-16 19:00:09 CST,6/44,0,LOG,00000,"execute S_1: SELECT c_discount, c_last, c_credit, w_tax     FROM bmsql_customer     JOIN bmsql_warehouse ON (w_id = c_w_id)     WHERE c_w_id = $1 AND c_d_id = $2 AND c_id = $3","parameters: $1 = '1', $2 = '1', $3 = '71'",,,,,,,,"","client backend"
2024-06-16 19:01:59.291 CST,"raingage","benchmark",54597,"127.0.0.1:48954",666ec5b9.d545,599,"SELECT",2024-06-16 19:00:09 CST,6/44,0,LOG,00000,"execute S_1: SELECT c_discount, c_last, c_credit, w_tax     FROM bmsql_customer     JOIN bmsql_warehouse ON (w_id = c_w_id)     WHERE c_w_id = $1 AND c_d_id = $2 AND c_id = $3","parameters: $1 = '1', $2 = '1', $3 = '71'",,,,,,,,"","client backend"
2024-06-16 19:01:59.357 CST,"raingage","benchmark",54597,"127.0.0.1:48954",666ec5b9.d545,600,"SELECT",2024-06-16 19:00:09 CST,6/44,0,LOG,00000,"execute S_1: SELECT c_discount, c_last, c_credit, w_tax     FROM bmsql_customer     JOIN bmsql_warehouse ON (w_id = c_w_id)     WHERE c_w_id = $1 AND c_d_id = $2 AND c_id = $3","parameters: $1 = '1', $2 = '1', $3 = '71'",,,,,,,,"","client backend"
2024-06-16 19:01:59.426 CST,"raingage","benchmark",54597,"127.0.0.1:48954",666ec5b9.d545,601,"SELECT",2024-06-16 19:00:09 CST,6/44,0,LOG,00000,"execute S_1: SELECT c_discount, c_last, c_credit, w_tax     FROM bmsql_customer     JOIN bmsql_warehouse ON (w_id = c_w_id)     WHERE c_w_id = $1 AND c_d_id = $2 AND c_id = $3","parameters: $1 = '1', $2 = '1', $3 = '71'",,,,,,,,"","client backend"
2024-06-16 19:01:59.488 CST,"raingage","benchmark",54597,"127.0.0.1:48954",666ec5b9.d545,602,"SELECT",2024-06-16 19:00:09 CST,6/44,0,LOG,00000,"execute S_1: SELECT c_discount, c_last, c_credit, w_tax     FROM bmsql_customer     JOIN bmsql_warehouse ON (w_id = c_w_id)     WHERE c_w_id = $1 AND c_d_id = $2 AND c_id = $3","parameters: $1 = '1', $2 = '1', $3 = '71'",,,,,,,,"","client backend"
2024-06-16 19:01:59.555 CST,"raingage","benchmark",54597,"127.0.0.1:48954",666ec5b9.d545,603,"SELECT",2024-06-16 19:00:09 CST,6/44,0,LOG,00000,"execute S_1: SELECT c_discount, c_last, c_credit, w_tax     FROM bmsql_customer     JOIN bmsql_warehouse ON (w_id = c_w_id)     WHERE c_w_id = $1 AND c_d_id = $2 AND c_id = $3","parameters: $1 = '1', $2 = '1', $3 = '71'",,,,,,,,"","client backend"
2024-06-16 19:01:59.618 CST,"raingage","benchmark",54597,"127.0.0.1:48954",666ec5b9.d545,604,"SELECT",2024-06-16 19:00:09 CST,6/44,0,LOG,00000,"execute S_1: SELECT c_discount, c_last, c_credit, w_tax     FROM bmsql_customer     JOIN bmsql_warehouse ON (w_id = c_w_id)     WHERE c_w_id = $1 AND c_d_id = $2 AND c_id = $3","parameters: $1 = '1', $2 = '1', $3 = '71'",,,,,,,,"","client backend"
2024-06-16 19:01:59.637 CST,"raingage","benchmark",54597,"127.0.0.1:48954",666ec5b9.d545,605,"SELECT",2024-06-16 19:00:09 CST,6/44,0,LOG,00000,"execute S_5: SELECT i_price, i_name, i_data     FROM bmsql_item     WHERE i_id = $1","parameters: $1 = '78'",,,,,,,,"","client backend"
2024-06-16 19:01:59.654 CST,"raingage","benchmark",54597,"127.0.0.1:48954",666ec5b9.d545,606,"SELECT",2024-06-16 19:00:09 CST,6/44,0,LOG,00000,"execute S_6: SELECT s_quantity, s_data,        s_dist_01, s_dist_02, s_dist_03, s_dist_04,        s_dist_05, s_dist_06, s_dist_07, s_dist_08,        s_dist_09, s_dist_10     FROM bmsql_stock     WHERE s_w_id = $1 AND s_i_id = $2 ","parameters: $1 = '1', $2 = '78'",,,,,,,,"","client backend"
2024-06-16 19:01:59.667 CST,"raingage","benchmark",54597,"127.0.0.1:48954",666ec5b9.d545,607,"UPDATE",2024-06-16 19:00:09 CST,6/44,0,LOG,00000,"execute S_7: UPDATE bmsql_stock     SET s_quantity = $1, s_ytd = s_ytd + $2,         s_order_cnt = s_order_cnt + 1,         s_remote_cnt = s_remote_cnt + $3     WHERE s_w_id = $4 AND s_i_id = $5","parameters: $1 = '67', $2 = '12', $3 = '0', $4 = '1', $5 = '78'",,,,,,,,"","client backend"
2024-06-16 19:01:59.682 CST,"raingage","benchmark",54597,"127.0.0.1:48954",666ec5b9.d545,608,"COMMIT",2024-06-16 19:00:09 CST,6/44,115470,LOG,00000,"execute S_2: COMMIT",,,,,,,,,"","client backend"
2024-06-16 19:01:59.779 CST,"raingage","benchmark",54597,"127.0.0.1:48954",666ec5b9.d545,609,"BEGIN",2024-06-16 19:00:09 CST,6/45,0,LOG,00000,"execute S_3: BEGIN",,,,,,,,,"","client backend"
2024-06-16 19:01:59.796 CST,"raingage","benchmark",54597,"127.0.0.1:48954",666ec5b9.d545,610,"SELECT",2024-06-16 19:00:09 CST,6/45,0,LOG,00000,"execute S_4: SELECT d_tax, d_next_o_id     FROM bmsql_district     WHERE d_w_id = $1 AND d_id = $2 ","parameters: $1 = '1', $2 = '1'",,,,,,,,"","client backend"
2024-06-16 19:01:59.863 CST,"raingage","benchmark",54597,"127.0.0.1:48954",666ec5b9.d545,611,"SELECT",2024-06-16 19:00:09 CST,6/45,0,LOG,00000,"execute S_1: SELECT c_discount, c_last, c_credit, w_tax     FROM bmsql_customer     JOIN bmsql_warehouse ON (w_id = c_w_id)     WHERE c_w_id = $1 AND c_d_id = $2 AND c_id = $3","parameters: $1 = '1', $2 = '1', $3 = '32'",,,,,,,,"","client backend"
2024-06-16 19:01:59.931 CST,"raingage","benchmark",54597,"127.0.0.1:48954",666ec5b9.d545,612,"SELECT",2024-06-16 19:00:09 CST,6/45,0,LOG,00000,"execute S_1: SELECT c_discount, c_last, c_credit, w_tax     FROM bmsql_customer     JOIN bmsql_warehouse ON (w_id = c_w_id)     WHERE c_w_id = $1 AND c_d_id = $2 AND c_id = $3","parameters: $1 = '1', $2 = '1', $3 = '32'",,,,,,,,"","client backend"
2024-06-16 19:01:59.997 CST,"raingage","benchmark",54597,"127.0.0.1:48954",666ec5b9.d545,613,"SELECT",2024-06-16 19:00:09 CST,6/45,0,LOG,00000,"execute S_1: SELECT c_discount, c_last, c_credit, w_tax     FROM bmsql_customer     JOIN bmsql_warehouse ON (w_id = c_w_id)     WHERE c_w_id = $1 AND c_d_id = $2 AND c_id = $3","parameters: $1 = '1', $2 = '1', $3 = '32'",,,,,,,,"","client backend"
2024-06-16 19:02:00.066 CST,"raingage","benchmark",54597,"127.0.0.1:48954",666ec5b9.d545,614,"SELECT",2024-06-16 19:00:09 CST,6/45,0,LOG,00000,"execute S_1: SELECT c_discount, c_last, c_credit, w_tax     FROM bmsql_customer     JOIN bmsql_warehouse ON (w_id = c_w_id)     WHERE c_w_id = $1 AND c_d_id = $2 AND c_id = $3","parameters: $1 = '1', $2 = '1', $3 = '32'",,,,,,,,"","client backend"
2024-06-16 19:02:00.131 CST,"raingage","benchmark",54597,"127.0.0.1:48954",666ec5b9.d545,615,"SELECT",2024-06-16 19:00:09 CST,6/45,0,LOG,00000,"execute S_1: SELECT c_discount, c_last, c_credit, w_tax     FROM bmsql_customer     JOIN bmsql_warehouse ON (w_id = c_w_id)     WHERE c_w_id = $1 AND c_d_id = $2 AND c_id = $3","parameters: $1 = '1', $2 = '1', $3 = '32'",,,,,,,,"","client backend"
2024-06-16 19:02:00.197 CST,"raingage","benchmark",54597,"127.0.0.1:48954",666ec5b9.d545,616,"SELECT",2024-06-16 19:00:09 CST,6/45,0,LOG,00000,"execute S_1: SELECT c_discount, c_last, c_credit, w_tax     FROM bmsql_customer     JOIN bmsql_warehouse ON (w_id = c_w_id)     WHERE c_w_id = $1 AND c_d_id = $2 AND c_id = $3","parameters: $1 = '1', $2 = '1', $3 = '32'",,,,,,,,"","client backend"
2024-06-16 19:02:00.269 CST,"raingage","benchmark",54597,"127.0.0.1:48954",666ec5b9.d545,617,"SELECT",2024-06-16 19:00:09 CST,6/45,0,LOG,00000,"execute S_1: SELECT c_discount, c_last, c_credit, w_tax     FROM bmsql_customer     JOIN bmsql_warehouse ON (w_id = c_w_id)     WHERE c_w_id = $1 AND c_d_id = $2 AND c_id = $3","parameters: $1 = '1', $2 = '1', $3 = '32'",,,,,,,,"","client backend"
2024-06-16 19:02:00.341 CST,"raingage","benchmark",54597,"127.0.0.1:48954",666ec5b9.d545,618,"SELECT",2024-06-16 19:00:09 CST,6/45,0,LOG,00000,"execute S_1: SELECT c_discount, c_last, c_credit, w_tax     FROM bmsql_customer     JOIN bmsql_warehouse ON (w_id = c_w_id)     WHERE c_w_id = $1 AND c_d_id = $2 AND c_id = $3","parameters: $1 = '1', $2 = '1', $3 = '32'",,,,,,,,"","client backend"
2024-06-16 19:02:00.353 CST,"raingage","benchmark",54597,"127.0.0.1:48954",666ec5b9.d545,619,"SELECT",2024-06-16 19:00:09 CST,6/45,0,LOG,00000,"execute S_5: SELECT i_price, i_name, i_data     FROM bmsql_item     WHERE i_id = $1","parameters: $1 = '55'",,,,,,,,"","client backend"
2024-06-16 19:02:00.373 CST,"raingage","benchmark",54597,"127.0.0.1:48954",666ec5b9.d545,620,"SELECT",2024-06-16 19:00:09 CST,6/45,0,LOG,00000,"execute S_6: SELECT s_quantity, s_data,        s_dist_01, s_dist_02, s_dist_03, s_dist_04,        s_dist_05, s_dist_06, s_dist_07, s_dist_08,        s_dist_09, s_dist_10     FROM bmsql_stock     WHERE s_w_id = $1 AND s_i_id = $2 ","parameters: $1 = '1', $2 = '55'",,,,,,,,"","client backend"
2024-06-16 19:02:00.386 CST,"raingage","benchmark",54597,"127.0.0.1:48954",666ec5b9.d545,621,"UPDATE",2024-06-16 19:00:09 CST,6/45,0,LOG,00000,"execute S_7: UPDATE bmsql_stock     SET s_quantity = $1, s_ytd = s_ytd + $2,         s_order_cnt = s_order_cnt + 1,         s_remote_cnt = s_remote_cnt + $3     WHERE s_w_id = $4 AND s_i_id = $5","parameters: $1 = '55', $2 = '12', $3 = '0', $4 = '1', $5 = '55'",,,,,,,,"","client backend"
2024-06-16 19:02:00.405 CST,"raingage","benchmark",54597,"127.0.0.1:48954",666ec5b9.d545,622,"COMMIT",2024-06-16 19:00:09 CST,6/45,115471,LOG,00000,"execute S_2: COMMIT",,,,,,,,,"","client backend"
2024-06-16 19:02:00.421 CST,"raingage","benchmark",54597,"127.0.0.1:48954",666ec5b9.d545,623,"BEGIN",2024-06-16 19:00:09 CST,6/46,0,LOG,00000,"execute S_3: BEGIN",,,,,,,,,"","client backend"
2024-06-16 19:02:00.438 CST,"raingage","benchmark",54597,"127.0.0.1:48954",666ec5b9.d545,624,"SELECT",2024-06-16 19:00:09 CST,6/46,0,LOG,00000,"execute S_4: SELECT d_tax, d_next_o_id     FROM bmsql_district     WHERE d_w_id = $1 AND d_id = $2 ","parameters: $1 = '1', $2 = '4'",,,,,,,,"","client backend"
2024-06-16 19:02:00.505 CST,"raingage","benchmark",54597,"127.0.0.1:48954",666ec5b9.d545,625,"SELECT",2024-06-16 19:00:09 CST,6/46,0,LOG,00000,"execute S_1: SELECT c_discount, c_last, c_credit, w_tax     FROM bmsql_customer     JOIN bmsql_warehouse ON (w_id = c_w_id)     WHERE c_w_id = $1 AND c_d_id = $2 AND c_id = $3","parameters: $1 = '1', $2 = '4', $3 = '47'",,,,,,,,"","client backend"
2024-06-16 19:02:00.568 CST,"raingage","benchmark",54597,"127.0.0.1:48954",666ec5b9.d545,626,"SELECT",2024-06-16 19:00:09 CST,6/46,0,LOG,00000,"execute S_1: SELECT c_discount, c_last, c_credit, w_tax     FROM bmsql_customer     JOIN bmsql_warehouse ON (w_id = c_w_id)     WHERE c_w_id = $1 AND c_d_id = $2 AND c_id = $3","parameters: $1 = '1', $2 = '4', $3 = '47'",,,,,,,,"","client backend"
2024-06-16 19:02:00.633 CST,"raingage","benchmark",54597,"127.0.0.1:48954",666ec5b9.d545,627,"SELECT",2024-06-16 19:00:09 CST,6/46,0,LOG,00000,"execute S_1: SELECT c_discount, c_last, c_credit, w_tax     FROM bmsql_customer     JOIN bmsql_warehouse ON (w_id = c_w_id)     WHERE c_w_id = $1 AND c_d_id = $2 AND c_id = $3","parameters: $1 = '1', $2 = '4', $3 = '47'",,,,,,,,"","client backend"
2024-06-16 19:02:00.701 CST,"raingage","benchmark",54597,"127.0.0.1:48954",666ec5b9.d545,628,"SELECT",2024-06-16 19:00:09 CST,6/46,0,LOG,00000,"execute S_1: SELECT c_discount, c_last, c_credit, w_tax     FROM bmsql_customer     JOIN bmsql_warehouse ON (w_id = c_w_id)     WHERE c_w_id = $1 AND c_d_id = $2 AND c_id = $3","parameters: $1 = '1', $2 = '4', $3 = '47'",,,,,,,,"","client backend"
2024-06-16 19:02:00.771 CST,"raingage","benchmark",54597,"127.0.0.1:48954",666ec5b9.d545,629,"SELECT",2024-06-16 19:00:09 CST,6/46,0,LOG,00000,"execute S_1: SELECT c_discount, c_last, c_credit, w_tax     FROM bmsql_customer     JOIN bmsql_warehouse ON (w_id = c_w_id)     WHERE c_w_id = $1 AND c_d_id = $2 AND c_id = $3","parameters: $1 = '1', $2 = '4', $3 = '47'",,,,,,,,"","client backend"
2024-06-16 19:02:00.835 CST,"raingage","benchmark",54597,"127.0.0.1:48954",666ec5b9.d545,630,"SELECT",2024-06-16 19:00:09 CST,6/46,0,LOG,00000,"execute S_1: SELECT c_discount, c_last, c_credit, w_tax     FROM bmsql_customer     JOIN bmsql_warehouse ON (w_id = c_w_id)     WHERE c_w_id = $1 AND c_d_id = $2 AND c_id = $3","parameters: $1 = '1', $2 = '4', $3 = '47'",,,,,,,,"","client backend"
2024-06-16 19:02:00.901 CST,"raingage","benchmark",54597,"127.0.0.1:48954",666ec5b9.d545,631,"SELECT",2024-06-16 19:00:09 CST,6/46,0,LOG,00000,"execute S_1: SELECT c_discount, c_last, c_credit, w_tax     FROM bmsql_customer     JOIN bmsql_warehouse ON (w_id = c_w_id)     WHERE c_w_id = $1 AND c_d_id = $2 AND c_id = $3","parameters: $1 = '1', $2 = '4', $3 = '47'",,,,,,,,"","client backend"
2024-06-16 19:02:00.969 CST,"raingage","benchmark",54597,"127.0.0.1:48954",666ec5b9.d545,632,"SELECT",2024-06-16 19:00:09 CST,6/46,0,LOG,00000,"execute S_1: SELECT c_discount, c_last, c_credit, w_tax     FROM bmsql_customer     JOIN bmsql_warehouse ON (w_id = c_w_id)     WHERE c_w_id = $1 AND c_d_id = $2 AND c_id = $3","parameters: $1 = '1', $2 = '4', $3 = '47'",,,,,,,,"","client backend"
2024-06-16 19:02:00.981 CST,"raingage","benchmark",54597,"127.0.0.1:48954",666ec5b9.d545,633,"SELECT",2024-06-16 19:00:09 CST,6/46,0,LOG,00000,"execute S_5: SELECT i_price, i_name, i_data     FROM bmsql_item     WHERE i_id = $1","parameters: $1 = '57'",,,,,,,,"","client backend"
2024-06-16 19:02:00.994 CST,"raingage","benchmark",54597,"127.0.0.1:48954",666ec5b9.d545,634,"SELECT",2024-06-16 19:00:09 CST,6/46,0,LOG,00000,"execute S_6: SELECT s_quantity, s_data,        s_dist_01, s_dist_02, s_dist_03, s_dist_04,        s_dist_05, s_dist_06, s_dist_07, s_dist_08,        s_dist_09, s_dist_10     FROM bmsql_stock     WHERE s_w_id = $1 AND s_i_id = $2 ","parameters: $1 = '1', $2 = '57'",,,,,,,,"","client backend"
2024-06-16 19:02:01.012 CST,"raingage","benchmark",54597,"127.0.0.1:48954",666ec5b9.d545,635,"UPDATE",2024-06-16 19:00:09 CST,6/46,0,LOG,00000,"execute S_7: UPDATE bmsql_stock     SET s_quantity = $1, s_ytd = s_ytd + $2,         s_order_cnt = s_order_cnt + 1,         s_remote_cnt = s_remote_cnt + $3     WHERE s_w_id = $4 AND s_i_id = $5","parameters: $1 = '65', $2 = '4', $3 = '0', $4 = '1', $5 = '57'",,,,,,,,"","client backend"
2024-06-16 19:02:01.033 CST,"raingage","benchmark",54597,"127.0.0.1:48954",666ec5b9.d545,636,"COMMIT",2024-06-16 19:00:09 CST,6/46,115472,LOG,00000,"execute S_2: COMMIT",,,,,,,,,"","client backend"
2024-06-16 19:02:01.047 CST,"raingage","benchmark",54597,"127.0.0.1:48954",666ec5b9.d545,637,"BEGIN",2024-06-16 19:00:09 CST,6/47,0,LOG,00000,"execute S_3: BEGIN",,,,,,,,,"","client backend"
2024-06-16 19:02:01.064 CST,"raingage","benchmark",54597,"127.0.0.1:48954",666ec5b9.d545,638,"SELECT",2024-06-16 19:00:09 CST,6/47,0,LOG,00000,"execute S_4: SELECT d_tax, d_next_o_id     FROM bmsql_district     WHERE d_w_id = $1 AND d_id = $2 ","parameters: $1 = '1', $2 = '4'",,,,,,,,"","client backend"
2024-06-16 19:02:01.129 CST,"raingage","benchmark",54597,"127.0.0.1:48954",666ec5b9.d545,639,"SELECT",2024-06-16 19:00:09 CST,6/47,0,LOG,00000,"execute S_1: SELECT c_discount, c_last, c_credit, w_tax     FROM bmsql_customer     JOIN bmsql_warehouse ON (w_id = c_w_id)     WHERE c_w_id = $1 AND c_d_id = $2 AND c_id = $3","parameters: $1 = '1', $2 = '4', $3 = '47'",,,,,,,,"","client backend"
2024-06-16 19:02:01.201 CST,"raingage","benchmark",54597,"127.0.0.1:48954",666ec5b9.d545,640,"SELECT",2024-06-16 19:00:09 CST,6/47,0,LOG,00000,"execute S_1: SELECT c_discount, c_last, c_credit, w_tax     FROM bmsql_customer     JOIN bmsql_warehouse ON (w_id = c_w_id)     WHERE c_w_id = $1 AND c_d_id = $2 AND c_id = $3","parameters: $1 = '1', $2 = '4', $3 = '47'",,,,,,,,"","client backend"
2024-06-16 19:02:01.269 CST,"raingage","benchmark",54597,"127.0.0.1:48954",666ec5b9.d545,641,"SELECT",2024-06-16 19:00:09 CST,6/47,0,LOG,00000,"execute S_1: SELECT c_discount, c_last, c_credit, w_tax     FROM bmsql_customer     JOIN bmsql_warehouse ON (w_id = c_w_id)     WHERE c_w_id = $1 AND c_d_id = $2 AND c_id = $3","parameters: $1 = '1', $2 = '4', $3 = '47'",,,,,,,,"","client backend"
2024-06-16 19:02:01.337 CST,"raingage","benchmark",54597,"127.0.0.1:48954",666ec5b9.d545,642,"SELECT",2024-06-16 19:00:09 CST,6/47,0,LOG,00000,"execute S_1: SELECT c_discount, c_last, c_credit, w_tax     FROM bmsql_customer     JOIN bmsql_warehouse ON (w_id = c_w_id)     WHERE c_w_id = $1 AND c_d_id = $2 AND c_id = $3","parameters: $1 = '1', $2 = '4', $3 = '47'",,,,,,,,"","client backend"
2024-06-16 19:02:01.405 CST,"raingage","benchmark",54597,"127.0.0.1:48954",666ec5b9.d545,643,"SELECT",2024-06-16 19:00:09 CST,6/47,0,LOG,00000,"execute S_1: SELECT c_discount, c_last, c_credit, w_tax     FROM bmsql_customer     JOIN bmsql_warehouse ON (w_id = c_w_id)     WHERE c_w_id = $1 AND c_d_id = $2 AND c_id = $3","parameters: $1 = '1', $2 = '4', $3 = '47'",,,,,,,,"","client backend"
2024-06-16 19:02:01.467 CST,"raingage","benchmark",54597,"127.0.0.1:48954",666ec5b9.d545,644,"SELECT",2024-06-16 19:00:09 CST,6/47,0,LOG,00000,"execute S_1: SELECT c_discount, c_last, c_credit, w_tax     FROM bmsql_customer     JOIN bmsql_warehouse ON (w_id = c_w_id)     WHERE c_w_id = $1 AND c_d_id = $2 AND c_id = $3","parameters: $1 = '1', $2 = '4', $3 = '47'",,,,,,,,"","client backend"
2024-06-16 19:02:01.533 CST,"raingage","benchmark",54597,"127.0.0.1:48954",666ec5b9.d545,645,"SELECT",2024-06-16 19:00:09 CST,6/47,0,LOG,00000,"execute S_1: SELECT c_discount, c_last, c_credit, w_tax     FROM bmsql_customer     JOIN bmsql_warehouse ON (w_id = c_w_id)     WHERE c_w_id = $1 AND c_d_id = $2 AND c_id = $3","parameters: $1 = '1', $2 = '4', $3 = '47'",,,,,,,,"","client backend"
2024-06-16 19:02:01.594 CST,"raingage","benchmark",54597,"127.0.0.1:48954",666ec5b9.d545,646,"SELECT",2024-06-16 19:00:09 CST,6/47,0,LOG,00000,"execute S_1: SELECT c_discount, c_last, c_credit, w_tax     FROM bmsql_customer     JOIN bmsql_warehouse ON (w_id = c_w_id)     WHERE c_w_id = $1 AND c_d_id = $2 AND c_id = $3","parameters: $1 = '1', $2 = '4', $3 = '47'",,,,,,,,"","client backend"
2024-06-16 19:02:01.611 CST,"raingage","benchmark",54597,"127.0.0.1:48954",666ec5b9.d545,647,"SELECT",2024-06-16 19:00:09 CST,6/47,0,LOG,00000,"execute S_5: SELECT i_price, i_name, i_data     FROM bmsql_item     WHERE i_id = $1","parameters: $1 = '57'",,,,,,,,"","client backend"
2024-06-16 19:02:01.626 CST,"raingage","benchmark",54597,"127.0.0.1:48954",666ec5b9.d545,648,"SELECT",2024-06-16 19:00:09 CST,6/47,0,LOG,00000,"execute S_6: SELECT s_quantity, s_data,        s_dist_01, s_dist_02, s_dist_03, s_dist_04,        s_dist_05, s_dist_06, s_dist_07, s_dist_08,        s_dist_09, s_dist_10     FROM bmsql_stock     WHERE s_w_id = $1 AND s_i_id = $2 ","parameters: $1 = '1', $2 = '57'",,,,,,,,"","client backend"
2024-06-16 19:02:01.646 CST,"raingage","benchmark",54597,"127.0.0.1:48954",666ec5b9.d545,649,"UPDATE",2024-06-16 19:00:09 CST,6/47,0,LOG,00000,"execute S_7: UPDATE bmsql_stock     SET s_quantity = $1, s_ytd = s_ytd + $2,         s_order_cnt = s_order_cnt + 1,         s_remote_cnt = s_remote_cnt + $3     WHERE s_w_id = $4 AND s_i_id = $5","parameters: $1 = '61', $2 = '4', $3 = '0', $4 = '1', $5 = '57'",,,,,,,,"","client backend"
2024-06-16 19:02:01.666 CST,"raingage","benchmark",54597,"127.0.0.1:48954",666ec5b9.d545,650,"COMMIT",2024-06-16 19:00:09 CST,6/47,115473,LOG,00000,"execute S_2: COMMIT",,,,,,,,,"","client backend"
2024-06-16 19:02:01.684 CST,"raingage","benchmark",54597,"127.0.0.1:48954",666ec5b9.d545,651,"BEGIN",2024-06-16 19:00:09 CST,6/48,0,LOG,00000,"execute S_3: BEGIN",,,,,,,,,"","client backend"
2024-06-16 19:02:01.697 CST,"raingage","benchmark",54597,"127.0.0.1:48954",666ec5b9.d545,652,"SELECT",2024-06-16 19:00:09 CST,6/48,0,LOG,00000,"execute S_4: SELECT d_tax, d_next_o_id     FROM bmsql_district     WHERE d_w_id = $1 AND d_id = $2 ","parameters: $1 = '1', $2 = '4'",,,,,,,,"","client backend"
2024-06-16 19:02:01.766 CST,"raingage","benchmark",54597,"127.0.0.1:48954",666ec5b9.d545,653,"SELECT",2024-06-16 19:00:09 CST,6/48,0,LOG,00000,"execute S_1: SELECT c_discount, c_last, c_credit, w_tax     FROM bmsql_customer     JOIN bmsql_warehouse ON (w_id = c_w_id)     WHERE c_w_id = $1 AND c_d_id = $2 AND c_id = $3","parameters: $1 = '1', $2 = '4', $3 = '1'",,,,,,,,"","client backend"
2024-06-16 19:02:01.835 CST,"raingage","benchmark",54597,"127.0.0.1:48954",666ec5b9.d545,654,"SELECT",2024-06-16 19:00:09 CST,6/48,0,LOG,00000,"execute S_1: SELECT c_discount, c_last, c_credit, w_tax     FROM bmsql_customer     JOIN bmsql_warehouse ON (w_id = c_w_id)     WHERE c_w_id = $1 AND c_d_id = $2 AND c_id = $3","parameters: $1 = '1', $2 = '4', $3 = '1'",,,,,,,,"","client backend"
2024-06-16 19:02:01.898 CST,"raingage","benchmark",54597,"127.0.0.1:48954",666ec5b9.d545,655,"SELECT",2024-06-16 19:00:09 CST,6/48,0,LOG,00000,"execute S_1: SELECT c_discount, c_last, c_credit, w_tax     FROM bmsql_customer     JOIN bmsql_warehouse ON (w_id = c_w_id)     WHERE c_w_id = $1 AND c_d_id = $2 AND c_id = $3","parameters: $1 = '1', $2 = '4', $3 = '1'",,,,,,,,"","client backend"
2024-06-16 19:02:01.962 CST,"raingage","benchmark",54597,"127.0.0.1:48954",666ec5b9.d545,656,"SELECT",2024-06-16 19:00:09 CST,6/48,0,LOG,00000,"execute S_1: SELECT c_discount, c_last, c_credit, w_tax     FROM bmsql_customer     JOIN bmsql_warehouse ON (w_id = c_w_id)     WHERE c_w_id = $1 AND c_d_id = $2 AND c_id = $3","parameters: $1 = '1', $2 = '4', $3 = '1'",,,,,,,,"","client backend"
2024-06-16 19:02:02.033 CST,"raingage","benchmark",54597,"127.0.0.1:48954",666ec5b9.d545,657,"SELECT",2024-06-16 19:00:09 CST,6/48,0,LOG,00000,"execute S_1: SELECT c_discount, c_last, c_credit, w_tax     FROM bmsql_customer     JOIN bmsql_warehouse ON (w_id = c_w_id)     WHERE c_w_id = $1 AND c_d_id = $2 AND c_id = $3","parameters: $1 = '1', $2 = '4', $3 = '1'",,,,,,,,"","client backend"
2024-06-16 19:02:02.100 CST,"raingage","benchmark",54597,"127.0.0.1:48954",666ec5b9.d545,658,"SELECT",2024-06-16 19:00:09 CST,6/48,0,LOG,00000,"execute S_1: SELECT c_discount, c_last, c_credit, w_tax     FROM bmsql_customer     JOIN bmsql_warehouse ON (w_id = c_w_id)     WHERE c_w_id = $1 AND c_d_id = $2 AND c_id = $3","parameters: $1 = '1', $2 = '4', $3 = '1'",,,,,,,,"","client backend"
2024-06-16 19:02:02.162 CST,"raingage","benchmark",54597,"127.0.0.1:48954",666ec5b9.d545,659,"SELECT",2024-06-16 19:00:09 CST,6/48,0,LOG,00000,"execute S_1: SELECT c_discount, c_last, c_credit, w_tax     FROM bmsql_customer     JOIN bmsql_warehouse ON (w_id = c_w_id)     WHERE c_w_id = $1 AND c_d_id = $2 AND c_id = $3","parameters: $1 = '1', $2 = '4', $3 = '1'",,,,,,,,"","client backend"
2024-06-16 19:02:02.233 CST,"raingage","benchmark",54597,"127.0.0.1:48954",666ec5b9.d545,660,"SELECT",2024-06-16 19:00:09 CST,6/48,0,LOG,00000,"execute S_1: SELECT c_discount, c_last, c_credit, w_tax     FROM bmsql_customer     JOIN bmsql_warehouse ON (w_id = c_w_id)     WHERE c_w_id = $1 AND c_d_id = $2 AND c_id = $3","parameters: $1 = '1', $2 = '4', $3 = '1'",,,,,,,,"","client backend"
2024-06-16 19:02:02.249 CST,"raingage","benchmark",54597,"127.0.0.1:48954",666ec5b9.d545,661,"SELECT",2024-06-16 19:00:09 CST,6/48,0,LOG,00000,"execute S_5: SELECT i_price, i_name, i_data     FROM bmsql_item     WHERE i_id = $1","parameters: $1 = '15'",,,,,,,,"","client backend"
2024-06-16 19:02:02.266 CST,"raingage","benchmark",54597,"127.0.0.1:48954",666ec5b9.d545,662,"SELECT",2024-06-16 19:00:09 CST,6/48,0,LOG,00000,"execute S_6: SELECT s_quantity, s_data,        s_dist_01, s_dist_02, s_dist_03, s_dist_04,        s_dist_05, s_dist_06, s_dist_07, s_dist_08,        s_dist_09, s_dist_10     FROM bmsql_stock     WHERE s_w_id = $1 AND s_i_id = $2 ","parameters: $1 = '1', $2 = '15'",,,,,,,,"","client backend"
2024-06-16 19:02:02.283 CST,"raingage","benchmark",54597,"127.0.0.1:48954",666ec5b9.d545,663,"UPDATE",2024-06-16 19:00:09 CST,6/48,0,LOG,00000,"execute S_7: UPDATE bmsql_stock     SET s_quantity = $1, s_ytd = s_ytd + $2,         s_order_cnt = s_order_cnt + 1,         s_remote_cnt = s_remote_cnt + $3     WHERE s_w_id = $4 AND s_i_id = $5","parameters: $1 = '93', $2 = '4', $3 = '0', $4 = '1', $5 = '15'",,,,,,,,"","client backend"
2024-06-16 19:02:02.299 CST,"raingage","benchmark",54597,"127.0.0.1:48954",666ec5b9.d545,664,"COMMIT",2024-06-16 19:00:09 CST,6/48,115474,LOG,00000,"execute S_2: COMMIT",,,,,,,,,"","client backend"
2024-06-16 19:02:05.191 CST,"raingage","benchmark",54596,"127.0.0.1:48952",666ec5b9.d544,1087,"BEGIN",2024-06-16 19:00:09 CST,5/79,0,LOG,00000,"execute S_3: BEGIN",,,,,,,,,"","client backend"
2024-06-16 19:02:05.209 CST,"raingage","benchmark",54596,"127.0.0.1:48952",666ec5b9.d544,1088,"SELECT",2024-06-16 19:00:09 CST,5/79,0,LOG,00000,"execute S_4: SELECT d_tax, d_next_o_id     FROM bmsql_district     WHERE d_w_id = $1 AND d_id = $2 ","parameters: $1 = '1', $2 = '1'",,,,,,,,"","client backend"
2024-06-16 19:02:05.278 CST,"raingage","benchmark",54596,"127.0.0.1:48952",666ec5b9.d544,1089,"SELECT",2024-06-16 19:00:09 CST,5/79,0,LOG,00000,"execute S_1: SELECT c_discount, c_last, c_credit, w_tax     FROM bmsql_customer     JOIN bmsql_warehouse ON (w_id = c_w_id)     WHERE c_w_id = $1 AND c_d_id = $2 AND c_id = $3","parameters: $1 = '1', $2 = '1', $3 = '80'",,,,,,,,"","client backend"
2024-06-16 19:02:05.346 CST,"raingage","benchmark",54596,"127.0.0.1:48952",666ec5b9.d544,1090,"SELECT",2024-06-16 19:00:09 CST,5/79,0,LOG,00000,"execute S_1: SELECT c_discount, c_last, c_credit, w_tax     FROM bmsql_customer     JOIN bmsql_warehouse ON (w_id = c_w_id)     WHERE c_w_id = $1 AND c_d_id = $2 AND c_id = $3","parameters: $1 = '1', $2 = '1', $3 = '80'",,,,,,,,"","client backend"
2024-06-16 19:02:05.412 CST,"raingage","benchmark",54596,"127.0.0.1:48952",666ec5b9.d544,1091,"SELECT",2024-06-16 19:00:09 CST,5/79,0,LOG,00000,"execute S_1: SELECT c_discount, c_last, c_credit, w_tax     FROM bmsql_customer     JOIN bmsql_warehouse ON (w_id = c_w_id)     WHERE c_w_id = $1 AND c_d_id = $2 AND c_id = $3","parameters: $1 = '1', $2 = '1', $3 = '80'",,,,,,,,"","client backend"
2024-06-16 19:02:05.483 CST,"raingage","benchmark",54596,"127.0.0.1:48952",666ec5b9.d544,1092,"SELECT",2024-06-16 19:00:09 CST,5/79,0,LOG,00000,"execute S_1: SELECT c_discount, c_last, c_credit, w_tax     FROM bmsql_customer     JOIN bmsql_warehouse ON (w_id = c_w_id)     WHERE c_w_id = $1 AND c_d_id = $2 AND c_id = $3","parameters: $1 = '1', $2 = '1', $3 = '80'",,,,,,,,"","client backend"
2024-06-16 19:02:05.553 CST,"raingage","benchmark",54596,"127.0.0.1:48952",666ec5b9.d544,1093,"SELECT",2024-06-16 19:00:09 CST,5/79,0,LOG,00000,"execute S_1: SELECT c_discount, c_last, c_credit, w_tax     FROM bmsql_customer     JOIN bmsql_warehouse ON (w_id = c_w_id)     WHERE c_w_id = $1 AND c_d_id = $2 AND c_id = $3","parameters: $1 = '1', $2 = '1', $3 = '80'",,,,,,,,"","client backend"
2024-06-16 19:02:05.616 CST,"raingage","benchmark",54596,"127.0.0.1:48952",666ec5b9.d544,1094,"SELECT",2024-06-16 19:00:09 CST,5/79,0,LOG,00000,"execute S_1: SELECT c_discount, c_last, c_credit, w_tax     FROM bmsql_customer     JOIN bmsql_warehouse ON (w_id = c_w_id)     WHERE c_w_id = $1 AND c_d_id = $2 AND c_id = $3","parameters: $1 = '1', $2 = '1', $3 = '80'",,,,,,,,"","client backend"
2024-06-16 19:02:05.682 CST,"raingage","benchmark",54596,"127.0.0.1:48952",666ec5b9.d544,1095,"SELECT",2024-06-16 19:00:09 CST,5/79,0,LOG,00000,"execute S_1: SELECT c_discount, c_last, c_credit, w_tax     FROM bmsql_customer     JOIN bmsql_warehouse ON (w_id = c_w_id)     WHERE c_w_id = $1 AND c_d_id = $2 AND c_id = $3","parameters: $1 = '1', $2 = '1', $3 = '80'",,,,,,,,"","client backend"
2024-06-16 19:02:05.751 CST,"raingage","benchmark",54596,"127.0.0.1:48952",666ec5b9.d544,1096,"SELECT",2024-06-16 19:00:09 CST,5/79,0,LOG,00000,"execute S_1: SELECT c_discount, c_last, c_credit, w_tax     FROM bmsql_customer     JOIN bmsql_warehouse ON (w_id = c_w_id)     WHERE c_w_id = $1 AND c_d_id = $2 AND c_id = $3","parameters: $1 = '1', $2 = '1', $3 = '80'",,,,,,,,"","client backend"
2024-06-16 19:02:05.765 CST,"raingage","benchmark",54596,"127.0.0.1:48952",666ec5b9.d544,1097,"SELECT",2024-06-16 19:00:09 CST,5/79,0,LOG,00000,"execute S_5: SELECT i_price, i_name, i_data     FROM bmsql_item     WHERE i_id = $1","parameters: $1 = '60'",,,,,,,,"","client backend"
2024-06-16 19:02:05.784 CST,"raingage","benchmark",54596,"127.0.0.1:48952",666ec5b9.d544,1098,"SELECT",2024-06-16 19:00:09 CST,5/79,0,LOG,00000,"execute S_6: SELECT s_quantity, s_data,        s_dist_01, s_dist_02, s_dist_03, s_dist_04,        s_dist_05, s_dist_06, s_dist_07, s_dist_08,        s_dist_09, s_dist_10     FROM bmsql_stock     WHERE s_w_id = $1 AND s_i_id = $2 ","parameters: $1 = '1', $2 = '60'",,,,,,,,"","client backend"
2024-06-16 19:02:05.798 CST,"raingage","benchmark",54596,"127.0.0.1:48952",666ec5b9.d544,1099,"UPDATE",2024-06-16 19:00:09 CST,5/79,0,LOG,00000,"execute S_7: UPDATE bmsql_stock     SET s_quantity = $1, s_ytd = s_ytd + $2,         s_order_cnt = s_order_cnt + 1,         s_remote_cnt = s_remote_cnt + $3     WHERE s_w_id = $4 AND s_i_id = $5","parameters: $1 = '72', $2 = '2', $3 = '0', $4 = '1', $5 = '60'",,,,,,,,"","client backend"
2024-06-16 19:02:05.811 CST,"raingage","benchmark",54596,"127.0.0.1:48952",666ec5b9.d544,1100,"COMMIT",2024-06-16 19:00:09 CST,5/79,115475,LOG,00000,"execute S_2: COMMIT",,,,,,,,,"","client backend"
2024-06-16 19:02:05.832 CST,"raingage","benchmark",54596,"127.0.0.1:48952",666ec5b9.d544,1101,"BEGIN",2024-06-16 19:00:09 CST,5/80,0,LOG,00000,"execute S_3: BEGIN",,,,,,,,,"","client backend"
2024-06-16 19:02:05.852 CST,"raingage","benchmark",54596,"127.0.0.1:48952",666ec5b9.d544,1102,"SELECT",2024-06-16 19:00:09 CST,5/80,0,LOG,00000,"execute S_4: SELECT d_tax, d_next_o_id     FROM bmsql_district     WHERE d_w_id = $1 AND d_id = $2 ","parameters: $1 = '1', $2 = '1'",,,,,,,,"","client backend"
2024-06-16 19:02:05.916 CST,"raingage","benchmark",54596,"127.0.0.1:48952",666ec5b9.d544,1103,"SELECT",2024-06-16 19:00:09 CST,5/80,0,LOG,00000,"execute S_1: SELECT c_discount, c_last, c_credit, w_tax     FROM bmsql_customer     JOIN bmsql_warehouse ON (w_id = c_w_id)     WHERE c_w_id = $1 AND c_d_id = $2 AND c_id = $3","parameters: $1 = '1', $2 = '1', $3 = '32'",,,,,,,,"","client backend"
2024-06-16 19:02:05.986 CST,"raingage","benchmark",54596,"127.0.0.1:48952",666ec5b9.d544,1104,"SELECT",2024-06-16 19:00:09 CST,5/80,0,LOG,00000,"execute S_1: SELECT c_discount, c_last, c_credit, w_tax     FROM bmsql_customer     JOIN bmsql_warehouse ON (w_id = c_w_id)     WHERE c_w_id = $1 AND c_d_id = $2 AND c_id = $3","parameters: $1 = '1', $2 = '1', $3 = '32'",,,,,,,,"","client backend"
2024-06-16 19:02:06.054 CST,"raingage","benchmark",54596,"127.0.0.1:48952",666ec5b9.d544,1105,"SELECT",2024-06-16 19:00:09 CST,5/80,0,LOG,00000,"execute S_1: SELECT c_discount, c_last, c_credit, w_tax     FROM bmsql_customer     JOIN bmsql_warehouse ON (w_id = c_w_id)     WHERE c_w_id = $1 AND c_d_id = $2 AND c_id = $3","parameters: $1 = '1', $2 = '1', $3 = '32'",,,,,,,,"","client backend"
2024-06-16 19:02:06.125 CST,"raingage","benchmark",54596,"127.0.0.1:48952",666ec5b9.d544,1106,"SELECT",2024-06-16 19:00:09 CST,5/80,0,LOG,00000,"execute S_1: SELECT c_discount, c_last, c_credit, w_tax     FROM bmsql_customer     JOIN bmsql_warehouse ON (w_id = c_w_id)     WHERE c_w_id = $1 AND c_d_id = $2 AND c_id = $3","parameters: $1 = '1', $2 = '1', $3 = '32'",,,,,,,,"","client backend"
2024-06-16 19:02:06.191 CST,"raingage","benchmark",54596,"127.0.0.1:48952",666ec5b9.d544,1107,"SELECT",2024-06-16 19:00:09 CST,5/80,0,LOG,00000,"execute S_1: SELECT c_discount, c_last, c_credit, w_tax     FROM bmsql_customer     JOIN bmsql_warehouse ON (w_id = c_w_id)     WHERE c_w_id = $1 AND c_d_id = $2 AND c_id = $3","parameters: $1 = '1', $2 = '1', $3 = '32'",,,,,,,,"","client backend"
2024-06-16 19:02:06.257 CST,"raingage","benchmark",54596,"127.0.0.1:48952",666ec5b9.d544,1108,"SELECT",2024-06-16 19:00:09 CST,5/80,0,LOG,00000,"execute S_1: SELECT c_discount, c_last, c_credit, w_tax     FROM bmsql_customer     JOIN bmsql_warehouse ON (w_id = c_w_id)     WHERE c_w_id = $1 AND c_d_id = $2 AND c_id = $3","parameters: $1 = '1', $2 = '1', $3 = '32'",,,,,,,,"","client backend"
2024-06-16 19:02:06.327 CST,"raingage","benchmark",54596,"127.0.0.1:48952",666ec5b9.d544,1109,"SELECT",2024-06-16 19:00:09 CST,5/80,0,LOG,00000,"execute S_1: SELECT c_discount, c_last, c_credit, w_tax     FROM bmsql_customer     JOIN bmsql_warehouse ON (w_id = c_w_id)     WHERE c_w_id = $1 AND c_d_id = $2 AND c_id = $3","parameters: $1 = '1', $2 = '1', $3 = '32'",,,,,,,,"","client backend"
2024-06-16 19:02:06.397 CST,"raingage","benchmark",54596,"127.0.0.1:48952",666ec5b9.d544,1110,"SELECT",2024-06-16 19:00:09 CST,5/80,0,LOG,00000,"execute S_1: SELECT c_discount, c_last, c_credit, w_tax     FROM bmsql_customer     JOIN bmsql_warehouse ON (w_id = c_w_id)     WHERE c_w_id = $1 AND c_d_id = $2 AND c_id = $3","parameters: $1 = '1', $2 = '1', $3 = '32'",,,,,,,,"","client backend"
2024-06-16 19:02:06.410 CST,"raingage","benchmark",54596,"127.0.0.1:48952",666ec5b9.d544,1111,"SELECT",2024-06-16 19:00:09 CST,5/80,0,LOG,00000,"execute S_5: SELECT i_price, i_name, i_data     FROM bmsql_item     WHERE i_id = $1","parameters: $1 = '55'",,,,,,,,"","client backend"
2024-06-16 19:02:06.430 CST,"raingage","benchmark",54596,"127.0.0.1:48952",666ec5b9.d544,1112,"SELECT",2024-06-16 19:00:09 CST,5/80,0,LOG,00000,"execute S_6: SELECT s_quantity, s_data,        s_dist_01, s_dist_02, s_dist_03, s_dist_04,        s_dist_05, s_dist_06, s_dist_07, s_dist_08,        s_dist_09, s_dist_10     FROM bmsql_stock     WHERE s_w_id = $1 AND s_i_id = $2 ","parameters: $1 = '1', $2 = '55'",,,,,,,,"","client backend"
2024-06-16 19:02:06.450 CST,"raingage","benchmark",54596,"127.0.0.1:48952",666ec5b9.d544,1113,"UPDATE",2024-06-16 19:00:09 CST,5/80,0,LOG,00000,"execute S_7: UPDATE bmsql_stock     SET s_quantity = $1, s_ytd = s_ytd + $2,         s_order_cnt = s_order_cnt + 1,         s_remote_cnt = s_remote_cnt + $3     WHERE s_w_id = $4 AND s_i_id = $5","parameters: $1 = '54', $2 = '1', $3 = '0', $4 = '1', $5 = '55'",,,,,,,,"","client backend"
2024-06-16 19:02:06.470 CST,"raingage","benchmark",54596,"127.0.0.1:48952",666ec5b9.d544,1114,"COMMIT",2024-06-16 19:00:09 CST,5/80,115476,LOG,00000,"execute S_2: COMMIT",,,,,,,,,"","client backend"
2024-06-16 19:02:06.488 CST,"raingage","benchmark",54596,"127.0.0.1:48952",666ec5b9.d544,1115,"BEGIN",2024-06-16 19:00:09 CST,5/81,0,LOG,00000,"execute S_3: BEGIN",,,,,,,,,"","client backend"
2024-06-16 19:02:06.499 CST,"raingage","benchmark",54596,"127.0.0.1:48952",666ec5b9.d544,1116,"SELECT",2024-06-16 19:00:09 CST,5/81,0,LOG,00000,"execute S_4: SELECT d_tax, d_next_o_id     FROM bmsql_district     WHERE d_w_id = $1 AND d_id = $2 ","parameters: $1 = '1', $2 = '1'",,,,,,,,"","client backend"
2024-06-16 19:02:06.563 CST,"raingage","benchmark",54596,"127.0.0.1:48952",666ec5b9.d544,1117,"SELECT",2024-06-16 19:00:09 CST,5/81,0,LOG,00000,"execute S_1: SELECT c_discount, c_last, c_credit, w_tax     FROM bmsql_customer     JOIN bmsql_warehouse ON (w_id = c_w_id)     WHERE c_w_id = $1 AND c_d_id = $2 AND c_id = $3","parameters: $1 = '1', $2 = '1', $3 = '9'",,,,,,,,"","client backend"
2024-06-16 19:02:06.631 CST,"raingage","benchmark",54596,"127.0.0.1:48952",666ec5b9.d544,1118,"SELECT",2024-06-16 19:00:09 CST,5/81,0,LOG,00000,"execute S_1: SELECT c_discount, c_last, c_credit, w_tax     FROM bmsql_customer     JOIN bmsql_warehouse ON (w_id = c_w_id)     WHERE c_w_id = $1 AND c_d_id = $2 AND c_id = $3","parameters: $1 = '1', $2 = '1', $3 = '9'",,,,,,,,"","client backend"
2024-06-16 19:02:06.700 CST,"raingage","benchmark",54596,"127.0.0.1:48952",666ec5b9.d544,1119,"SELECT",2024-06-16 19:00:09 CST,5/81,0,LOG,00000,"execute S_1: SELECT c_discount, c_last, c_credit, w_tax     FROM bmsql_customer     JOIN bmsql_warehouse ON (w_id = c_w_id)     WHERE c_w_id = $1 AND c_d_id = $2 AND c_id = $3","parameters: $1 = '1', $2 = '1', $3 = '9'",,,,,,,,"","client backend"
2024-06-16 19:02:06.770 CST,"raingage","benchmark",54596,"127.0.0.1:48952",666ec5b9.d544,1120,"SELECT",2024-06-16 19:00:09 CST,5/81,0,LOG,00000,"execute S_1: SELECT c_discount, c_last, c_credit, w_tax     FROM bmsql_customer     JOIN bmsql_warehouse ON (w_id = c_w_id)     WHERE c_w_id = $1 AND c_d_id = $2 AND c_id = $3","parameters: $1 = '1', $2 = '1', $3 = '9'",,,,,,,,"","client backend"
2024-06-16 19:02:06.832 CST,"raingage","benchmark",54596,"127.0.0.1:48952",666ec5b9.d544,1121,"SELECT",2024-06-16 19:00:09 CST,5/81,0,LOG,00000,"execute S_1: SELECT c_discount, c_last, c_credit, w_tax     FROM bmsql_customer     JOIN bmsql_warehouse ON (w_id = c_w_id)     WHERE c_w_id = $1 AND c_d_id = $2 AND c_id = $3","parameters: $1 = '1', $2 = '1', $3 = '9'",,,,,,,,"","client backend"
2024-06-16 19:02:06.898 CST,"raingage","benchmark",54596,"127.0.0.1:48952",666ec5b9.d544,1122,"SELECT",2024-06-16 19:00:09 CST,5/81,0,LOG,00000,"execute S_1: SELECT c_discount, c_last, c_credit, w_tax     FROM bmsql_customer     JOIN bmsql_warehouse ON (w_id = c_w_id)     WHERE c_w_id = $1 AND c_d_id = $2 AND c_id = $3","parameters: $1 = '1', $2 = '1', $3 = '9'",,,,,,,,"","client backend"
2024-06-16 19:02:06.968 CST,"raingage","benchmark",54596,"127.0.0.1:48952",666ec5b9.d544,1123,"SELECT",2024-06-16 19:00:09 CST,5/81,0,LOG,00000,"execute S_1: SELECT c_discount, c_last, c_credit, w_tax     FROM bmsql_customer     JOIN bmsql_warehouse ON (w_id = c_w_id)     WHERE c_w_id = $1 AND c_d_id = $2 AND c_id = $3","parameters: $1 = '1', $2 = '1', $3 = '9'",,,,,,,,"","client backend"
2024-06-16 19:02:07.030 CST,"raingage","benchmark",54596,"127.0.0.1:48952",666ec5b9.d544,1124,"SELECT",2024-06-16 19:00:09 CST,5/81,0,LOG,00000,"execute S_1: SELECT c_discount, c_last, c_credit, w_tax     FROM bmsql_customer     JOIN bmsql_warehouse ON (w_id = c_w_id)     WHERE c_w_id = $1 AND c_d_id = $2 AND c_id = $3","parameters: $1 = '1', $2 = '1', $3 = '9'",,,,,,,,"","client backend"
2024-06-16 19:02:07.048 CST,"raingage","benchmark",54596,"127.0.0.1:48952",666ec5b9.d544,1125,"SELECT",2024-06-16 19:00:09 CST,5/81,0,LOG,00000,"execute S_5: SELECT i_price, i_name, i_data     FROM bmsql_item     WHERE i_id = $1","parameters: $1 = '54'",,,,,,,,"","client backend"
2024-06-16 19:02:07.063 CST,"raingage","benchmark",54596,"127.0.0.1:48952",666ec5b9.d544,1126,"SELECT",2024-06-16 19:00:09 CST,5/81,0,LOG,00000,"execute S_6: SELECT s_quantity, s_data,        s_dist_01, s_dist_02, s_dist_03, s_dist_04,        s_dist_05, s_dist_06, s_dist_07, s_dist_08,        s_dist_09, s_dist_10     FROM bmsql_stock     WHERE s_w_id = $1 AND s_i_id = $2 ","parameters: $1 = '1', $2 = '54'",,,,,,,,"","client backend"
2024-06-16 19:02:07.084 CST,"raingage","benchmark",54596,"127.0.0.1:48952",666ec5b9.d544,1127,"UPDATE",2024-06-16 19:00:09 CST,5/81,0,LOG,00000,"execute S_7: UPDATE bmsql_stock     SET s_quantity = $1, s_ytd = s_ytd + $2,         s_order_cnt = s_order_cnt + 1,         s_remote_cnt = s_remote_cnt + $3     WHERE s_w_id = $4 AND s_i_id = $5","parameters: $1 = '26', $2 = '1', $3 = '0', $4 = '1', $5 = '54'",,,,,,,,"","client backend"
2024-06-16 19:02:07.097 CST,"raingage","benchmark",54596,"127.0.0.1:48952",666ec5b9.d544,1128,"COMMIT",2024-06-16 19:00:09 CST,5/81,115477,LOG,00000,"execute S_2: COMMIT",,,,,,,,,"","client backend"
2024-06-16 19:02:07.113 CST,"raingage","benchmark",54596,"127.0.0.1:48952",666ec5b9.d544,1129,"BEGIN",2024-06-16 19:00:09 CST,5/82,0,LOG,00000,"execute S_3: BEGIN",,,,,,,,,"","client backend"
2024-06-16 19:02:07.125 CST,"raingage","benchmark",54596,"127.0.0.1:48952",666ec5b9.d544,1130,"SELECT",2024-06-16 19:00:09 CST,5/82,0,LOG,00000,"execute S_4: SELECT d_tax, d_next_o_id     FROM bmsql_district     WHERE d_w_id = $1 AND d_id = $2 ","parameters: $1 = '1', $2 = '1'",,,,,,,,"","client backend"
2024-06-16 19:02:07.188 CST,"raingage","benchmark",54596,"127.0.0.1:48952",666ec5b9.d544,1131,"SELECT",2024-06-16 19:00:09 CST,5/82,0,LOG,00000,"execute S_1: SELECT c_discount, c_last, c_credit, w_tax     FROM bmsql_customer     JOIN bmsql_warehouse ON (w_id = c_w_id)     WHERE c_w_id = $1 AND c_d_id = $2 AND c_id = $3","parameters: $1 = '1', $2 = '1', $3 = '53'",,,,,,,,"","client backend"
2024-06-16 19:02:07.253 CST,"raingage","benchmark",54596,"127.0.0.1:48952",666ec5b9.d544,1132,"SELECT",2024-06-16 19:00:09 CST,5/82,0,LOG,00000,"execute S_1: SELECT c_discount, c_last, c_credit, w_tax     FROM bmsql_customer     JOIN bmsql_warehouse ON (w_id = c_w_id)     WHERE c_w_id = $1 AND c_d_id = $2 AND c_id = $3","parameters: $1 = '1', $2 = '1', $3 = '53'",,,,,,,,"","client backend"
2024-06-16 19:02:07.323 CST,"raingage","benchmark",54596,"127.0.0.1:48952",666ec5b9.d544,1133,"SELECT",2024-06-16 19:00:09 CST,5/82,0,LOG,00000,"execute S_1: SELECT c_discount, c_last, c_credit, w_tax     FROM bmsql_customer     JOIN bmsql_warehouse ON (w_id = c_w_id)     WHERE c_w_id = $1 AND c_d_id = $2 AND c_id = $3","parameters: $1 = '1', $2 = '1', $3 = '53'",,,,,,,,"","client backend"
2024-06-16 19:02:07.389 CST,"raingage","benchmark",54596,"127.0.0.1:48952",666ec5b9.d544,1134,"SELECT",2024-06-16 19:00:09 CST,5/82,0,LOG,00000,"execute S_1: SELECT c_discount, c_last, c_credit, w_tax     FROM bmsql_customer     JOIN bmsql_warehouse ON (w_id = c_w_id)     WHERE c_w_id = $1 AND c_d_id = $2 AND c_id = $3","parameters: $1 = '1', $2 = '1', $3 = '53'",,,,,,,,"","client backend"
2024-06-16 19:02:07.452 CST,"raingage","benchmark",54596,"127.0.0.1:48952",666ec5b9.d544,1135,"SELECT",2024-06-16 19:00:09 CST,5/82,0,LOG,00000,"execute S_1: SELECT c_discount, c_last, c_credit, w_tax     FROM bmsql_customer     JOIN bmsql_warehouse ON (w_id = c_w_id)     WHERE c_w_id = $1 AND c_d_id = $2 AND c_id = $3","parameters: $1 = '1', $2 = '1', $3 = '53'",,,,,,,,"","client backend"
2024-06-16 19:02:07.522 CST,"raingage","benchmark",54596,"127.0.0.1:48952",666ec5b9.d544,1136,"SELECT",2024-06-16 19:00:09 CST,5/82,0,LOG,00000,"execute S_1: SELECT c_discount, c_last, c_credit, w_tax     FROM bmsql_customer     JOIN bmsql_warehouse ON (w_id = c_w_id)     WHERE c_w_id = $1 AND c_d_id = $2 AND c_id = $3","parameters: $1 = '1', $2 = '1', $3 = '53'",,,,,,,,"","client backend"
2024-06-16 19:02:07.585 CST,"raingage","benchmark",54596,"127.0.0.1:48952",666ec5b9.d544,1137,"SELECT",2024-06-16 19:00:09 CST,5/82,0,LOG,00000,"execute S_1: SELECT c_discount, c_last, c_credit, w_tax     FROM bmsql_customer     JOIN bmsql_warehouse ON (w_id = c_w_id)     WHERE c_w_id = $1 AND c_d_id = $2 AND c_id = $3","parameters: $1 = '1', $2 = '1', $3 = '53'",,,,,,,,"","client backend"
2024-06-16 19:02:07.652 CST,"raingage","benchmark",54596,"127.0.0.1:48952",666ec5b9.d544,1138,"SELECT",2024-06-16 19:00:09 CST,5/82,0,LOG,00000,"execute S_1: SELECT c_discount, c_last, c_credit, w_tax     FROM bmsql_customer     JOIN bmsql_warehouse ON (w_id = c_w_id)     WHERE c_w_id = $1 AND c_d_id = $2 AND c_id = $3","parameters: $1 = '1', $2 = '1', $3 = '53'",,,,,,,,"","client backend"
2024-06-16 19:02:07.666 CST,"raingage","benchmark",54596,"127.0.0.1:48952",666ec5b9.d544,1139,"SELECT",2024-06-16 19:00:09 CST,5/82,0,LOG,00000,"execute S_5: SELECT i_price, i_name, i_data     FROM bmsql_item     WHERE i_id = $1","parameters: $1 = '40'",,,,,,,,"","client backend"
2024-06-16 19:02:07.679 CST,"raingage","benchmark",54596,"127.0.0.1:48952",666ec5b9.d544,1140,"SELECT",2024-06-16 19:00:09 CST,5/82,0,LOG,00000,"execute S_6: SELECT s_quantity, s_data,        s_dist_01, s_dist_02, s_dist_03, s_dist_04,        s_dist_05, s_dist_06, s_dist_07, s_dist_08,        s_dist_09, s_dist_10     FROM bmsql_stock     WHERE s_w_id = $1 AND s_i_id = $2 ","parameters: $1 = '1', $2 = '40'",,,,,,,,"","client backend"
2024-06-16 19:02:07.693 CST,"raingage","benchmark",54596,"127.0.0.1:48952",666ec5b9.d544,1141,"UPDATE",2024-06-16 19:00:09 CST,5/82,0,LOG,00000,"execute S_7: UPDATE bmsql_stock     SET s_quantity = $1, s_ytd = s_ytd + $2,         s_order_cnt = s_order_cnt + 1,         s_remote_cnt = s_remote_cnt + $3     WHERE s_w_id = $4 AND s_i_id = $5","parameters: $1 = '11', $2 = '2', $3 = '0', $4 = '1', $5 = '40'",,,,,,,,"","client backend"
2024-06-16 19:02:07.711 CST,"raingage","benchmark",54596,"127.0.0.1:48952",666ec5b9.d544,1142,"COMMIT",2024-06-16 19:00:09 CST,5/82,115478,LOG,00000,"execute S_2: COMMIT",,,,,,,,,"","client backend"
2024-06-16 19:02:07.724 CST,"raingage","benchmark",54596,"127.0.0.1:48952",666ec5b9.d544,1143,"BEGIN",2024-06-16 19:00:09 CST,5/83,0,LOG,00000,"execute S_3: BEGIN",,,,,,,,,"","client backend"
2024-06-16 19:02:07.737 CST,"raingage","benchmark",54596,"127.0.0.1:48952",666ec5b9.d544,1144,"SELECT",2024-06-16 19:00:09 CST,5/83,0,LOG,00000,"execute S_4: SELECT d_tax, d_next_o_id     FROM bmsql_district     WHERE d_w_id = $1 AND d_id = $2 ","parameters: $1 = '1', $2 = '1'",,,,,,,,"","client backend"
2024-06-16 19:02:07.807 CST,"raingage","benchmark",54596,"127.0.0.1:48952",666ec5b9.d544,1145,"SELECT",2024-06-16 19:00:09 CST,5/83,0,LOG,00000,"execute S_1: SELECT c_discount, c_last, c_credit, w_tax     FROM bmsql_customer     JOIN bmsql_warehouse ON (w_id = c_w_id)     WHERE c_w_id = $1 AND c_d_id = $2 AND c_id = $3","parameters: $1 = '1', $2 = '1', $3 = '53'",,,,,,,,"","client backend"
2024-06-16 19:02:07.875 CST,"raingage","benchmark",54596,"127.0.0.1:48952",666ec5b9.d544,1146,"SELECT",2024-06-16 19:00:09 CST,5/83,0,LOG,00000,"execute S_1: SELECT c_discount, c_last, c_credit, w_tax     FROM bmsql_customer     JOIN bmsql_warehouse ON (w_id = c_w_id)     WHERE c_w_id = $1 AND c_d_id = $2 AND c_id = $3","parameters: $1 = '1', $2 = '1', $3 = '53'",,,,,,,,"","client backend"
2024-06-16 19:02:07.933 CST,"raingage","benchmark",54599,"127.0.0.1:48958",666ec5b9.d547,754,"BEGIN",2024-06-16 19:00:09 CST,8/55,0,LOG,00000,"execute S_3: BEGIN",,,,,,,,,"","client backend"
2024-06-16 19:02:07.941 CST,"raingage","benchmark",54596,"127.0.0.1:48952",666ec5b9.d544,1147,"SELECT",2024-06-16 19:00:09 CST,5/83,0,LOG,00000,"execute S_1: SELECT c_discount, c_last, c_credit, w_tax     FROM bmsql_customer     JOIN bmsql_warehouse ON (w_id = c_w_id)     WHERE c_w_id = $1 AND c_d_id = $2 AND c_id = $3","parameters: $1 = '1', $2 = '1', $3 = '53'",,,,,,,,"","client backend"
2024-06-16 19:02:07.949 CST,"raingage","benchmark",54599,"127.0.0.1:48958",666ec5b9.d547,755,"SELECT",2024-06-16 19:00:09 CST,8/55,0,LOG,00000,"execute S_4: SELECT d_tax, d_next_o_id     FROM bmsql_district     WHERE d_w_id = $1 AND d_id = $2 ","parameters: $1 = '1', $2 = '1'",,,,,,,,"","client backend"
2024-06-16 19:02:08.013 CST,"raingage","benchmark",54596,"127.0.0.1:48952",666ec5b9.d544,1148,"SELECT",2024-06-16 19:00:09 CST,5/83,0,LOG,00000,"execute S_1: SELECT c_discount, c_last, c_credit, w_tax     FROM bmsql_customer     JOIN bmsql_warehouse ON (w_id = c_w_id)     WHERE c_w_id = $1 AND c_d_id = $2 AND c_id = $3","parameters: $1 = '1', $2 = '1', $3 = '53'",,,,,,,,"","client backend"
2024-06-16 19:02:08.014 CST,"raingage","benchmark",54599,"127.0.0.1:48958",666ec5b9.d547,756,"SELECT",2024-06-16 19:00:09 CST,8/55,0,LOG,00000,"execute S_1: SELECT c_discount, c_last, c_credit, w_tax     FROM bmsql_customer     JOIN bmsql_warehouse ON (w_id = c_w_id)     WHERE c_w_id = $1 AND c_d_id = $2 AND c_id = $3","parameters: $1 = '1', $2 = '1', $3 = '39'",,,,,,,,"","client backend"
2024-06-16 19:02:08.076 CST,"raingage","benchmark",54596,"127.0.0.1:48952",666ec5b9.d544,1149,"SELECT",2024-06-16 19:00:09 CST,5/83,0,LOG,00000,"execute S_1: SELECT c_discount, c_last, c_credit, w_tax     FROM bmsql_customer     JOIN bmsql_warehouse ON (w_id = c_w_id)     WHERE c_w_id = $1 AND c_d_id = $2 AND c_id = $3","parameters: $1 = '1', $2 = '1', $3 = '53'",,,,,,,,"","client backend"
2024-06-16 19:02:08.077 CST,"raingage","benchmark",54599,"127.0.0.1:48958",666ec5b9.d547,757,"SELECT",2024-06-16 19:00:09 CST,8/55,0,LOG,00000,"execute S_1: SELECT c_discount, c_last, c_credit, w_tax     FROM bmsql_customer     JOIN bmsql_warehouse ON (w_id = c_w_id)     WHERE c_w_id = $1 AND c_d_id = $2 AND c_id = $3","parameters: $1 = '1', $2 = '1', $3 = '39'",,,,,,,,"","client backend"
2024-06-16 19:02:08.141 CST,"raingage","benchmark",54596,"127.0.0.1:48952",666ec5b9.d544,1150,"SELECT",2024-06-16 19:00:09 CST,5/83,0,LOG,00000,"execute S_1: SELECT c_discount, c_last, c_credit, w_tax     FROM bmsql_customer     JOIN bmsql_warehouse ON (w_id = c_w_id)     WHERE c_w_id = $1 AND c_d_id = $2 AND c_id = $3","parameters: $1 = '1', $2 = '1', $3 = '53'",,,,,,,,"","client backend"
2024-06-16 19:02:08.144 CST,"raingage","benchmark",54599,"127.0.0.1:48958",666ec5b9.d547,758,"SELECT",2024-06-16 19:00:09 CST,8/55,0,LOG,00000,"execute S_1: SELECT c_discount, c_last, c_credit, w_tax     FROM bmsql_customer     JOIN bmsql_warehouse ON (w_id = c_w_id)     WHERE c_w_id = $1 AND c_d_id = $2 AND c_id = $3","parameters: $1 = '1', $2 = '1', $3 = '39'",,,,,,,,"","client backend"
2024-06-16 19:02:08.207 CST,"raingage","benchmark",54599,"127.0.0.1:48958",666ec5b9.d547,759,"SELECT",2024-06-16 19:00:09 CST,8/55,0,LOG,00000,"execute S_1: SELECT c_discount, c_last, c_credit, w_tax     FROM bmsql_customer     JOIN bmsql_warehouse ON (w_id = c_w_id)     WHERE c_w_id = $1 AND c_d_id = $2 AND c_id = $3","parameters: $1 = '1', $2 = '1', $3 = '39'",,,,,,,,"","client backend"
2024-06-16 19:02:08.210 CST,"raingage","benchmark",54596,"127.0.0.1:48952",666ec5b9.d544,1151,"SELECT",2024-06-16 19:00:09 CST,5/83,0,LOG,00000,"execute S_1: SELECT c_discount, c_last, c_credit, w_tax     FROM bmsql_customer     JOIN bmsql_warehouse ON (w_id = c_w_id)     WHERE c_w_id = $1 AND c_d_id = $2 AND c_id = $3","parameters: $1 = '1', $2 = '1', $3 = '53'",,,,,,,,"","client backend"
2024-06-16 19:02:08.273 CST,"raingage","benchmark",54599,"127.0.0.1:48958",666ec5b9.d547,760,"SELECT",2024-06-16 19:00:09 CST,8/55,0,LOG,00000,"execute S_1: SELECT c_discount, c_last, c_credit, w_tax     FROM bmsql_customer     JOIN bmsql_warehouse ON (w_id = c_w_id)     WHERE c_w_id = $1 AND c_d_id = $2 AND c_id = $3","parameters: $1 = '1', $2 = '1', $3 = '39'",,,,,,,,"","client backend"
2024-06-16 19:02:08.277 CST,"raingage","benchmark",54596,"127.0.0.1:48952",666ec5b9.d544,1152,"SELECT",2024-06-16 19:00:09 CST,5/83,0,LOG,00000,"execute S_1: SELECT c_discount, c_last, c_credit, w_tax     FROM bmsql_customer     JOIN bmsql_warehouse ON (w_id = c_w_id)     WHERE c_w_id = $1 AND c_d_id = $2 AND c_id = $3","parameters: $1 = '1', $2 = '1', $3 = '53'",,,,,,,,"","client backend"
2024-06-16 19:02:08.295 CST,"raingage","benchmark",54596,"127.0.0.1:48952",666ec5b9.d544,1153,"SELECT",2024-06-16 19:00:09 CST,5/83,0,LOG,00000,"execute S_5: SELECT i_price, i_name, i_data     FROM bmsql_item     WHERE i_id = $1","parameters: $1 = '40'",,,,,,,,"","client backend"
2024-06-16 19:02:08.314 CST,"raingage","benchmark",54596,"127.0.0.1:48952",666ec5b9.d544,1154,"SELECT",2024-06-16 19:00:09 CST,5/83,0,LOG,00000,"execute S_6: SELECT s_quantity, s_data,        s_dist_01, s_dist_02, s_dist_03, s_dist_04,        s_dist_05, s_dist_06, s_dist_07, s_dist_08,        s_dist_09, s_dist_10     FROM bmsql_stock     WHERE s_w_id = $1 AND s_i_id = $2 ","parameters: $1 = '1', $2 = '40'",,,,,,,,"","client backend"
2024-06-16 19:02:08.332 CST,"raingage","benchmark",54596,"127.0.0.1:48952",666ec5b9.d544,1155,"UPDATE",2024-06-16 19:00:09 CST,5/83,0,LOG,00000,"execute S_7: UPDATE bmsql_stock     SET s_quantity = $1, s_ytd = s_ytd + $2,         s_order_cnt = s_order_cnt + 1,         s_remote_cnt = s_remote_cnt + $3     WHERE s_w_id = $4 AND s_i_id = $5","parameters: $1 = '102', $2 = '2', $3 = '0', $4 = '1', $5 = '40'",,,,,,,,"","client backend"
2024-06-16 19:02:08.338 CST,"raingage","benchmark",54599,"127.0.0.1:48958",666ec5b9.d547,761,"SELECT",2024-06-16 19:00:09 CST,8/55,0,LOG,00000,"execute S_1: SELECT c_discount, c_last, c_credit, w_tax     FROM bmsql_customer     JOIN bmsql_warehouse ON (w_id = c_w_id)     WHERE c_w_id = $1 AND c_d_id = $2 AND c_id = $3","parameters: $1 = '1', $2 = '1', $3 = '39'",,,,,,,,"","client backend"
2024-06-16 19:02:08.349 CST,"raingage","benchmark",54596,"127.0.0.1:48952",666ec5b9.d544,1156,"COMMIT",2024-06-16 19:00:09 CST,5/83,115480,LOG,00000,"execute S_2: COMMIT",,,,,,,,,"","client backend"
2024-06-16 19:02:08.409 CST,"raingage","benchmark",54599,"127.0.0.1:48958",666ec5b9.d547,762,"SELECT",2024-06-16 19:00:09 CST,8/55,0,LOG,00000,"execute S_1: SELECT c_discount, c_last, c_credit, w_tax     FROM bmsql_customer     JOIN bmsql_warehouse ON (w_id = c_w_id)     WHERE c_w_id = $1 AND c_d_id = $2 AND c_id = $3","parameters: $1 = '1', $2 = '1', $3 = '39'",,,,,,,,"","client backend"
2024-06-16 19:02:08.474 CST,"raingage","benchmark",54599,"127.0.0.1:48958",666ec5b9.d547,763,"SELECT",2024-06-16 19:00:09 CST,8/55,0,LOG,00000,"execute S_1: SELECT c_discount, c_last, c_credit, w_tax     FROM bmsql_customer     JOIN bmsql_warehouse ON (w_id = c_w_id)     WHERE c_w_id = $1 AND c_d_id = $2 AND c_id = $3","parameters: $1 = '1', $2 = '1', $3 = '39'",,,,,,,,"","client backend"
2024-06-16 19:02:08.493 CST,"raingage","benchmark",54599,"127.0.0.1:48958",666ec5b9.d547,764,"SELECT",2024-06-16 19:00:09 CST,8/55,0,LOG,00000,"execute S_5: SELECT i_price, i_name, i_data     FROM bmsql_item     WHERE i_id = $1","parameters: $1 = '65'",,,,,,,,"","client backend"
2024-06-16 19:02:08.513 CST,"raingage","benchmark",54599,"127.0.0.1:48958",666ec5b9.d547,765,"SELECT",2024-06-16 19:00:09 CST,8/55,0,LOG,00000,"execute S_6: SELECT s_quantity, s_data,        s_dist_01, s_dist_02, s_dist_03, s_dist_04,        s_dist_05, s_dist_06, s_dist_07, s_dist_08,        s_dist_09, s_dist_10     FROM bmsql_stock     WHERE s_w_id = $1 AND s_i_id = $2 ","parameters: $1 = '1', $2 = '65'",,,,,,,,"","client backend"
2024-06-16 19:02:08.526 CST,"raingage","benchmark",54599,"127.0.0.1:48958",666ec5b9.d547,766,"UPDATE",2024-06-16 19:00:09 CST,8/55,0,LOG,00000,"execute S_7: UPDATE bmsql_stock     SET s_quantity = $1, s_ytd = s_ytd + $2,         s_order_cnt = s_order_cnt + 1,         s_remote_cnt = s_remote_cnt + $3     WHERE s_w_id = $4 AND s_i_id = $5","parameters: $1 = '51', $2 = '2', $3 = '0', $4 = '1', $5 = '65'",,,,,,,,"","client backend"
2024-06-16 19:02:08.542 CST,"raingage","benchmark",54599,"127.0.0.1:48958",666ec5b9.d547,767,"COMMIT",2024-06-16 19:00:09 CST,8/55,115481,LOG,00000,"execute S_2: COMMIT",,,,,,,,,"","client backend"
2024-06-16 19:02:08.564 CST,"raingage","benchmark",54599,"127.0.0.1:48958",666ec5b9.d547,768,"BEGIN",2024-06-16 19:00:09 CST,8/56,0,LOG,00000,"execute S_3: BEGIN",,,,,,,,,"","client backend"
2024-06-16 19:02:08.580 CST,"raingage","benchmark",54599,"127.0.0.1:48958",666ec5b9.d547,769,"SELECT",2024-06-16 19:00:09 CST,8/56,0,LOG,00000,"execute S_4: SELECT d_tax, d_next_o_id     FROM bmsql_district     WHERE d_w_id = $1 AND d_id = $2 ","parameters: $1 = '1', $2 = '2'",,,,,,,,"","client backend"
2024-06-16 19:02:08.649 CST,"raingage","benchmark",54599,"127.0.0.1:48958",666ec5b9.d547,770,"SELECT",2024-06-16 19:00:09 CST,8/56,0,LOG,00000,"execute S_1: SELECT c_discount, c_last, c_credit, w_tax     FROM bmsql_customer     JOIN bmsql_warehouse ON (w_id = c_w_id)     WHERE c_w_id = $1 AND c_d_id = $2 AND c_id = $3","parameters: $1 = '1', $2 = '2', $3 = '40'",,,,,,,,"","client backend"
2024-06-16 19:02:08.717 CST,"raingage","benchmark",54599,"127.0.0.1:48958",666ec5b9.d547,771,"SELECT",2024-06-16 19:00:09 CST,8/56,0,LOG,00000,"execute S_1: SELECT c_discount, c_last, c_credit, w_tax     FROM bmsql_customer     JOIN bmsql_warehouse ON (w_id = c_w_id)     WHERE c_w_id = $1 AND c_d_id = $2 AND c_id = $3","parameters: $1 = '1', $2 = '2', $3 = '40'",,,,,,,,"","client backend"
2024-06-16 19:02:08.779 CST,"raingage","benchmark",54599,"127.0.0.1:48958",666ec5b9.d547,772,"SELECT",2024-06-16 19:00:09 CST,8/56,0,LOG,00000,"execute S_1: SELECT c_discount, c_last, c_credit, w_tax     FROM bmsql_customer     JOIN bmsql_warehouse ON (w_id = c_w_id)     WHERE c_w_id = $1 AND c_d_id = $2 AND c_id = $3","parameters: $1 = '1', $2 = '2', $3 = '40'",,,,,,,,"","client backend"
2024-06-16 19:02:08.843 CST,"raingage","benchmark",54599,"127.0.0.1:48958",666ec5b9.d547,773,"SELECT",2024-06-16 19:00:09 CST,8/56,0,LOG,00000,"execute S_1: SELECT c_discount, c_last, c_credit, w_tax     FROM bmsql_customer     JOIN bmsql_warehouse ON (w_id = c_w_id)     WHERE c_w_id = $1 AND c_d_id = $2 AND c_id = $3","parameters: $1 = '1', $2 = '2', $3 = '40'",,,,,,,,"","client backend"
2024-06-16 19:02:08.909 CST,"raingage","benchmark",54599,"127.0.0.1:48958",666ec5b9.d547,774,"SELECT",2024-06-16 19:00:09 CST,8/56,0,LOG,00000,"execute S_1: SELECT c_discount, c_last, c_credit, w_tax     FROM bmsql_customer     JOIN bmsql_warehouse ON (w_id = c_w_id)     WHERE c_w_id = $1 AND c_d_id = $2 AND c_id = $3","parameters: $1 = '1', $2 = '2', $3 = '40'",,,,,,,,"","client backend"
2024-06-16 19:02:08.977 CST,"raingage","benchmark",54599,"127.0.0.1:48958",666ec5b9.d547,775,"SELECT",2024-06-16 19:00:09 CST,8/56,0,LOG,00000,"execute S_1: SELECT c_discount, c_last, c_credit, w_tax     FROM bmsql_customer     JOIN bmsql_warehouse ON (w_id = c_w_id)     WHERE c_w_id = $1 AND c_d_id = $2 AND c_id = $3","parameters: $1 = '1', $2 = '2', $3 = '40'",,,,,,,,"","client backend"
2024-06-16 19:02:09.044 CST,"raingage","benchmark",54599,"127.0.0.1:48958",666ec5b9.d547,776,"SELECT",2024-06-16 19:00:09 CST,8/56,0,LOG,00000,"execute S_1: SELECT c_discount, c_last, c_credit, w_tax     FROM bmsql_customer     JOIN bmsql_warehouse ON (w_id = c_w_id)     WHERE c_w_id = $1 AND c_d_id = $2 AND c_id = $3","parameters: $1 = '1', $2 = '2', $3 = '40'",,,,,,,,"","client backend"
2024-06-16 19:02:09.114 CST,"raingage","benchmark",54599,"127.0.0.1:48958",666ec5b9.d547,777,"SELECT",2024-06-16 19:00:09 CST,8/56,0,LOG,00000,"execute S_1: SELECT c_discount, c_last, c_credit, w_tax     FROM bmsql_customer     JOIN bmsql_warehouse ON (w_id = c_w_id)     WHERE c_w_id = $1 AND c_d_id = $2 AND c_id = $3","parameters: $1 = '1', $2 = '2', $3 = '40'",,,,,,,,"","client backend"
2024-06-16 19:02:09.130 CST,"raingage","benchmark",54599,"127.0.0.1:48958",666ec5b9.d547,778,"SELECT",2024-06-16 19:00:09 CST,8/56,0,LOG,00000,"execute S_5: SELECT i_price, i_name, i_data     FROM bmsql_item     WHERE i_id = $1","parameters: $1 = '34'",,,,,,,,"","client backend"
2024-06-16 19:02:09.144 CST,"raingage","benchmark",54599,"127.0.0.1:48958",666ec5b9.d547,779,"SELECT",2024-06-16 19:00:09 CST,8/56,0,LOG,00000,"execute S_6: SELECT s_quantity, s_data,        s_dist_01, s_dist_02, s_dist_03, s_dist_04,        s_dist_05, s_dist_06, s_dist_07, s_dist_08,        s_dist_09, s_dist_10     FROM bmsql_stock     WHERE s_w_id = $1 AND s_i_id = $2 ","parameters: $1 = '1', $2 = '34'",,,,,,,,"","client backend"
2024-06-16 19:02:09.159 CST,"raingage","benchmark",54599,"127.0.0.1:48958",666ec5b9.d547,780,"UPDATE",2024-06-16 19:00:09 CST,8/56,0,LOG,00000,"execute S_7: UPDATE bmsql_stock     SET s_quantity = $1, s_ytd = s_ytd + $2,         s_order_cnt = s_order_cnt + 1,         s_remote_cnt = s_remote_cnt + $3     WHERE s_w_id = $4 AND s_i_id = $5","parameters: $1 = '81', $2 = '2', $3 = '0', $4 = '1', $5 = '34'",,,,,,,,"","client backend"
2024-06-16 19:02:09.174 CST,"raingage","benchmark",54599,"127.0.0.1:48958",666ec5b9.d547,781,"COMMIT",2024-06-16 19:00:09 CST,8/56,115482,LOG,00000,"execute S_2: COMMIT",,,,,,,,,"","client backend"
2024-06-16 19:02:09.192 CST,"raingage","benchmark",54599,"127.0.0.1:48958",666ec5b9.d547,782,"BEGIN",2024-06-16 19:00:09 CST,8/57,0,LOG,00000,"execute S_3: BEGIN",,,,,,,,,"","client backend"
2024-06-16 19:02:09.205 CST,"raingage","benchmark",54599,"127.0.0.1:48958",666ec5b9.d547,783,"SELECT",2024-06-16 19:00:09 CST,8/57,0,LOG,00000,"execute S_4: SELECT d_tax, d_next_o_id     FROM bmsql_district     WHERE d_w_id = $1 AND d_id = $2 ","parameters: $1 = '1', $2 = '2'",,,,,,,,"","client backend"
2024-06-16 19:02:09.275 CST,"raingage","benchmark",54599,"127.0.0.1:48958",666ec5b9.d547,784,"SELECT",2024-06-16 19:00:09 CST,8/57,0,LOG,00000,"execute S_1: SELECT c_discount, c_last, c_credit, w_tax     FROM bmsql_customer     JOIN bmsql_warehouse ON (w_id = c_w_id)     WHERE c_w_id = $1 AND c_d_id = $2 AND c_id = $3","parameters: $1 = '1', $2 = '2', $3 = '40'",,,,,,,,"","client backend"
2024-06-16 19:02:09.337 CST,"raingage","benchmark",54599,"127.0.0.1:48958",666ec5b9.d547,785,"SELECT",2024-06-16 19:00:09 CST,8/57,0,LOG,00000,"execute S_1: SELECT c_discount, c_last, c_credit, w_tax     FROM bmsql_customer     JOIN bmsql_warehouse ON (w_id = c_w_id)     WHERE c_w_id = $1 AND c_d_id = $2 AND c_id = $3","parameters: $1 = '1', $2 = '2', $3 = '40'",,,,,,,,"","client backend"
2024-06-16 19:02:09.400 CST,"raingage","benchmark",54599,"127.0.0.1:48958",666ec5b9.d547,786,"SELECT",2024-06-16 19:00:09 CST,8/57,0,LOG,00000,"execute S_1: SELECT c_discount, c_last, c_credit, w_tax     FROM bmsql_customer     JOIN bmsql_warehouse ON (w_id = c_w_id)     WHERE c_w_id = $1 AND c_d_id = $2 AND c_id = $3","parameters: $1 = '1', $2 = '2', $3 = '40'",,,,,,,,"","client backend"
2024-06-16 19:02:09.465 CST,"raingage","benchmark",54599,"127.0.0.1:48958",666ec5b9.d547,787,"SELECT",2024-06-16 19:00:09 CST,8/57,0,LOG,00000,"execute S_1: SELECT c_discount, c_last, c_credit, w_tax     FROM bmsql_customer     JOIN bmsql_warehouse ON (w_id = c_w_id)     WHERE c_w_id = $1 AND c_d_id = $2 AND c_id = $3","parameters: $1 = '1', $2 = '2', $3 = '40'",,,,,,,,"","client backend"
2024-06-16 19:02:09.531 CST,"raingage","benchmark",54599,"127.0.0.1:48958",666ec5b9.d547,788,"SELECT",2024-06-16 19:00:09 CST,8/57,0,LOG,00000,"execute S_1: SELECT c_discount, c_last, c_credit, w_tax     FROM bmsql_customer     JOIN bmsql_warehouse ON (w_id = c_w_id)     WHERE c_w_id = $1 AND c_d_id = $2 AND c_id = $3","parameters: $1 = '1', $2 = '2', $3 = '40'",,,,,,,,"","client backend"
2024-06-16 19:02:09.600 CST,"raingage","benchmark",54599,"127.0.0.1:48958",666ec5b9.d547,789,"SELECT",2024-06-16 19:00:09 CST,8/57,0,LOG,00000,"execute S_1: SELECT c_discount, c_last, c_credit, w_tax     FROM bmsql_customer     JOIN bmsql_warehouse ON (w_id = c_w_id)     WHERE c_w_id = $1 AND c_d_id = $2 AND c_id = $3","parameters: $1 = '1', $2 = '2', $3 = '40'",,,,,,,,"","client backend"
2024-06-16 19:02:09.668 CST,"raingage","benchmark",54599,"127.0.0.1:48958",666ec5b9.d547,790,"SELECT",2024-06-16 19:00:09 CST,8/57,0,LOG,00000,"execute S_1: SELECT c_discount, c_last, c_credit, w_tax     FROM bmsql_customer     JOIN bmsql_warehouse ON (w_id = c_w_id)     WHERE c_w_id = $1 AND c_d_id = $2 AND c_id = $3","parameters: $1 = '1', $2 = '2', $3 = '40'",,,,,,,,"","client backend"
2024-06-16 19:02:09.739 CST,"raingage","benchmark",54599,"127.0.0.1:48958",666ec5b9.d547,791,"SELECT",2024-06-16 19:00:09 CST,8/57,0,LOG,00000,"execute S_1: SELECT c_discount, c_last, c_credit, w_tax     FROM bmsql_customer     JOIN bmsql_warehouse ON (w_id = c_w_id)     WHERE c_w_id = $1 AND c_d_id = $2 AND c_id = $3","parameters: $1 = '1', $2 = '2', $3 = '40'",,,,,,,,"","client backend"
2024-06-16 19:02:09.750 CST,"raingage","benchmark",54599,"127.0.0.1:48958",666ec5b9.d547,792,"SELECT",2024-06-16 19:00:09 CST,8/57,0,LOG,00000,"execute S_5: SELECT i_price, i_name, i_data     FROM bmsql_item     WHERE i_id = $1","parameters: $1 = '34'",,,,,,,,"","client backend"
2024-06-16 19:02:09.766 CST,"raingage","benchmark",54599,"127.0.0.1:48958",666ec5b9.d547,793,"SELECT",2024-06-16 19:00:09 CST,8/57,0,LOG,00000,"execute S_6: SELECT s_quantity, s_data,        s_dist_01, s_dist_02, s_dist_03, s_dist_04,        s_dist_05, s_dist_06, s_dist_07, s_dist_08,        s_dist_09, s_dist_10     FROM bmsql_stock     WHERE s_w_id = $1 AND s_i_id = $2 ","parameters: $1 = '1', $2 = '34'",,,,,,,,"","client backend"
2024-06-16 19:02:09.777 CST,"raingage","benchmark",54599,"127.0.0.1:48958",666ec5b9.d547,794,"UPDATE",2024-06-16 19:00:09 CST,8/57,0,LOG,00000,"execute S_7: UPDATE bmsql_stock     SET s_quantity = $1, s_ytd = s_ytd + $2,         s_order_cnt = s_order_cnt + 1,         s_remote_cnt = s_remote_cnt + $3     WHERE s_w_id = $4 AND s_i_id = $5","parameters: $1 = '79', $2 = '2', $3 = '0', $4 = '1', $5 = '34'",,,,,,,,"","client backend"
2024-06-16 19:02:09.789 CST,"raingage","benchmark",54599,"127.0.0.1:48958",666ec5b9.d547,795,"COMMIT",2024-06-16 19:00:09 CST,8/57,115483,LOG,00000,"execute S_2: COMMIT",,,,,,,,,"","client backend"
2024-06-16 19:02:09.803 CST,"raingage","benchmark",54599,"127.0.0.1:48958",666ec5b9.d547,796,"BEGIN",2024-06-16 19:00:09 CST,8/58,0,LOG,00000,"execute S_3: BEGIN",,,,,,,,,"","client backend"
2024-06-16 19:02:09.817 CST,"raingage","benchmark",54599,"127.0.0.1:48958",666ec5b9.d547,797,"SELECT",2024-06-16 19:00:09 CST,8/58,0,LOG,00000,"execute S_4: SELECT d_tax, d_next_o_id     FROM bmsql_district     WHERE d_w_id = $1 AND d_id = $2 ","parameters: $1 = '1', $2 = '2'",,,,,,,,"","client backend"
2024-06-16 19:02:09.887 CST,"raingage","benchmark",54599,"127.0.0.1:48958",666ec5b9.d547,798,"SELECT",2024-06-16 19:00:09 CST,8/58,0,LOG,00000,"execute S_1: SELECT c_discount, c_last, c_credit, w_tax     FROM bmsql_customer     JOIN bmsql_warehouse ON (w_id = c_w_id)     WHERE c_w_id = $1 AND c_d_id = $2 AND c_id = $3","parameters: $1 = '1', $2 = '2', $3 = '59'",,,,,,,,"","client backend"
2024-06-16 19:02:09.953 CST,"raingage","benchmark",54599,"127.0.0.1:48958",666ec5b9.d547,799,"SELECT",2024-06-16 19:00:09 CST,8/58,0,LOG,00000,"execute S_1: SELECT c_discount, c_last, c_credit, w_tax     FROM bmsql_customer     JOIN bmsql_warehouse ON (w_id = c_w_id)     WHERE c_w_id = $1 AND c_d_id = $2 AND c_id = $3","parameters: $1 = '1', $2 = '2', $3 = '59'",,,,,,,,"","client backend"
2024-06-16 19:02:10.026 CST,"raingage","benchmark",54599,"127.0.0.1:48958",666ec5b9.d547,800,"SELECT",2024-06-16 19:00:09 CST,8/58,0,LOG,00000,"execute S_1: SELECT c_discount, c_last, c_credit, w_tax     FROM bmsql_customer     JOIN bmsql_warehouse ON (w_id = c_w_id)     WHERE c_w_id = $1 AND c_d_id = $2 AND c_id = $3","parameters: $1 = '1', $2 = '2', $3 = '59'",,,,,,,,"","client backend"
2024-06-16 19:02:10.091 CST,"raingage","benchmark",54599,"127.0.0.1:48958",666ec5b9.d547,801,"SELECT",2024-06-16 19:00:09 CST,8/58,0,LOG,00000,"execute S_1: SELECT c_discount, c_last, c_credit, w_tax     FROM bmsql_customer     JOIN bmsql_warehouse ON (w_id = c_w_id)     WHERE c_w_id = $1 AND c_d_id = $2 AND c_id = $3","parameters: $1 = '1', $2 = '2', $3 = '59'",,,,,,,,"","client backend"
2024-06-16 19:02:10.162 CST,"raingage","benchmark",54599,"127.0.0.1:48958",666ec5b9.d547,802,"SELECT",2024-06-16 19:00:09 CST,8/58,0,LOG,00000,"execute S_1: SELECT c_discount, c_last, c_credit, w_tax     FROM bmsql_customer     JOIN bmsql_warehouse ON (w_id = c_w_id)     WHERE c_w_id = $1 AND c_d_id = $2 AND c_id = $3","parameters: $1 = '1', $2 = '2', $3 = '59'",,,,,,,,"","client backend"
2024-06-16 19:02:10.225 CST,"raingage","benchmark",54599,"127.0.0.1:48958",666ec5b9.d547,803,"SELECT",2024-06-16 19:00:09 CST,8/58,0,LOG,00000,"execute S_1: SELECT c_discount, c_last, c_credit, w_tax     FROM bmsql_customer     JOIN bmsql_warehouse ON (w_id = c_w_id)     WHERE c_w_id = $1 AND c_d_id = $2 AND c_id = $3","parameters: $1 = '1', $2 = '2', $3 = '59'",,,,,,,,"","client backend"
2024-06-16 19:02:10.294 CST,"raingage","benchmark",54599,"127.0.0.1:48958",666ec5b9.d547,804,"SELECT",2024-06-16 19:00:09 CST,8/58,0,LOG,00000,"execute S_1: SELECT c_discount, c_last, c_credit, w_tax     FROM bmsql_customer     JOIN bmsql_warehouse ON (w_id = c_w_id)     WHERE c_w_id = $1 AND c_d_id = $2 AND c_id = $3","parameters: $1 = '1', $2 = '2', $3 = '59'",,,,,,,,"","client backend"
2024-06-16 19:02:10.305 CST,"raingage","benchmark",54595,"127.0.0.1:48950",666ec5b9.d543,634,"BEGIN",2024-06-16 19:00:09 CST,4/47,0,LOG,00000,"execute S_3: BEGIN",,,,,,,,,"","client backend"
2024-06-16 19:02:10.319 CST,"raingage","benchmark",54595,"127.0.0.1:48950",666ec5b9.d543,635,"SELECT",2024-06-16 19:00:09 CST,4/47,0,LOG,00000,"execute S_4: SELECT d_tax, d_next_o_id     FROM bmsql_district     WHERE d_w_id = $1 AND d_id = $2 ","parameters: $1 = '1', $2 = '1'",,,,,,,,"","client backend"
2024-06-16 19:02:10.360 CST,"raingage","benchmark",54599,"127.0.0.1:48958",666ec5b9.d547,805,"SELECT",2024-06-16 19:00:09 CST,8/58,0,LOG,00000,"execute S_1: SELECT c_discount, c_last, c_credit, w_tax     FROM bmsql_customer     JOIN bmsql_warehouse ON (w_id = c_w_id)     WHERE c_w_id = $1 AND c_d_id = $2 AND c_id = $3","parameters: $1 = '1', $2 = '2', $3 = '59'",,,,,,,,"","client backend"
2024-06-16 19:02:10.379 CST,"raingage","benchmark",54599,"127.0.0.1:48958",666ec5b9.d547,806,"SELECT",2024-06-16 19:00:09 CST,8/58,0,LOG,00000,"execute S_5: SELECT i_price, i_name, i_data     FROM bmsql_item     WHERE i_id = $1","parameters: $1 = '1'",,,,,,,,"","client backend"
2024-06-16 19:02:10.389 CST,"raingage","benchmark",54595,"127.0.0.1:48950",666ec5b9.d543,636,"SELECT",2024-06-16 19:00:09 CST,4/47,0,LOG,00000,"execute S_1: SELECT c_discount, c_last, c_credit, w_tax     FROM bmsql_customer     JOIN bmsql_warehouse ON (w_id = c_w_id)     WHERE c_w_id = $1 AND c_d_id = $2 AND c_id = $3","parameters: $1 = '1', $2 = '1', $3 = '73'",,,,,,,,"","client backend"
2024-06-16 19:02:10.391 CST,"raingage","benchmark",54599,"127.0.0.1:48958",666ec5b9.d547,807,"SELECT",2024-06-16 19:00:09 CST,8/58,0,LOG,00000,"execute S_6: SELECT s_quantity, s_data,        s_dist_01, s_dist_02, s_dist_03, s_dist_04,        s_dist_05, s_dist_06, s_dist_07, s_dist_08,        s_dist_09, s_dist_10     FROM bmsql_stock     WHERE s_w_id = $1 AND s_i_id = $2 ","parameters: $1 = '1', $2 = '1'",,,,,,,,"","client backend"
2024-06-16 19:02:10.407 CST,"raingage","benchmark",54599,"127.0.0.1:48958",666ec5b9.d547,808,"UPDATE",2024-06-16 19:00:09 CST,8/58,0,LOG,00000,"execute S_7: UPDATE bmsql_stock     SET s_quantity = $1, s_ytd = s_ytd + $2,         s_order_cnt = s_order_cnt + 1,         s_remote_cnt = s_remote_cnt + $3     WHERE s_w_id = $4 AND s_i_id = $5","parameters: $1 = '84', $2 = '2', $3 = '0', $4 = '1', $5 = '1'",,,,,,,,"","client backend"
2024-06-16 19:02:10.422 CST,"raingage","benchmark",54599,"127.0.0.1:48958",666ec5b9.d547,809,"COMMIT",2024-06-16 19:00:09 CST,8/58,115484,LOG,00000,"execute S_2: COMMIT",,,,,,,,,"","client backend"
2024-06-16 19:02:10.440 CST,"raingage","benchmark",54599,"127.0.0.1:48958",666ec5b9.d547,810,"BEGIN",2024-06-16 19:00:09 CST,8/59,0,LOG,00000,"execute S_3: BEGIN",,,,,,,,,"","client backend"
2024-06-16 19:02:10.451 CST,"raingage","benchmark",54599,"127.0.0.1:48958",666ec5b9.d547,811,"SELECT",2024-06-16 19:00:09 CST,8/59,0,LOG,00000,"execute S_4: SELECT d_tax, d_next_o_id     FROM bmsql_district     WHERE d_w_id = $1 AND d_id = $2 ","parameters: $1 = '1', $2 = '2'",,,,,,,,"","client backend"
2024-06-16 19:02:10.453 CST,"raingage","benchmark",54595,"127.0.0.1:48950",666ec5b9.d543,637,"SELECT",2024-06-16 19:00:09 CST,4/47,0,LOG,00000,"execute S_1: SELECT c_discount, c_last, c_credit, w_tax     FROM bmsql_customer     JOIN bmsql_warehouse ON (w_id = c_w_id)     WHERE c_w_id = $1 AND c_d_id = $2 AND c_id = $3","parameters: $1 = '1', $2 = '1', $3 = '73'",,,,,,,,"","client backend"
2024-06-16 19:02:10.520 CST,"raingage","benchmark",54599,"127.0.0.1:48958",666ec5b9.d547,812,"SELECT",2024-06-16 19:00:09 CST,8/59,0,LOG,00000,"execute S_1: SELECT c_discount, c_last, c_credit, w_tax     FROM bmsql_customer     JOIN bmsql_warehouse ON (w_id = c_w_id)     WHERE c_w_id = $1 AND c_d_id = $2 AND c_id = $3","parameters: $1 = '1', $2 = '2', $3 = '59'",,,,,,,,"","client backend"
2024-06-16 19:02:10.523 CST,"raingage","benchmark",54595,"127.0.0.1:48950",666ec5b9.d543,638,"SELECT",2024-06-16 19:00:09 CST,4/47,0,LOG,00000,"execute S_1: SELECT c_discount, c_last, c_credit, w_tax     FROM bmsql_customer     JOIN bmsql_warehouse ON (w_id = c_w_id)     WHERE c_w_id = $1 AND c_d_id = $2 AND c_id = $3","parameters: $1 = '1', $2 = '1', $3 = '73'",,,,,,,,"","client backend"
2024-06-16 19:02:10.583 CST,"raingage","benchmark",54599,"127.0.0.1:48958",666ec5b9.d547,813,"SELECT",2024-06-16 19:00:09 CST,8/59,0,LOG,00000,"execute S_1: SELECT c_discount, c_last, c_credit, w_tax     FROM bmsql_customer     JOIN bmsql_warehouse ON (w_id = c_w_id)     WHERE c_w_id = $1 AND c_d_id = $2 AND c_id = $3","parameters: $1 = '1', $2 = '2', $3 = '59'",,,,,,,,"","client backend"
2024-06-16 19:02:10.586 CST,"raingage","benchmark",54595,"127.0.0.1:48950",666ec5b9.d543,639,"SELECT",2024-06-16 19:00:09 CST,4/47,0,LOG,00000,"execute S_1: SELECT c_discount, c_last, c_credit, w_tax     FROM bmsql_customer     JOIN bmsql_warehouse ON (w_id = c_w_id)     WHERE c_w_id = $1 AND c_d_id = $2 AND c_id = $3","parameters: $1 = '1', $2 = '1', $3 = '73'",,,,,,,,"","client backend"
2024-06-16 19:02:10.652 CST,"raingage","benchmark",54599,"127.0.0.1:48958",666ec5b9.d547,814,"SELECT",2024-06-16 19:00:09 CST,8/59,0,LOG,00000,"execute S_1: SELECT c_discount, c_last, c_credit, w_tax     FROM bmsql_customer     JOIN bmsql_warehouse ON (w_id = c_w_id)     WHERE c_w_id = $1 AND c_d_id = $2 AND c_id = $3","parameters: $1 = '1', $2 = '2', $3 = '59'",,,,,,,,"","client backend"
2024-06-16 19:02:10.658 CST,"raingage","benchmark",54595,"127.0.0.1:48950",666ec5b9.d543,640,"SELECT",2024-06-16 19:00:09 CST,4/47,0,LOG,00000,"execute S_1: SELECT c_discount, c_last, c_credit, w_tax     FROM bmsql_customer     JOIN bmsql_warehouse ON (w_id = c_w_id)     WHERE c_w_id = $1 AND c_d_id = $2 AND c_id = $3","parameters: $1 = '1', $2 = '1', $3 = '73'",,,,,,,,"","client backend"
2024-06-16 19:02:10.722 CST,"raingage","benchmark",54599,"127.0.0.1:48958",666ec5b9.d547,815,"SELECT",2024-06-16 19:00:09 CST,8/59,0,LOG,00000,"execute S_1: SELECT c_discount, c_last, c_credit, w_tax     FROM bmsql_customer     JOIN bmsql_warehouse ON (w_id = c_w_id)     WHERE c_w_id = $1 AND c_d_id = $2 AND c_id = $3","parameters: $1 = '1', $2 = '2', $3 = '59'",,,,,,,,"","client backend"
2024-06-16 19:02:10.724 CST,"raingage","benchmark",54595,"127.0.0.1:48950",666ec5b9.d543,641,"SELECT",2024-06-16 19:00:09 CST,4/47,0,LOG,00000,"execute S_1: SELECT c_discount, c_last, c_credit, w_tax     FROM bmsql_customer     JOIN bmsql_warehouse ON (w_id = c_w_id)     WHERE c_w_id = $1 AND c_d_id = $2 AND c_id = $3","parameters: $1 = '1', $2 = '1', $3 = '73'",,,,,,,,"","client backend"
2024-06-16 19:02:10.786 CST,"raingage","benchmark",54599,"127.0.0.1:48958",666ec5b9.d547,816,"SELECT",2024-06-16 19:00:09 CST,8/59,0,LOG,00000,"execute S_1: SELECT c_discount, c_last, c_credit, w_tax     FROM bmsql_customer     JOIN bmsql_warehouse ON (w_id = c_w_id)     WHERE c_w_id = $1 AND c_d_id = $2 AND c_id = $3","parameters: $1 = '1', $2 = '2', $3 = '59'",,,,,,,,"","client backend"
2024-06-16 19:02:10.791 CST,"raingage","benchmark",54595,"127.0.0.1:48950",666ec5b9.d543,642,"SELECT",2024-06-16 19:00:09 CST,4/47,0,LOG,00000,"execute S_1: SELECT c_discount, c_last, c_credit, w_tax     FROM bmsql_customer     JOIN bmsql_warehouse ON (w_id = c_w_id)     WHERE c_w_id = $1 AND c_d_id = $2 AND c_id = $3","parameters: $1 = '1', $2 = '1', $3 = '73'",,,,,,,,"","client backend"
2024-06-16 19:02:10.854 CST,"raingage","benchmark",54599,"127.0.0.1:48958",666ec5b9.d547,817,"SELECT",2024-06-16 19:00:09 CST,8/59,0,LOG,00000,"execute S_1: SELECT c_discount, c_last, c_credit, w_tax     FROM bmsql_customer     JOIN bmsql_warehouse ON (w_id = c_w_id)     WHERE c_w_id = $1 AND c_d_id = $2 AND c_id = $3","parameters: $1 = '1', $2 = '2', $3 = '59'",,,,,,,,"","client backend"
2024-06-16 19:02:10.859 CST,"raingage","benchmark",54595,"127.0.0.1:48950",666ec5b9.d543,643,"SELECT",2024-06-16 19:00:09 CST,4/47,0,LOG,00000,"execute S_1: SELECT c_discount, c_last, c_credit, w_tax     FROM bmsql_customer     JOIN bmsql_warehouse ON (w_id = c_w_id)     WHERE c_w_id = $1 AND c_d_id = $2 AND c_id = $3","parameters: $1 = '1', $2 = '1', $3 = '73'",,,,,,,,"","client backend"
2024-06-16 19:02:10.873 CST,"raingage","benchmark",54595,"127.0.0.1:48950",666ec5b9.d543,644,"SELECT",2024-06-16 19:00:09 CST,4/47,0,LOG,00000,"execute S_5: SELECT i_price, i_name, i_data     FROM bmsql_item     WHERE i_id = $1","parameters: $1 = '10'",,,,,,,,"","client backend"
2024-06-16 19:02:10.889 CST,"raingage","benchmark",54595,"127.0.0.1:48950",666ec5b9.d543,645,"SELECT",2024-06-16 19:00:09 CST,4/47,0,LOG,00000,"execute S_6: SELECT s_quantity, s_data,        s_dist_01, s_dist_02, s_dist_03, s_dist_04,        s_dist_05, s_dist_06, s_dist_07, s_dist_08,        s_dist_09, s_dist_10     FROM bmsql_stock     WHERE s_w_id = $1 AND s_i_id = $2 ","parameters: $1 = '1', $2 = '10'",,,,,,,,"","client backend"
2024-06-16 19:02:10.906 CST,"raingage","benchmark",54595,"127.0.0.1:48950",666ec5b9.d543,646,"UPDATE",2024-06-16 19:00:09 CST,4/47,0,LOG,00000,"execute S_7: UPDATE bmsql_stock     SET s_quantity = $1, s_ytd = s_ytd + $2,         s_order_cnt = s_order_cnt + 1,         s_remote_cnt = s_remote_cnt + $3     WHERE s_w_id = $4 AND s_i_id = $5","parameters: $1 = '56', $2 = '2', $3 = '0', $4 = '1', $5 = '10'",,,,,,,,"","client backend"
2024-06-16 19:02:10.916 CST,"raingage","benchmark",54599,"127.0.0.1:48958",666ec5b9.d547,818,"SELECT",2024-06-16 19:00:09 CST,8/59,0,LOG,00000,"execute S_1: SELECT c_discount, c_last, c_credit, w_tax     FROM bmsql_customer     JOIN bmsql_warehouse ON (w_id = c_w_id)     WHERE c_w_id = $1 AND c_d_id = $2 AND c_id = $3","parameters: $1 = '1', $2 = '2', $3 = '59'",,,,,,,,"","client backend"
2024-06-16 19:02:10.923 CST,"raingage","benchmark",54595,"127.0.0.1:48950",666ec5b9.d543,647,"COMMIT",2024-06-16 19:00:09 CST,4/47,115485,LOG,00000,"execute S_2: COMMIT",,,,,,,,,"","client backend"
2024-06-16 19:02:10.944 CST,"raingage","benchmark",54595,"127.0.0.1:48950",666ec5b9.d543,648,"BEGIN",2024-06-16 19:00:09 CST,4/48,0,LOG,00000,"execute S_3: BEGIN",,,,,,,,,"","client backend"
2024-06-16 19:02:10.961 CST,"raingage","benchmark",54595,"127.0.0.1:48950",666ec5b9.d543,649,"SELECT",2024-06-16 19:00:09 CST,4/48,0,LOG,00000,"execute S_4: SELECT d_tax, d_next_o_id     FROM bmsql_district     WHERE d_w_id = $1 AND d_id = $2 ","parameters: $1 = '1', $2 = '3'",,,,,,,,"","client backend"
2024-06-16 19:02:10.985 CST,"raingage","benchmark",54599,"127.0.0.1:48958",666ec5b9.d547,819,"SELECT",2024-06-16 19:00:09 CST,8/59,0,LOG,00000,"execute S_1: SELECT c_discount, c_last, c_credit, w_tax     FROM bmsql_customer     JOIN bmsql_warehouse ON (w_id = c_w_id)     WHERE c_w_id = $1 AND c_d_id = $2 AND c_id = $3","parameters: $1 = '1', $2 = '2', $3 = '59'",,,,,,,,"","client backend"
2024-06-16 19:02:11.000 CST,"raingage","benchmark",54599,"127.0.0.1:48958",666ec5b9.d547,820,"SELECT",2024-06-16 19:00:09 CST,8/59,0,LOG,00000,"execute S_5: SELECT i_price, i_name, i_data     FROM bmsql_item     WHERE i_id = $1","parameters: $1 = '1'",,,,,,,,"","client backend"
2024-06-16 19:02:11.019 CST,"raingage","benchmark",54599,"127.0.0.1:48958",666ec5b9.d547,821,"SELECT",2024-06-16 19:00:09 CST,8/59,0,LOG,00000,"execute S_6: SELECT s_quantity, s_data,        s_dist_01, s_dist_02, s_dist_03, s_dist_04,        s_dist_05, s_dist_06, s_dist_07, s_dist_08,        s_dist_09, s_dist_10     FROM bmsql_stock     WHERE s_w_id = $1 AND s_i_id = $2 ","parameters: $1 = '1', $2 = '1'",,,,,,,,"","client backend"
2024-06-16 19:02:11.031 CST,"raingage","benchmark",54595,"127.0.0.1:48950",666ec5b9.d543,650,"SELECT",2024-06-16 19:00:09 CST,4/48,0,LOG,00000,"execute S_1: SELECT c_discount, c_last, c_credit, w_tax     FROM bmsql_customer     JOIN bmsql_warehouse ON (w_id = c_w_id)     WHERE c_w_id = $1 AND c_d_id = $2 AND c_id = $3","parameters: $1 = '1', $2 = '3', $3 = '85'",,,,,,,,"","client backend"
2024-06-16 19:02:11.037 CST,"raingage","benchmark",54599,"127.0.0.1:48958",666ec5b9.d547,822,"UPDATE",2024-06-16 19:00:09 CST,8/59,0,LOG,00000,"execute S_7: UPDATE bmsql_stock     SET s_quantity = $1, s_ytd = s_ytd + $2,         s_order_cnt = s_order_cnt + 1,         s_remote_cnt = s_remote_cnt + $3     WHERE s_w_id = $4 AND s_i_id = $5","parameters: $1 = '78', $2 = '6', $3 = '0', $4 = '1', $5 = '1'",,,,,,,,"","client backend"
2024-06-16 19:02:11.055 CST,"raingage","benchmark",54599,"127.0.0.1:48958",666ec5b9.d547,823,"COMMIT",2024-06-16 19:00:09 CST,8/59,115486,LOG,00000,"execute S_2: COMMIT",,,,,,,,,"","client backend"
2024-06-16 19:02:11.073 CST,"raingage","benchmark",54599,"127.0.0.1:48958",666ec5b9.d547,824,"BEGIN",2024-06-16 19:00:09 CST,8/60,0,LOG,00000,"execute S_3: BEGIN",,,,,,,,,"","client backend"
2024-06-16 19:02:11.092 CST,"raingage","benchmark",54599,"127.0.0.1:48958",666ec5b9.d547,825,"SELECT",2024-06-16 19:00:09 CST,8/60,0,LOG,00000,"execute S_4: SELECT d_tax, d_next_o_id     FROM bmsql_district     WHERE d_w_id = $1 AND d_id = $2 ","parameters: $1 = '1', $2 = '3'",,,,,,,,"","client backend"
2024-06-16 19:02:11.095 CST,"raingage","benchmark",54595,"127.0.0.1:48950",666ec5b9.d543,651,"SELECT",2024-06-16 19:00:09 CST,4/48,0,LOG,00000,"execute S_1: SELECT c_discount, c_last, c_credit, w_tax     FROM bmsql_customer     JOIN bmsql_warehouse ON (w_id = c_w_id)     WHERE c_w_id = $1 AND c_d_id = $2 AND c_id = $3","parameters: $1 = '1', $2 = '3', $3 = '85'",,,,,,,,"","client backend"
2024-06-16 19:02:11.164 CST,"raingage","benchmark",54595,"127.0.0.1:48950",666ec5b9.d543,652,"SELECT",2024-06-16 19:00:09 CST,4/48,0,LOG,00000,"execute S_1: SELECT c_discount, c_last, c_credit, w_tax     FROM bmsql_customer     JOIN bmsql_warehouse ON (w_id = c_w_id)     WHERE c_w_id = $1 AND c_d_id = $2 AND c_id = $3","parameters: $1 = '1', $2 = '3', $3 = '85'",,,,,,,,"","client backend"
2024-06-16 19:02:11.227 CST,"raingage","benchmark",54595,"127.0.0.1:48950",666ec5b9.d543,653,"SELECT",2024-06-16 19:00:09 CST,4/48,0,LOG,00000,"execute S_1: SELECT c_discount, c_last, c_credit, w_tax     FROM bmsql_customer     JOIN bmsql_warehouse ON (w_id = c_w_id)     WHERE c_w_id = $1 AND c_d_id = $2 AND c_id = $3","parameters: $1 = '1', $2 = '3', $3 = '85'",,,,,,,,"","client backend"
2024-06-16 19:02:11.277 CST,"raingage","benchmark",54597,"127.0.0.1:48954",666ec5b9.d545,665,"BEGIN",2024-06-16 19:00:09 CST,6/49,0,LOG,00000,"execute S_3: BEGIN",,,,,,,,,"","client backend"
2024-06-16 19:02:11.290 CST,"raingage","benchmark",54597,"127.0.0.1:48954",666ec5b9.d545,666,"SELECT",2024-06-16 19:00:09 CST,6/49,0,LOG,00000,"execute S_4: SELECT d_tax, d_next_o_id     FROM bmsql_district     WHERE d_w_id = $1 AND d_id = $2 ","parameters: $1 = '1', $2 = '1'",,,,,,,,"","client backend"
2024-06-16 19:02:11.298 CST,"raingage","benchmark",54595,"127.0.0.1:48950",666ec5b9.d543,654,"SELECT",2024-06-16 19:00:09 CST,4/48,0,LOG,00000,"execute S_1: SELECT c_discount, c_last, c_credit, w_tax     FROM bmsql_customer     JOIN bmsql_warehouse ON (w_id = c_w_id)     WHERE c_w_id = $1 AND c_d_id = $2 AND c_id = $3","parameters: $1 = '1', $2 = '3', $3 = '85'",,,,,,,,"","client backend"
2024-06-16 19:02:11.356 CST,"raingage","benchmark",54597,"127.0.0.1:48954",666ec5b9.d545,667,"SELECT",2024-06-16 19:00:09 CST,6/49,0,LOG,00000,"execute S_1: SELECT c_discount, c_last, c_credit, w_tax     FROM bmsql_customer     JOIN bmsql_warehouse ON (w_id = c_w_id)     WHERE c_w_id = $1 AND c_d_id = $2 AND c_id = $3","parameters: $1 = '1', $2 = '1', $3 = '32'",,,,,,,,"","client backend"
2024-06-16 19:02:11.361 CST,"raingage","benchmark",54595,"127.0.0.1:48950",666ec5b9.d543,655,"SELECT",2024-06-16 19:00:09 CST,4/48,0,LOG,00000,"execute S_1: SELECT c_discount, c_last, c_credit, w_tax     FROM bmsql_customer     JOIN bmsql_warehouse ON (w_id = c_w_id)     WHERE c_w_id = $1 AND c_d_id = $2 AND c_id = $3","parameters: $1 = '1', $2 = '3', $3 = '85'",,,,,,,,"","client backend"
2024-06-16 19:02:11.425 CST,"raingage","benchmark",54595,"127.0.0.1:48950",666ec5b9.d543,656,"SELECT",2024-06-16 19:00:09 CST,4/48,0,LOG,00000,"execute S_1: SELECT c_discount, c_last, c_credit, w_tax     FROM bmsql_customer     JOIN bmsql_warehouse ON (w_id = c_w_id)     WHERE c_w_id = $1 AND c_d_id = $2 AND c_id = $3","parameters: $1 = '1', $2 = '3', $3 = '85'",,,,,,,,"","client backend"
2024-06-16 19:02:11.426 CST,"raingage","benchmark",54597,"127.0.0.1:48954",666ec5b9.d545,668,"SELECT",2024-06-16 19:00:09 CST,6/49,0,LOG,00000,"execute S_1: SELECT c_discount, c_last, c_credit, w_tax     FROM bmsql_customer     JOIN bmsql_warehouse ON (w_id = c_w_id)     WHERE c_w_id = $1 AND c_d_id = $2 AND c_id = $3","parameters: $1 = '1', $2 = '1', $3 = '32'",,,,,,,,"","client backend"
2024-06-16 19:02:11.442 CST,"raingage","benchmark",54598,"127.0.0.1:48956",666ec5b9.d546,664,"BEGIN",2024-06-16 19:00:09 CST,7/49,0,LOG,00000,"execute S_3: BEGIN",,,,,,,,,"","client backend"
2024-06-16 19:02:11.457 CST,"raingage","benchmark",54598,"127.0.0.1:48956",666ec5b9.d546,665,"SELECT",2024-06-16 19:00:09 CST,7/49,0,LOG,00000,"execute S_4: SELECT d_tax, d_next_o_id     FROM bmsql_district     WHERE d_w_id = $1 AND d_id = $2 ","parameters: $1 = '1', $2 = '1'",,,,,,,,"","client backend"
2024-06-16 19:02:11.489 CST,"raingage","benchmark",54597,"127.0.0.1:48954",666ec5b9.d545,669,"SELECT",2024-06-16 19:00:09 CST,6/49,0,LOG,00000,"execute S_1: SELECT c_discount, c_last, c_credit, w_tax     FROM bmsql_customer     JOIN bmsql_warehouse ON (w_id = c_w_id)     WHERE c_w_id = $1 AND c_d_id = $2 AND c_id = $3","parameters: $1 = '1', $2 = '1', $3 = '32'",,,,,,,,"","client backend"
2024-06-16 19:02:11.493 CST,"raingage","benchmark",54595,"127.0.0.1:48950",666ec5b9.d543,657,"SELECT",2024-06-16 19:00:09 CST,4/48,0,LOG,00000,"execute S_1: SELECT c_discount, c_last, c_credit, w_tax     FROM bmsql_customer     JOIN bmsql_warehouse ON (w_id = c_w_id)     WHERE c_w_id = $1 AND c_d_id = $2 AND c_id = $3","parameters: $1 = '1', $2 = '3', $3 = '85'",,,,,,,,"","client backend"
2024-06-16 19:02:11.510 CST,"raingage","benchmark",54595,"127.0.0.1:48950",666ec5b9.d543,658,"SELECT",2024-06-16 19:00:09 CST,4/48,0,LOG,00000,"execute S_5: SELECT i_price, i_name, i_data     FROM bmsql_item     WHERE i_id = $1","parameters: $1 = '67'",,,,,,,,"","client backend"
2024-06-16 19:02:11.523 CST,"raingage","benchmark",54595,"127.0.0.1:48950",666ec5b9.d543,659,"SELECT",2024-06-16 19:00:09 CST,4/48,0,LOG,00000,"execute S_6: SELECT s_quantity, s_data,        s_dist_01, s_dist_02, s_dist_03, s_dist_04,        s_dist_05, s_dist_06, s_dist_07, s_dist_08,        s_dist_09, s_dist_10     FROM bmsql_stock     WHERE s_w_id = $1 AND s_i_id = $2 ","parameters: $1 = '1', $2 = '67'",,,,,,,,"","client backend"
2024-06-16 19:02:11.527 CST,"raingage","benchmark",54598,"127.0.0.1:48956",666ec5b9.d546,666,"SELECT",2024-06-16 19:00:09 CST,7/49,0,LOG,00000,"execute S_1: SELECT c_discount, c_last, c_credit, w_tax     FROM bmsql_customer     JOIN bmsql_warehouse ON (w_id = c_w_id)     WHERE c_w_id = $1 AND c_d_id = $2 AND c_id = $3","parameters: $1 = '1', $2 = '1', $3 = '58'",,,,,,,,"","client backend"
2024-06-16 19:02:11.534 CST,"raingage","benchmark",54595,"127.0.0.1:48950",666ec5b9.d543,660,"UPDATE",2024-06-16 19:00:09 CST,4/48,0,LOG,00000,"execute S_7: UPDATE bmsql_stock     SET s_quantity = $1, s_ytd = s_ytd + $2,         s_order_cnt = s_order_cnt + 1,         s_remote_cnt = s_remote_cnt + $3     WHERE s_w_id = $4 AND s_i_id = $5","parameters: $1 = '89', $2 = '4', $3 = '0', $4 = '1', $5 = '67'",,,,,,,,"","client backend"
2024-06-16 19:02:11.551 CST,"raingage","benchmark",54595,"127.0.0.1:48950",666ec5b9.d543,661,"COMMIT",2024-06-16 19:00:09 CST,4/48,115487,LOG,00000,"execute S_2: COMMIT",,,,,,,,,"","client backend"
2024-06-16 19:02:11.552 CST,"raingage","benchmark",54599,"127.0.0.1:48958",666ec5b9.d547,826,"SELECT",2024-06-16 19:00:09 CST,8/60,0,LOG,00000,"execute S_1: SELECT c_discount, c_last, c_credit, w_tax     FROM bmsql_customer     JOIN bmsql_warehouse ON (w_id = c_w_id)     WHERE c_w_id = $1 AND c_d_id = $2 AND c_id = $3","parameters: $1 = '1', $2 = '3', $3 = '85'",,,,,,,,"","client backend"
2024-06-16 19:02:11.559 CST,"raingage","benchmark",54597,"127.0.0.1:48954",666ec5b9.d545,670,"SELECT",2024-06-16 19:00:09 CST,6/49,0,LOG,00000,"execute S_1: SELECT c_discount, c_last, c_credit, w_tax     FROM bmsql_customer     JOIN bmsql_warehouse ON (w_id = c_w_id)     WHERE c_w_id = $1 AND c_d_id = $2 AND c_id = $3","parameters: $1 = '1', $2 = '1', $3 = '32'",,,,,,,,"","client backend"
2024-06-16 19:02:11.593 CST,"raingage","benchmark",54598,"127.0.0.1:48956",666ec5b9.d546,667,"SELECT",2024-06-16 19:00:09 CST,7/49,0,LOG,00000,"execute S_1: SELECT c_discount, c_last, c_credit, w_tax     FROM bmsql_customer     JOIN bmsql_warehouse ON (w_id = c_w_id)     WHERE c_w_id = $1 AND c_d_id = $2 AND c_id = $3","parameters: $1 = '1', $2 = '1', $3 = '58'",,,,,,,,"","client backend"
2024-06-16 19:02:11.623 CST,"raingage","benchmark",54599,"127.0.0.1:48958",666ec5b9.d547,827,"SELECT",2024-06-16 19:00:09 CST,8/60,0,LOG,00000,"execute S_1: SELECT c_discount, c_last, c_credit, w_tax     FROM bmsql_customer     JOIN bmsql_warehouse ON (w_id = c_w_id)     WHERE c_w_id = $1 AND c_d_id = $2 AND c_id = $3","parameters: $1 = '1', $2 = '3', $3 = '85'",,,,,,,,"","client backend"
2024-06-16 19:02:11.632 CST,"raingage","benchmark",54597,"127.0.0.1:48954",666ec5b9.d545,671,"SELECT",2024-06-16 19:00:09 CST,6/49,0,LOG,00000,"execute S_1: SELECT c_discount, c_last, c_credit, w_tax     FROM bmsql_customer     JOIN bmsql_warehouse ON (w_id = c_w_id)     WHERE c_w_id = $1 AND c_d_id = $2 AND c_id = $3","parameters: $1 = '1', $2 = '1', $3 = '32'",,,,,,,,"","client backend"
2024-06-16 19:02:11.659 CST,"raingage","benchmark",54598,"127.0.0.1:48956",666ec5b9.d546,668,"SELECT",2024-06-16 19:00:09 CST,7/49,0,LOG,00000,"execute S_1: SELECT c_discount, c_last, c_credit, w_tax     FROM bmsql_customer     JOIN bmsql_warehouse ON (w_id = c_w_id)     WHERE c_w_id = $1 AND c_d_id = $2 AND c_id = $3","parameters: $1 = '1', $2 = '1', $3 = '58'",,,,,,,,"","client backend"
2024-06-16 19:02:11.686 CST,"raingage","benchmark",54599,"127.0.0.1:48958",666ec5b9.d547,828,"SELECT",2024-06-16 19:00:09 CST,8/60,0,LOG,00000,"execute S_1: SELECT c_discount, c_last, c_credit, w_tax     FROM bmsql_customer     JOIN bmsql_warehouse ON (w_id = c_w_id)     WHERE c_w_id = $1 AND c_d_id = $2 AND c_id = $3","parameters: $1 = '1', $2 = '3', $3 = '85'",,,,,,,,"","client backend"
2024-06-16 19:02:11.701 CST,"raingage","benchmark",54597,"127.0.0.1:48954",666ec5b9.d545,672,"SELECT",2024-06-16 19:00:09 CST,6/49,0,LOG,00000,"execute S_1: SELECT c_discount, c_last, c_credit, w_tax     FROM bmsql_customer     JOIN bmsql_warehouse ON (w_id = c_w_id)     WHERE c_w_id = $1 AND c_d_id = $2 AND c_id = $3","parameters: $1 = '1', $2 = '1', $3 = '32'",,,,,,,,"","client backend"
2024-06-16 19:02:11.725 CST,"raingage","benchmark",54598,"127.0.0.1:48956",666ec5b9.d546,669,"SELECT",2024-06-16 19:00:09 CST,7/49,0,LOG,00000,"execute S_1: SELECT c_discount, c_last, c_credit, w_tax     FROM bmsql_customer     JOIN bmsql_warehouse ON (w_id = c_w_id)     WHERE c_w_id = $1 AND c_d_id = $2 AND c_id = $3","parameters: $1 = '1', $2 = '1', $3 = '58'",,,,,,,,"","client backend"
2024-06-16 19:02:11.753 CST,"raingage","benchmark",54599,"127.0.0.1:48958",666ec5b9.d547,829,"SELECT",2024-06-16 19:00:09 CST,8/60,0,LOG,00000,"execute S_1: SELECT c_discount, c_last, c_credit, w_tax     FROM bmsql_customer     JOIN bmsql_warehouse ON (w_id = c_w_id)     WHERE c_w_id = $1 AND c_d_id = $2 AND c_id = $3","parameters: $1 = '1', $2 = '3', $3 = '85'",,,,,,,,"","client backend"
2024-06-16 19:02:11.766 CST,"raingage","benchmark",54597,"127.0.0.1:48954",666ec5b9.d545,673,"SELECT",2024-06-16 19:00:09 CST,6/49,0,LOG,00000,"execute S_1: SELECT c_discount, c_last, c_credit, w_tax     FROM bmsql_customer     JOIN bmsql_warehouse ON (w_id = c_w_id)     WHERE c_w_id = $1 AND c_d_id = $2 AND c_id = $3","parameters: $1 = '1', $2 = '1', $3 = '32'",,,,,,,,"","client backend"
2024-06-16 19:02:11.790 CST,"raingage","benchmark",54598,"127.0.0.1:48956",666ec5b9.d546,670,"SELECT",2024-06-16 19:00:09 CST,7/49,0,LOG,00000,"execute S_1: SELECT c_discount, c_last, c_credit, w_tax     FROM bmsql_customer     JOIN bmsql_warehouse ON (w_id = c_w_id)     WHERE c_w_id = $1 AND c_d_id = $2 AND c_id = $3","parameters: $1 = '1', $2 = '1', $3 = '58'",,,,,,,,"","client backend"
2024-06-16 19:02:11.819 CST,"raingage","benchmark",54599,"127.0.0.1:48958",666ec5b9.d547,830,"SELECT",2024-06-16 19:00:09 CST,8/60,0,LOG,00000,"execute S_1: SELECT c_discount, c_last, c_credit, w_tax     FROM bmsql_customer     JOIN bmsql_warehouse ON (w_id = c_w_id)     WHERE c_w_id = $1 AND c_d_id = $2 AND c_id = $3","parameters: $1 = '1', $2 = '3', $3 = '85'",,,,,,,,"","client backend"
2024-06-16 19:02:11.835 CST,"raingage","benchmark",54597,"127.0.0.1:48954",666ec5b9.d545,674,"SELECT",2024-06-16 19:00:09 CST,6/49,0,LOG,00000,"execute S_1: SELECT c_discount, c_last, c_credit, w_tax     FROM bmsql_customer     JOIN bmsql_warehouse ON (w_id = c_w_id)     WHERE c_w_id = $1 AND c_d_id = $2 AND c_id = $3","parameters: $1 = '1', $2 = '1', $3 = '32'",,,,,,,,"","client backend"
2024-06-16 19:02:11.855 CST,"raingage","benchmark",54597,"127.0.0.1:48954",666ec5b9.d545,675,"SELECT",2024-06-16 19:00:09 CST,6/49,0,LOG,00000,"execute S_5: SELECT i_price, i_name, i_data     FROM bmsql_item     WHERE i_id = $1","parameters: $1 = '55'",,,,,,,,"","client backend"
2024-06-16 19:02:11.855 CST,"raingage","benchmark",54598,"127.0.0.1:48956",666ec5b9.d546,671,"SELECT",2024-06-16 19:00:09 CST,7/49,0,LOG,00000,"execute S_1: SELECT c_discount, c_last, c_credit, w_tax     FROM bmsql_customer     JOIN bmsql_warehouse ON (w_id = c_w_id)     WHERE c_w_id = $1 AND c_d_id = $2 AND c_id = $3","parameters: $1 = '1', $2 = '1', $3 = '58'",,,,,,,,"","client backend"
2024-06-16 19:02:11.876 CST,"raingage","benchmark",54597,"127.0.0.1:48954",666ec5b9.d545,676,"SELECT",2024-06-16 19:00:09 CST,6/49,0,LOG,00000,"execute S_6: SELECT s_quantity, s_data,        s_dist_01, s_dist_02, s_dist_03, s_dist_04,        s_dist_05, s_dist_06, s_dist_07, s_dist_08,        s_dist_09, s_dist_10     FROM bmsql_stock     WHERE s_w_id = $1 AND s_i_id = $2 ","parameters: $1 = '1', $2 = '55'",,,,,,,,"","client backend"
2024-06-16 19:02:11.883 CST,"raingage","benchmark",54599,"127.0.0.1:48958",666ec5b9.d547,831,"SELECT",2024-06-16 19:00:09 CST,8/60,0,LOG,00000,"execute S_1: SELECT c_discount, c_last, c_credit, w_tax     FROM bmsql_customer     JOIN bmsql_warehouse ON (w_id = c_w_id)     WHERE c_w_id = $1 AND c_d_id = $2 AND c_id = $3","parameters: $1 = '1', $2 = '3', $3 = '85'",,,,,,,,"","client backend"
2024-06-16 19:02:11.896 CST,"raingage","benchmark",54597,"127.0.0.1:48954",666ec5b9.d545,677,"UPDATE",2024-06-16 19:00:09 CST,6/49,0,LOG,00000,"execute S_7: UPDATE bmsql_stock     SET s_quantity = $1, s_ytd = s_ytd + $2,         s_order_cnt = s_order_cnt + 1,         s_remote_cnt = s_remote_cnt + $3     WHERE s_w_id = $4 AND s_i_id = $5","parameters: $1 = '50', $2 = '4', $3 = '0', $4 = '1', $5 = '55'",,,,,,,,"","client backend"
2024-06-16 19:02:11.912 CST,"raingage","benchmark",54597,"127.0.0.1:48954",666ec5b9.d545,678,"COMMIT",2024-06-16 19:00:09 CST,6/49,115488,LOG,00000,"execute S_2: COMMIT",,,,,,,,,"","client backend"
2024-06-16 19:02:11.918 CST,"raingage","benchmark",54598,"127.0.0.1:48956",666ec5b9.d546,672,"SELECT",2024-06-16 19:00:09 CST,7/49,0,LOG,00000,"execute S_1: SELECT c_discount, c_last, c_credit, w_tax     FROM bmsql_customer     JOIN bmsql_warehouse ON (w_id = c_w_id)     WHERE c_w_id = $1 AND c_d_id = $2 AND c_id = $3","parameters: $1 = '1', $2 = '1', $3 = '58'",,,,,,,,"","client backend"
2024-06-16 19:02:11.930 CST,"raingage","benchmark",54597,"127.0.0.1:48954",666ec5b9.d545,679,"BEGIN",2024-06-16 19:00:09 CST,6/50,0,LOG,00000,"execute S_3: BEGIN",,,,,,,,,"","client backend"
2024-06-16 19:02:11.945 CST,"raingage","benchmark",54599,"127.0.0.1:48958",666ec5b9.d547,832,"SELECT",2024-06-16 19:00:09 CST,8/60,0,LOG,00000,"execute S_1: SELECT c_discount, c_last, c_credit, w_tax     FROM bmsql_customer     JOIN bmsql_warehouse ON (w_id = c_w_id)     WHERE c_w_id = $1 AND c_d_id = $2 AND c_id = $3","parameters: $1 = '1', $2 = '3', $3 = '85'",,,,,,,,"","client backend"
2024-06-16 19:02:11.946 CST,"raingage","benchmark",54597,"127.0.0.1:48954",666ec5b9.d545,680,"SELECT",2024-06-16 19:00:09 CST,6/50,0,LOG,00000,"execute S_4: SELECT d_tax, d_next_o_id     FROM bmsql_district     WHERE d_w_id = $1 AND d_id = $2 ","parameters: $1 = '1', $2 = '4'",,,,,,,,"","client backend"
2024-06-16 19:02:11.984 CST,"raingage","benchmark",54598,"127.0.0.1:48956",666ec5b9.d546,673,"SELECT",2024-06-16 19:00:09 CST,7/49,0,LOG,00000,"execute S_1: SELECT c_discount, c_last, c_credit, w_tax     FROM bmsql_customer     JOIN bmsql_warehouse ON (w_id = c_w_id)     WHERE c_w_id = $1 AND c_d_id = $2 AND c_id = $3","parameters: $1 = '1', $2 = '1', $3 = '58'",,,,,,,,"","client backend"
2024-06-16 19:02:11.998 CST,"raingage","benchmark",54598,"127.0.0.1:48956",666ec5b9.d546,674,"SELECT",2024-06-16 19:00:09 CST,7/49,0,LOG,00000,"execute S_5: SELECT i_price, i_name, i_data     FROM bmsql_item     WHERE i_id = $1","parameters: $1 = '45'",,,,,,,,"","client backend"
2024-06-16 19:02:12.011 CST,"raingage","benchmark",54599,"127.0.0.1:48958",666ec5b9.d547,833,"SELECT",2024-06-16 19:00:09 CST,8/60,0,LOG,00000,"execute S_1: SELECT c_discount, c_last, c_credit, w_tax     FROM bmsql_customer     JOIN bmsql_warehouse ON (w_id = c_w_id)     WHERE c_w_id = $1 AND c_d_id = $2 AND c_id = $3","parameters: $1 = '1', $2 = '3', $3 = '85'",,,,,,,,"","client backend"
2024-06-16 19:02:12.013 CST,"raingage","benchmark",54597,"127.0.0.1:48954",666ec5b9.d545,681,"SELECT",2024-06-16 19:00:09 CST,6/50,0,LOG,00000,"execute S_1: SELECT c_discount, c_last, c_credit, w_tax     FROM bmsql_customer     JOIN bmsql_warehouse ON (w_id = c_w_id)     WHERE c_w_id = $1 AND c_d_id = $2 AND c_id = $3","parameters: $1 = '1', $2 = '4', $3 = '12'",,,,,,,,"","client backend"
2024-06-16 19:02:12.020 CST,"raingage","benchmark",54598,"127.0.0.1:48956",666ec5b9.d546,675,"SELECT",2024-06-16 19:00:09 CST,7/49,0,LOG,00000,"execute S_6: SELECT s_quantity, s_data,        s_dist_01, s_dist_02, s_dist_03, s_dist_04,        s_dist_05, s_dist_06, s_dist_07, s_dist_08,        s_dist_09, s_dist_10     FROM bmsql_stock     WHERE s_w_id = $1 AND s_i_id = $2 ","parameters: $1 = '1', $2 = '45'",,,,,,,,"","client backend"
2024-06-16 19:02:12.025 CST,"raingage","benchmark",54599,"127.0.0.1:48958",666ec5b9.d547,834,"SELECT",2024-06-16 19:00:09 CST,8/60,0,LOG,00000,"execute S_5: SELECT i_price, i_name, i_data     FROM bmsql_item     WHERE i_id = $1","parameters: $1 = '67'",,,,,,,,"","client backend"
2024-06-16 19:02:12.039 CST,"raingage","benchmark",54598,"127.0.0.1:48956",666ec5b9.d546,676,"UPDATE",2024-06-16 19:00:09 CST,7/49,0,LOG,00000,"execute S_7: UPDATE bmsql_stock     SET s_quantity = $1, s_ytd = s_ytd + $2,         s_order_cnt = s_order_cnt + 1,         s_remote_cnt = s_remote_cnt + $3     WHERE s_w_id = $4 AND s_i_id = $5","parameters: $1 = '83', $2 = '4', $3 = '0', $4 = '1', $5 = '45'",,,,,,,,"","client backend"
2024-06-16 19:02:12.044 CST,"raingage","benchmark",54599,"127.0.0.1:48958",666ec5b9.d547,835,"SELECT",2024-06-16 19:00:09 CST,8/60,0,LOG,00000,"execute S_6: SELECT s_quantity, s_data,        s_dist_01, s_dist_02, s_dist_03, s_dist_04,        s_dist_05, s_dist_06, s_dist_07, s_dist_08,        s_dist_09, s_dist_10     FROM bmsql_stock     WHERE s_w_id = $1 AND s_i_id = $2 ","parameters: $1 = '1', $2 = '67'",,,,,,,,"","client backend"
2024-06-16 19:02:12.059 CST,"raingage","benchmark",54598,"127.0.0.1:48956",666ec5b9.d546,677,"COMMIT",2024-06-16 19:00:09 CST,7/49,115489,LOG,00000,"execute S_2: COMMIT",,,,,,,,,"","client backend"
2024-06-16 19:02:12.065 CST,"raingage","benchmark",54599,"127.0.0.1:48958",666ec5b9.d547,836,"UPDATE",2024-06-16 19:00:09 CST,8/60,0,LOG,00000,"execute S_7: UPDATE bmsql_stock     SET s_quantity = $1, s_ytd = s_ytd + $2,         s_order_cnt = s_order_cnt + 1,         s_remote_cnt = s_remote_cnt + $3     WHERE s_w_id = $4 AND s_i_id = $5","parameters: $1 = '89', $2 = '4', $3 = '0', $4 = '1', $5 = '67'",,,,,,,,"","client backend"
2024-06-16 19:02:12.076 CST,"raingage","benchmark",54597,"127.0.0.1:48954",666ec5b9.d545,682,"SELECT",2024-06-16 19:00:09 CST,6/50,0,LOG,00000,"execute S_1: SELECT c_discount, c_last, c_credit, w_tax     FROM bmsql_customer     JOIN bmsql_warehouse ON (w_id = c_w_id)     WHERE c_w_id = $1 AND c_d_id = $2 AND c_id = $3","parameters: $1 = '1', $2 = '4', $3 = '12'",,,,,,,,"","client backend"
2024-06-16 19:02:12.077 CST,"raingage","benchmark",54598,"127.0.0.1:48956",666ec5b9.d546,678,"BEGIN",2024-06-16 19:00:09 CST,7/50,0,LOG,00000,"execute S_3: BEGIN",,,,,,,,,"","client backend"
2024-06-16 19:02:12.078 CST,"raingage","benchmark",54599,"127.0.0.1:48958",666ec5b9.d547,837,"COMMIT",2024-06-16 19:00:09 CST,8/60,115490,LOG,00000,"execute S_2: COMMIT",,,,,,,,,"","client backend"
2024-06-16 19:02:12.079 CST,"raingage","benchmark",54599,"127.0.0.1:48958",666ec5b9.d547,838,"COMMIT",2024-06-16 19:00:09 CST,8/0,115490,WARNING,01000,"registered snapshots seem to remain after cleanup",,,,,,,,,"","client backend"
2024-06-16 19:02:12.091 CST,"raingage","benchmark",54598,"127.0.0.1:48956",666ec5b9.d546,679,"SELECT",2024-06-16 19:00:09 CST,7/50,0,LOG,00000,"execute S_4: SELECT d_tax, d_next_o_id     FROM bmsql_district     WHERE d_w_id = $1 AND d_id = $2 ","parameters: $1 = '1', $2 = '4'",,,,,,,,"","client backend"
2024-06-16 19:02:12.092 CST,"raingage","benchmark",54599,"127.0.0.1:48958",666ec5b9.d547,839,"BEGIN",2024-06-16 19:00:09 CST,8/61,0,LOG,00000,"execute S_3: BEGIN",,,,,,,,,"","client backend"
2024-06-16 19:02:12.106 CST,"raingage","benchmark",54599,"127.0.0.1:48958",666ec5b9.d547,840,"SELECT",2024-06-16 19:00:09 CST,8/61,0,LOG,00000,"execute S_4: SELECT d_tax, d_next_o_id     FROM bmsql_district     WHERE d_w_id = $1 AND d_id = $2 ","parameters: $1 = '1', $2 = '4'",,,,,,,,"","client backend"
2024-06-16 19:02:12.147 CST,"raingage","benchmark",54597,"127.0.0.1:48954",666ec5b9.d545,683,"SELECT",2024-06-16 19:00:09 CST,6/50,0,LOG,00000,"execute S_1: SELECT c_discount, c_last, c_credit, w_tax     FROM bmsql_customer     JOIN bmsql_warehouse ON (w_id = c_w_id)     WHERE c_w_id = $1 AND c_d_id = $2 AND c_id = $3","parameters: $1 = '1', $2 = '4', $3 = '12'",,,,,,,,"","client backend"
2024-06-16 19:02:12.153 CST,"raingage","benchmark",54598,"127.0.0.1:48956",666ec5b9.d546,680,"SELECT",2024-06-16 19:00:09 CST,7/50,0,LOG,00000,"execute S_1: SELECT c_discount, c_last, c_credit, w_tax     FROM bmsql_customer     JOIN bmsql_warehouse ON (w_id = c_w_id)     WHERE c_w_id = $1 AND c_d_id = $2 AND c_id = $3","parameters: $1 = '1', $2 = '4', $3 = '10'",,,,,,,,"","client backend"
2024-06-16 19:02:12.211 CST,"raingage","benchmark",54597,"127.0.0.1:48954",666ec5b9.d545,684,"SELECT",2024-06-16 19:00:09 CST,6/50,0,LOG,00000,"execute S_1: SELECT c_discount, c_last, c_credit, w_tax     FROM bmsql_customer     JOIN bmsql_warehouse ON (w_id = c_w_id)     WHERE c_w_id = $1 AND c_d_id = $2 AND c_id = $3","parameters: $1 = '1', $2 = '4', $3 = '12'",,,,,,,,"","client backend"
2024-06-16 19:02:12.224 CST,"raingage","benchmark",54598,"127.0.0.1:48956",666ec5b9.d546,681,"SELECT",2024-06-16 19:00:09 CST,7/50,0,LOG,00000,"execute S_1: SELECT c_discount, c_last, c_credit, w_tax     FROM bmsql_customer     JOIN bmsql_warehouse ON (w_id = c_w_id)     WHERE c_w_id = $1 AND c_d_id = $2 AND c_id = $3","parameters: $1 = '1', $2 = '4', $3 = '10'",,,,,,,,"","client backend"
2024-06-16 19:02:12.282 CST,"raingage","benchmark",54597,"127.0.0.1:48954",666ec5b9.d545,685,"SELECT",2024-06-16 19:00:09 CST,6/50,0,LOG,00000,"execute S_1: SELECT c_discount, c_last, c_credit, w_tax     FROM bmsql_customer     JOIN bmsql_warehouse ON (w_id = c_w_id)     WHERE c_w_id = $1 AND c_d_id = $2 AND c_id = $3","parameters: $1 = '1', $2 = '4', $3 = '12'",,,,,,,,"","client backend"
2024-06-16 19:02:12.287 CST,"raingage","benchmark",54598,"127.0.0.1:48956",666ec5b9.d546,682,"SELECT",2024-06-16 19:00:09 CST,7/50,0,LOG,00000,"execute S_1: SELECT c_discount, c_last, c_credit, w_tax     FROM bmsql_customer     JOIN bmsql_warehouse ON (w_id = c_w_id)     WHERE c_w_id = $1 AND c_d_id = $2 AND c_id = $3","parameters: $1 = '1', $2 = '4', $3 = '10'",,,,,,,,"","client backend"
2024-06-16 19:02:12.344 CST,"raingage","benchmark",54597,"127.0.0.1:48954",666ec5b9.d545,686,"SELECT",2024-06-16 19:00:09 CST,6/50,0,LOG,00000,"execute S_1: SELECT c_discount, c_last, c_credit, w_tax     FROM bmsql_customer     JOIN bmsql_warehouse ON (w_id = c_w_id)     WHERE c_w_id = $1 AND c_d_id = $2 AND c_id = $3","parameters: $1 = '1', $2 = '4', $3 = '12'",,,,,,,,"","client backend"
2024-06-16 19:02:12.351 CST,"raingage","benchmark",54598,"127.0.0.1:48956",666ec5b9.d546,683,"SELECT",2024-06-16 19:00:09 CST,7/50,0,LOG,00000,"execute S_1: SELECT c_discount, c_last, c_credit, w_tax     FROM bmsql_customer     JOIN bmsql_warehouse ON (w_id = c_w_id)     WHERE c_w_id = $1 AND c_d_id = $2 AND c_id = $3","parameters: $1 = '1', $2 = '4', $3 = '10'",,,,,,,,"","client backend"
2024-06-16 19:02:12.412 CST,"raingage","benchmark",54597,"127.0.0.1:48954",666ec5b9.d545,687,"SELECT",2024-06-16 19:00:09 CST,6/50,0,LOG,00000,"execute S_1: SELECT c_discount, c_last, c_credit, w_tax     FROM bmsql_customer     JOIN bmsql_warehouse ON (w_id = c_w_id)     WHERE c_w_id = $1 AND c_d_id = $2 AND c_id = $3","parameters: $1 = '1', $2 = '4', $3 = '12'",,,,,,,,"","client backend"
2024-06-16 19:02:12.417 CST,"raingage","benchmark",54598,"127.0.0.1:48956",666ec5b9.d546,684,"SELECT",2024-06-16 19:00:09 CST,7/50,0,LOG,00000,"execute S_1: SELECT c_discount, c_last, c_credit, w_tax     FROM bmsql_customer     JOIN bmsql_warehouse ON (w_id = c_w_id)     WHERE c_w_id = $1 AND c_d_id = $2 AND c_id = $3","parameters: $1 = '1', $2 = '4', $3 = '10'",,,,,,,,"","client backend"
2024-06-16 19:02:12.475 CST,"raingage","benchmark",54597,"127.0.0.1:48954",666ec5b9.d545,688,"SELECT",2024-06-16 19:00:09 CST,6/50,0,LOG,00000,"execute S_1: SELECT c_discount, c_last, c_credit, w_tax     FROM bmsql_customer     JOIN bmsql_warehouse ON (w_id = c_w_id)     WHERE c_w_id = $1 AND c_d_id = $2 AND c_id = $3","parameters: $1 = '1', $2 = '4', $3 = '12'",,,,,,,,"","client backend"
2024-06-16 19:02:12.481 CST,"raingage","benchmark",54598,"127.0.0.1:48956",666ec5b9.d546,685,"SELECT",2024-06-16 19:00:09 CST,7/50,0,LOG,00000,"execute S_1: SELECT c_discount, c_last, c_credit, w_tax     FROM bmsql_customer     JOIN bmsql_warehouse ON (w_id = c_w_id)     WHERE c_w_id = $1 AND c_d_id = $2 AND c_id = $3","parameters: $1 = '1', $2 = '4', $3 = '10'",,,,,,,,"","client backend"
2024-06-16 19:02:12.490 CST,"raingage","benchmark",54597,"127.0.0.1:48954",666ec5b9.d545,689,"SELECT",2024-06-16 19:00:09 CST,6/50,0,LOG,00000,"execute S_5: SELECT i_price, i_name, i_data     FROM bmsql_item     WHERE i_id = $1","parameters: $1 = '22'",,,,,,,,"","client backend"
2024-06-16 19:02:12.509 CST,"raingage","benchmark",54597,"127.0.0.1:48954",666ec5b9.d545,690,"SELECT",2024-06-16 19:00:09 CST,6/50,0,LOG,00000,"execute S_6: SELECT s_quantity, s_data,        s_dist_01, s_dist_02, s_dist_03, s_dist_04,        s_dist_05, s_dist_06, s_dist_07, s_dist_08,        s_dist_09, s_dist_10     FROM bmsql_stock     WHERE s_w_id = $1 AND s_i_id = $2 ","parameters: $1 = '1', $2 = '22'",,,,,,,,"","client backend"
2024-06-16 19:02:12.528 CST,"raingage","benchmark",54597,"127.0.0.1:48954",666ec5b9.d545,691,"UPDATE",2024-06-16 19:00:09 CST,6/50,0,LOG,00000,"execute S_7: UPDATE bmsql_stock     SET s_quantity = $1, s_ytd = s_ytd + $2,         s_order_cnt = s_order_cnt + 1,         s_remote_cnt = s_remote_cnt + $3     WHERE s_w_id = $4 AND s_i_id = $5","parameters: $1 = '15', $2 = '7', $3 = '0', $4 = '1', $5 = '22'",,,,,,,,"","client backend"
2024-06-16 19:02:12.549 CST,"raingage","benchmark",54597,"127.0.0.1:48954",666ec5b9.d545,692,"COMMIT",2024-06-16 19:00:09 CST,6/50,115491,LOG,00000,"execute S_2: COMMIT",,,,,,,,,"","client backend"
2024-06-16 19:02:12.551 CST,"raingage","benchmark",54598,"127.0.0.1:48956",666ec5b9.d546,686,"SELECT",2024-06-16 19:00:09 CST,7/50,0,LOG,00000,"execute S_1: SELECT c_discount, c_last, c_credit, w_tax     FROM bmsql_customer     JOIN bmsql_warehouse ON (w_id = c_w_id)     WHERE c_w_id = $1 AND c_d_id = $2 AND c_id = $3","parameters: $1 = '1', $2 = '4', $3 = '10'",,,,,,,,"","client backend"
2024-06-16 19:02:12.618 CST,"raingage","benchmark",54598,"127.0.0.1:48956",666ec5b9.d546,687,"SELECT",2024-06-16 19:00:09 CST,7/50,0,LOG,00000,"execute S_1: SELECT c_discount, c_last, c_credit, w_tax     FROM bmsql_customer     JOIN bmsql_warehouse ON (w_id = c_w_id)     WHERE c_w_id = $1 AND c_d_id = $2 AND c_id = $3","parameters: $1 = '1', $2 = '4', $3 = '10'",,,,,,,,"","client backend"
2024-06-16 19:02:12.634 CST,"raingage","benchmark",54598,"127.0.0.1:48956",666ec5b9.d546,688,"SELECT",2024-06-16 19:00:09 CST,7/50,0,LOG,00000,"execute S_5: SELECT i_price, i_name, i_data     FROM bmsql_item     WHERE i_id = $1","parameters: $1 = '43'",,,,,,,,"","client backend"
2024-06-16 19:02:12.649 CST,"raingage","benchmark",54598,"127.0.0.1:48956",666ec5b9.d546,689,"SELECT",2024-06-16 19:00:09 CST,7/50,0,LOG,00000,"execute S_6: SELECT s_quantity, s_data,        s_dist_01, s_dist_02, s_dist_03, s_dist_04,        s_dist_05, s_dist_06, s_dist_07, s_dist_08,        s_dist_09, s_dist_10     FROM bmsql_stock     WHERE s_w_id = $1 AND s_i_id = $2 ","parameters: $1 = '1', $2 = '43'",,,,,,,,"","client backend"
2024-06-16 19:02:12.671 CST,"raingage","benchmark",54598,"127.0.0.1:48956",666ec5b9.d546,690,"UPDATE",2024-06-16 19:00:09 CST,7/50,0,LOG,00000,"execute S_7: UPDATE bmsql_stock     SET s_quantity = $1, s_ytd = s_ytd + $2,         s_order_cnt = s_order_cnt + 1,         s_remote_cnt = s_remote_cnt + $3     WHERE s_w_id = $4 AND s_i_id = $5","parameters: $1 = '48', $2 = '8', $3 = '0', $4 = '1', $5 = '43'",,,,,,,,"","client backend"
2024-06-16 19:02:12.686 CST,"raingage","benchmark",54598,"127.0.0.1:48956",666ec5b9.d546,691,"COMMIT",2024-06-16 19:00:09 CST,7/50,115492,LOG,00000,"execute S_2: COMMIT",,,,,,,,,"","client backend"
2024-06-16 19:02:12.686 CST,"raingage","benchmark",54599,"127.0.0.1:48958",666ec5b9.d547,841,"SELECT",2024-06-16 19:00:09 CST,8/61,0,LOG,00000,"execute S_1: SELECT c_discount, c_last, c_credit, w_tax     FROM bmsql_customer     JOIN bmsql_warehouse ON (w_id = c_w_id)     WHERE c_w_id = $1 AND c_d_id = $2 AND c_id = $3","parameters: $1 = '1', $2 = '4', $3 = '10'",,,,,,,,"","client backend"
2024-06-16 19:02:12.699 CST,"raingage","benchmark",54598,"127.0.0.1:48956",666ec5b9.d546,692,"BEGIN",2024-06-16 19:00:09 CST,7/51,0,LOG,00000,"execute S_3: BEGIN",,,,,,,,,"","client backend"
2024-06-16 19:02:12.715 CST,"raingage","benchmark",54598,"127.0.0.1:48956",666ec5b9.d546,693,"SELECT",2024-06-16 19:00:09 CST,7/51,0,LOG,00000,"execute S_4: SELECT d_tax, d_next_o_id     FROM bmsql_district     WHERE d_w_id = $1 AND d_id = $2 ","parameters: $1 = '1', $2 = '4'",,,,,,,,"","client backend"
2024-06-16 19:02:12.757 CST,"raingage","benchmark",54599,"127.0.0.1:48958",666ec5b9.d547,842,"SELECT",2024-06-16 19:00:09 CST,8/61,0,LOG,00000,"execute S_1: SELECT c_discount, c_last, c_credit, w_tax     FROM bmsql_customer     JOIN bmsql_warehouse ON (w_id = c_w_id)     WHERE c_w_id = $1 AND c_d_id = $2 AND c_id = $3","parameters: $1 = '1', $2 = '4', $3 = '10'",,,,,,,,"","client backend"
2024-06-16 19:02:12.777 CST,"raingage","benchmark",54598,"127.0.0.1:48956",666ec5b9.d546,694,"SELECT",2024-06-16 19:00:09 CST,7/51,0,LOG,00000,"execute S_1: SELECT c_discount, c_last, c_credit, w_tax     FROM bmsql_customer     JOIN bmsql_warehouse ON (w_id = c_w_id)     WHERE c_w_id = $1 AND c_d_id = $2 AND c_id = $3","parameters: $1 = '1', $2 = '4', $3 = '65'",,,,,,,,"","client backend"
2024-06-16 19:02:12.825 CST,"raingage","benchmark",54599,"127.0.0.1:48958",666ec5b9.d547,843,"SELECT",2024-06-16 19:00:09 CST,8/61,0,LOG,00000,"execute S_1: SELECT c_discount, c_last, c_credit, w_tax     FROM bmsql_customer     JOIN bmsql_warehouse ON (w_id = c_w_id)     WHERE c_w_id = $1 AND c_d_id = $2 AND c_id = $3","parameters: $1 = '1', $2 = '4', $3 = '10'",,,,,,,,"","client backend"
2024-06-16 19:02:12.841 CST,"raingage","benchmark",54598,"127.0.0.1:48956",666ec5b9.d546,695,"SELECT",2024-06-16 19:00:09 CST,7/51,0,LOG,00000,"execute S_1: SELECT c_discount, c_last, c_credit, w_tax     FROM bmsql_customer     JOIN bmsql_warehouse ON (w_id = c_w_id)     WHERE c_w_id = $1 AND c_d_id = $2 AND c_id = $3","parameters: $1 = '1', $2 = '4', $3 = '65'",,,,,,,,"","client backend"
2024-06-16 19:02:12.890 CST,"raingage","benchmark",54599,"127.0.0.1:48958",666ec5b9.d547,844,"SELECT",2024-06-16 19:00:09 CST,8/61,0,LOG,00000,"execute S_1: SELECT c_discount, c_last, c_credit, w_tax     FROM bmsql_customer     JOIN bmsql_warehouse ON (w_id = c_w_id)     WHERE c_w_id = $1 AND c_d_id = $2 AND c_id = $3","parameters: $1 = '1', $2 = '4', $3 = '10'",,,,,,,,"","client backend"
2024-06-16 19:02:12.904 CST,"raingage","benchmark",54598,"127.0.0.1:48956",666ec5b9.d546,696,"SELECT",2024-06-16 19:00:09 CST,7/51,0,LOG,00000,"execute S_1: SELECT c_discount, c_last, c_credit, w_tax     FROM bmsql_customer     JOIN bmsql_warehouse ON (w_id = c_w_id)     WHERE c_w_id = $1 AND c_d_id = $2 AND c_id = $3","parameters: $1 = '1', $2 = '4', $3 = '65'",,,,,,,,"","client backend"
2024-06-16 19:02:12.961 CST,"raingage","benchmark",54599,"127.0.0.1:48958",666ec5b9.d547,845,"SELECT",2024-06-16 19:00:09 CST,8/61,0,LOG,00000,"execute S_1: SELECT c_discount, c_last, c_credit, w_tax     FROM bmsql_customer     JOIN bmsql_warehouse ON (w_id = c_w_id)     WHERE c_w_id = $1 AND c_d_id = $2 AND c_id = $3","parameters: $1 = '1', $2 = '4', $3 = '10'",,,,,,,,"","client backend"
2024-06-16 19:02:12.966 CST,"raingage","benchmark",54598,"127.0.0.1:48956",666ec5b9.d546,697,"SELECT",2024-06-16 19:00:09 CST,7/51,0,LOG,00000,"execute S_1: SELECT c_discount, c_last, c_credit, w_tax     FROM bmsql_customer     JOIN bmsql_warehouse ON (w_id = c_w_id)     WHERE c_w_id = $1 AND c_d_id = $2 AND c_id = $3","parameters: $1 = '1', $2 = '4', $3 = '65'",,,,,,,,"","client backend"
2024-06-16 19:02:13.024 CST,"raingage","benchmark",54599,"127.0.0.1:48958",666ec5b9.d547,846,"SELECT",2024-06-16 19:00:09 CST,8/61,0,LOG,00000,"execute S_1: SELECT c_discount, c_last, c_credit, w_tax     FROM bmsql_customer     JOIN bmsql_warehouse ON (w_id = c_w_id)     WHERE c_w_id = $1 AND c_d_id = $2 AND c_id = $3","parameters: $1 = '1', $2 = '4', $3 = '10'",,,,,,,,"","client backend"
2024-06-16 19:02:13.033 CST,"raingage","benchmark",54598,"127.0.0.1:48956",666ec5b9.d546,698,"SELECT",2024-06-16 19:00:09 CST,7/51,0,LOG,00000,"execute S_1: SELECT c_discount, c_last, c_credit, w_tax     FROM bmsql_customer     JOIN bmsql_warehouse ON (w_id = c_w_id)     WHERE c_w_id = $1 AND c_d_id = $2 AND c_id = $3","parameters: $1 = '1', $2 = '4', $3 = '65'",,,,,,,,"","client backend"
2024-06-16 19:02:13.096 CST,"raingage","benchmark",54599,"127.0.0.1:48958",666ec5b9.d547,847,"SELECT",2024-06-16 19:00:09 CST,8/61,0,LOG,00000,"execute S_1: SELECT c_discount, c_last, c_credit, w_tax     FROM bmsql_customer     JOIN bmsql_warehouse ON (w_id = c_w_id)     WHERE c_w_id = $1 AND c_d_id = $2 AND c_id = $3","parameters: $1 = '1', $2 = '4', $3 = '10'",,,,,,,,"","client backend"
2024-06-16 19:02:13.104 CST,"raingage","benchmark",54598,"127.0.0.1:48956",666ec5b9.d546,699,"SELECT",2024-06-16 19:00:09 CST,7/51,0,LOG,00000,"execute S_1: SELECT c_discount, c_last, c_credit, w_tax     FROM bmsql_customer     JOIN bmsql_warehouse ON (w_id = c_w_id)     WHERE c_w_id = $1 AND c_d_id = $2 AND c_id = $3","parameters: $1 = '1', $2 = '4', $3 = '65'",,,,,,,,"","client backend"
2024-06-16 19:02:13.160 CST,"raingage","benchmark",54599,"127.0.0.1:48958",666ec5b9.d547,848,"SELECT",2024-06-16 19:00:09 CST,8/61,0,LOG,00000,"execute S_1: SELECT c_discount, c_last, c_credit, w_tax     FROM bmsql_customer     JOIN bmsql_warehouse ON (w_id = c_w_id)     WHERE c_w_id = $1 AND c_d_id = $2 AND c_id = $3","parameters: $1 = '1', $2 = '4', $3 = '10'",,,,,,,,"","client backend"
2024-06-16 19:02:13.170 CST,"raingage","benchmark",54598,"127.0.0.1:48956",666ec5b9.d546,700,"SELECT",2024-06-16 19:00:09 CST,7/51,0,LOG,00000,"execute S_1: SELECT c_discount, c_last, c_credit, w_tax     FROM bmsql_customer     JOIN bmsql_warehouse ON (w_id = c_w_id)     WHERE c_w_id = $1 AND c_d_id = $2 AND c_id = $3","parameters: $1 = '1', $2 = '4', $3 = '65'",,,,,,,,"","client backend"
2024-06-16 19:02:13.179 CST,"raingage","benchmark",54599,"127.0.0.1:48958",666ec5b9.d547,849,"SELECT",2024-06-16 19:00:09 CST,8/61,0,LOG,00000,"execute S_5: SELECT i_price, i_name, i_data     FROM bmsql_item     WHERE i_id = $1","parameters: $1 = '43'",,,,,,,,"","client backend"
2024-06-16 19:02:13.193 CST,"raingage","benchmark",54599,"127.0.0.1:48958",666ec5b9.d547,850,"SELECT",2024-06-16 19:00:09 CST,8/61,0,LOG,00000,"execute S_6: SELECT s_quantity, s_data,        s_dist_01, s_dist_02, s_dist_03, s_dist_04,        s_dist_05, s_dist_06, s_dist_07, s_dist_08,        s_dist_09, s_dist_10     FROM bmsql_stock     WHERE s_w_id = $1 AND s_i_id = $2 ","parameters: $1 = '1', $2 = '43'",,,,,,,,"","client backend"
2024-06-16 19:02:13.204 CST,"raingage","benchmark",54599,"127.0.0.1:48958",666ec5b9.d547,851,"UPDATE",2024-06-16 19:00:09 CST,8/61,0,LOG,00000,"execute S_7: UPDATE bmsql_stock     SET s_quantity = $1, s_ytd = s_ytd + $2,         s_order_cnt = s_order_cnt + 1,         s_remote_cnt = s_remote_cnt + $3     WHERE s_w_id = $4 AND s_i_id = $5","parameters: $1 = '48', $2 = '8', $3 = '0', $4 = '1', $5 = '43'",,,,,,,,"","client backend"
2024-06-16 19:02:13.218 CST,"raingage","benchmark",54599,"127.0.0.1:48958",666ec5b9.d547,852,"COMMIT",2024-06-16 19:00:09 CST,8/61,115493,LOG,00000,"execute S_2: COMMIT",,,,,,,,,"","client backend"
2024-06-16 19:02:13.219 CST,"raingage","benchmark",54599,"127.0.0.1:48958",666ec5b9.d547,853,"COMMIT",2024-06-16 19:00:09 CST,8/0,115493,WARNING,01000,"registered snapshots seem to remain after cleanup",,,,,,,,,"","client backend"
2024-06-16 19:02:13.233 CST,"raingage","benchmark",54599,"127.0.0.1:48958",666ec5b9.d547,854,"BEGIN",2024-06-16 19:00:09 CST,8/62,0,LOG,00000,"execute S_3: BEGIN",,,,,,,,,"","client backend"
2024-06-16 19:02:13.240 CST,"raingage","benchmark",54598,"127.0.0.1:48956",666ec5b9.d546,701,"SELECT",2024-06-16 19:00:09 CST,7/51,0,LOG,00000,"execute S_1: SELECT c_discount, c_last, c_credit, w_tax     FROM bmsql_customer     JOIN bmsql_warehouse ON (w_id = c_w_id)     WHERE c_w_id = $1 AND c_d_id = $2 AND c_id = $3","parameters: $1 = '1', $2 = '4', $3 = '65'",,,,,,,,"","client backend"
2024-06-16 19:02:13.251 CST,"raingage","benchmark",54599,"127.0.0.1:48958",666ec5b9.d547,855,"SELECT",2024-06-16 19:00:09 CST,8/62,0,LOG,00000,"execute S_4: SELECT d_tax, d_next_o_id     FROM bmsql_district     WHERE d_w_id = $1 AND d_id = $2 ","parameters: $1 = '1', $2 = '4'",,,,,,,,"","client backend"
2024-06-16 19:02:13.254 CST,"raingage","benchmark",54598,"127.0.0.1:48956",666ec5b9.d546,702,"SELECT",2024-06-16 19:00:09 CST,7/51,0,LOG,00000,"execute S_5: SELECT i_price, i_name, i_data     FROM bmsql_item     WHERE i_id = $1","parameters: $1 = '66'",,,,,,,,"","client backend"
2024-06-16 19:02:13.269 CST,"raingage","benchmark",54598,"127.0.0.1:48956",666ec5b9.d546,703,"SELECT",2024-06-16 19:00:09 CST,7/51,0,LOG,00000,"execute S_6: SELECT s_quantity, s_data,        s_dist_01, s_dist_02, s_dist_03, s_dist_04,        s_dist_05, s_dist_06, s_dist_07, s_dist_08,        s_dist_09, s_dist_10     FROM bmsql_stock     WHERE s_w_id = $1 AND s_i_id = $2 ","parameters: $1 = '1', $2 = '66'",,,,,,,,"","client backend"
2024-06-16 19:02:13.285 CST,"raingage","benchmark",54598,"127.0.0.1:48956",666ec5b9.d546,704,"UPDATE",2024-06-16 19:00:09 CST,7/51,0,LOG,00000,"execute S_7: UPDATE bmsql_stock     SET s_quantity = $1, s_ytd = s_ytd + $2,         s_order_cnt = s_order_cnt + 1,         s_remote_cnt = s_remote_cnt + $3     WHERE s_w_id = $4 AND s_i_id = $5","parameters: $1 = '104', $2 = '9', $3 = '0', $4 = '1', $5 = '66'",,,,,,,,"","client backend"
2024-06-16 19:02:13.302 CST,"raingage","benchmark",54598,"127.0.0.1:48956",666ec5b9.d546,705,"COMMIT",2024-06-16 19:00:09 CST,7/51,115494,LOG,00000,"execute S_2: COMMIT",,,,,,,,,"","client backend"
2024-06-16 19:02:13.320 CST,"raingage","benchmark",54598,"127.0.0.1:48956",666ec5b9.d546,706,"BEGIN",2024-06-16 19:00:09 CST,7/52,0,LOG,00000,"execute S_3: BEGIN",,,,,,,,,"","client backend"
2024-06-16 19:02:13.321 CST,"raingage","benchmark",54599,"127.0.0.1:48958",666ec5b9.d547,856,"SELECT",2024-06-16 19:00:09 CST,8/62,0,LOG,00000,"execute S_1: SELECT c_discount, c_last, c_credit, w_tax     FROM bmsql_customer     JOIN bmsql_warehouse ON (w_id = c_w_id)     WHERE c_w_id = $1 AND c_d_id = $2 AND c_id = $3","parameters: $1 = '1', $2 = '4', $3 = '21'",,,,,,,,"","client backend"
2024-06-16 19:02:13.331 CST,"raingage","benchmark",54598,"127.0.0.1:48956",666ec5b9.d546,707,"SELECT",2024-06-16 19:00:09 CST,7/52,0,LOG,00000,"execute S_4: SELECT d_tax, d_next_o_id     FROM bmsql_district     WHERE d_w_id = $1 AND d_id = $2 ","parameters: $1 = '1', $2 = '4'",,,,,,,,"","client backend"
2024-06-16 19:02:13.388 CST,"raingage","benchmark",54599,"127.0.0.1:48958",666ec5b9.d547,857,"SELECT",2024-06-16 19:00:09 CST,8/62,0,LOG,00000,"execute S_1: SELECT c_discount, c_last, c_credit, w_tax     FROM bmsql_customer     JOIN bmsql_warehouse ON (w_id = c_w_id)     WHERE c_w_id = $1 AND c_d_id = $2 AND c_id = $3","parameters: $1 = '1', $2 = '4', $3 = '21'",,,,,,,,"","client backend"
2024-06-16 19:02:13.396 CST,"raingage","benchmark",54598,"127.0.0.1:48956",666ec5b9.d546,708,"SELECT",2024-06-16 19:00:09 CST,7/52,0,LOG,00000,"execute S_1: SELECT c_discount, c_last, c_credit, w_tax     FROM bmsql_customer     JOIN bmsql_warehouse ON (w_id = c_w_id)     WHERE c_w_id = $1 AND c_d_id = $2 AND c_id = $3","parameters: $1 = '1', $2 = '4', $3 = '61'",,,,,,,,"","client backend"
2024-06-16 19:02:13.455 CST,"raingage","benchmark",54599,"127.0.0.1:48958",666ec5b9.d547,858,"SELECT",2024-06-16 19:00:09 CST,8/62,0,LOG,00000,"execute S_1: SELECT c_discount, c_last, c_credit, w_tax     FROM bmsql_customer     JOIN bmsql_warehouse ON (w_id = c_w_id)     WHERE c_w_id = $1 AND c_d_id = $2 AND c_id = $3","parameters: $1 = '1', $2 = '4', $3 = '21'",,,,,,,,"","client backend"
2024-06-16 19:02:13.459 CST,"raingage","benchmark",54598,"127.0.0.1:48956",666ec5b9.d546,709,"SELECT",2024-06-16 19:00:09 CST,7/52,0,LOG,00000,"execute S_1: SELECT c_discount, c_last, c_credit, w_tax     FROM bmsql_customer     JOIN bmsql_warehouse ON (w_id = c_w_id)     WHERE c_w_id = $1 AND c_d_id = $2 AND c_id = $3","parameters: $1 = '1', $2 = '4', $3 = '61'",,,,,,,,"","client backend"
2024-06-16 19:02:13.524 CST,"raingage","benchmark",54598,"127.0.0.1:48956",666ec5b9.d546,710,"SELECT",2024-06-16 19:00:09 CST,7/52,0,LOG,00000,"execute S_1: SELECT c_discount, c_last, c_credit, w_tax     FROM bmsql_customer     JOIN bmsql_warehouse ON (w_id = c_w_id)     WHERE c_w_id = $1 AND c_d_id = $2 AND c_id = $3","parameters: $1 = '1', $2 = '4', $3 = '61'",,,,,,,,"","client backend"
2024-06-16 19:02:13.526 CST,"raingage","benchmark",54599,"127.0.0.1:48958",666ec5b9.d547,859,"SELECT",2024-06-16 19:00:09 CST,8/62,0,LOG,00000,"execute S_1: SELECT c_discount, c_last, c_credit, w_tax     FROM bmsql_customer     JOIN bmsql_warehouse ON (w_id = c_w_id)     WHERE c_w_id = $1 AND c_d_id = $2 AND c_id = $3","parameters: $1 = '1', $2 = '4', $3 = '21'",,,,,,,,"","client backend"
2024-06-16 19:02:13.593 CST,"raingage","benchmark",54598,"127.0.0.1:48956",666ec5b9.d546,711,"SELECT",2024-06-16 19:00:09 CST,7/52,0,LOG,00000,"execute S_1: SELECT c_discount, c_last, c_credit, w_tax     FROM bmsql_customer     JOIN bmsql_warehouse ON (w_id = c_w_id)     WHERE c_w_id = $1 AND c_d_id = $2 AND c_id = $3","parameters: $1 = '1', $2 = '4', $3 = '61'",,,,,,,,"","client backend"
2024-06-16 19:02:13.594 CST,"raingage","benchmark",54599,"127.0.0.1:48958",666ec5b9.d547,860,"SELECT",2024-06-16 19:00:09 CST,8/62,0,LOG,00000,"execute S_1: SELECT c_discount, c_last, c_credit, w_tax     FROM bmsql_customer     JOIN bmsql_warehouse ON (w_id = c_w_id)     WHERE c_w_id = $1 AND c_d_id = $2 AND c_id = $3","parameters: $1 = '1', $2 = '4', $3 = '21'",,,,,,,,"","client backend"
2024-06-16 19:02:13.655 CST,"raingage","benchmark",54598,"127.0.0.1:48956",666ec5b9.d546,712,"SELECT",2024-06-16 19:00:09 CST,7/52,0,LOG,00000,"execute S_1: SELECT c_discount, c_last, c_credit, w_tax     FROM bmsql_customer     JOIN bmsql_warehouse ON (w_id = c_w_id)     WHERE c_w_id = $1 AND c_d_id = $2 AND c_id = $3","parameters: $1 = '1', $2 = '4', $3 = '61'",,,,,,,,"","client backend"
2024-06-16 19:02:13.661 CST,"raingage","benchmark",54599,"127.0.0.1:48958",666ec5b9.d547,861,"SELECT",2024-06-16 19:00:09 CST,8/62,0,LOG,00000,"execute S_1: SELECT c_discount, c_last, c_credit, w_tax     FROM bmsql_customer     JOIN bmsql_warehouse ON (w_id = c_w_id)     WHERE c_w_id = $1 AND c_d_id = $2 AND c_id = $3","parameters: $1 = '1', $2 = '4', $3 = '21'",,,,,,,,"","client backend"
2024-06-16 19:02:13.725 CST,"raingage","benchmark",54598,"127.0.0.1:48956",666ec5b9.d546,713,"SELECT",2024-06-16 19:00:09 CST,7/52,0,LOG,00000,"execute S_1: SELECT c_discount, c_last, c_credit, w_tax     FROM bmsql_customer     JOIN bmsql_warehouse ON (w_id = c_w_id)     WHERE c_w_id = $1 AND c_d_id = $2 AND c_id = $3","parameters: $1 = '1', $2 = '4', $3 = '61'",,,,,,,,"","client backend"
2024-06-16 19:02:13.727 CST,"raingage","benchmark",54599,"127.0.0.1:48958",666ec5b9.d547,862,"SELECT",2024-06-16 19:00:09 CST,8/62,0,LOG,00000,"execute S_1: SELECT c_discount, c_last, c_credit, w_tax     FROM bmsql_customer     JOIN bmsql_warehouse ON (w_id = c_w_id)     WHERE c_w_id = $1 AND c_d_id = $2 AND c_id = $3","parameters: $1 = '1', $2 = '4', $3 = '21'",,,,,,,,"","client backend"
2024-06-16 19:02:13.796 CST,"raingage","benchmark",54598,"127.0.0.1:48956",666ec5b9.d546,714,"SELECT",2024-06-16 19:00:09 CST,7/52,0,LOG,00000,"execute S_1: SELECT c_discount, c_last, c_credit, w_tax     FROM bmsql_customer     JOIN bmsql_warehouse ON (w_id = c_w_id)     WHERE c_w_id = $1 AND c_d_id = $2 AND c_id = $3","parameters: $1 = '1', $2 = '4', $3 = '61'",,,,,,,,"","client backend"
2024-06-16 19:02:13.798 CST,"raingage","benchmark",54599,"127.0.0.1:48958",666ec5b9.d547,863,"SELECT",2024-06-16 19:00:09 CST,8/62,0,LOG,00000,"execute S_1: SELECT c_discount, c_last, c_credit, w_tax     FROM bmsql_customer     JOIN bmsql_warehouse ON (w_id = c_w_id)     WHERE c_w_id = $1 AND c_d_id = $2 AND c_id = $3","parameters: $1 = '1', $2 = '4', $3 = '21'",,,,,,,,"","client backend"
2024-06-16 19:02:13.818 CST,"raingage","benchmark",54599,"127.0.0.1:48958",666ec5b9.d547,864,"SELECT",2024-06-16 19:00:09 CST,8/62,0,LOG,00000,"execute S_5: SELECT i_price, i_name, i_data     FROM bmsql_item     WHERE i_id = $1","parameters: $1 = '47'",,,,,,,,"","client backend"
2024-06-16 19:02:13.833 CST,"raingage","benchmark",54599,"127.0.0.1:48958",666ec5b9.d547,865,"SELECT",2024-06-16 19:00:09 CST,8/62,0,LOG,00000,"execute S_6: SELECT s_quantity, s_data,        s_dist_01, s_dist_02, s_dist_03, s_dist_04,        s_dist_05, s_dist_06, s_dist_07, s_dist_08,        s_dist_09, s_dist_10     FROM bmsql_stock     WHERE s_w_id = $1 AND s_i_id = $2 ","parameters: $1 = '1', $2 = '47'",,,,,,,,"","client backend"
2024-06-16 19:02:13.848 CST,"raingage","benchmark",54599,"127.0.0.1:48958",666ec5b9.d547,866,"UPDATE",2024-06-16 19:00:09 CST,8/62,0,LOG,00000,"execute S_7: UPDATE bmsql_stock     SET s_quantity = $1, s_ytd = s_ytd + $2,         s_order_cnt = s_order_cnt + 1,         s_remote_cnt = s_remote_cnt + $3     WHERE s_w_id = $4 AND s_i_id = $5","parameters: $1 = '50', $2 = '2', $3 = '0', $4 = '1', $5 = '47'",,,,,,,,"","client backend"
2024-06-16 19:02:13.862 CST,"raingage","benchmark",54599,"127.0.0.1:48958",666ec5b9.d547,867,"COMMIT",2024-06-16 19:00:09 CST,8/62,115495,LOG,00000,"execute S_2: COMMIT",,,,,,,,,"","client backend"
2024-06-16 19:02:13.863 CST,"raingage","benchmark",54598,"127.0.0.1:48956",666ec5b9.d546,715,"SELECT",2024-06-16 19:00:09 CST,7/52,0,LOG,00000,"execute S_1: SELECT c_discount, c_last, c_credit, w_tax     FROM bmsql_customer     JOIN bmsql_warehouse ON (w_id = c_w_id)     WHERE c_w_id = $1 AND c_d_id = $2 AND c_id = $3","parameters: $1 = '1', $2 = '4', $3 = '61'",,,,,,,,"","client backend"
2024-06-16 19:02:13.878 CST,"raingage","benchmark",54599,"127.0.0.1:48958",666ec5b9.d547,868,"BEGIN",2024-06-16 19:00:09 CST,8/63,0,LOG,00000,"execute S_3: BEGIN",,,,,,,,,"","client backend"
2024-06-16 19:02:13.884 CST,"raingage","benchmark",54598,"127.0.0.1:48956",666ec5b9.d546,716,"SELECT",2024-06-16 19:00:09 CST,7/52,0,LOG,00000,"execute S_5: SELECT i_price, i_name, i_data     FROM bmsql_item     WHERE i_id = $1","parameters: $1 = '4'",,,,,,,,"","client backend"
2024-06-16 19:02:13.891 CST,"raingage","benchmark",54599,"127.0.0.1:48958",666ec5b9.d547,869,"SELECT",2024-06-16 19:00:09 CST,8/63,0,LOG,00000,"execute S_4: SELECT d_tax, d_next_o_id     FROM bmsql_district     WHERE d_w_id = $1 AND d_id = $2 ","parameters: $1 = '1', $2 = '4'",,,,,,,,"","client backend"
2024-06-16 19:02:13.901 CST,"raingage","benchmark",54598,"127.0.0.1:48956",666ec5b9.d546,717,"SELECT",2024-06-16 19:00:09 CST,7/52,0,LOG,00000,"execute S_6: SELECT s_quantity, s_data,        s_dist_01, s_dist_02, s_dist_03, s_dist_04,        s_dist_05, s_dist_06, s_dist_07, s_dist_08,        s_dist_09, s_dist_10     FROM bmsql_stock     WHERE s_w_id = $1 AND s_i_id = $2 ","parameters: $1 = '1', $2 = '4'",,,,,,,,"","client backend"
2024-06-16 19:02:13.915 CST,"raingage","benchmark",54598,"127.0.0.1:48956",666ec5b9.d546,718,"UPDATE",2024-06-16 19:00:09 CST,7/52,0,LOG,00000,"execute S_7: UPDATE bmsql_stock     SET s_quantity = $1, s_ytd = s_ytd + $2,         s_order_cnt = s_order_cnt + 1,         s_remote_cnt = s_remote_cnt + $3     WHERE s_w_id = $4 AND s_i_id = $5","parameters: $1 = '45', $2 = '2', $3 = '0', $4 = '1', $5 = '4'",,,,,,,,"","client backend"
2024-06-16 19:02:13.931 CST,"raingage","benchmark",54598,"127.0.0.1:48956",666ec5b9.d546,719,"COMMIT",2024-06-16 19:00:09 CST,7/52,115496,LOG,00000,"execute S_2: COMMIT",,,,,,,,,"","client backend"
2024-06-16 19:02:13.944 CST,"raingage","benchmark",54598,"127.0.0.1:48956",666ec5b9.d546,720,"BEGIN",2024-06-16 19:00:09 CST,7/53,0,LOG,00000,"execute S_3: BEGIN",,,,,,,,,"","client backend"
2024-06-16 19:02:13.956 CST,"raingage","benchmark",54599,"127.0.0.1:48958",666ec5b9.d547,870,"SELECT",2024-06-16 19:00:09 CST,8/63,0,LOG,00000,"execute S_1: SELECT c_discount, c_last, c_credit, w_tax     FROM bmsql_customer     JOIN bmsql_warehouse ON (w_id = c_w_id)     WHERE c_w_id = $1 AND c_d_id = $2 AND c_id = $3","parameters: $1 = '1', $2 = '4', $3 = '61'",,,,,,,,"","client backend"
2024-06-16 19:02:13.957 CST,"raingage","benchmark",54598,"127.0.0.1:48956",666ec5b9.d546,721,"SELECT",2024-06-16 19:00:09 CST,7/53,0,LOG,00000,"execute S_4: SELECT d_tax, d_next_o_id     FROM bmsql_district     WHERE d_w_id = $1 AND d_id = $2 ","parameters: $1 = '1', $2 = '2'",,,,,,,,"","client backend"
2024-06-16 19:02:14.019 CST,"raingage","benchmark",54598,"127.0.0.1:48956",666ec5b9.d546,722,"SELECT",2024-06-16 19:00:09 CST,7/53,0,LOG,00000,"execute S_1: SELECT c_discount, c_last, c_credit, w_tax     FROM bmsql_customer     JOIN bmsql_warehouse ON (w_id = c_w_id)     WHERE c_w_id = $1 AND c_d_id = $2 AND c_id = $3","parameters: $1 = '1', $2 = '2', $3 = '6'",,,,,,,,"","client backend"
2024-06-16 19:02:14.023 CST,"raingage","benchmark",54599,"127.0.0.1:48958",666ec5b9.d547,871,"SELECT",2024-06-16 19:00:09 CST,8/63,0,LOG,00000,"execute S_1: SELECT c_discount, c_last, c_credit, w_tax     FROM bmsql_customer     JOIN bmsql_warehouse ON (w_id = c_w_id)     WHERE c_w_id = $1 AND c_d_id = $2 AND c_id = $3","parameters: $1 = '1', $2 = '4', $3 = '61'",,,,,,,,"","client backend"
2024-06-16 19:02:14.085 CST,"raingage","benchmark",54598,"127.0.0.1:48956",666ec5b9.d546,723,"SELECT",2024-06-16 19:00:09 CST,7/53,0,LOG,00000,"execute S_1: SELECT c_discount, c_last, c_credit, w_tax     FROM bmsql_customer     JOIN bmsql_warehouse ON (w_id = c_w_id)     WHERE c_w_id = $1 AND c_d_id = $2 AND c_id = $3","parameters: $1 = '1', $2 = '2', $3 = '6'",,,,,,,,"","client backend"
2024-06-16 19:02:14.093 CST,"raingage","benchmark",54599,"127.0.0.1:48958",666ec5b9.d547,872,"SELECT",2024-06-16 19:00:09 CST,8/63,0,LOG,00000,"execute S_1: SELECT c_discount, c_last, c_credit, w_tax     FROM bmsql_customer     JOIN bmsql_warehouse ON (w_id = c_w_id)     WHERE c_w_id = $1 AND c_d_id = $2 AND c_id = $3","parameters: $1 = '1', $2 = '4', $3 = '61'",,,,,,,,"","client backend"
2024-06-16 19:02:14.157 CST,"raingage","benchmark",54598,"127.0.0.1:48956",666ec5b9.d546,724,"SELECT",2024-06-16 19:00:09 CST,7/53,0,LOG,00000,"execute S_1: SELECT c_discount, c_last, c_credit, w_tax     FROM bmsql_customer     JOIN bmsql_warehouse ON (w_id = c_w_id)     WHERE c_w_id = $1 AND c_d_id = $2 AND c_id = $3","parameters: $1 = '1', $2 = '2', $3 = '6'",,,,,,,,"","client backend"
2024-06-16 19:02:14.163 CST,"raingage","benchmark",54599,"127.0.0.1:48958",666ec5b9.d547,873,"SELECT",2024-06-16 19:00:09 CST,8/63,0,LOG,00000,"execute S_1: SELECT c_discount, c_last, c_credit, w_tax     FROM bmsql_customer     JOIN bmsql_warehouse ON (w_id = c_w_id)     WHERE c_w_id = $1 AND c_d_id = $2 AND c_id = $3","parameters: $1 = '1', $2 = '4', $3 = '61'",,,,,,,,"","client backend"
2024-06-16 19:02:14.219 CST,"raingage","benchmark",54598,"127.0.0.1:48956",666ec5b9.d546,725,"SELECT",2024-06-16 19:00:09 CST,7/53,0,LOG,00000,"execute S_1: SELECT c_discount, c_last, c_credit, w_tax     FROM bmsql_customer     JOIN bmsql_warehouse ON (w_id = c_w_id)     WHERE c_w_id = $1 AND c_d_id = $2 AND c_id = $3","parameters: $1 = '1', $2 = '2', $3 = '6'",,,,,,,,"","client backend"
2024-06-16 19:02:14.228 CST,"raingage","benchmark",54599,"127.0.0.1:48958",666ec5b9.d547,874,"SELECT",2024-06-16 19:00:09 CST,8/63,0,LOG,00000,"execute S_1: SELECT c_discount, c_last, c_credit, w_tax     FROM bmsql_customer     JOIN bmsql_warehouse ON (w_id = c_w_id)     WHERE c_w_id = $1 AND c_d_id = $2 AND c_id = $3","parameters: $1 = '1', $2 = '4', $3 = '61'",,,,,,,,"","client backend"
2024-06-16 19:02:14.285 CST,"raingage","benchmark",54598,"127.0.0.1:48956",666ec5b9.d546,726,"SELECT",2024-06-16 19:00:09 CST,7/53,0,LOG,00000,"execute S_1: SELECT c_discount, c_last, c_credit, w_tax     FROM bmsql_customer     JOIN bmsql_warehouse ON (w_id = c_w_id)     WHERE c_w_id = $1 AND c_d_id = $2 AND c_id = $3","parameters: $1 = '1', $2 = '2', $3 = '6'",,,,,,,,"","client backend"
2024-06-16 19:02:14.293 CST,"raingage","benchmark",54599,"127.0.0.1:48958",666ec5b9.d547,875,"SELECT",2024-06-16 19:00:09 CST,8/63,0,LOG,00000,"execute S_1: SELECT c_discount, c_last, c_credit, w_tax     FROM bmsql_customer     JOIN bmsql_warehouse ON (w_id = c_w_id)     WHERE c_w_id = $1 AND c_d_id = $2 AND c_id = $3","parameters: $1 = '1', $2 = '4', $3 = '61'",,,,,,,,"","client backend"
2024-06-16 19:02:14.349 CST,"raingage","benchmark",54598,"127.0.0.1:48956",666ec5b9.d546,727,"SELECT",2024-06-16 19:00:09 CST,7/53,0,LOG,00000,"execute S_1: SELECT c_discount, c_last, c_credit, w_tax     FROM bmsql_customer     JOIN bmsql_warehouse ON (w_id = c_w_id)     WHERE c_w_id = $1 AND c_d_id = $2 AND c_id = $3","parameters: $1 = '1', $2 = '2', $3 = '6'",,,,,,,,"","client backend"
2024-06-16 19:02:14.357 CST,"raingage","benchmark",54599,"127.0.0.1:48958",666ec5b9.d547,876,"SELECT",2024-06-16 19:00:09 CST,8/63,0,LOG,00000,"execute S_1: SELECT c_discount, c_last, c_credit, w_tax     FROM bmsql_customer     JOIN bmsql_warehouse ON (w_id = c_w_id)     WHERE c_w_id = $1 AND c_d_id = $2 AND c_id = $3","parameters: $1 = '1', $2 = '4', $3 = '61'",,,,,,,,"","client backend"
2024-06-16 19:02:14.412 CST,"raingage","benchmark",54598,"127.0.0.1:48956",666ec5b9.d546,728,"SELECT",2024-06-16 19:00:09 CST,7/53,0,LOG,00000,"execute S_1: SELECT c_discount, c_last, c_credit, w_tax     FROM bmsql_customer     JOIN bmsql_warehouse ON (w_id = c_w_id)     WHERE c_w_id = $1 AND c_d_id = $2 AND c_id = $3","parameters: $1 = '1', $2 = '2', $3 = '6'",,,,,,,,"","client backend"
2024-06-16 19:02:14.423 CST,"raingage","benchmark",54599,"127.0.0.1:48958",666ec5b9.d547,877,"SELECT",2024-06-16 19:00:09 CST,8/63,0,LOG,00000,"execute S_1: SELECT c_discount, c_last, c_credit, w_tax     FROM bmsql_customer     JOIN bmsql_warehouse ON (w_id = c_w_id)     WHERE c_w_id = $1 AND c_d_id = $2 AND c_id = $3","parameters: $1 = '1', $2 = '4', $3 = '61'",,,,,,,,"","client backend"
2024-06-16 19:02:14.441 CST,"raingage","benchmark",54599,"127.0.0.1:48958",666ec5b9.d547,878,"SELECT",2024-06-16 19:00:09 CST,8/63,0,LOG,00000,"execute S_5: SELECT i_price, i_name, i_data     FROM bmsql_item     WHERE i_id = $1","parameters: $1 = '4'",,,,,,,,"","client backend"
2024-06-16 19:02:14.456 CST,"raingage","benchmark",54599,"127.0.0.1:48958",666ec5b9.d547,879,"SELECT",2024-06-16 19:00:09 CST,8/63,0,LOG,00000,"execute S_6: SELECT s_quantity, s_data,        s_dist_01, s_dist_02, s_dist_03, s_dist_04,        s_dist_05, s_dist_06, s_dist_07, s_dist_08,        s_dist_09, s_dist_10     FROM bmsql_stock     WHERE s_w_id = $1 AND s_i_id = $2 ","parameters: $1 = '1', $2 = '4'",,,,,,,,"","client backend"
2024-06-16 19:02:14.472 CST,"raingage","benchmark",54599,"127.0.0.1:48958",666ec5b9.d547,880,"UPDATE",2024-06-16 19:00:09 CST,8/63,0,LOG,00000,"execute S_7: UPDATE bmsql_stock     SET s_quantity = $1, s_ytd = s_ytd + $2,         s_order_cnt = s_order_cnt + 1,         s_remote_cnt = s_remote_cnt + $3     WHERE s_w_id = $4 AND s_i_id = $5","parameters: $1 = '39', $2 = '8', $3 = '0', $4 = '1', $5 = '4'",,,,,,,,"","client backend"
2024-06-16 19:02:14.474 CST,"raingage","benchmark",54598,"127.0.0.1:48956",666ec5b9.d546,729,"SELECT",2024-06-16 19:00:09 CST,7/53,0,LOG,00000,"execute S_1: SELECT c_discount, c_last, c_credit, w_tax     FROM bmsql_customer     JOIN bmsql_warehouse ON (w_id = c_w_id)     WHERE c_w_id = $1 AND c_d_id = $2 AND c_id = $3","parameters: $1 = '1', $2 = '2', $3 = '6'",,,,,,,,"","client backend"
2024-06-16 19:02:14.487 CST,"raingage","benchmark",54598,"127.0.0.1:48956",666ec5b9.d546,730,"SELECT",2024-06-16 19:00:09 CST,7/53,0,LOG,00000,"execute S_5: SELECT i_price, i_name, i_data     FROM bmsql_item     WHERE i_id = $1","parameters: $1 = '85'",,,,,,,,"","client backend"
2024-06-16 19:02:14.487 CST,"raingage","benchmark",54599,"127.0.0.1:48958",666ec5b9.d547,881,"COMMIT",2024-06-16 19:00:09 CST,8/63,115497,LOG,00000,"execute S_2: COMMIT",,,,,,,,,"","client backend"
2024-06-16 19:02:14.504 CST,"raingage","benchmark",54598,"127.0.0.1:48956",666ec5b9.d546,731,"SELECT",2024-06-16 19:00:09 CST,7/53,0,LOG,00000,"execute S_6: SELECT s_quantity, s_data,        s_dist_01, s_dist_02, s_dist_03, s_dist_04,        s_dist_05, s_dist_06, s_dist_07, s_dist_08,        s_dist_09, s_dist_10     FROM bmsql_stock     WHERE s_w_id = $1 AND s_i_id = $2 ","parameters: $1 = '1', $2 = '85'",,,,,,,,"","client backend"
2024-06-16 19:02:14.507 CST,"raingage","benchmark",54599,"127.0.0.1:48958",666ec5b9.d547,882,"BEGIN",2024-06-16 19:00:09 CST,8/64,0,LOG,00000,"execute S_3: BEGIN",,,,,,,,,"","client backend"
2024-06-16 19:02:14.522 CST,"raingage","benchmark",54599,"127.0.0.1:48958",666ec5b9.d547,883,"SELECT",2024-06-16 19:00:09 CST,8/64,0,LOG,00000,"execute S_4: SELECT d_tax, d_next_o_id     FROM bmsql_district     WHERE d_w_id = $1 AND d_id = $2 ","parameters: $1 = '1', $2 = '2'",,,,,,,,"","client backend"
2024-06-16 19:02:14.524 CST,"raingage","benchmark",54598,"127.0.0.1:48956",666ec5b9.d546,732,"UPDATE",2024-06-16 19:00:09 CST,7/53,0,LOG,00000,"execute S_7: UPDATE bmsql_stock     SET s_quantity = $1, s_ytd = s_ytd + $2,         s_order_cnt = s_order_cnt + 1,         s_remote_cnt = s_remote_cnt + $3     WHERE s_w_id = $4 AND s_i_id = $5","parameters: $1 = '23', $2 = '7', $3 = '0', $4 = '1', $5 = '85'",,,,,,,,"","client backend"
2024-06-16 19:02:14.538 CST,"raingage","benchmark",54598,"127.0.0.1:48956",666ec5b9.d546,733,"COMMIT",2024-06-16 19:00:09 CST,7/53,115498,LOG,00000,"execute S_2: COMMIT",,,,,,,,,"","client backend"
2024-06-16 19:02:14.553 CST,"raingage","benchmark",54598,"127.0.0.1:48956",666ec5b9.d546,734,"BEGIN",2024-06-16 19:00:09 CST,7/54,0,LOG,00000,"execute S_3: BEGIN",,,,,,,,,"","client backend"
2024-06-16 19:02:14.565 CST,"raingage","benchmark",54598,"127.0.0.1:48956",666ec5b9.d546,735,"SELECT",2024-06-16 19:00:09 CST,7/54,0,LOG,00000,"execute S_4: SELECT d_tax, d_next_o_id     FROM bmsql_district     WHERE d_w_id = $1 AND d_id = $2 ","parameters: $1 = '1', $2 = '2'",,,,,,,,"","client backend"
2024-06-16 19:02:14.590 CST,"raingage","benchmark",54599,"127.0.0.1:48958",666ec5b9.d547,884,"SELECT",2024-06-16 19:00:09 CST,8/64,0,LOG,00000,"execute S_1: SELECT c_discount, c_last, c_credit, w_tax     FROM bmsql_customer     JOIN bmsql_warehouse ON (w_id = c_w_id)     WHERE c_w_id = $1 AND c_d_id = $2 AND c_id = $3","parameters: $1 = '1', $2 = '2', $3 = '54'",,,,,,,,"","client backend"
2024-06-16 19:02:14.661 CST,"raingage","benchmark",54599,"127.0.0.1:48958",666ec5b9.d547,885,"SELECT",2024-06-16 19:00:09 CST,8/64,0,LOG,00000,"execute S_1: SELECT c_discount, c_last, c_credit, w_tax     FROM bmsql_customer     JOIN bmsql_warehouse ON (w_id = c_w_id)     WHERE c_w_id = $1 AND c_d_id = $2 AND c_id = $3","parameters: $1 = '1', $2 = '2', $3 = '54'",,,,,,,,"","client backend"
2024-06-16 19:02:14.727 CST,"raingage","benchmark",54599,"127.0.0.1:48958",666ec5b9.d547,886,"SELECT",2024-06-16 19:00:09 CST,8/64,0,LOG,00000,"execute S_1: SELECT c_discount, c_last, c_credit, w_tax     FROM bmsql_customer     JOIN bmsql_warehouse ON (w_id = c_w_id)     WHERE c_w_id = $1 AND c_d_id = $2 AND c_id = $3","parameters: $1 = '1', $2 = '2', $3 = '54'",,,,,,,,"","client backend"
2024-06-16 19:02:14.795 CST,"raingage","benchmark",54599,"127.0.0.1:48958",666ec5b9.d547,887,"SELECT",2024-06-16 19:00:09 CST,8/64,0,LOG,00000,"execute S_1: SELECT c_discount, c_last, c_credit, w_tax     FROM bmsql_customer     JOIN bmsql_warehouse ON (w_id = c_w_id)     WHERE c_w_id = $1 AND c_d_id = $2 AND c_id = $3","parameters: $1 = '1', $2 = '2', $3 = '54'",,,,,,,,"","client backend"
2024-06-16 19:02:14.865 CST,"raingage","benchmark",54599,"127.0.0.1:48958",666ec5b9.d547,888,"SELECT",2024-06-16 19:00:09 CST,8/64,0,LOG,00000,"execute S_1: SELECT c_discount, c_last, c_credit, w_tax     FROM bmsql_customer     JOIN bmsql_warehouse ON (w_id = c_w_id)     WHERE c_w_id = $1 AND c_d_id = $2 AND c_id = $3","parameters: $1 = '1', $2 = '2', $3 = '54'",,,,,,,,"","client backend"
2024-06-16 19:02:14.926 CST,"raingage","benchmark",54599,"127.0.0.1:48958",666ec5b9.d547,889,"SELECT",2024-06-16 19:00:09 CST,8/64,0,LOG,00000,"execute S_1: SELECT c_discount, c_last, c_credit, w_tax     FROM bmsql_customer     JOIN bmsql_warehouse ON (w_id = c_w_id)     WHERE c_w_id = $1 AND c_d_id = $2 AND c_id = $3","parameters: $1 = '1', $2 = '2', $3 = '54'",,,,,,,,"","client backend"
2024-06-16 19:02:14.993 CST,"raingage","benchmark",54599,"127.0.0.1:48958",666ec5b9.d547,890,"SELECT",2024-06-16 19:00:09 CST,8/64,0,LOG,00000,"execute S_1: SELECT c_discount, c_last, c_credit, w_tax     FROM bmsql_customer     JOIN bmsql_warehouse ON (w_id = c_w_id)     WHERE c_w_id = $1 AND c_d_id = $2 AND c_id = $3","parameters: $1 = '1', $2 = '2', $3 = '54'",,,,,,,,"","client backend"
2024-06-16 19:02:15.057 CST,"raingage","benchmark",54599,"127.0.0.1:48958",666ec5b9.d547,891,"SELECT",2024-06-16 19:00:09 CST,8/64,0,LOG,00000,"execute S_1: SELECT c_discount, c_last, c_credit, w_tax     FROM bmsql_customer     JOIN bmsql_warehouse ON (w_id = c_w_id)     WHERE c_w_id = $1 AND c_d_id = $2 AND c_id = $3","parameters: $1 = '1', $2 = '2', $3 = '54'",,,,,,,,"","client backend"
2024-06-16 19:02:15.077 CST,"raingage","benchmark",54599,"127.0.0.1:48958",666ec5b9.d547,892,"SELECT",2024-06-16 19:00:09 CST,8/64,0,LOG,00000,"execute S_5: SELECT i_price, i_name, i_data     FROM bmsql_item     WHERE i_id = $1","parameters: $1 = '17'",,,,,,,,"","client backend"
2024-06-16 19:02:15.090 CST,"raingage","benchmark",54599,"127.0.0.1:48958",666ec5b9.d547,893,"SELECT",2024-06-16 19:00:09 CST,8/64,0,LOG,00000,"execute S_6: SELECT s_quantity, s_data,        s_dist_01, s_dist_02, s_dist_03, s_dist_04,        s_dist_05, s_dist_06, s_dist_07, s_dist_08,        s_dist_09, s_dist_10     FROM bmsql_stock     WHERE s_w_id = $1 AND s_i_id = $2 ","parameters: $1 = '1', $2 = '17'",,,,,,,,"","client backend"
2024-06-16 19:02:15.103 CST,"raingage","benchmark",54599,"127.0.0.1:48958",666ec5b9.d547,894,"UPDATE",2024-06-16 19:00:09 CST,8/64,0,LOG,00000,"execute S_7: UPDATE bmsql_stock     SET s_quantity = $1, s_ytd = s_ytd + $2,         s_order_cnt = s_order_cnt + 1,         s_remote_cnt = s_remote_cnt + $3     WHERE s_w_id = $4 AND s_i_id = $5","parameters: $1 = '93', $2 = '1', $3 = '0', $4 = '1', $5 = '17'",,,,,,,,"","client backend"
2024-06-16 19:02:15.121 CST,"raingage","benchmark",54599,"127.0.0.1:48958",666ec5b9.d547,895,"COMMIT",2024-06-16 19:00:09 CST,8/64,115499,LOG,00000,"execute S_2: COMMIT",,,,,,,,,"","client backend"
2024-06-16 19:02:15.123 CST,"raingage","benchmark",54598,"127.0.0.1:48956",666ec5b9.d546,736,"SELECT",2024-06-16 19:00:09 CST,7/54,0,LOG,00000,"execute S_1: SELECT c_discount, c_last, c_credit, w_tax     FROM bmsql_customer     JOIN bmsql_warehouse ON (w_id = c_w_id)     WHERE c_w_id = $1 AND c_d_id = $2 AND c_id = $3","parameters: $1 = '1', $2 = '2', $3 = '54'",,,,,,,,"","client backend"
2024-06-16 19:02:15.139 CST,"raingage","benchmark",54599,"127.0.0.1:48958",666ec5b9.d547,896,"BEGIN",2024-06-16 19:00:09 CST,8/65,0,LOG,00000,"execute S_3: BEGIN",,,,,,,,,"","client backend"
2024-06-16 19:02:15.155 CST,"raingage","benchmark",54599,"127.0.0.1:48958",666ec5b9.d547,897,"SELECT",2024-06-16 19:00:09 CST,8/65,0,LOG,00000,"execute S_4: SELECT d_tax, d_next_o_id     FROM bmsql_district     WHERE d_w_id = $1 AND d_id = $2 ","parameters: $1 = '1', $2 = '2'",,,,,,,,"","client backend"
2024-06-16 19:02:15.194 CST,"raingage","benchmark",54598,"127.0.0.1:48956",666ec5b9.d546,737,"SELECT",2024-06-16 19:00:09 CST,7/54,0,LOG,00000,"execute S_1: SELECT c_discount, c_last, c_credit, w_tax     FROM bmsql_customer     JOIN bmsql_warehouse ON (w_id = c_w_id)     WHERE c_w_id = $1 AND c_d_id = $2 AND c_id = $3","parameters: $1 = '1', $2 = '2', $3 = '54'",,,,,,,,"","client backend"
2024-06-16 19:02:15.227 CST,"raingage","benchmark",54599,"127.0.0.1:48958",666ec5b9.d547,898,"SELECT",2024-06-16 19:00:09 CST,8/65,0,LOG,00000,"execute S_1: SELECT c_discount, c_last, c_credit, w_tax     FROM bmsql_customer     JOIN bmsql_warehouse ON (w_id = c_w_id)     WHERE c_w_id = $1 AND c_d_id = $2 AND c_id = $3","parameters: $1 = '1', $2 = '2', $3 = '62'",,,,,,,,"","client backend"
2024-06-16 19:02:15.262 CST,"raingage","benchmark",54598,"127.0.0.1:48956",666ec5b9.d546,738,"SELECT",2024-06-16 19:00:09 CST,7/54,0,LOG,00000,"execute S_1: SELECT c_discount, c_last, c_credit, w_tax     FROM bmsql_customer     JOIN bmsql_warehouse ON (w_id = c_w_id)     WHERE c_w_id = $1 AND c_d_id = $2 AND c_id = $3","parameters: $1 = '1', $2 = '2', $3 = '54'",,,,,,,,"","client backend"
2024-06-16 19:02:15.298 CST,"raingage","benchmark",54599,"127.0.0.1:48958",666ec5b9.d547,899,"SELECT",2024-06-16 19:00:09 CST,8/65,0,LOG,00000,"execute S_1: SELECT c_discount, c_last, c_credit, w_tax     FROM bmsql_customer     JOIN bmsql_warehouse ON (w_id = c_w_id)     WHERE c_w_id = $1 AND c_d_id = $2 AND c_id = $3","parameters: $1 = '1', $2 = '2', $3 = '62'",,,,,,,,"","client backend"
2024-06-16 19:02:15.328 CST,"raingage","benchmark",54598,"127.0.0.1:48956",666ec5b9.d546,739,"SELECT",2024-06-16 19:00:09 CST,7/54,0,LOG,00000,"execute S_1: SELECT c_discount, c_last, c_credit, w_tax     FROM bmsql_customer     JOIN bmsql_warehouse ON (w_id = c_w_id)     WHERE c_w_id = $1 AND c_d_id = $2 AND c_id = $3","parameters: $1 = '1', $2 = '2', $3 = '54'",,,,,,,,"","client backend"
2024-06-16 19:02:15.361 CST,"raingage","benchmark",54599,"127.0.0.1:48958",666ec5b9.d547,900,"SELECT",2024-06-16 19:00:09 CST,8/65,0,LOG,00000,"execute S_1: SELECT c_discount, c_last, c_credit, w_tax     FROM bmsql_customer     JOIN bmsql_warehouse ON (w_id = c_w_id)     WHERE c_w_id = $1 AND c_d_id = $2 AND c_id = $3","parameters: $1 = '1', $2 = '2', $3 = '62'",,,,,,,,"","client backend"
2024-06-16 19:02:15.392 CST,"raingage","benchmark",54598,"127.0.0.1:48956",666ec5b9.d546,740,"SELECT",2024-06-16 19:00:09 CST,7/54,0,LOG,00000,"execute S_1: SELECT c_discount, c_last, c_credit, w_tax     FROM bmsql_customer     JOIN bmsql_warehouse ON (w_id = c_w_id)     WHERE c_w_id = $1 AND c_d_id = $2 AND c_id = $3","parameters: $1 = '1', $2 = '2', $3 = '54'",,,,,,,,"","client backend"
2024-06-16 19:02:15.427 CST,"raingage","benchmark",54599,"127.0.0.1:48958",666ec5b9.d547,901,"SELECT",2024-06-16 19:00:09 CST,8/65,0,LOG,00000,"execute S_1: SELECT c_discount, c_last, c_credit, w_tax     FROM bmsql_customer     JOIN bmsql_warehouse ON (w_id = c_w_id)     WHERE c_w_id = $1 AND c_d_id = $2 AND c_id = $3","parameters: $1 = '1', $2 = '2', $3 = '62'",,,,,,,,"","client backend"
2024-06-16 19:02:15.462 CST,"raingage","benchmark",54598,"127.0.0.1:48956",666ec5b9.d546,741,"SELECT",2024-06-16 19:00:09 CST,7/54,0,LOG,00000,"execute S_1: SELECT c_discount, c_last, c_credit, w_tax     FROM bmsql_customer     JOIN bmsql_warehouse ON (w_id = c_w_id)     WHERE c_w_id = $1 AND c_d_id = $2 AND c_id = $3","parameters: $1 = '1', $2 = '2', $3 = '54'",,,,,,,,"","client backend"
2024-06-16 19:02:15.495 CST,"raingage","benchmark",54599,"127.0.0.1:48958",666ec5b9.d547,902,"SELECT",2024-06-16 19:00:09 CST,8/65,0,LOG,00000,"execute S_1: SELECT c_discount, c_last, c_credit, w_tax     FROM bmsql_customer     JOIN bmsql_warehouse ON (w_id = c_w_id)     WHERE c_w_id = $1 AND c_d_id = $2 AND c_id = $3","parameters: $1 = '1', $2 = '2', $3 = '62'",,,,,,,,"","client backend"
2024-06-16 19:02:15.524 CST,"raingage","benchmark",54598,"127.0.0.1:48956",666ec5b9.d546,742,"SELECT",2024-06-16 19:00:09 CST,7/54,0,LOG,00000,"execute S_1: SELECT c_discount, c_last, c_credit, w_tax     FROM bmsql_customer     JOIN bmsql_warehouse ON (w_id = c_w_id)     WHERE c_w_id = $1 AND c_d_id = $2 AND c_id = $3","parameters: $1 = '1', $2 = '2', $3 = '54'",,,,,,,,"","client backend"
2024-06-16 19:02:15.565 CST,"raingage","benchmark",54599,"127.0.0.1:48958",666ec5b9.d547,903,"SELECT",2024-06-16 19:00:09 CST,8/65,0,LOG,00000,"execute S_1: SELECT c_discount, c_last, c_credit, w_tax     FROM bmsql_customer     JOIN bmsql_warehouse ON (w_id = c_w_id)     WHERE c_w_id = $1 AND c_d_id = $2 AND c_id = $3","parameters: $1 = '1', $2 = '2', $3 = '62'",,,,,,,,"","client backend"
2024-06-16 19:02:15.589 CST,"raingage","benchmark",54598,"127.0.0.1:48956",666ec5b9.d546,743,"SELECT",2024-06-16 19:00:09 CST,7/54,0,LOG,00000,"execute S_1: SELECT c_discount, c_last, c_credit, w_tax     FROM bmsql_customer     JOIN bmsql_warehouse ON (w_id = c_w_id)     WHERE c_w_id = $1 AND c_d_id = $2 AND c_id = $3","parameters: $1 = '1', $2 = '2', $3 = '54'",,,,,,,,"","client backend"
2024-06-16 19:02:15.607 CST,"raingage","benchmark",54598,"127.0.0.1:48956",666ec5b9.d546,744,"SELECT",2024-06-16 19:00:09 CST,7/54,0,LOG,00000,"execute S_5: SELECT i_price, i_name, i_data     FROM bmsql_item     WHERE i_id = $1","parameters: $1 = '17'",,,,,,,,"","client backend"
2024-06-16 19:02:15.628 CST,"raingage","benchmark",54598,"127.0.0.1:48956",666ec5b9.d546,745,"SELECT",2024-06-16 19:00:09 CST,7/54,0,LOG,00000,"execute S_6: SELECT s_quantity, s_data,        s_dist_01, s_dist_02, s_dist_03, s_dist_04,        s_dist_05, s_dist_06, s_dist_07, s_dist_08,        s_dist_09, s_dist_10     FROM bmsql_stock     WHERE s_w_id = $1 AND s_i_id = $2 ","parameters: $1 = '1', $2 = '17'",,,,,,,,"","client backend"
2024-06-16 19:02:15.630 CST,"raingage","benchmark",54599,"127.0.0.1:48958",666ec5b9.d547,904,"SELECT",2024-06-16 19:00:09 CST,8/65,0,LOG,00000,"execute S_1: SELECT c_discount, c_last, c_credit, w_tax     FROM bmsql_customer     JOIN bmsql_warehouse ON (w_id = c_w_id)     WHERE c_w_id = $1 AND c_d_id = $2 AND c_id = $3","parameters: $1 = '1', $2 = '2', $3 = '62'",,,,,,,,"","client backend"
2024-06-16 19:02:15.649 CST,"raingage","benchmark",54598,"127.0.0.1:48956",666ec5b9.d546,746,"UPDATE",2024-06-16 19:00:09 CST,7/54,0,LOG,00000,"execute S_7: UPDATE bmsql_stock     SET s_quantity = $1, s_ytd = s_ytd + $2,         s_order_cnt = s_order_cnt + 1,         s_remote_cnt = s_remote_cnt + $3     WHERE s_w_id = $4 AND s_i_id = $5","parameters: $1 = '92', $2 = '2', $3 = '0', $4 = '1', $5 = '17'",,,,,,,,"","client backend"
2024-06-16 19:02:15.669 CST,"raingage","benchmark",54598,"127.0.0.1:48956",666ec5b9.d546,747,"COMMIT",2024-06-16 19:00:09 CST,7/54,115500,LOG,00000,"execute S_2: COMMIT",,,,,,,,,"","client backend"
2024-06-16 19:02:15.670 CST,"raingage","benchmark",54598,"127.0.0.1:48956",666ec5b9.d546,748,"COMMIT",2024-06-16 19:00:09 CST,7/0,115500,WARNING,01000,"registered snapshots seem to remain after cleanup",,,,,,,,,"","client backend"
2024-06-16 19:02:15.689 CST,"raingage","benchmark",54598,"127.0.0.1:48956",666ec5b9.d546,749,"BEGIN",2024-06-16 19:00:09 CST,7/55,0,LOG,00000,"execute S_3: BEGIN",,,,,,,,,"","client backend"
2024-06-16 19:02:15.693 CST,"raingage","benchmark",54599,"127.0.0.1:48958",666ec5b9.d547,905,"SELECT",2024-06-16 19:00:09 CST,8/65,0,LOG,00000,"execute S_1: SELECT c_discount, c_last, c_credit, w_tax     FROM bmsql_customer     JOIN bmsql_warehouse ON (w_id = c_w_id)     WHERE c_w_id = $1 AND c_d_id = $2 AND c_id = $3","parameters: $1 = '1', $2 = '2', $3 = '62'",,,,,,,,"","client backend"
2024-06-16 19:02:15.700 CST,"raingage","benchmark",54598,"127.0.0.1:48956",666ec5b9.d546,750,"SELECT",2024-06-16 19:00:09 CST,7/55,0,LOG,00000,"execute S_4: SELECT d_tax, d_next_o_id     FROM bmsql_district     WHERE d_w_id = $1 AND d_id = $2 ","parameters: $1 = '1', $2 = '2'",,,,,,,,"","client backend"
2024-06-16 19:02:15.709 CST,"raingage","benchmark",54599,"127.0.0.1:48958",666ec5b9.d547,906,"SELECT",2024-06-16 19:00:09 CST,8/65,0,LOG,00000,"execute S_5: SELECT i_price, i_name, i_data     FROM bmsql_item     WHERE i_id = $1","parameters: $1 = '99'",,,,,,,,"","client backend"
2024-06-16 19:02:15.726 CST,"raingage","benchmark",54599,"127.0.0.1:48958",666ec5b9.d547,907,"SELECT",2024-06-16 19:00:09 CST,8/65,0,LOG,00000,"execute S_6: SELECT s_quantity, s_data,        s_dist_01, s_dist_02, s_dist_03, s_dist_04,        s_dist_05, s_dist_06, s_dist_07, s_dist_08,        s_dist_09, s_dist_10     FROM bmsql_stock     WHERE s_w_id = $1 AND s_i_id = $2 ","parameters: $1 = '1', $2 = '99'",,,,,,,,"","client backend"
2024-06-16 19:02:15.741 CST,"raingage","benchmark",54599,"127.0.0.1:48958",666ec5b9.d547,908,"UPDATE",2024-06-16 19:00:09 CST,8/65,0,LOG,00000,"execute S_7: UPDATE bmsql_stock     SET s_quantity = $1, s_ytd = s_ytd + $2,         s_order_cnt = s_order_cnt + 1,         s_remote_cnt = s_remote_cnt + $3     WHERE s_w_id = $4 AND s_i_id = $5","parameters: $1 = '29', $2 = '2', $3 = '0', $4 = '1', $5 = '99'",,,,,,,,"","client backend"
2024-06-16 19:02:15.753 CST,"raingage","benchmark",54599,"127.0.0.1:48958",666ec5b9.d547,909,"COMMIT",2024-06-16 19:00:09 CST,8/65,115501,LOG,00000,"execute S_2: COMMIT",,,,,,,,,"","client backend"
2024-06-16 19:02:15.766 CST,"raingage","benchmark",54598,"127.0.0.1:48956",666ec5b9.d546,751,"SELECT",2024-06-16 19:00:09 CST,7/55,0,LOG,00000,"execute S_1: SELECT c_discount, c_last, c_credit, w_tax     FROM bmsql_customer     JOIN bmsql_warehouse ON (w_id = c_w_id)     WHERE c_w_id = $1 AND c_d_id = $2 AND c_id = $3","parameters: $1 = '1', $2 = '2', $3 = '62'",,,,,,,,"","client backend"
2024-06-16 19:02:15.767 CST,"raingage","benchmark",54599,"127.0.0.1:48958",666ec5b9.d547,910,"BEGIN",2024-06-16 19:00:09 CST,8/66,0,LOG,00000,"execute S_3: BEGIN",,,,,,,,,"","client backend"
2024-06-16 19:02:15.778 CST,"raingage","benchmark",54599,"127.0.0.1:48958",666ec5b9.d547,911,"SELECT",2024-06-16 19:00:09 CST,8/66,0,LOG,00000,"execute S_4: SELECT d_tax, d_next_o_id     FROM bmsql_district     WHERE d_w_id = $1 AND d_id = $2 ","parameters: $1 = '1', $2 = '2'",,,,,,,,"","client backend"
2024-06-16 19:02:15.829 CST,"raingage","benchmark",54598,"127.0.0.1:48956",666ec5b9.d546,752,"SELECT",2024-06-16 19:00:09 CST,7/55,0,LOG,00000,"execute S_1: SELECT c_discount, c_last, c_credit, w_tax     FROM bmsql_customer     JOIN bmsql_warehouse ON (w_id = c_w_id)     WHERE c_w_id = $1 AND c_d_id = $2 AND c_id = $3","parameters: $1 = '1', $2 = '2', $3 = '62'",,,,,,,,"","client backend"
2024-06-16 19:02:15.843 CST,"raingage","benchmark",54599,"127.0.0.1:48958",666ec5b9.d547,912,"SELECT",2024-06-16 19:00:09 CST,8/66,0,LOG,00000,"execute S_1: SELECT c_discount, c_last, c_credit, w_tax     FROM bmsql_customer     JOIN bmsql_warehouse ON (w_id = c_w_id)     WHERE c_w_id = $1 AND c_d_id = $2 AND c_id = $3","parameters: $1 = '1', $2 = '2', $3 = '77'",,,,,,,,"","client backend"
2024-06-16 19:02:15.895 CST,"raingage","benchmark",54598,"127.0.0.1:48956",666ec5b9.d546,753,"SELECT",2024-06-16 19:00:09 CST,7/55,0,LOG,00000,"execute S_1: SELECT c_discount, c_last, c_credit, w_tax     FROM bmsql_customer     JOIN bmsql_warehouse ON (w_id = c_w_id)     WHERE c_w_id = $1 AND c_d_id = $2 AND c_id = $3","parameters: $1 = '1', $2 = '2', $3 = '62'",,,,,,,,"","client backend"
2024-06-16 19:02:15.905 CST,"raingage","benchmark",54599,"127.0.0.1:48958",666ec5b9.d547,913,"SELECT",2024-06-16 19:00:09 CST,8/66,0,LOG,00000,"execute S_1: SELECT c_discount, c_last, c_credit, w_tax     FROM bmsql_customer     JOIN bmsql_warehouse ON (w_id = c_w_id)     WHERE c_w_id = $1 AND c_d_id = $2 AND c_id = $3","parameters: $1 = '1', $2 = '2', $3 = '77'",,,,,,,,"","client backend"
2024-06-16 19:02:15.961 CST,"raingage","benchmark",54598,"127.0.0.1:48956",666ec5b9.d546,754,"SELECT",2024-06-16 19:00:09 CST,7/55,0,LOG,00000,"execute S_1: SELECT c_discount, c_last, c_credit, w_tax     FROM bmsql_customer     JOIN bmsql_warehouse ON (w_id = c_w_id)     WHERE c_w_id = $1 AND c_d_id = $2 AND c_id = $3","parameters: $1 = '1', $2 = '2', $3 = '62'",,,,,,,,"","client backend"
2024-06-16 19:02:15.974 CST,"raingage","benchmark",54599,"127.0.0.1:48958",666ec5b9.d547,914,"SELECT",2024-06-16 19:00:09 CST,8/66,0,LOG,00000,"execute S_1: SELECT c_discount, c_last, c_credit, w_tax     FROM bmsql_customer     JOIN bmsql_warehouse ON (w_id = c_w_id)     WHERE c_w_id = $1 AND c_d_id = $2 AND c_id = $3","parameters: $1 = '1', $2 = '2', $3 = '77'",,,,,,,,"","client backend"
2024-06-16 19:02:16.028 CST,"raingage","benchmark",54598,"127.0.0.1:48956",666ec5b9.d546,755,"SELECT",2024-06-16 19:00:09 CST,7/55,0,LOG,00000,"execute S_1: SELECT c_discount, c_last, c_credit, w_tax     FROM bmsql_customer     JOIN bmsql_warehouse ON (w_id = c_w_id)     WHERE c_w_id = $1 AND c_d_id = $2 AND c_id = $3","parameters: $1 = '1', $2 = '2', $3 = '62'",,,,,,,,"","client backend"
2024-06-16 19:02:16.037 CST,"raingage","benchmark",54599,"127.0.0.1:48958",666ec5b9.d547,915,"SELECT",2024-06-16 19:00:09 CST,8/66,0,LOG,00000,"execute S_1: SELECT c_discount, c_last, c_credit, w_tax     FROM bmsql_customer     JOIN bmsql_warehouse ON (w_id = c_w_id)     WHERE c_w_id = $1 AND c_d_id = $2 AND c_id = $3","parameters: $1 = '1', $2 = '2', $3 = '77'",,,,,,,,"","client backend"
2024-06-16 19:02:16.094 CST,"raingage","benchmark",54598,"127.0.0.1:48956",666ec5b9.d546,756,"SELECT",2024-06-16 19:00:09 CST,7/55,0,LOG,00000,"execute S_1: SELECT c_discount, c_last, c_credit, w_tax     FROM bmsql_customer     JOIN bmsql_warehouse ON (w_id = c_w_id)     WHERE c_w_id = $1 AND c_d_id = $2 AND c_id = $3","parameters: $1 = '1', $2 = '2', $3 = '62'",,,,,,,,"","client backend"
2024-06-16 19:02:16.108 CST,"raingage","benchmark",54599,"127.0.0.1:48958",666ec5b9.d547,916,"SELECT",2024-06-16 19:00:09 CST,8/66,0,LOG,00000,"execute S_1: SELECT c_discount, c_last, c_credit, w_tax     FROM bmsql_customer     JOIN bmsql_warehouse ON (w_id = c_w_id)     WHERE c_w_id = $1 AND c_d_id = $2 AND c_id = $3","parameters: $1 = '1', $2 = '2', $3 = '77'",,,,,,,,"","client backend"
2024-06-16 19:02:16.161 CST,"raingage","benchmark",54598,"127.0.0.1:48956",666ec5b9.d546,757,"SELECT",2024-06-16 19:00:09 CST,7/55,0,LOG,00000,"execute S_1: SELECT c_discount, c_last, c_credit, w_tax     FROM bmsql_customer     JOIN bmsql_warehouse ON (w_id = c_w_id)     WHERE c_w_id = $1 AND c_d_id = $2 AND c_id = $3","parameters: $1 = '1', $2 = '2', $3 = '62'",,,,,,,,"","client backend"
2024-06-16 19:02:16.179 CST,"raingage","benchmark",54599,"127.0.0.1:48958",666ec5b9.d547,917,"SELECT",2024-06-16 19:00:09 CST,8/66,0,LOG,00000,"execute S_1: SELECT c_discount, c_last, c_credit, w_tax     FROM bmsql_customer     JOIN bmsql_warehouse ON (w_id = c_w_id)     WHERE c_w_id = $1 AND c_d_id = $2 AND c_id = $3","parameters: $1 = '1', $2 = '2', $3 = '77'",,,,,,,,"","client backend"
2024-06-16 19:02:16.232 CST,"raingage","benchmark",54598,"127.0.0.1:48956",666ec5b9.d546,758,"SELECT",2024-06-16 19:00:09 CST,7/55,0,LOG,00000,"execute S_1: SELECT c_discount, c_last, c_credit, w_tax     FROM bmsql_customer     JOIN bmsql_warehouse ON (w_id = c_w_id)     WHERE c_w_id = $1 AND c_d_id = $2 AND c_id = $3","parameters: $1 = '1', $2 = '2', $3 = '62'",,,,,,,,"","client backend"
2024-06-16 19:02:16.250 CST,"raingage","benchmark",54599,"127.0.0.1:48958",666ec5b9.d547,918,"SELECT",2024-06-16 19:00:09 CST,8/66,0,LOG,00000,"execute S_1: SELECT c_discount, c_last, c_credit, w_tax     FROM bmsql_customer     JOIN bmsql_warehouse ON (w_id = c_w_id)     WHERE c_w_id = $1 AND c_d_id = $2 AND c_id = $3","parameters: $1 = '1', $2 = '2', $3 = '77'",,,,,,,,"","client backend"
2024-06-16 19:02:16.251 CST,"raingage","benchmark",54598,"127.0.0.1:48956",666ec5b9.d546,759,"SELECT",2024-06-16 19:00:09 CST,7/55,0,LOG,00000,"execute S_5: SELECT i_price, i_name, i_data     FROM bmsql_item     WHERE i_id = $1","parameters: $1 = '99'",,,,,,,,"","client backend"
2024-06-16 19:02:16.270 CST,"raingage","benchmark",54598,"127.0.0.1:48956",666ec5b9.d546,760,"SELECT",2024-06-16 19:00:09 CST,7/55,0,LOG,00000,"execute S_6: SELECT s_quantity, s_data,        s_dist_01, s_dist_02, s_dist_03, s_dist_04,        s_dist_05, s_dist_06, s_dist_07, s_dist_08,        s_dist_09, s_dist_10     FROM bmsql_stock     WHERE s_w_id = $1 AND s_i_id = $2 ","parameters: $1 = '1', $2 = '99'",,,,,,,,"","client backend"
2024-06-16 19:02:16.283 CST,"raingage","benchmark",54598,"127.0.0.1:48956",666ec5b9.d546,761,"UPDATE",2024-06-16 19:00:09 CST,7/55,0,LOG,00000,"execute S_7: UPDATE bmsql_stock     SET s_quantity = $1, s_ytd = s_ytd + $2,         s_order_cnt = s_order_cnt + 1,         s_remote_cnt = s_remote_cnt + $3     WHERE s_w_id = $4 AND s_i_id = $5","parameters: $1 = '27', $2 = '4', $3 = '0', $4 = '1', $5 = '99'",,,,,,,,"","client backend"
2024-06-16 19:02:16.303 CST,"raingage","benchmark",54598,"127.0.0.1:48956",666ec5b9.d546,762,"COMMIT",2024-06-16 19:00:09 CST,7/55,115502,LOG,00000,"execute S_2: COMMIT",,,,,,,,,"","client backend"
2024-06-16 19:02:16.317 CST,"raingage","benchmark",54599,"127.0.0.1:48958",666ec5b9.d547,919,"SELECT",2024-06-16 19:00:09 CST,8/66,0,LOG,00000,"execute S_1: SELECT c_discount, c_last, c_credit, w_tax     FROM bmsql_customer     JOIN bmsql_warehouse ON (w_id = c_w_id)     WHERE c_w_id = $1 AND c_d_id = $2 AND c_id = $3","parameters: $1 = '1', $2 = '2', $3 = '77'",,,,,,,,"","client backend"
2024-06-16 19:02:16.323 CST,"raingage","benchmark",54598,"127.0.0.1:48956",666ec5b9.d546,763,"BEGIN",2024-06-16 19:00:09 CST,7/56,0,LOG,00000,"execute S_3: BEGIN",,,,,,,,,"","client backend"
2024-06-16 19:02:16.338 CST,"raingage","benchmark",54599,"127.0.0.1:48958",666ec5b9.d547,920,"SELECT",2024-06-16 19:00:09 CST,8/66,0,LOG,00000,"execute S_5: SELECT i_price, i_name, i_data     FROM bmsql_item     WHERE i_id = $1","parameters: $1 = '38'",,,,,,,,"","client backend"
2024-06-16 19:02:16.342 CST,"raingage","benchmark",54598,"127.0.0.1:48956",666ec5b9.d546,764,"SELECT",2024-06-16 19:00:09 CST,7/56,0,LOG,00000,"execute S_4: SELECT d_tax, d_next_o_id     FROM bmsql_district     WHERE d_w_id = $1 AND d_id = $2 ","parameters: $1 = '1', $2 = '2'",,,,,,,,"","client backend"
2024-06-16 19:02:16.356 CST,"raingage","benchmark",54599,"127.0.0.1:48958",666ec5b9.d547,921,"SELECT",2024-06-16 19:00:09 CST,8/66,0,LOG,00000,"execute S_6: SELECT s_quantity, s_data,        s_dist_01, s_dist_02, s_dist_03, s_dist_04,        s_dist_05, s_dist_06, s_dist_07, s_dist_08,        s_dist_09, s_dist_10     FROM bmsql_stock     WHERE s_w_id = $1 AND s_i_id = $2 ","parameters: $1 = '1', $2 = '38'",,,,,,,,"","client backend"
2024-06-16 19:02:16.376 CST,"raingage","benchmark",54599,"127.0.0.1:48958",666ec5b9.d547,922,"UPDATE",2024-06-16 19:00:09 CST,8/66,0,LOG,00000,"execute S_7: UPDATE bmsql_stock     SET s_quantity = $1, s_ytd = s_ytd + $2,         s_order_cnt = s_order_cnt + 1,         s_remote_cnt = s_remote_cnt + $3     WHERE s_w_id = $4 AND s_i_id = $5","parameters: $1 = '12', $2 = '3', $3 = '0', $4 = '1', $5 = '38'",,,,,,,,"","client backend"
2024-06-16 19:02:16.395 CST,"raingage","benchmark",54599,"127.0.0.1:48958",666ec5b9.d547,923,"COMMIT",2024-06-16 19:00:09 CST,8/66,115503,LOG,00000,"execute S_2: COMMIT",,,,,,,,,"","client backend"
2024-06-16 19:02:16.406 CST,"raingage","benchmark",54598,"127.0.0.1:48956",666ec5b9.d546,765,"SELECT",2024-06-16 19:00:09 CST,7/56,0,LOG,00000,"execute S_1: SELECT c_discount, c_last, c_credit, w_tax     FROM bmsql_customer     JOIN bmsql_warehouse ON (w_id = c_w_id)     WHERE c_w_id = $1 AND c_d_id = $2 AND c_id = $3","parameters: $1 = '1', $2 = '2', $3 = '73'",,,,,,,,"","client backend"
2024-06-16 19:02:16.414 CST,"raingage","benchmark",54599,"127.0.0.1:48958",666ec5b9.d547,924,"BEGIN",2024-06-16 19:00:09 CST,8/67,0,LOG,00000,"execute S_3: BEGIN",,,,,,,,,"","client backend"
2024-06-16 19:02:16.426 CST,"raingage","benchmark",54599,"127.0.0.1:48958",666ec5b9.d547,925,"SELECT",2024-06-16 19:00:09 CST,8/67,0,LOG,00000,"execute S_4: SELECT d_tax, d_next_o_id     FROM bmsql_district     WHERE d_w_id = $1 AND d_id = $2 ","parameters: $1 = '1', $2 = '2'",,,,,,,,"","client backend"
2024-06-16 19:02:16.473 CST,"raingage","benchmark",54598,"127.0.0.1:48956",666ec5b9.d546,766,"SELECT",2024-06-16 19:00:09 CST,7/56,0,LOG,00000,"execute S_1: SELECT c_discount, c_last, c_credit, w_tax     FROM bmsql_customer     JOIN bmsql_warehouse ON (w_id = c_w_id)     WHERE c_w_id = $1 AND c_d_id = $2 AND c_id = $3","parameters: $1 = '1', $2 = '2', $3 = '73'",,,,,,,,"","client backend"
2024-06-16 19:02:16.537 CST,"raingage","benchmark",54598,"127.0.0.1:48956",666ec5b9.d546,767,"SELECT",2024-06-16 19:00:09 CST,7/56,0,LOG,00000,"execute S_1: SELECT c_discount, c_last, c_credit, w_tax     FROM bmsql_customer     JOIN bmsql_warehouse ON (w_id = c_w_id)     WHERE c_w_id = $1 AND c_d_id = $2 AND c_id = $3","parameters: $1 = '1', $2 = '2', $3 = '73'",,,,,,,,"","client backend"
2024-06-16 19:02:16.602 CST,"raingage","benchmark",54598,"127.0.0.1:48956",666ec5b9.d546,768,"SELECT",2024-06-16 19:00:09 CST,7/56,0,LOG,00000,"execute S_1: SELECT c_discount, c_last, c_credit, w_tax     FROM bmsql_customer     JOIN bmsql_warehouse ON (w_id = c_w_id)     WHERE c_w_id = $1 AND c_d_id = $2 AND c_id = $3","parameters: $1 = '1', $2 = '2', $3 = '73'",,,,,,,,"","client backend"
2024-06-16 19:02:16.671 CST,"raingage","benchmark",54598,"127.0.0.1:48956",666ec5b9.d546,769,"SELECT",2024-06-16 19:00:09 CST,7/56,0,LOG,00000,"execute S_1: SELECT c_discount, c_last, c_credit, w_tax     FROM bmsql_customer     JOIN bmsql_warehouse ON (w_id = c_w_id)     WHERE c_w_id = $1 AND c_d_id = $2 AND c_id = $3","parameters: $1 = '1', $2 = '2', $3 = '73'",,,,,,,,"","client backend"
2024-06-16 19:02:16.738 CST,"raingage","benchmark",54598,"127.0.0.1:48956",666ec5b9.d546,770,"SELECT",2024-06-16 19:00:09 CST,7/56,0,LOG,00000,"execute S_1: SELECT c_discount, c_last, c_credit, w_tax     FROM bmsql_customer     JOIN bmsql_warehouse ON (w_id = c_w_id)     WHERE c_w_id = $1 AND c_d_id = $2 AND c_id = $3","parameters: $1 = '1', $2 = '2', $3 = '73'",,,,,,,,"","client backend"
2024-06-16 19:02:16.810 CST,"raingage","benchmark",54598,"127.0.0.1:48956",666ec5b9.d546,771,"SELECT",2024-06-16 19:00:09 CST,7/56,0,LOG,00000,"execute S_1: SELECT c_discount, c_last, c_credit, w_tax     FROM bmsql_customer     JOIN bmsql_warehouse ON (w_id = c_w_id)     WHERE c_w_id = $1 AND c_d_id = $2 AND c_id = $3","parameters: $1 = '1', $2 = '2', $3 = '73'",,,,,,,,"","client backend"
2024-06-16 19:02:16.880 CST,"raingage","benchmark",54598,"127.0.0.1:48956",666ec5b9.d546,772,"SELECT",2024-06-16 19:00:09 CST,7/56,0,LOG,00000,"execute S_1: SELECT c_discount, c_last, c_credit, w_tax     FROM bmsql_customer     JOIN bmsql_warehouse ON (w_id = c_w_id)     WHERE c_w_id = $1 AND c_d_id = $2 AND c_id = $3","parameters: $1 = '1', $2 = '2', $3 = '73'",,,,,,,,"","client backend"
2024-06-16 19:02:16.896 CST,"raingage","benchmark",54598,"127.0.0.1:48956",666ec5b9.d546,773,"SELECT",2024-06-16 19:00:09 CST,7/56,0,LOG,00000,"execute S_5: SELECT i_price, i_name, i_data     FROM bmsql_item     WHERE i_id = $1","parameters: $1 = '10'",,,,,,,,"","client backend"
2024-06-16 19:02:16.909 CST,"raingage","benchmark",54598,"127.0.0.1:48956",666ec5b9.d546,774,"SELECT",2024-06-16 19:00:09 CST,7/56,0,LOG,00000,"execute S_6: SELECT s_quantity, s_data,        s_dist_01, s_dist_02, s_dist_03, s_dist_04,        s_dist_05, s_dist_06, s_dist_07, s_dist_08,        s_dist_09, s_dist_10     FROM bmsql_stock     WHERE s_w_id = $1 AND s_i_id = $2 ","parameters: $1 = '1', $2 = '10'",,,,,,,,"","client backend"
2024-06-16 19:02:16.922 CST,"raingage","benchmark",54598,"127.0.0.1:48956",666ec5b9.d546,775,"UPDATE",2024-06-16 19:00:09 CST,7/56,0,LOG,00000,"execute S_7: UPDATE bmsql_stock     SET s_quantity = $1, s_ytd = s_ytd + $2,         s_order_cnt = s_order_cnt + 1,         s_remote_cnt = s_remote_cnt + $3     WHERE s_w_id = $4 AND s_i_id = $5","parameters: $1 = '53', $2 = '3', $3 = '0', $4 = '1', $5 = '10'",,,,,,,,"","client backend"
2024-06-16 19:02:16.935 CST,"raingage","benchmark",54598,"127.0.0.1:48956",666ec5b9.d546,776,"COMMIT",2024-06-16 19:00:09 CST,7/56,115504,LOG,00000,"execute S_2: COMMIT",,,,,,,,,"","client backend"
2024-06-16 19:02:16.935 CST,"raingage","benchmark",54599,"127.0.0.1:48958",666ec5b9.d547,926,"SELECT",2024-06-16 19:00:09 CST,8/67,0,LOG,00000,"execute S_1: SELECT c_discount, c_last, c_credit, w_tax     FROM bmsql_customer     JOIN bmsql_warehouse ON (w_id = c_w_id)     WHERE c_w_id = $1 AND c_d_id = $2 AND c_id = $3","parameters: $1 = '1', $2 = '2', $3 = '73'",,,,,,,,"","client backend"
2024-06-16 19:02:16.950 CST,"raingage","benchmark",54598,"127.0.0.1:48956",666ec5b9.d546,777,"BEGIN",2024-06-16 19:00:09 CST,7/57,0,LOG,00000,"execute S_3: BEGIN",,,,,,,,,"","client backend"
2024-06-16 19:02:16.961 CST,"raingage","benchmark",54598,"127.0.0.1:48956",666ec5b9.d546,778,"SELECT",2024-06-16 19:00:09 CST,7/57,0,LOG,00000,"execute S_4: SELECT d_tax, d_next_o_id     FROM bmsql_district     WHERE d_w_id = $1 AND d_id = $2 ","parameters: $1 = '1', $2 = '2'",,,,,,,,"","client backend"
2024-06-16 19:02:17.002 CST,"raingage","benchmark",54599,"127.0.0.1:48958",666ec5b9.d547,927,"SELECT",2024-06-16 19:00:09 CST,8/67,0,LOG,00000,"execute S_1: SELECT c_discount, c_last, c_credit, w_tax     FROM bmsql_customer     JOIN bmsql_warehouse ON (w_id = c_w_id)     WHERE c_w_id = $1 AND c_d_id = $2 AND c_id = $3","parameters: $1 = '1', $2 = '2', $3 = '73'",,,,,,,,"","client backend"
2024-06-16 19:02:17.025 CST,"raingage","benchmark",54598,"127.0.0.1:48956",666ec5b9.d546,779,"SELECT",2024-06-16 19:00:09 CST,7/57,0,LOG,00000,"execute S_1: SELECT c_discount, c_last, c_credit, w_tax     FROM bmsql_customer     JOIN bmsql_warehouse ON (w_id = c_w_id)     WHERE c_w_id = $1 AND c_d_id = $2 AND c_id = $3","parameters: $1 = '1', $2 = '2', $3 = '53'",,,,,,,,"","client backend"
2024-06-16 19:02:17.071 CST,"raingage","benchmark",54599,"127.0.0.1:48958",666ec5b9.d547,928,"SELECT",2024-06-16 19:00:09 CST,8/67,0,LOG,00000,"execute S_1: SELECT c_discount, c_last, c_credit, w_tax     FROM bmsql_customer     JOIN bmsql_warehouse ON (w_id = c_w_id)     WHERE c_w_id = $1 AND c_d_id = $2 AND c_id = $3","parameters: $1 = '1', $2 = '2', $3 = '73'",,,,,,,,"","client backend"
2024-06-16 19:02:17.088 CST,"raingage","benchmark",54598,"127.0.0.1:48956",666ec5b9.d546,780,"SELECT",2024-06-16 19:00:09 CST,7/57,0,LOG,00000,"execute S_1: SELECT c_discount, c_last, c_credit, w_tax     FROM bmsql_customer     JOIN bmsql_warehouse ON (w_id = c_w_id)     WHERE c_w_id = $1 AND c_d_id = $2 AND c_id = $3","parameters: $1 = '1', $2 = '2', $3 = '53'",,,,,,,,"","client backend"
2024-06-16 19:02:17.138 CST,"raingage","benchmark",54599,"127.0.0.1:48958",666ec5b9.d547,929,"SELECT",2024-06-16 19:00:09 CST,8/67,0,LOG,00000,"execute S_1: SELECT c_discount, c_last, c_credit, w_tax     FROM bmsql_customer     JOIN bmsql_warehouse ON (w_id = c_w_id)     WHERE c_w_id = $1 AND c_d_id = $2 AND c_id = $3","parameters: $1 = '1', $2 = '2', $3 = '73'",,,,,,,,"","client backend"
2024-06-16 19:02:17.152 CST,"raingage","benchmark",54598,"127.0.0.1:48956",666ec5b9.d546,781,"SELECT",2024-06-16 19:00:09 CST,7/57,0,LOG,00000,"execute S_1: SELECT c_discount, c_last, c_credit, w_tax     FROM bmsql_customer     JOIN bmsql_warehouse ON (w_id = c_w_id)     WHERE c_w_id = $1 AND c_d_id = $2 AND c_id = $3","parameters: $1 = '1', $2 = '2', $3 = '53'",,,,,,,,"","client backend"
2024-06-16 19:02:17.207 CST,"raingage","benchmark",54599,"127.0.0.1:48958",666ec5b9.d547,930,"SELECT",2024-06-16 19:00:09 CST,8/67,0,LOG,00000,"execute S_1: SELECT c_discount, c_last, c_credit, w_tax     FROM bmsql_customer     JOIN bmsql_warehouse ON (w_id = c_w_id)     WHERE c_w_id = $1 AND c_d_id = $2 AND c_id = $3","parameters: $1 = '1', $2 = '2', $3 = '73'",,,,,,,,"","client backend"
2024-06-16 19:02:17.220 CST,"raingage","benchmark",54598,"127.0.0.1:48956",666ec5b9.d546,782,"SELECT",2024-06-16 19:00:09 CST,7/57,0,LOG,00000,"execute S_1: SELECT c_discount, c_last, c_credit, w_tax     FROM bmsql_customer     JOIN bmsql_warehouse ON (w_id = c_w_id)     WHERE c_w_id = $1 AND c_d_id = $2 AND c_id = $3","parameters: $1 = '1', $2 = '2', $3 = '53'",,,,,,,,"","client backend"
2024-06-16 19:02:17.276 CST,"raingage","benchmark",54599,"127.0.0.1:48958",666ec5b9.d547,931,"SELECT",2024-06-16 19:00:09 CST,8/67,0,LOG,00000,"execute S_1: SELECT c_discount, c_last, c_credit, w_tax     FROM bmsql_customer     JOIN bmsql_warehouse ON (w_id = c_w_id)     WHERE c_w_id = $1 AND c_d_id = $2 AND c_id = $3","parameters: $1 = '1', $2 = '2', $3 = '73'",,,,,,,,"","client backend"
2024-06-16 19:02:17.286 CST,"raingage","benchmark",54598,"127.0.0.1:48956",666ec5b9.d546,783,"SELECT",2024-06-16 19:00:09 CST,7/57,0,LOG,00000,"execute S_1: SELECT c_discount, c_last, c_credit, w_tax     FROM bmsql_customer     JOIN bmsql_warehouse ON (w_id = c_w_id)     WHERE c_w_id = $1 AND c_d_id = $2 AND c_id = $3","parameters: $1 = '1', $2 = '2', $3 = '53'",,,,,,,,"","client backend"
2024-06-16 19:02:17.319 CST,"raingage","benchmark",54596,"127.0.0.1:48952",666ec5b9.d544,1157,"BEGIN",2024-06-16 19:00:09 CST,5/84,0,LOG,00000,"execute S_3: BEGIN",,,,,,,,,"","client backend"
2024-06-16 19:02:17.335 CST,"raingage","benchmark",54596,"127.0.0.1:48952",666ec5b9.d544,1158,"SELECT",2024-06-16 19:00:09 CST,5/84,0,LOG,00000,"execute S_4: SELECT d_tax, d_next_o_id     FROM bmsql_district     WHERE d_w_id = $1 AND d_id = $2 ","parameters: $1 = '1', $2 = '1'",,,,,,,,"","client backend"
2024-06-16 19:02:17.348 CST,"raingage","benchmark",54599,"127.0.0.1:48958",666ec5b9.d547,932,"SELECT",2024-06-16 19:00:09 CST,8/67,0,LOG,00000,"execute S_1: SELECT c_discount, c_last, c_credit, w_tax     FROM bmsql_customer     JOIN bmsql_warehouse ON (w_id = c_w_id)     WHERE c_w_id = $1 AND c_d_id = $2 AND c_id = $3","parameters: $1 = '1', $2 = '2', $3 = '73'",,,,,,,,"","client backend"
2024-06-16 19:02:17.355 CST,"raingage","benchmark",54598,"127.0.0.1:48956",666ec5b9.d546,784,"SELECT",2024-06-16 19:00:09 CST,7/57,0,LOG,00000,"execute S_1: SELECT c_discount, c_last, c_credit, w_tax     FROM bmsql_customer     JOIN bmsql_warehouse ON (w_id = c_w_id)     WHERE c_w_id = $1 AND c_d_id = $2 AND c_id = $3","parameters: $1 = '1', $2 = '2', $3 = '53'",,,,,,,,"","client backend"
2024-06-16 19:02:17.403 CST,"raingage","benchmark",54596,"127.0.0.1:48952",666ec5b9.d544,1159,"SELECT",2024-06-16 19:00:09 CST,5/84,0,LOG,00000,"execute S_1: SELECT c_discount, c_last, c_credit, w_tax     FROM bmsql_customer     JOIN bmsql_warehouse ON (w_id = c_w_id)     WHERE c_w_id = $1 AND c_d_id = $2 AND c_id = $3","parameters: $1 = '1', $2 = '1', $3 = '67'",,,,,,,,"","client backend"
2024-06-16 19:02:17.412 CST,"raingage","benchmark",54599,"127.0.0.1:48958",666ec5b9.d547,933,"SELECT",2024-06-16 19:00:09 CST,8/67,0,LOG,00000,"execute S_1: SELECT c_discount, c_last, c_credit, w_tax     FROM bmsql_customer     JOIN bmsql_warehouse ON (w_id = c_w_id)     WHERE c_w_id = $1 AND c_d_id = $2 AND c_id = $3","parameters: $1 = '1', $2 = '2', $3 = '73'",,,,,,,,"","client backend"
2024-06-16 19:02:17.426 CST,"raingage","benchmark",54598,"127.0.0.1:48956",666ec5b9.d546,785,"SELECT",2024-06-16 19:00:09 CST,7/57,0,LOG,00000,"execute S_1: SELECT c_discount, c_last, c_credit, w_tax     FROM bmsql_customer     JOIN bmsql_warehouse ON (w_id = c_w_id)     WHERE c_w_id = $1 AND c_d_id = $2 AND c_id = $3","parameters: $1 = '1', $2 = '2', $3 = '53'",,,,,,,,"","client backend"
2024-06-16 19:02:17.432 CST,"raingage","benchmark",54599,"127.0.0.1:48958",666ec5b9.d547,934,"SELECT",2024-06-16 19:00:09 CST,8/67,0,LOG,00000,"execute S_5: SELECT i_price, i_name, i_data     FROM bmsql_item     WHERE i_id = $1","parameters: $1 = '10'",,,,,,,,"","client backend"
2024-06-16 19:02:17.446 CST,"raingage","benchmark",54599,"127.0.0.1:48958",666ec5b9.d547,935,"SELECT",2024-06-16 19:00:09 CST,8/67,0,LOG,00000,"execute S_6: SELECT s_quantity, s_data,        s_dist_01, s_dist_02, s_dist_03, s_dist_04,        s_dist_05, s_dist_06, s_dist_07, s_dist_08,        s_dist_09, s_dist_10     FROM bmsql_stock     WHERE s_w_id = $1 AND s_i_id = $2 ","parameters: $1 = '1', $2 = '10'",,,,,,,,"","client backend"
2024-06-16 19:02:17.461 CST,"raingage","benchmark",54599,"127.0.0.1:48958",666ec5b9.d547,936,"UPDATE",2024-06-16 19:00:09 CST,8/67,0,LOG,00000,"execute S_7: UPDATE bmsql_stock     SET s_quantity = $1, s_ytd = s_ytd + $2,         s_order_cnt = s_order_cnt + 1,         s_remote_cnt = s_remote_cnt + $3     WHERE s_w_id = $4 AND s_i_id = $5","parameters: $1 = '55', $2 = '1', $3 = '0', $4 = '1', $5 = '10'",,,,,,,,"","client backend"
2024-06-16 19:02:17.469 CST,"raingage","benchmark",54596,"127.0.0.1:48952",666ec5b9.d544,1160,"SELECT",2024-06-16 19:00:09 CST,5/84,0,LOG,00000,"execute S_1: SELECT c_discount, c_last, c_credit, w_tax     FROM bmsql_customer     JOIN bmsql_warehouse ON (w_id = c_w_id)     WHERE c_w_id = $1 AND c_d_id = $2 AND c_id = $3","parameters: $1 = '1', $2 = '1', $3 = '67'",,,,,,,,"","client backend"
2024-06-16 19:02:17.478 CST,"raingage","benchmark",54599,"127.0.0.1:48958",666ec5b9.d547,937,"COMMIT",2024-06-16 19:00:09 CST,8/67,115505,LOG,00000,"execute S_2: COMMIT",,,,,,,,,"","client backend"
2024-06-16 19:02:17.479 CST,"raingage","benchmark",54599,"127.0.0.1:48958",666ec5b9.d547,938,"COMMIT",2024-06-16 19:00:09 CST,8/0,115505,WARNING,01000,"registered snapshots seem to remain after cleanup",,,,,,,,,"","client backend"
2024-06-16 19:02:17.491 CST,"raingage","benchmark",54599,"127.0.0.1:48958",666ec5b9.d547,939,"BEGIN",2024-06-16 19:00:09 CST,8/68,0,LOG,00000,"execute S_3: BEGIN",,,,,,,,,"","client backend"
2024-06-16 19:02:17.497 CST,"raingage","benchmark",54598,"127.0.0.1:48956",666ec5b9.d546,786,"SELECT",2024-06-16 19:00:09 CST,7/57,0,LOG,00000,"execute S_1: SELECT c_discount, c_last, c_credit, w_tax     FROM bmsql_customer     JOIN bmsql_warehouse ON (w_id = c_w_id)     WHERE c_w_id = $1 AND c_d_id = $2 AND c_id = $3","parameters: $1 = '1', $2 = '2', $3 = '53'",,,,,,,,"","client backend"
2024-06-16 19:02:17.510 CST,"raingage","benchmark",54599,"127.0.0.1:48958",666ec5b9.d547,940,"SELECT",2024-06-16 19:00:09 CST,8/68,0,LOG,00000,"execute S_4: SELECT d_tax, d_next_o_id     FROM bmsql_district     WHERE d_w_id = $1 AND d_id = $2 ","parameters: $1 = '1', $2 = '2'",,,,,,,,"","client backend"
2024-06-16 19:02:17.511 CST,"raingage","benchmark",54598,"127.0.0.1:48956",666ec5b9.d546,787,"SELECT",2024-06-16 19:00:09 CST,7/57,0,LOG,00000,"execute S_5: SELECT i_price, i_name, i_data     FROM bmsql_item     WHERE i_id = $1","parameters: $1 = '40'",,,,,,,,"","client backend"
2024-06-16 19:02:17.528 CST,"raingage","benchmark",54598,"127.0.0.1:48956",666ec5b9.d546,788,"SELECT",2024-06-16 19:00:09 CST,7/57,0,LOG,00000,"execute S_6: SELECT s_quantity, s_data,        s_dist_01, s_dist_02, s_dist_03, s_dist_04,        s_dist_05, s_dist_06, s_dist_07, s_dist_08,        s_dist_09, s_dist_10     FROM bmsql_stock     WHERE s_w_id = $1 AND s_i_id = $2 ","parameters: $1 = '1', $2 = '40'",,,,,,,,"","client backend"
2024-06-16 19:02:17.537 CST,"raingage","benchmark",54596,"127.0.0.1:48952",666ec5b9.d544,1161,"SELECT",2024-06-16 19:00:09 CST,5/84,0,LOG,00000,"execute S_1: SELECT c_discount, c_last, c_credit, w_tax     FROM bmsql_customer     JOIN bmsql_warehouse ON (w_id = c_w_id)     WHERE c_w_id = $1 AND c_d_id = $2 AND c_id = $3","parameters: $1 = '1', $2 = '1', $3 = '67'",,,,,,,,"","client backend"
2024-06-16 19:02:17.541 CST,"raingage","benchmark",54598,"127.0.0.1:48956",666ec5b9.d546,789,"UPDATE",2024-06-16 19:00:09 CST,7/57,0,LOG,00000,"execute S_7: UPDATE bmsql_stock     SET s_quantity = $1, s_ytd = s_ytd + $2,         s_order_cnt = s_order_cnt + 1,         s_remote_cnt = s_remote_cnt + $3     WHERE s_w_id = $4 AND s_i_id = $5","parameters: $1 = '101', $2 = '1', $3 = '0', $4 = '1', $5 = '40'",,,,,,,,"","client backend"
2024-06-16 19:02:17.561 CST,"raingage","benchmark",54598,"127.0.0.1:48956",666ec5b9.d546,790,"COMMIT",2024-06-16 19:00:09 CST,7/57,115506,LOG,00000,"execute S_2: COMMIT",,,,,,,,,"","client backend"
2024-06-16 19:02:17.579 CST,"raingage","benchmark",54599,"127.0.0.1:48958",666ec5b9.d547,941,"SELECT",2024-06-16 19:00:09 CST,8/68,0,LOG,00000,"execute S_1: SELECT c_discount, c_last, c_credit, w_tax     FROM bmsql_customer     JOIN bmsql_warehouse ON (w_id = c_w_id)     WHERE c_w_id = $1 AND c_d_id = $2 AND c_id = $3","parameters: $1 = '1', $2 = '2', $3 = '53'",,,,,,,,"","client backend"
2024-06-16 19:02:17.607 CST,"raingage","benchmark",54596,"127.0.0.1:48952",666ec5b9.d544,1162,"SELECT",2024-06-16 19:00:09 CST,5/84,0,LOG,00000,"execute S_1: SELECT c_discount, c_last, c_credit, w_tax     FROM bmsql_customer     JOIN bmsql_warehouse ON (w_id = c_w_id)     WHERE c_w_id = $1 AND c_d_id = $2 AND c_id = $3","parameters: $1 = '1', $2 = '1', $3 = '67'",,,,,,,,"","client backend"
2024-06-16 19:02:17.643 CST,"raingage","benchmark",54599,"127.0.0.1:48958",666ec5b9.d547,942,"SELECT",2024-06-16 19:00:09 CST,8/68,0,LOG,00000,"execute S_1: SELECT c_discount, c_last, c_credit, w_tax     FROM bmsql_customer     JOIN bmsql_warehouse ON (w_id = c_w_id)     WHERE c_w_id = $1 AND c_d_id = $2 AND c_id = $3","parameters: $1 = '1', $2 = '2', $3 = '53'",,,,,,,,"","client backend"
2024-06-16 19:02:17.675 CST,"raingage","benchmark",54596,"127.0.0.1:48952",666ec5b9.d544,1163,"SELECT",2024-06-16 19:00:09 CST,5/84,0,LOG,00000,"execute S_1: SELECT c_discount, c_last, c_credit, w_tax     FROM bmsql_customer     JOIN bmsql_warehouse ON (w_id = c_w_id)     WHERE c_w_id = $1 AND c_d_id = $2 AND c_id = $3","parameters: $1 = '1', $2 = '1', $3 = '67'",,,,,,,,"","client backend"
2024-06-16 19:02:17.714 CST,"raingage","benchmark",54599,"127.0.0.1:48958",666ec5b9.d547,943,"SELECT",2024-06-16 19:00:09 CST,8/68,0,LOG,00000,"execute S_1: SELECT c_discount, c_last, c_credit, w_tax     FROM bmsql_customer     JOIN bmsql_warehouse ON (w_id = c_w_id)     WHERE c_w_id = $1 AND c_d_id = $2 AND c_id = $3","parameters: $1 = '1', $2 = '2', $3 = '53'",,,,,,,,"","client backend"
2024-06-16 19:02:17.742 CST,"raingage","benchmark",54596,"127.0.0.1:48952",666ec5b9.d544,1164,"SELECT",2024-06-16 19:00:09 CST,5/84,0,LOG,00000,"execute S_1: SELECT c_discount, c_last, c_credit, w_tax     FROM bmsql_customer     JOIN bmsql_warehouse ON (w_id = c_w_id)     WHERE c_w_id = $1 AND c_d_id = $2 AND c_id = $3","parameters: $1 = '1', $2 = '1', $3 = '67'",,,,,,,,"","client backend"
2024-06-16 19:02:17.776 CST,"raingage","benchmark",54599,"127.0.0.1:48958",666ec5b9.d547,944,"SELECT",2024-06-16 19:00:09 CST,8/68,0,LOG,00000,"execute S_1: SELECT c_discount, c_last, c_credit, w_tax     FROM bmsql_customer     JOIN bmsql_warehouse ON (w_id = c_w_id)     WHERE c_w_id = $1 AND c_d_id = $2 AND c_id = $3","parameters: $1 = '1', $2 = '2', $3 = '53'",,,,,,,,"","client backend"
2024-06-16 19:02:17.807 CST,"raingage","benchmark",54596,"127.0.0.1:48952",666ec5b9.d544,1165,"SELECT",2024-06-16 19:00:09 CST,5/84,0,LOG,00000,"execute S_1: SELECT c_discount, c_last, c_credit, w_tax     FROM bmsql_customer     JOIN bmsql_warehouse ON (w_id = c_w_id)     WHERE c_w_id = $1 AND c_d_id = $2 AND c_id = $3","parameters: $1 = '1', $2 = '1', $3 = '67'",,,,,,,,"","client backend"
2024-06-16 19:02:17.840 CST,"raingage","benchmark",54599,"127.0.0.1:48958",666ec5b9.d547,945,"SELECT",2024-06-16 19:00:09 CST,8/68,0,LOG,00000,"execute S_1: SELECT c_discount, c_last, c_credit, w_tax     FROM bmsql_customer     JOIN bmsql_warehouse ON (w_id = c_w_id)     WHERE c_w_id = $1 AND c_d_id = $2 AND c_id = $3","parameters: $1 = '1', $2 = '2', $3 = '53'",,,,,,,,"","client backend"
2024-06-16 19:02:17.875 CST,"raingage","benchmark",54596,"127.0.0.1:48952",666ec5b9.d544,1166,"SELECT",2024-06-16 19:00:09 CST,5/84,0,LOG,00000,"execute S_1: SELECT c_discount, c_last, c_credit, w_tax     FROM bmsql_customer     JOIN bmsql_warehouse ON (w_id = c_w_id)     WHERE c_w_id = $1 AND c_d_id = $2 AND c_id = $3","parameters: $1 = '1', $2 = '1', $3 = '67'",,,,,,,,"","client backend"
2024-06-16 19:02:17.891 CST,"raingage","benchmark",54596,"127.0.0.1:48952",666ec5b9.d544,1167,"SELECT",2024-06-16 19:00:09 CST,5/84,0,LOG,00000,"execute S_5: SELECT i_price, i_name, i_data     FROM bmsql_item     WHERE i_id = $1","parameters: $1 = '76'",,,,,,,,"","client backend"
2024-06-16 19:02:17.906 CST,"raingage","benchmark",54596,"127.0.0.1:48952",666ec5b9.d544,1168,"SELECT",2024-06-16 19:00:09 CST,5/84,0,LOG,00000,"execute S_6: SELECT s_quantity, s_data,        s_dist_01, s_dist_02, s_dist_03, s_dist_04,        s_dist_05, s_dist_06, s_dist_07, s_dist_08,        s_dist_09, s_dist_10     FROM bmsql_stock     WHERE s_w_id = $1 AND s_i_id = $2 ","parameters: $1 = '1', $2 = '76'",,,,,,,,"","client backend"
2024-06-16 19:02:17.907 CST,"raingage","benchmark",54599,"127.0.0.1:48958",666ec5b9.d547,946,"SELECT",2024-06-16 19:00:09 CST,8/68,0,LOG,00000,"execute S_1: SELECT c_discount, c_last, c_credit, w_tax     FROM bmsql_customer     JOIN bmsql_warehouse ON (w_id = c_w_id)     WHERE c_w_id = $1 AND c_d_id = $2 AND c_id = $3","parameters: $1 = '1', $2 = '2', $3 = '53'",,,,,,,,"","client backend"
2024-06-16 19:02:17.920 CST,"raingage","benchmark",54596,"127.0.0.1:48952",666ec5b9.d544,1169,"UPDATE",2024-06-16 19:00:09 CST,5/84,0,LOG,00000,"execute S_7: UPDATE bmsql_stock     SET s_quantity = $1, s_ytd = s_ytd + $2,         s_order_cnt = s_order_cnt + 1,         s_remote_cnt = s_remote_cnt + $3     WHERE s_w_id = $4 AND s_i_id = $5","parameters: $1 = '73', $2 = '1', $3 = '0', $4 = '1', $5 = '76'",,,,,,,,"","client backend"
2024-06-16 19:02:17.940 CST,"raingage","benchmark",54596,"127.0.0.1:48952",666ec5b9.d544,1170,"COMMIT",2024-06-16 19:00:09 CST,5/84,115507,LOG,00000,"execute S_2: COMMIT",,,,,,,,,"","client backend"
2024-06-16 19:02:17.959 CST,"raingage","benchmark",54596,"127.0.0.1:48952",666ec5b9.d544,1171,"BEGIN",2024-06-16 19:00:09 CST,5/85,0,LOG,00000,"execute S_3: BEGIN",,,,,,,,,"","client backend"
2024-06-16 19:02:17.973 CST,"raingage","benchmark",54599,"127.0.0.1:48958",666ec5b9.d547,947,"SELECT",2024-06-16 19:00:09 CST,8/68,0,LOG,00000,"execute S_1: SELECT c_discount, c_last, c_credit, w_tax     FROM bmsql_customer     JOIN bmsql_warehouse ON (w_id = c_w_id)     WHERE c_w_id = $1 AND c_d_id = $2 AND c_id = $3","parameters: $1 = '1', $2 = '2', $3 = '53'",,,,,,,,"","client backend"
2024-06-16 19:02:17.977 CST,"raingage","benchmark",54596,"127.0.0.1:48952",666ec5b9.d544,1172,"SELECT",2024-06-16 19:00:09 CST,5/85,0,LOG,00000,"execute S_4: SELECT d_tax, d_next_o_id     FROM bmsql_district     WHERE d_w_id = $1 AND d_id = $2 ","parameters: $1 = '1', $2 = '2'",,,,,,,,"","client backend"
2024-06-16 19:02:18.038 CST,"raingage","benchmark",54599,"127.0.0.1:48958",666ec5b9.d547,948,"SELECT",2024-06-16 19:00:09 CST,8/68,0,LOG,00000,"execute S_1: SELECT c_discount, c_last, c_credit, w_tax     FROM bmsql_customer     JOIN bmsql_warehouse ON (w_id = c_w_id)     WHERE c_w_id = $1 AND c_d_id = $2 AND c_id = $3","parameters: $1 = '1', $2 = '2', $3 = '53'",,,,,,,,"","client backend"
2024-06-16 19:02:18.045 CST,"raingage","benchmark",54596,"127.0.0.1:48952",666ec5b9.d544,1173,"SELECT",2024-06-16 19:00:09 CST,5/85,0,LOG,00000,"execute S_1: SELECT c_discount, c_last, c_credit, w_tax     FROM bmsql_customer     JOIN bmsql_warehouse ON (w_id = c_w_id)     WHERE c_w_id = $1 AND c_d_id = $2 AND c_id = $3","parameters: $1 = '1', $2 = '2', $3 = '45'",,,,,,,,"","client backend"
2024-06-16 19:02:18.056 CST,"raingage","benchmark",54599,"127.0.0.1:48958",666ec5b9.d547,949,"SELECT",2024-06-16 19:00:09 CST,8/68,0,LOG,00000,"execute S_5: SELECT i_price, i_name, i_data     FROM bmsql_item     WHERE i_id = $1","parameters: $1 = '40'",,,,,,,,"","client backend"
2024-06-16 19:02:18.070 CST,"raingage","benchmark",54599,"127.0.0.1:48958",666ec5b9.d547,950,"SELECT",2024-06-16 19:00:09 CST,8/68,0,LOG,00000,"execute S_6: SELECT s_quantity, s_data,        s_dist_01, s_dist_02, s_dist_03, s_dist_04,        s_dist_05, s_dist_06, s_dist_07, s_dist_08,        s_dist_09, s_dist_10     FROM bmsql_stock     WHERE s_w_id = $1 AND s_i_id = $2 ","parameters: $1 = '1', $2 = '40'",,,,,,,,"","client backend"
2024-06-16 19:02:18.081 CST,"raingage","benchmark",54599,"127.0.0.1:48958",666ec5b9.d547,951,"UPDATE",2024-06-16 19:00:09 CST,8/68,0,LOG,00000,"execute S_7: UPDATE bmsql_stock     SET s_quantity = $1, s_ytd = s_ytd + $2,         s_order_cnt = s_order_cnt + 1,         s_remote_cnt = s_remote_cnt + $3     WHERE s_w_id = $4 AND s_i_id = $5","parameters: $1 = '96', $2 = '6', $3 = '0', $4 = '1', $5 = '40'",,,,,,,,"","client backend"
2024-06-16 19:02:18.098 CST,"raingage","benchmark",54599,"127.0.0.1:48958",666ec5b9.d547,952,"COMMIT",2024-06-16 19:00:09 CST,8/68,115508,LOG,00000,"execute S_2: COMMIT",,,,,,,,,"","client backend"
2024-06-16 19:02:18.115 CST,"raingage","benchmark",54596,"127.0.0.1:48952",666ec5b9.d544,1174,"SELECT",2024-06-16 19:00:09 CST,5/85,0,LOG,00000,"execute S_1: SELECT c_discount, c_last, c_credit, w_tax     FROM bmsql_customer     JOIN bmsql_warehouse ON (w_id = c_w_id)     WHERE c_w_id = $1 AND c_d_id = $2 AND c_id = $3","parameters: $1 = '1', $2 = '2', $3 = '45'",,,,,,,,"","client backend"
2024-06-16 19:02:18.121 CST,"raingage","benchmark",54599,"127.0.0.1:48958",666ec5b9.d547,953,"BEGIN",2024-06-16 19:00:09 CST,8/69,0,LOG,00000,"execute S_3: BEGIN",,,,,,,,,"","client backend"
2024-06-16 19:02:18.141 CST,"raingage","benchmark",54599,"127.0.0.1:48958",666ec5b9.d547,954,"SELECT",2024-06-16 19:00:09 CST,8/69,0,LOG,00000,"execute S_4: SELECT d_tax, d_next_o_id     FROM bmsql_district     WHERE d_w_id = $1 AND d_id = $2 ","parameters: $1 = '1', $2 = '2'",,,,,,,,"","client backend"
2024-06-16 19:02:18.187 CST,"raingage","benchmark",54596,"127.0.0.1:48952",666ec5b9.d544,1175,"SELECT",2024-06-16 19:00:09 CST,5/85,0,LOG,00000,"execute S_1: SELECT c_discount, c_last, c_credit, w_tax     FROM bmsql_customer     JOIN bmsql_warehouse ON (w_id = c_w_id)     WHERE c_w_id = $1 AND c_d_id = $2 AND c_id = $3","parameters: $1 = '1', $2 = '2', $3 = '45'",,,,,,,,"","client backend"
2024-06-16 19:02:18.208 CST,"raingage","benchmark",54599,"127.0.0.1:48958",666ec5b9.d547,955,"SELECT",2024-06-16 19:00:09 CST,8/69,0,LOG,00000,"execute S_1: SELECT c_discount, c_last, c_credit, w_tax     FROM bmsql_customer     JOIN bmsql_warehouse ON (w_id = c_w_id)     WHERE c_w_id = $1 AND c_d_id = $2 AND c_id = $3","parameters: $1 = '1', $2 = '2', $3 = '33'",,,,,,,,"","client backend"
2024-06-16 19:02:18.253 CST,"raingage","benchmark",54596,"127.0.0.1:48952",666ec5b9.d544,1176,"SELECT",2024-06-16 19:00:09 CST,5/85,0,LOG,00000,"execute S_1: SELECT c_discount, c_last, c_credit, w_tax     FROM bmsql_customer     JOIN bmsql_warehouse ON (w_id = c_w_id)     WHERE c_w_id = $1 AND c_d_id = $2 AND c_id = $3","parameters: $1 = '1', $2 = '2', $3 = '45'",,,,,,,,"","client backend"
2024-06-16 19:02:18.278 CST,"raingage","benchmark",54599,"127.0.0.1:48958",666ec5b9.d547,956,"SELECT",2024-06-16 19:00:09 CST,8/69,0,LOG,00000,"execute S_1: SELECT c_discount, c_last, c_credit, w_tax     FROM bmsql_customer     JOIN bmsql_warehouse ON (w_id = c_w_id)     WHERE c_w_id = $1 AND c_d_id = $2 AND c_id = $3","parameters: $1 = '1', $2 = '2', $3 = '33'",,,,,,,,"","client backend"
2024-06-16 19:02:18.321 CST,"raingage","benchmark",54596,"127.0.0.1:48952",666ec5b9.d544,1177,"SELECT",2024-06-16 19:00:09 CST,5/85,0,LOG,00000,"execute S_1: SELECT c_discount, c_last, c_credit, w_tax     FROM bmsql_customer     JOIN bmsql_warehouse ON (w_id = c_w_id)     WHERE c_w_id = $1 AND c_d_id = $2 AND c_id = $3","parameters: $1 = '1', $2 = '2', $3 = '45'",,,,,,,,"","client backend"
2024-06-16 19:02:18.343 CST,"raingage","benchmark",54599,"127.0.0.1:48958",666ec5b9.d547,957,"SELECT",2024-06-16 19:00:09 CST,8/69,0,LOG,00000,"execute S_1: SELECT c_discount, c_last, c_credit, w_tax     FROM bmsql_customer     JOIN bmsql_warehouse ON (w_id = c_w_id)     WHERE c_w_id = $1 AND c_d_id = $2 AND c_id = $3","parameters: $1 = '1', $2 = '2', $3 = '33'",,,,,,,,"","client backend"
2024-06-16 19:02:18.389 CST,"raingage","benchmark",54596,"127.0.0.1:48952",666ec5b9.d544,1178,"SELECT",2024-06-16 19:00:09 CST,5/85,0,LOG,00000,"execute S_1: SELECT c_discount, c_last, c_credit, w_tax     FROM bmsql_customer     JOIN bmsql_warehouse ON (w_id = c_w_id)     WHERE c_w_id = $1 AND c_d_id = $2 AND c_id = $3","parameters: $1 = '1', $2 = '2', $3 = '45'",,,,,,,,"","client backend"
2024-06-16 19:02:18.407 CST,"raingage","benchmark",54599,"127.0.0.1:48958",666ec5b9.d547,958,"SELECT",2024-06-16 19:00:09 CST,8/69,0,LOG,00000,"execute S_1: SELECT c_discount, c_last, c_credit, w_tax     FROM bmsql_customer     JOIN bmsql_warehouse ON (w_id = c_w_id)     WHERE c_w_id = $1 AND c_d_id = $2 AND c_id = $3","parameters: $1 = '1', $2 = '2', $3 = '33'",,,,,,,,"","client backend"
2024-06-16 19:02:18.453 CST,"raingage","benchmark",54596,"127.0.0.1:48952",666ec5b9.d544,1179,"SELECT",2024-06-16 19:00:09 CST,5/85,0,LOG,00000,"execute S_1: SELECT c_discount, c_last, c_credit, w_tax     FROM bmsql_customer     JOIN bmsql_warehouse ON (w_id = c_w_id)     WHERE c_w_id = $1 AND c_d_id = $2 AND c_id = $3","parameters: $1 = '1', $2 = '2', $3 = '45'",,,,,,,,"","client backend"
2024-06-16 19:02:18.473 CST,"raingage","benchmark",54599,"127.0.0.1:48958",666ec5b9.d547,959,"SELECT",2024-06-16 19:00:09 CST,8/69,0,LOG,00000,"execute S_1: SELECT c_discount, c_last, c_credit, w_tax     FROM bmsql_customer     JOIN bmsql_warehouse ON (w_id = c_w_id)     WHERE c_w_id = $1 AND c_d_id = $2 AND c_id = $3","parameters: $1 = '1', $2 = '2', $3 = '33'",,,,,,,,"","client backend"
2024-06-16 19:02:18.524 CST,"raingage","benchmark",54596,"127.0.0.1:48952",666ec5b9.d544,1180,"SELECT",2024-06-16 19:00:09 CST,5/85,0,LOG,00000,"execute S_1: SELECT c_discount, c_last, c_credit, w_tax     FROM bmsql_customer     JOIN bmsql_warehouse ON (w_id = c_w_id)     WHERE c_w_id = $1 AND c_d_id = $2 AND c_id = $3","parameters: $1 = '1', $2 = '2', $3 = '45'",,,,,,,,"","client backend"
2024-06-16 19:02:18.537 CST,"raingage","benchmark",54599,"127.0.0.1:48958",666ec5b9.d547,960,"SELECT",2024-06-16 19:00:09 CST,8/69,0,LOG,00000,"execute S_1: SELECT c_discount, c_last, c_credit, w_tax     FROM bmsql_customer     JOIN bmsql_warehouse ON (w_id = c_w_id)     WHERE c_w_id = $1 AND c_d_id = $2 AND c_id = $3","parameters: $1 = '1', $2 = '2', $3 = '33'",,,,,,,,"","client backend"
2024-06-16 19:02:18.543 CST,"raingage","benchmark",54596,"127.0.0.1:48952",666ec5b9.d544,1181,"SELECT",2024-06-16 19:00:09 CST,5/85,0,LOG,00000,"execute S_5: SELECT i_price, i_name, i_data     FROM bmsql_item     WHERE i_id = $1","parameters: $1 = '72'",,,,,,,,"","client backend"
2024-06-16 19:02:18.555 CST,"raingage","benchmark",54596,"127.0.0.1:48952",666ec5b9.d544,1182,"SELECT",2024-06-16 19:00:09 CST,5/85,0,LOG,00000,"execute S_6: SELECT s_quantity, s_data,        s_dist_01, s_dist_02, s_dist_03, s_dist_04,        s_dist_05, s_dist_06, s_dist_07, s_dist_08,        s_dist_09, s_dist_10     FROM bmsql_stock     WHERE s_w_id = $1 AND s_i_id = $2 ","parameters: $1 = '1', $2 = '72'",,,,,,,,"","client backend"
2024-06-16 19:02:18.571 CST,"raingage","benchmark",54596,"127.0.0.1:48952",666ec5b9.d544,1183,"UPDATE",2024-06-16 19:00:09 CST,5/85,0,LOG,00000,"execute S_7: UPDATE bmsql_stock     SET s_quantity = $1, s_ytd = s_ytd + $2,         s_order_cnt = s_order_cnt + 1,         s_remote_cnt = s_remote_cnt + $3     WHERE s_w_id = $4 AND s_i_id = $5","parameters: $1 = '63', $2 = '3', $3 = '0', $4 = '1', $5 = '72'",,,,,,,,"","client backend"
2024-06-16 19:02:18.588 CST,"raingage","benchmark",54596,"127.0.0.1:48952",666ec5b9.d544,1184,"COMMIT",2024-06-16 19:00:09 CST,5/85,115509,LOG,00000,"execute S_2: COMMIT",,,,,,,,,"","client backend"
2024-06-16 19:02:18.606 CST,"raingage","benchmark",54599,"127.0.0.1:48958",666ec5b9.d547,961,"SELECT",2024-06-16 19:00:09 CST,8/69,0,LOG,00000,"execute S_1: SELECT c_discount, c_last, c_credit, w_tax     FROM bmsql_customer     JOIN bmsql_warehouse ON (w_id = c_w_id)     WHERE c_w_id = $1 AND c_d_id = $2 AND c_id = $3","parameters: $1 = '1', $2 = '2', $3 = '33'",,,,,,,,"","client backend"
2024-06-16 19:02:18.607 CST,"raingage","benchmark",54596,"127.0.0.1:48952",666ec5b9.d544,1185,"BEGIN",2024-06-16 19:00:09 CST,5/86,0,LOG,00000,"execute S_3: BEGIN",,,,,,,,,"","client backend"
2024-06-16 19:02:18.618 CST,"raingage","benchmark",54596,"127.0.0.1:48952",666ec5b9.d544,1186,"SELECT",2024-06-16 19:00:09 CST,5/86,0,LOG,00000,"execute S_4: SELECT d_tax, d_next_o_id     FROM bmsql_district     WHERE d_w_id = $1 AND d_id = $2 ","parameters: $1 = '1', $2 = '2'",,,,,,,,"","client backend"
2024-06-16 19:02:18.676 CST,"raingage","benchmark",54599,"127.0.0.1:48958",666ec5b9.d547,962,"SELECT",2024-06-16 19:00:09 CST,8/69,0,LOG,00000,"execute S_1: SELECT c_discount, c_last, c_credit, w_tax     FROM bmsql_customer     JOIN bmsql_warehouse ON (w_id = c_w_id)     WHERE c_w_id = $1 AND c_d_id = $2 AND c_id = $3","parameters: $1 = '1', $2 = '2', $3 = '33'",,,,,,,,"","client backend"
2024-06-16 19:02:18.689 CST,"raingage","benchmark",54599,"127.0.0.1:48958",666ec5b9.d547,963,"SELECT",2024-06-16 19:00:09 CST,8/69,0,LOG,00000,"execute S_5: SELECT i_price, i_name, i_data     FROM bmsql_item     WHERE i_id = $1","parameters: $1 = '96'",,,,,,,,"","client backend"
2024-06-16 19:02:18.708 CST,"raingage","benchmark",54599,"127.0.0.1:48958",666ec5b9.d547,964,"SELECT",2024-06-16 19:00:09 CST,8/69,0,LOG,00000,"execute S_6: SELECT s_quantity, s_data,        s_dist_01, s_dist_02, s_dist_03, s_dist_04,        s_dist_05, s_dist_06, s_dist_07, s_dist_08,        s_dist_09, s_dist_10     FROM bmsql_stock     WHERE s_w_id = $1 AND s_i_id = $2 ","parameters: $1 = '1', $2 = '96'",,,,,,,,"","client backend"
2024-06-16 19:02:18.724 CST,"raingage","benchmark",54599,"127.0.0.1:48958",666ec5b9.d547,965,"UPDATE",2024-06-16 19:00:09 CST,8/69,0,LOG,00000,"execute S_7: UPDATE bmsql_stock     SET s_quantity = $1, s_ytd = s_ytd + $2,         s_order_cnt = s_order_cnt + 1,         s_remote_cnt = s_remote_cnt + $3     WHERE s_w_id = $4 AND s_i_id = $5","parameters: $1 = '87', $2 = '6', $3 = '0', $4 = '1', $5 = '96'",,,,,,,,"","client backend"
2024-06-16 19:02:18.736 CST,"raingage","benchmark",54599,"127.0.0.1:48958",666ec5b9.d547,966,"COMMIT",2024-06-16 19:00:09 CST,8/69,115510,LOG,00000,"execute S_2: COMMIT",,,,,,,,,"","client backend"
2024-06-16 19:02:18.736 CST,"raingage","benchmark",54596,"127.0.0.1:48952",666ec5b9.d544,1187,"SELECT",2024-06-16 19:00:09 CST,5/86,0,LOG,00000,"execute S_1: SELECT c_discount, c_last, c_credit, w_tax     FROM bmsql_customer     JOIN bmsql_warehouse ON (w_id = c_w_id)     WHERE c_w_id = $1 AND c_d_id = $2 AND c_id = $3","parameters: $1 = '1', $2 = '2', $3 = '33'",,,,,,,,"","client backend"
2024-06-16 19:02:18.807 CST,"raingage","benchmark",54596,"127.0.0.1:48952",666ec5b9.d544,1188,"SELECT",2024-06-16 19:00:09 CST,5/86,0,LOG,00000,"execute S_1: SELECT c_discount, c_last, c_credit, w_tax     FROM bmsql_customer     JOIN bmsql_warehouse ON (w_id = c_w_id)     WHERE c_w_id = $1 AND c_d_id = $2 AND c_id = $3","parameters: $1 = '1', $2 = '2', $3 = '33'",,,,,,,,"","client backend"
2024-06-16 19:02:18.876 CST,"raingage","benchmark",54596,"127.0.0.1:48952",666ec5b9.d544,1189,"SELECT",2024-06-16 19:00:09 CST,5/86,0,LOG,00000,"execute S_1: SELECT c_discount, c_last, c_credit, w_tax     FROM bmsql_customer     JOIN bmsql_warehouse ON (w_id = c_w_id)     WHERE c_w_id = $1 AND c_d_id = $2 AND c_id = $3","parameters: $1 = '1', $2 = '2', $3 = '33'",,,,,,,,"","client backend"
2024-06-16 19:02:18.945 CST,"raingage","benchmark",54596,"127.0.0.1:48952",666ec5b9.d544,1190,"SELECT",2024-06-16 19:00:09 CST,5/86,0,LOG,00000,"execute S_1: SELECT c_discount, c_last, c_credit, w_tax     FROM bmsql_customer     JOIN bmsql_warehouse ON (w_id = c_w_id)     WHERE c_w_id = $1 AND c_d_id = $2 AND c_id = $3","parameters: $1 = '1', $2 = '2', $3 = '33'",,,,,,,,"","client backend"
2024-06-16 19:02:19.010 CST,"raingage","benchmark",54596,"127.0.0.1:48952",666ec5b9.d544,1191,"SELECT",2024-06-16 19:00:09 CST,5/86,0,LOG,00000,"execute S_1: SELECT c_discount, c_last, c_credit, w_tax     FROM bmsql_customer     JOIN bmsql_warehouse ON (w_id = c_w_id)     WHERE c_w_id = $1 AND c_d_id = $2 AND c_id = $3","parameters: $1 = '1', $2 = '2', $3 = '33'",,,,,,,,"","client backend"
2024-06-16 19:02:19.078 CST,"raingage","benchmark",54596,"127.0.0.1:48952",666ec5b9.d544,1192,"SELECT",2024-06-16 19:00:09 CST,5/86,0,LOG,00000,"execute S_1: SELECT c_discount, c_last, c_credit, w_tax     FROM bmsql_customer     JOIN bmsql_warehouse ON (w_id = c_w_id)     WHERE c_w_id = $1 AND c_d_id = $2 AND c_id = $3","parameters: $1 = '1', $2 = '2', $3 = '33'",,,,,,,,"","client backend"
2024-06-16 19:02:19.145 CST,"raingage","benchmark",54596,"127.0.0.1:48952",666ec5b9.d544,1193,"SELECT",2024-06-16 19:00:09 CST,5/86,0,LOG,00000,"execute S_1: SELECT c_discount, c_last, c_credit, w_tax     FROM bmsql_customer     JOIN bmsql_warehouse ON (w_id = c_w_id)     WHERE c_w_id = $1 AND c_d_id = $2 AND c_id = $3","parameters: $1 = '1', $2 = '2', $3 = '33'",,,,,,,,"","client backend"
2024-06-16 19:02:19.208 CST,"raingage","benchmark",54596,"127.0.0.1:48952",666ec5b9.d544,1194,"SELECT",2024-06-16 19:00:09 CST,5/86,0,LOG,00000,"execute S_1: SELECT c_discount, c_last, c_credit, w_tax     FROM bmsql_customer     JOIN bmsql_warehouse ON (w_id = c_w_id)     WHERE c_w_id = $1 AND c_d_id = $2 AND c_id = $3","parameters: $1 = '1', $2 = '2', $3 = '33'",,,,,,,,"","client backend"
2024-06-16 19:02:19.220 CST,"raingage","benchmark",54596,"127.0.0.1:48952",666ec5b9.d544,1195,"SELECT",2024-06-16 19:00:09 CST,5/86,0,LOG,00000,"execute S_5: SELECT i_price, i_name, i_data     FROM bmsql_item     WHERE i_id = $1","parameters: $1 = '96'",,,,,,,,"","client backend"
2024-06-16 19:02:19.241 CST,"raingage","benchmark",54596,"127.0.0.1:48952",666ec5b9.d544,1196,"SELECT",2024-06-16 19:00:09 CST,5/86,0,LOG,00000,"execute S_6: SELECT s_quantity, s_data,        s_dist_01, s_dist_02, s_dist_03, s_dist_04,        s_dist_05, s_dist_06, s_dist_07, s_dist_08,        s_dist_09, s_dist_10     FROM bmsql_stock     WHERE s_w_id = $1 AND s_i_id = $2 ","parameters: $1 = '1', $2 = '96'",,,,,,,,"","client backend"
2024-06-16 19:02:19.259 CST,"raingage","benchmark",54596,"127.0.0.1:48952",666ec5b9.d544,1197,"UPDATE",2024-06-16 19:00:09 CST,5/86,0,LOG,00000,"execute S_7: UPDATE bmsql_stock     SET s_quantity = $1, s_ytd = s_ytd + $2,         s_order_cnt = s_order_cnt + 1,         s_remote_cnt = s_remote_cnt + $3     WHERE s_w_id = $4 AND s_i_id = $5","parameters: $1 = '87', $2 = '6', $3 = '0', $4 = '1', $5 = '96'",,,,,,,,"","client backend"
2024-06-16 19:02:19.277 CST,"raingage","benchmark",54596,"127.0.0.1:48952",666ec5b9.d544,1198,"COMMIT",2024-06-16 19:00:09 CST,5/86,115511,LOG,00000,"execute S_2: COMMIT",,,,,,,,,"","client backend"
2024-06-16 19:02:19.278 CST,"raingage","benchmark",54596,"127.0.0.1:48952",666ec5b9.d544,1199,"COMMIT",2024-06-16 19:00:09 CST,5/0,115511,WARNING,01000,"registered snapshots seem to remain after cleanup",,,,,,,,,"","client backend"
2024-06-16 19:02:19.293 CST,"raingage","benchmark",54596,"127.0.0.1:48952",666ec5b9.d544,1200,"BEGIN",2024-06-16 19:00:09 CST,5/87,0,LOG,00000,"execute S_3: BEGIN",,,,,,,,,"","client backend"
2024-06-16 19:02:19.313 CST,"raingage","benchmark",54596,"127.0.0.1:48952",666ec5b9.d544,1201,"SELECT",2024-06-16 19:00:09 CST,5/87,0,LOG,00000,"execute S_4: SELECT d_tax, d_next_o_id     FROM bmsql_district     WHERE d_w_id = $1 AND d_id = $2 ","parameters: $1 = '1', $2 = '1'",,,,,,,,"","client backend"
2024-06-16 19:02:19.381 CST,"raingage","benchmark",54596,"127.0.0.1:48952",666ec5b9.d544,1202,"SELECT",2024-06-16 19:00:09 CST,5/87,0,LOG,00000,"execute S_1: SELECT c_discount, c_last, c_credit, w_tax     FROM bmsql_customer     JOIN bmsql_warehouse ON (w_id = c_w_id)     WHERE c_w_id = $1 AND c_d_id = $2 AND c_id = $3","parameters: $1 = '1', $2 = '1', $3 = '87'",,,,,,,,"","client backend"
2024-06-16 19:02:19.453 CST,"raingage","benchmark",54596,"127.0.0.1:48952",666ec5b9.d544,1203,"SELECT",2024-06-16 19:00:09 CST,5/87,0,LOG,00000,"execute S_1: SELECT c_discount, c_last, c_credit, w_tax     FROM bmsql_customer     JOIN bmsql_warehouse ON (w_id = c_w_id)     WHERE c_w_id = $1 AND c_d_id = $2 AND c_id = $3","parameters: $1 = '1', $2 = '1', $3 = '87'",,,,,,,,"","client backend"
2024-06-16 19:02:19.523 CST,"raingage","benchmark",54596,"127.0.0.1:48952",666ec5b9.d544,1204,"SELECT",2024-06-16 19:00:09 CST,5/87,0,LOG,00000,"execute S_1: SELECT c_discount, c_last, c_credit, w_tax     FROM bmsql_customer     JOIN bmsql_warehouse ON (w_id = c_w_id)     WHERE c_w_id = $1 AND c_d_id = $2 AND c_id = $3","parameters: $1 = '1', $2 = '1', $3 = '87'",,,,,,,,"","client backend"
2024-06-16 19:02:19.591 CST,"raingage","benchmark",54596,"127.0.0.1:48952",666ec5b9.d544,1205,"SELECT",2024-06-16 19:00:09 CST,5/87,0,LOG,00000,"execute S_1: SELECT c_discount, c_last, c_credit, w_tax     FROM bmsql_customer     JOIN bmsql_warehouse ON (w_id = c_w_id)     WHERE c_w_id = $1 AND c_d_id = $2 AND c_id = $3","parameters: $1 = '1', $2 = '1', $3 = '87'",,,,,,,,"","client backend"
2024-06-16 19:02:19.661 CST,"raingage","benchmark",54596,"127.0.0.1:48952",666ec5b9.d544,1206,"SELECT",2024-06-16 19:00:09 CST,5/87,0,LOG,00000,"execute S_1: SELECT c_discount, c_last, c_credit, w_tax     FROM bmsql_customer     JOIN bmsql_warehouse ON (w_id = c_w_id)     WHERE c_w_id = $1 AND c_d_id = $2 AND c_id = $3","parameters: $1 = '1', $2 = '1', $3 = '87'",,,,,,,,"","client backend"
2024-06-16 19:02:19.731 CST,"raingage","benchmark",54596,"127.0.0.1:48952",666ec5b9.d544,1207,"SELECT",2024-06-16 19:00:09 CST,5/87,0,LOG,00000,"execute S_1: SELECT c_discount, c_last, c_credit, w_tax     FROM bmsql_customer     JOIN bmsql_warehouse ON (w_id = c_w_id)     WHERE c_w_id = $1 AND c_d_id = $2 AND c_id = $3","parameters: $1 = '1', $2 = '1', $3 = '87'",,,,,,,,"","client backend"
2024-06-16 19:02:19.802 CST,"raingage","benchmark",54596,"127.0.0.1:48952",666ec5b9.d544,1208,"SELECT",2024-06-16 19:00:09 CST,5/87,0,LOG,00000,"execute S_1: SELECT c_discount, c_last, c_credit, w_tax     FROM bmsql_customer     JOIN bmsql_warehouse ON (w_id = c_w_id)     WHERE c_w_id = $1 AND c_d_id = $2 AND c_id = $3","parameters: $1 = '1', $2 = '1', $3 = '87'",,,,,,,,"","client backend"
2024-06-16 19:02:19.869 CST,"raingage","benchmark",54596,"127.0.0.1:48952",666ec5b9.d544,1209,"SELECT",2024-06-16 19:00:09 CST,5/87,0,LOG,00000,"execute S_1: SELECT c_discount, c_last, c_credit, w_tax     FROM bmsql_customer     JOIN bmsql_warehouse ON (w_id = c_w_id)     WHERE c_w_id = $1 AND c_d_id = $2 AND c_id = $3","parameters: $1 = '1', $2 = '1', $3 = '87'",,,,,,,,"","client backend"
2024-06-16 19:02:19.883 CST,"raingage","benchmark",54596,"127.0.0.1:48952",666ec5b9.d544,1210,"SELECT",2024-06-16 19:00:09 CST,5/87,0,LOG,00000,"execute S_5: SELECT i_price, i_name, i_data     FROM bmsql_item     WHERE i_id = $1","parameters: $1 = '42'",,,,,,,,"","client backend"
2024-06-16 19:02:19.897 CST,"raingage","benchmark",54596,"127.0.0.1:48952",666ec5b9.d544,1211,"SELECT",2024-06-16 19:00:09 CST,5/87,0,LOG,00000,"execute S_6: SELECT s_quantity, s_data,        s_dist_01, s_dist_02, s_dist_03, s_dist_04,        s_dist_05, s_dist_06, s_dist_07, s_dist_08,        s_dist_09, s_dist_10     FROM bmsql_stock     WHERE s_w_id = $1 AND s_i_id = $2 ","parameters: $1 = '1', $2 = '42'",,,,,,,,"","client backend"
2024-06-16 19:02:19.915 CST,"raingage","benchmark",54596,"127.0.0.1:48952",666ec5b9.d544,1212,"UPDATE",2024-06-16 19:00:09 CST,5/87,0,LOG,00000,"execute S_7: UPDATE bmsql_stock     SET s_quantity = $1, s_ytd = s_ytd + $2,         s_order_cnt = s_order_cnt + 1,         s_remote_cnt = s_remote_cnt + $3     WHERE s_w_id = $4 AND s_i_id = $5","parameters: $1 = '99', $2 = '3', $3 = '0', $4 = '1', $5 = '42'",,,,,,,,"","client backend"
2024-06-16 19:02:19.929 CST,"raingage","benchmark",54596,"127.0.0.1:48952",666ec5b9.d544,1213,"COMMIT",2024-06-16 19:00:09 CST,5/87,115512,LOG,00000,"execute S_2: COMMIT",,,,,,,,,"","client backend"
2024-06-16 19:02:19.947 CST,"raingage","benchmark",54596,"127.0.0.1:48952",666ec5b9.d544,1214,"BEGIN",2024-06-16 19:00:09 CST,5/88,0,LOG,00000,"execute S_3: BEGIN",,,,,,,,,"","client backend"
2024-06-16 19:02:19.968 CST,"raingage","benchmark",54596,"127.0.0.1:48952",666ec5b9.d544,1215,"SELECT",2024-06-16 19:00:09 CST,5/88,0,LOG,00000,"execute S_4: SELECT d_tax, d_next_o_id     FROM bmsql_district     WHERE d_w_id = $1 AND d_id = $2 ","parameters: $1 = '1', $2 = '4'",,,,,,,,"","client backend"
2024-06-16 19:02:20.030 CST,"raingage","benchmark",54596,"127.0.0.1:48952",666ec5b9.d544,1216,"SELECT",2024-06-16 19:00:09 CST,5/88,0,LOG,00000,"execute S_1: SELECT c_discount, c_last, c_credit, w_tax     FROM bmsql_customer     JOIN bmsql_warehouse ON (w_id = c_w_id)     WHERE c_w_id = $1 AND c_d_id = $2 AND c_id = $3","parameters: $1 = '1', $2 = '4', $3 = '14'",,,,,,,,"","client backend"
2024-06-16 19:02:20.098 CST,"raingage","benchmark",54596,"127.0.0.1:48952",666ec5b9.d544,1217,"SELECT",2024-06-16 19:00:09 CST,5/88,0,LOG,00000,"execute S_1: SELECT c_discount, c_last, c_credit, w_tax     FROM bmsql_customer     JOIN bmsql_warehouse ON (w_id = c_w_id)     WHERE c_w_id = $1 AND c_d_id = $2 AND c_id = $3","parameters: $1 = '1', $2 = '4', $3 = '14'",,,,,,,,"","client backend"
2024-06-16 19:02:20.162 CST,"raingage","benchmark",54596,"127.0.0.1:48952",666ec5b9.d544,1218,"SELECT",2024-06-16 19:00:09 CST,5/88,0,LOG,00000,"execute S_1: SELECT c_discount, c_last, c_credit, w_tax     FROM bmsql_customer     JOIN bmsql_warehouse ON (w_id = c_w_id)     WHERE c_w_id = $1 AND c_d_id = $2 AND c_id = $3","parameters: $1 = '1', $2 = '4', $3 = '14'",,,,,,,,"","client backend"
2024-06-16 19:02:20.226 CST,"raingage","benchmark",54596,"127.0.0.1:48952",666ec5b9.d544,1219,"SELECT",2024-06-16 19:00:09 CST,5/88,0,LOG,00000,"execute S_1: SELECT c_discount, c_last, c_credit, w_tax     FROM bmsql_customer     JOIN bmsql_warehouse ON (w_id = c_w_id)     WHERE c_w_id = $1 AND c_d_id = $2 AND c_id = $3","parameters: $1 = '1', $2 = '4', $3 = '14'",,,,,,,,"","client backend"
2024-06-16 19:02:20.292 CST,"raingage","benchmark",54596,"127.0.0.1:48952",666ec5b9.d544,1220,"SELECT",2024-06-16 19:00:09 CST,5/88,0,LOG,00000,"execute S_1: SELECT c_discount, c_last, c_credit, w_tax     FROM bmsql_customer     JOIN bmsql_warehouse ON (w_id = c_w_id)     WHERE c_w_id = $1 AND c_d_id = $2 AND c_id = $3","parameters: $1 = '1', $2 = '4', $3 = '14'",,,,,,,,"","client backend"
2024-06-16 19:02:20.363 CST,"raingage","benchmark",54596,"127.0.0.1:48952",666ec5b9.d544,1221,"SELECT",2024-06-16 19:00:09 CST,5/88,0,LOG,00000,"execute S_1: SELECT c_discount, c_last, c_credit, w_tax     FROM bmsql_customer     JOIN bmsql_warehouse ON (w_id = c_w_id)     WHERE c_w_id = $1 AND c_d_id = $2 AND c_id = $3","parameters: $1 = '1', $2 = '4', $3 = '14'",,,,,,,,"","client backend"
2024-06-16 19:02:20.428 CST,"raingage","benchmark",54596,"127.0.0.1:48952",666ec5b9.d544,1222,"SELECT",2024-06-16 19:00:09 CST,5/88,0,LOG,00000,"execute S_1: SELECT c_discount, c_last, c_credit, w_tax     FROM bmsql_customer     JOIN bmsql_warehouse ON (w_id = c_w_id)     WHERE c_w_id = $1 AND c_d_id = $2 AND c_id = $3","parameters: $1 = '1', $2 = '4', $3 = '14'",,,,,,,,"","client backend"
2024-06-16 19:02:20.498 CST,"raingage","benchmark",54596,"127.0.0.1:48952",666ec5b9.d544,1223,"SELECT",2024-06-16 19:00:09 CST,5/88,0,LOG,00000,"execute S_1: SELECT c_discount, c_last, c_credit, w_tax     FROM bmsql_customer     JOIN bmsql_warehouse ON (w_id = c_w_id)     WHERE c_w_id = $1 AND c_d_id = $2 AND c_id = $3","parameters: $1 = '1', $2 = '4', $3 = '14'",,,,,,,,"","client backend"
2024-06-16 19:02:20.512 CST,"raingage","benchmark",54596,"127.0.0.1:48952",666ec5b9.d544,1224,"SELECT",2024-06-16 19:00:09 CST,5/88,0,LOG,00000,"execute S_5: SELECT i_price, i_name, i_data     FROM bmsql_item     WHERE i_id = $1","parameters: $1 = '80'",,,,,,,,"","client backend"
2024-06-16 19:02:20.532 CST,"raingage","benchmark",54596,"127.0.0.1:48952",666ec5b9.d544,1225,"SELECT",2024-06-16 19:00:09 CST,5/88,0,LOG,00000,"execute S_6: SELECT s_quantity, s_data,        s_dist_01, s_dist_02, s_dist_03, s_dist_04,        s_dist_05, s_dist_06, s_dist_07, s_dist_08,        s_dist_09, s_dist_10     FROM bmsql_stock     WHERE s_w_id = $1 AND s_i_id = $2 ","parameters: $1 = '1', $2 = '80'",,,,,,,,"","client backend"
2024-06-16 19:02:20.552 CST,"raingage","benchmark",54596,"127.0.0.1:48952",666ec5b9.d544,1226,"UPDATE",2024-06-16 19:00:09 CST,5/88,0,LOG,00000,"execute S_7: UPDATE bmsql_stock     SET s_quantity = $1, s_ytd = s_ytd + $2,         s_order_cnt = s_order_cnt + 1,         s_remote_cnt = s_remote_cnt + $3     WHERE s_w_id = $4 AND s_i_id = $5","parameters: $1 = '15', $2 = '4', $3 = '0', $4 = '1', $5 = '80'",,,,,,,,"","client backend"
2024-06-16 19:02:20.568 CST,"raingage","benchmark",54596,"127.0.0.1:48952",666ec5b9.d544,1227,"COMMIT",2024-06-16 19:00:09 CST,5/88,115513,LOG,00000,"execute S_2: COMMIT",,,,,,,,,"","client backend"
2024-06-16 19:02:20.599 CST,"raingage","benchmark",54596,"127.0.0.1:48952",666ec5b9.d544,1228,"BEGIN",2024-06-16 19:00:09 CST,5/89,0,LOG,00000,"execute S_3: BEGIN",,,,,,,,,"","client backend"
2024-06-16 19:02:20.617 CST,"raingage","benchmark",54596,"127.0.0.1:48952",666ec5b9.d544,1229,"SELECT",2024-06-16 19:00:09 CST,5/89,0,LOG,00000,"execute S_4: SELECT d_tax, d_next_o_id     FROM bmsql_district     WHERE d_w_id = $1 AND d_id = $2 ","parameters: $1 = '1', $2 = '4'",,,,,,,,"","client backend"
2024-06-16 19:02:20.682 CST,"raingage","benchmark",54596,"127.0.0.1:48952",666ec5b9.d544,1230,"SELECT",2024-06-16 19:00:09 CST,5/89,0,LOG,00000,"execute S_1: SELECT c_discount, c_last, c_credit, w_tax     FROM bmsql_customer     JOIN bmsql_warehouse ON (w_id = c_w_id)     WHERE c_w_id = $1 AND c_d_id = $2 AND c_id = $3","parameters: $1 = '1', $2 = '4', $3 = '14'",,,,,,,,"","client backend"
2024-06-16 19:02:20.745 CST,"raingage","benchmark",54596,"127.0.0.1:48952",666ec5b9.d544,1231,"SELECT",2024-06-16 19:00:09 CST,5/89,0,LOG,00000,"execute S_1: SELECT c_discount, c_last, c_credit, w_tax     FROM bmsql_customer     JOIN bmsql_warehouse ON (w_id = c_w_id)     WHERE c_w_id = $1 AND c_d_id = $2 AND c_id = $3","parameters: $1 = '1', $2 = '4', $3 = '14'",,,,,,,,"","client backend"
2024-06-16 19:02:20.816 CST,"raingage","benchmark",54596,"127.0.0.1:48952",666ec5b9.d544,1232,"SELECT",2024-06-16 19:00:09 CST,5/89,0,LOG,00000,"execute S_1: SELECT c_discount, c_last, c_credit, w_tax     FROM bmsql_customer     JOIN bmsql_warehouse ON (w_id = c_w_id)     WHERE c_w_id = $1 AND c_d_id = $2 AND c_id = $3","parameters: $1 = '1', $2 = '4', $3 = '14'",,,,,,,,"","client backend"
2024-06-16 19:02:20.879 CST,"raingage","benchmark",54596,"127.0.0.1:48952",666ec5b9.d544,1233,"SELECT",2024-06-16 19:00:09 CST,5/89,0,LOG,00000,"execute S_1: SELECT c_discount, c_last, c_credit, w_tax     FROM bmsql_customer     JOIN bmsql_warehouse ON (w_id = c_w_id)     WHERE c_w_id = $1 AND c_d_id = $2 AND c_id = $3","parameters: $1 = '1', $2 = '4', $3 = '14'",,,,,,,,"","client backend"
2024-06-16 19:02:20.944 CST,"raingage","benchmark",54596,"127.0.0.1:48952",666ec5b9.d544,1234,"SELECT",2024-06-16 19:00:09 CST,5/89,0,LOG,00000,"execute S_1: SELECT c_discount, c_last, c_credit, w_tax     FROM bmsql_customer     JOIN bmsql_warehouse ON (w_id = c_w_id)     WHERE c_w_id = $1 AND c_d_id = $2 AND c_id = $3","parameters: $1 = '1', $2 = '4', $3 = '14'",,,,,,,,"","client backend"
2024-06-16 19:02:21.013 CST,"raingage","benchmark",54596,"127.0.0.1:48952",666ec5b9.d544,1235,"SELECT",2024-06-16 19:00:09 CST,5/89,0,LOG,00000,"execute S_1: SELECT c_discount, c_last, c_credit, w_tax     FROM bmsql_customer     JOIN bmsql_warehouse ON (w_id = c_w_id)     WHERE c_w_id = $1 AND c_d_id = $2 AND c_id = $3","parameters: $1 = '1', $2 = '4', $3 = '14'",,,,,,,,"","client backend"
2024-06-16 19:02:21.083 CST,"raingage","benchmark",54596,"127.0.0.1:48952",666ec5b9.d544,1236,"SELECT",2024-06-16 19:00:09 CST,5/89,0,LOG,00000,"execute S_1: SELECT c_discount, c_last, c_credit, w_tax     FROM bmsql_customer     JOIN bmsql_warehouse ON (w_id = c_w_id)     WHERE c_w_id = $1 AND c_d_id = $2 AND c_id = $3","parameters: $1 = '1', $2 = '4', $3 = '14'",,,,,,,,"","client backend"
2024-06-16 19:02:21.148 CST,"raingage","benchmark",54596,"127.0.0.1:48952",666ec5b9.d544,1237,"SELECT",2024-06-16 19:00:09 CST,5/89,0,LOG,00000,"execute S_1: SELECT c_discount, c_last, c_credit, w_tax     FROM bmsql_customer     JOIN bmsql_warehouse ON (w_id = c_w_id)     WHERE c_w_id = $1 AND c_d_id = $2 AND c_id = $3","parameters: $1 = '1', $2 = '4', $3 = '14'",,,,,,,,"","client backend"
2024-06-16 19:02:21.166 CST,"raingage","benchmark",54596,"127.0.0.1:48952",666ec5b9.d544,1238,"SELECT",2024-06-16 19:00:09 CST,5/89,0,LOG,00000,"execute S_5: SELECT i_price, i_name, i_data     FROM bmsql_item     WHERE i_id = $1","parameters: $1 = '80'",,,,,,,,"","client backend"
2024-06-16 19:02:21.185 CST,"raingage","benchmark",54596,"127.0.0.1:48952",666ec5b9.d544,1239,"SELECT",2024-06-16 19:00:09 CST,5/89,0,LOG,00000,"execute S_6: SELECT s_quantity, s_data,        s_dist_01, s_dist_02, s_dist_03, s_dist_04,        s_dist_05, s_dist_06, s_dist_07, s_dist_08,        s_dist_09, s_dist_10     FROM bmsql_stock     WHERE s_w_id = $1 AND s_i_id = $2 ","parameters: $1 = '1', $2 = '80'",,,,,,,,"","client backend"
2024-06-16 19:02:21.205 CST,"raingage","benchmark",54596,"127.0.0.1:48952",666ec5b9.d544,1240,"UPDATE",2024-06-16 19:00:09 CST,5/89,0,LOG,00000,"execute S_7: UPDATE bmsql_stock     SET s_quantity = $1, s_ytd = s_ytd + $2,         s_order_cnt = s_order_cnt + 1,         s_remote_cnt = s_remote_cnt + $3     WHERE s_w_id = $4 AND s_i_id = $5","parameters: $1 = '11', $2 = '4', $3 = '0', $4 = '1', $5 = '80'",,,,,,,,"","client backend"
2024-06-16 19:02:21.218 CST,"raingage","benchmark",54596,"127.0.0.1:48952",666ec5b9.d544,1241,"COMMIT",2024-06-16 19:00:09 CST,5/89,115514,LOG,00000,"execute S_2: COMMIT",,,,,,,,,"","client backend"
2024-06-16 19:02:21.234 CST,"raingage","benchmark",54596,"127.0.0.1:48952",666ec5b9.d544,1242,"BEGIN",2024-06-16 19:00:09 CST,5/90,0,LOG,00000,"execute S_3: BEGIN",,,,,,,,,"","client backend"
2024-06-16 19:02:21.248 CST,"raingage","benchmark",54596,"127.0.0.1:48952",666ec5b9.d544,1243,"SELECT",2024-06-16 19:00:09 CST,5/90,0,LOG,00000,"execute S_4: SELECT d_tax, d_next_o_id     FROM bmsql_district     WHERE d_w_id = $1 AND d_id = $2 ","parameters: $1 = '1', $2 = '4'",,,,,,,,"","client backend"
2024-06-16 19:02:21.314 CST,"raingage","benchmark",54596,"127.0.0.1:48952",666ec5b9.d544,1244,"SELECT",2024-06-16 19:00:09 CST,5/90,0,LOG,00000,"execute S_1: SELECT c_discount, c_last, c_credit, w_tax     FROM bmsql_customer     JOIN bmsql_warehouse ON (w_id = c_w_id)     WHERE c_w_id = $1 AND c_d_id = $2 AND c_id = $3","parameters: $1 = '1', $2 = '4', $3 = '21'",,,,,,,,"","client backend"
2024-06-16 19:02:21.376 CST,"raingage","benchmark",54596,"127.0.0.1:48952",666ec5b9.d544,1245,"SELECT",2024-06-16 19:00:09 CST,5/90,0,LOG,00000,"execute S_1: SELECT c_discount, c_last, c_credit, w_tax     FROM bmsql_customer     JOIN bmsql_warehouse ON (w_id = c_w_id)     WHERE c_w_id = $1 AND c_d_id = $2 AND c_id = $3","parameters: $1 = '1', $2 = '4', $3 = '21'",,,,,,,,"","client backend"
2024-06-16 19:02:21.444 CST,"raingage","benchmark",54596,"127.0.0.1:48952",666ec5b9.d544,1246,"SELECT",2024-06-16 19:00:09 CST,5/90,0,LOG,00000,"execute S_1: SELECT c_discount, c_last, c_credit, w_tax     FROM bmsql_customer     JOIN bmsql_warehouse ON (w_id = c_w_id)     WHERE c_w_id = $1 AND c_d_id = $2 AND c_id = $3","parameters: $1 = '1', $2 = '4', $3 = '21'",,,,,,,,"","client backend"
2024-06-16 19:02:21.509 CST,"raingage","benchmark",54596,"127.0.0.1:48952",666ec5b9.d544,1247,"SELECT",2024-06-16 19:00:09 CST,5/90,0,LOG,00000,"execute S_1: SELECT c_discount, c_last, c_credit, w_tax     FROM bmsql_customer     JOIN bmsql_warehouse ON (w_id = c_w_id)     WHERE c_w_id = $1 AND c_d_id = $2 AND c_id = $3","parameters: $1 = '1', $2 = '4', $3 = '21'",,,,,,,,"","client backend"
2024-06-16 19:02:21.522 CST,"raingage","benchmark",54597,"127.0.0.1:48954",666ec5b9.d545,693,"BEGIN",2024-06-16 19:00:09 CST,6/51,0,LOG,00000,"execute S_3: BEGIN",,,,,,,,,"","client backend"
2024-06-16 19:02:21.537 CST,"raingage","benchmark",54597,"127.0.0.1:48954",666ec5b9.d545,694,"SELECT",2024-06-16 19:00:09 CST,6/51,0,LOG,00000,"execute S_4: SELECT d_tax, d_next_o_id     FROM bmsql_district     WHERE d_w_id = $1 AND d_id = $2 ","parameters: $1 = '1', $2 = '4'",,,,,,,,"","client backend"
2024-06-16 19:02:21.576 CST,"raingage","benchmark",54596,"127.0.0.1:48952",666ec5b9.d544,1248,"SELECT",2024-06-16 19:00:09 CST,5/90,0,LOG,00000,"execute S_1: SELECT c_discount, c_last, c_credit, w_tax     FROM bmsql_customer     JOIN bmsql_warehouse ON (w_id = c_w_id)     WHERE c_w_id = $1 AND c_d_id = $2 AND c_id = $3","parameters: $1 = '1', $2 = '4', $3 = '21'",,,,,,,,"","client backend"
2024-06-16 19:02:21.605 CST,"raingage","benchmark",54597,"127.0.0.1:48954",666ec5b9.d545,695,"SELECT",2024-06-16 19:00:09 CST,6/51,0,LOG,00000,"execute S_1: SELECT c_discount, c_last, c_credit, w_tax     FROM bmsql_customer     JOIN bmsql_warehouse ON (w_id = c_w_id)     WHERE c_w_id = $1 AND c_d_id = $2 AND c_id = $3","parameters: $1 = '1', $2 = '4', $3 = '37'",,,,,,,,"","client backend"
2024-06-16 19:02:21.643 CST,"raingage","benchmark",54596,"127.0.0.1:48952",666ec5b9.d544,1249,"SELECT",2024-06-16 19:00:09 CST,5/90,0,LOG,00000,"execute S_1: SELECT c_discount, c_last, c_credit, w_tax     FROM bmsql_customer     JOIN bmsql_warehouse ON (w_id = c_w_id)     WHERE c_w_id = $1 AND c_d_id = $2 AND c_id = $3","parameters: $1 = '1', $2 = '4', $3 = '21'",,,,,,,,"","client backend"
2024-06-16 19:02:21.670 CST,"raingage","benchmark",54597,"127.0.0.1:48954",666ec5b9.d545,696,"SELECT",2024-06-16 19:00:09 CST,6/51,0,LOG,00000,"execute S_1: SELECT c_discount, c_last, c_credit, w_tax     FROM bmsql_customer     JOIN bmsql_warehouse ON (w_id = c_w_id)     WHERE c_w_id = $1 AND c_d_id = $2 AND c_id = $3","parameters: $1 = '1', $2 = '4', $3 = '37'",,,,,,,,"","client backend"
2024-06-16 19:02:21.712 CST,"raingage","benchmark",54596,"127.0.0.1:48952",666ec5b9.d544,1250,"SELECT",2024-06-16 19:00:09 CST,5/90,0,LOG,00000,"execute S_1: SELECT c_discount, c_last, c_credit, w_tax     FROM bmsql_customer     JOIN bmsql_warehouse ON (w_id = c_w_id)     WHERE c_w_id = $1 AND c_d_id = $2 AND c_id = $3","parameters: $1 = '1', $2 = '4', $3 = '21'",,,,,,,,"","client backend"
2024-06-16 19:02:21.738 CST,"raingage","benchmark",54597,"127.0.0.1:48954",666ec5b9.d545,697,"SELECT",2024-06-16 19:00:09 CST,6/51,0,LOG,00000,"execute S_1: SELECT c_discount, c_last, c_credit, w_tax     FROM bmsql_customer     JOIN bmsql_warehouse ON (w_id = c_w_id)     WHERE c_w_id = $1 AND c_d_id = $2 AND c_id = $3","parameters: $1 = '1', $2 = '4', $3 = '37'",,,,,,,,"","client backend"
2024-06-16 19:02:21.783 CST,"raingage","benchmark",54596,"127.0.0.1:48952",666ec5b9.d544,1251,"SELECT",2024-06-16 19:00:09 CST,5/90,0,LOG,00000,"execute S_1: SELECT c_discount, c_last, c_credit, w_tax     FROM bmsql_customer     JOIN bmsql_warehouse ON (w_id = c_w_id)     WHERE c_w_id = $1 AND c_d_id = $2 AND c_id = $3","parameters: $1 = '1', $2 = '4', $3 = '21'",,,,,,,,"","client backend"
2024-06-16 19:02:21.800 CST,"raingage","benchmark",54596,"127.0.0.1:48952",666ec5b9.d544,1252,"SELECT",2024-06-16 19:00:09 CST,5/90,0,LOG,00000,"execute S_5: SELECT i_price, i_name, i_data     FROM bmsql_item     WHERE i_id = $1","parameters: $1 = '47'",,,,,,,,"","client backend"
2024-06-16 19:02:21.800 CST,"raingage","benchmark",54597,"127.0.0.1:48954",666ec5b9.d545,698,"SELECT",2024-06-16 19:00:09 CST,6/51,0,LOG,00000,"execute S_1: SELECT c_discount, c_last, c_credit, w_tax     FROM bmsql_customer     JOIN bmsql_warehouse ON (w_id = c_w_id)     WHERE c_w_id = $1 AND c_d_id = $2 AND c_id = $3","parameters: $1 = '1', $2 = '4', $3 = '37'",,,,,,,,"","client backend"
2024-06-16 19:02:21.820 CST,"raingage","benchmark",54596,"127.0.0.1:48952",666ec5b9.d544,1253,"SELECT",2024-06-16 19:00:09 CST,5/90,0,LOG,00000,"execute S_6: SELECT s_quantity, s_data,        s_dist_01, s_dist_02, s_dist_03, s_dist_04,        s_dist_05, s_dist_06, s_dist_07, s_dist_08,        s_dist_09, s_dist_10     FROM bmsql_stock     WHERE s_w_id = $1 AND s_i_id = $2 ","parameters: $1 = '1', $2 = '47'",,,,,,,,"","client backend"
2024-06-16 19:02:21.841 CST,"raingage","benchmark",54596,"127.0.0.1:48952",666ec5b9.d544,1254,"UPDATE",2024-06-16 19:00:09 CST,5/90,0,LOG,00000,"execute S_7: UPDATE bmsql_stock     SET s_quantity = $1, s_ytd = s_ytd + $2,         s_order_cnt = s_order_cnt + 1,         s_remote_cnt = s_remote_cnt + $3     WHERE s_w_id = $4 AND s_i_id = $5","parameters: $1 = '46', $2 = '4', $3 = '0', $4 = '1', $5 = '47'",,,,,,,,"","client backend"
2024-06-16 19:02:21.861 CST,"raingage","benchmark",54596,"127.0.0.1:48952",666ec5b9.d544,1255,"COMMIT",2024-06-16 19:00:09 CST,5/90,115515,LOG,00000,"execute S_2: COMMIT",,,,,,,,,"","client backend"
2024-06-16 19:02:21.865 CST,"raingage","benchmark",54597,"127.0.0.1:48954",666ec5b9.d545,699,"SELECT",2024-06-16 19:00:09 CST,6/51,0,LOG,00000,"execute S_1: SELECT c_discount, c_last, c_credit, w_tax     FROM bmsql_customer     JOIN bmsql_warehouse ON (w_id = c_w_id)     WHERE c_w_id = $1 AND c_d_id = $2 AND c_id = $3","parameters: $1 = '1', $2 = '4', $3 = '37'",,,,,,,,"","client backend"
2024-06-16 19:02:21.883 CST,"raingage","benchmark",54596,"127.0.0.1:48952",666ec5b9.d544,1256,"BEGIN",2024-06-16 19:00:09 CST,5/91,0,LOG,00000,"execute S_3: BEGIN",,,,,,,,,"","client backend"
2024-06-16 19:02:21.903 CST,"raingage","benchmark",54596,"127.0.0.1:48952",666ec5b9.d544,1257,"SELECT",2024-06-16 19:00:09 CST,5/91,0,LOG,00000,"execute S_4: SELECT d_tax, d_next_o_id     FROM bmsql_district     WHERE d_w_id = $1 AND d_id = $2 ","parameters: $1 = '1', $2 = '4'",,,,,,,,"","client backend"
2024-06-16 19:02:21.933 CST,"raingage","benchmark",54597,"127.0.0.1:48954",666ec5b9.d545,700,"SELECT",2024-06-16 19:00:09 CST,6/51,0,LOG,00000,"execute S_1: SELECT c_discount, c_last, c_credit, w_tax     FROM bmsql_customer     JOIN bmsql_warehouse ON (w_id = c_w_id)     WHERE c_w_id = $1 AND c_d_id = $2 AND c_id = $3","parameters: $1 = '1', $2 = '4', $3 = '37'",,,,,,,,"","client backend"
2024-06-16 19:02:21.969 CST,"raingage","benchmark",54596,"127.0.0.1:48952",666ec5b9.d544,1258,"SELECT",2024-06-16 19:00:09 CST,5/91,0,LOG,00000,"execute S_1: SELECT c_discount, c_last, c_credit, w_tax     FROM bmsql_customer     JOIN bmsql_warehouse ON (w_id = c_w_id)     WHERE c_w_id = $1 AND c_d_id = $2 AND c_id = $3","parameters: $1 = '1', $2 = '4', $3 = '15'",,,,,,,,"","client backend"
2024-06-16 19:02:22.003 CST,"raingage","benchmark",54597,"127.0.0.1:48954",666ec5b9.d545,701,"SELECT",2024-06-16 19:00:09 CST,6/51,0,LOG,00000,"execute S_1: SELECT c_discount, c_last, c_credit, w_tax     FROM bmsql_customer     JOIN bmsql_warehouse ON (w_id = c_w_id)     WHERE c_w_id = $1 AND c_d_id = $2 AND c_id = $3","parameters: $1 = '1', $2 = '4', $3 = '37'",,,,,,,,"","client backend"
2024-06-16 19:02:22.040 CST,"raingage","benchmark",54596,"127.0.0.1:48952",666ec5b9.d544,1259,"SELECT",2024-06-16 19:00:09 CST,5/91,0,LOG,00000,"execute S_1: SELECT c_discount, c_last, c_credit, w_tax     FROM bmsql_customer     JOIN bmsql_warehouse ON (w_id = c_w_id)     WHERE c_w_id = $1 AND c_d_id = $2 AND c_id = $3","parameters: $1 = '1', $2 = '4', $3 = '15'",,,,,,,,"","client backend"
2024-06-16 19:02:22.069 CST,"raingage","benchmark",54597,"127.0.0.1:48954",666ec5b9.d545,702,"SELECT",2024-06-16 19:00:09 CST,6/51,0,LOG,00000,"execute S_1: SELECT c_discount, c_last, c_credit, w_tax     FROM bmsql_customer     JOIN bmsql_warehouse ON (w_id = c_w_id)     WHERE c_w_id = $1 AND c_d_id = $2 AND c_id = $3","parameters: $1 = '1', $2 = '4', $3 = '37'",,,,,,,,"","client backend"
2024-06-16 19:02:22.084 CST,"raingage","benchmark",54597,"127.0.0.1:48954",666ec5b9.d545,703,"SELECT",2024-06-16 19:00:09 CST,6/51,0,LOG,00000,"execute S_5: SELECT i_price, i_name, i_data     FROM bmsql_item     WHERE i_id = $1","parameters: $1 = '21'",,,,,,,,"","client backend"
2024-06-16 19:02:22.099 CST,"raingage","benchmark",54597,"127.0.0.1:48954",666ec5b9.d545,704,"SELECT",2024-06-16 19:00:09 CST,6/51,0,LOG,00000,"execute S_6: SELECT s_quantity, s_data,        s_dist_01, s_dist_02, s_dist_03, s_dist_04,        s_dist_05, s_dist_06, s_dist_07, s_dist_08,        s_dist_09, s_dist_10     FROM bmsql_stock     WHERE s_w_id = $1 AND s_i_id = $2 ","parameters: $1 = '1', $2 = '21'",,,,,,,,"","client backend"
2024-06-16 19:02:22.109 CST,"raingage","benchmark",54596,"127.0.0.1:48952",666ec5b9.d544,1260,"SELECT",2024-06-16 19:00:09 CST,5/91,0,LOG,00000,"execute S_1: SELECT c_discount, c_last, c_credit, w_tax     FROM bmsql_customer     JOIN bmsql_warehouse ON (w_id = c_w_id)     WHERE c_w_id = $1 AND c_d_id = $2 AND c_id = $3","parameters: $1 = '1', $2 = '4', $3 = '15'",,,,,,,,"","client backend"
2024-06-16 19:02:22.118 CST,"raingage","benchmark",54597,"127.0.0.1:48954",666ec5b9.d545,705,"UPDATE",2024-06-16 19:00:09 CST,6/51,0,LOG,00000,"execute S_7: UPDATE bmsql_stock     SET s_quantity = $1, s_ytd = s_ytd + $2,         s_order_cnt = s_order_cnt + 1,         s_remote_cnt = s_remote_cnt + $3     WHERE s_w_id = $4 AND s_i_id = $5","parameters: $1 = '58', $2 = '4', $3 = '0', $4 = '1', $5 = '21'",,,,,,,,"","client backend"
2024-06-16 19:02:22.133 CST,"raingage","benchmark",54597,"127.0.0.1:48954",666ec5b9.d545,706,"COMMIT",2024-06-16 19:00:09 CST,6/51,115516,LOG,00000,"execute S_2: COMMIT",,,,,,,,,"","client backend"
2024-06-16 19:02:22.153 CST,"raingage","benchmark",54597,"127.0.0.1:48954",666ec5b9.d545,707,"BEGIN",2024-06-16 19:00:09 CST,6/52,0,LOG,00000,"execute S_3: BEGIN",,,,,,,,,"","client backend"
2024-06-16 19:02:22.172 CST,"raingage","benchmark",54597,"127.0.0.1:48954",666ec5b9.d545,708,"SELECT",2024-06-16 19:00:09 CST,6/52,0,LOG,00000,"execute S_4: SELECT d_tax, d_next_o_id     FROM bmsql_district     WHERE d_w_id = $1 AND d_id = $2 ","parameters: $1 = '1', $2 = '4'",,,,,,,,"","client backend"
2024-06-16 19:02:22.178 CST,"raingage","benchmark",54596,"127.0.0.1:48952",666ec5b9.d544,1261,"SELECT",2024-06-16 19:00:09 CST,5/91,0,LOG,00000,"execute S_1: SELECT c_discount, c_last, c_credit, w_tax     FROM bmsql_customer     JOIN bmsql_warehouse ON (w_id = c_w_id)     WHERE c_w_id = $1 AND c_d_id = $2 AND c_id = $3","parameters: $1 = '1', $2 = '4', $3 = '15'",,,,,,,,"","client backend"
2024-06-16 19:02:22.241 CST,"raingage","benchmark",54596,"127.0.0.1:48952",666ec5b9.d544,1262,"SELECT",2024-06-16 19:00:09 CST,5/91,0,LOG,00000,"execute S_1: SELECT c_discount, c_last, c_credit, w_tax     FROM bmsql_customer     JOIN bmsql_warehouse ON (w_id = c_w_id)     WHERE c_w_id = $1 AND c_d_id = $2 AND c_id = $3","parameters: $1 = '1', $2 = '4', $3 = '15'",,,,,,,,"","client backend"
2024-06-16 19:02:22.311 CST,"raingage","benchmark",54596,"127.0.0.1:48952",666ec5b9.d544,1263,"SELECT",2024-06-16 19:00:09 CST,5/91,0,LOG,00000,"execute S_1: SELECT c_discount, c_last, c_credit, w_tax     FROM bmsql_customer     JOIN bmsql_warehouse ON (w_id = c_w_id)     WHERE c_w_id = $1 AND c_d_id = $2 AND c_id = $3","parameters: $1 = '1', $2 = '4', $3 = '15'",,,,,,,,"","client backend"
2024-06-16 19:02:22.381 CST,"raingage","benchmark",54596,"127.0.0.1:48952",666ec5b9.d544,1264,"SELECT",2024-06-16 19:00:09 CST,5/91,0,LOG,00000,"execute S_1: SELECT c_discount, c_last, c_credit, w_tax     FROM bmsql_customer     JOIN bmsql_warehouse ON (w_id = c_w_id)     WHERE c_w_id = $1 AND c_d_id = $2 AND c_id = $3","parameters: $1 = '1', $2 = '4', $3 = '15'",,,,,,,,"","client backend"
2024-06-16 19:02:22.447 CST,"raingage","benchmark",54596,"127.0.0.1:48952",666ec5b9.d544,1265,"SELECT",2024-06-16 19:00:09 CST,5/91,0,LOG,00000,"execute S_1: SELECT c_discount, c_last, c_credit, w_tax     FROM bmsql_customer     JOIN bmsql_warehouse ON (w_id = c_w_id)     WHERE c_w_id = $1 AND c_d_id = $2 AND c_id = $3","parameters: $1 = '1', $2 = '4', $3 = '15'",,,,,,,,"","client backend"
2024-06-16 19:02:22.464 CST,"raingage","benchmark",54596,"127.0.0.1:48952",666ec5b9.d544,1266,"SELECT",2024-06-16 19:00:09 CST,5/91,0,LOG,00000,"execute S_5: SELECT i_price, i_name, i_data     FROM bmsql_item     WHERE i_id = $1","parameters: $1 = '14'",,,,,,,,"","client backend"
2024-06-16 19:02:22.481 CST,"raingage","benchmark",54596,"127.0.0.1:48952",666ec5b9.d544,1267,"SELECT",2024-06-16 19:00:09 CST,5/91,0,LOG,00000,"execute S_6: SELECT s_quantity, s_data,        s_dist_01, s_dist_02, s_dist_03, s_dist_04,        s_dist_05, s_dist_06, s_dist_07, s_dist_08,        s_dist_09, s_dist_10     FROM bmsql_stock     WHERE s_w_id = $1 AND s_i_id = $2 ","parameters: $1 = '1', $2 = '14'",,,,,,,,"","client backend"
2024-06-16 19:02:22.501 CST,"raingage","benchmark",54596,"127.0.0.1:48952",666ec5b9.d544,1268,"UPDATE",2024-06-16 19:00:09 CST,5/91,0,LOG,00000,"execute S_7: UPDATE bmsql_stock     SET s_quantity = $1, s_ytd = s_ytd + $2,         s_order_cnt = s_order_cnt + 1,         s_remote_cnt = s_remote_cnt + $3     WHERE s_w_id = $4 AND s_i_id = $5","parameters: $1 = '64', $2 = '4', $3 = '0', $4 = '1', $5 = '14'",,,,,,,,"","client backend"
2024-06-16 19:02:22.517 CST,"raingage","benchmark",54596,"127.0.0.1:48952",666ec5b9.d544,1269,"COMMIT",2024-06-16 19:00:09 CST,5/91,115517,LOG,00000,"execute S_2: COMMIT",,,,,,,,,"","client backend"
2024-06-16 19:02:22.518 CST,"raingage","benchmark",54597,"127.0.0.1:48954",666ec5b9.d545,709,"SELECT",2024-06-16 19:00:09 CST,6/52,0,LOG,00000,"execute S_1: SELECT c_discount, c_last, c_credit, w_tax     FROM bmsql_customer     JOIN bmsql_warehouse ON (w_id = c_w_id)     WHERE c_w_id = $1 AND c_d_id = $2 AND c_id = $3","parameters: $1 = '1', $2 = '4', $3 = '15'",,,,,,,,"","client backend"
2024-06-16 19:02:22.581 CST,"raingage","benchmark",54597,"127.0.0.1:48954",666ec5b9.d545,710,"SELECT",2024-06-16 19:00:09 CST,6/52,0,LOG,00000,"execute S_1: SELECT c_discount, c_last, c_credit, w_tax     FROM bmsql_customer     JOIN bmsql_warehouse ON (w_id = c_w_id)     WHERE c_w_id = $1 AND c_d_id = $2 AND c_id = $3","parameters: $1 = '1', $2 = '4', $3 = '15'",,,,,,,,"","client backend"
2024-06-16 19:02:22.646 CST,"raingage","benchmark",54597,"127.0.0.1:48954",666ec5b9.d545,711,"SELECT",2024-06-16 19:00:09 CST,6/52,0,LOG,00000,"execute S_1: SELECT c_discount, c_last, c_credit, w_tax     FROM bmsql_customer     JOIN bmsql_warehouse ON (w_id = c_w_id)     WHERE c_w_id = $1 AND c_d_id = $2 AND c_id = $3","parameters: $1 = '1', $2 = '4', $3 = '15'",,,,,,,,"","client backend"
2024-06-16 19:02:22.713 CST,"raingage","benchmark",54597,"127.0.0.1:48954",666ec5b9.d545,712,"SELECT",2024-06-16 19:00:09 CST,6/52,0,LOG,00000,"execute S_1: SELECT c_discount, c_last, c_credit, w_tax     FROM bmsql_customer     JOIN bmsql_warehouse ON (w_id = c_w_id)     WHERE c_w_id = $1 AND c_d_id = $2 AND c_id = $3","parameters: $1 = '1', $2 = '4', $3 = '15'",,,,,,,,"","client backend"
2024-06-16 19:02:22.778 CST,"raingage","benchmark",54597,"127.0.0.1:48954",666ec5b9.d545,713,"SELECT",2024-06-16 19:00:09 CST,6/52,0,LOG,00000,"execute S_1: SELECT c_discount, c_last, c_credit, w_tax     FROM bmsql_customer     JOIN bmsql_warehouse ON (w_id = c_w_id)     WHERE c_w_id = $1 AND c_d_id = $2 AND c_id = $3","parameters: $1 = '1', $2 = '4', $3 = '15'",,,,,,,,"","client backend"
2024-06-16 19:02:22.843 CST,"raingage","benchmark",54597,"127.0.0.1:48954",666ec5b9.d545,714,"SELECT",2024-06-16 19:00:09 CST,6/52,0,LOG,00000,"execute S_1: SELECT c_discount, c_last, c_credit, w_tax     FROM bmsql_customer     JOIN bmsql_warehouse ON (w_id = c_w_id)     WHERE c_w_id = $1 AND c_d_id = $2 AND c_id = $3","parameters: $1 = '1', $2 = '4', $3 = '15'",,,,,,,,"","client backend"
2024-06-16 19:02:22.915 CST,"raingage","benchmark",54597,"127.0.0.1:48954",666ec5b9.d545,715,"SELECT",2024-06-16 19:00:09 CST,6/52,0,LOG,00000,"execute S_1: SELECT c_discount, c_last, c_credit, w_tax     FROM bmsql_customer     JOIN bmsql_warehouse ON (w_id = c_w_id)     WHERE c_w_id = $1 AND c_d_id = $2 AND c_id = $3","parameters: $1 = '1', $2 = '4', $3 = '15'",,,,,,,,"","client backend"
2024-06-16 19:02:22.979 CST,"raingage","benchmark",54597,"127.0.0.1:48954",666ec5b9.d545,716,"SELECT",2024-06-16 19:00:09 CST,6/52,0,LOG,00000,"execute S_1: SELECT c_discount, c_last, c_credit, w_tax     FROM bmsql_customer     JOIN bmsql_warehouse ON (w_id = c_w_id)     WHERE c_w_id = $1 AND c_d_id = $2 AND c_id = $3","parameters: $1 = '1', $2 = '4', $3 = '15'",,,,,,,,"","client backend"
2024-06-16 19:02:22.997 CST,"raingage","benchmark",54597,"127.0.0.1:48954",666ec5b9.d545,717,"SELECT",2024-06-16 19:00:09 CST,6/52,0,LOG,00000,"execute S_5: SELECT i_price, i_name, i_data     FROM bmsql_item     WHERE i_id = $1","parameters: $1 = '14'",,,,,,,,"","client backend"
2024-06-16 19:02:23.015 CST,"raingage","benchmark",54597,"127.0.0.1:48954",666ec5b9.d545,718,"SELECT",2024-06-16 19:00:09 CST,6/52,0,LOG,00000,"execute S_6: SELECT s_quantity, s_data,        s_dist_01, s_dist_02, s_dist_03, s_dist_04,        s_dist_05, s_dist_06, s_dist_07, s_dist_08,        s_dist_09, s_dist_10     FROM bmsql_stock     WHERE s_w_id = $1 AND s_i_id = $2 ","parameters: $1 = '1', $2 = '14'",,,,,,,,"","client backend"
2024-06-16 19:02:23.029 CST,"raingage","benchmark",54597,"127.0.0.1:48954",666ec5b9.d545,719,"UPDATE",2024-06-16 19:00:09 CST,6/52,0,LOG,00000,"execute S_7: UPDATE bmsql_stock     SET s_quantity = $1, s_ytd = s_ytd + $2,         s_order_cnt = s_order_cnt + 1,         s_remote_cnt = s_remote_cnt + $3     WHERE s_w_id = $4 AND s_i_id = $5","parameters: $1 = '67', $2 = '1', $3 = '0', $4 = '1', $5 = '14'",,,,,,,,"","client backend"
2024-06-16 19:02:23.041 CST,"raingage","benchmark",54597,"127.0.0.1:48954",666ec5b9.d545,720,"COMMIT",2024-06-16 19:00:09 CST,6/52,115518,LOG,00000,"execute S_2: COMMIT",,,,,,,,,"","client backend"
2024-06-16 19:02:23.042 CST,"raingage","benchmark",54597,"127.0.0.1:48954",666ec5b9.d545,721,"COMMIT",2024-06-16 19:00:09 CST,6/0,115518,WARNING,01000,"registered snapshots seem to remain after cleanup",,,,,,,,,"","client backend"
2024-06-16 19:02:26.533 CST,"raingage","benchmark",54598,"127.0.0.1:48956",666ec5b9.d546,791,"BEGIN",2024-06-16 19:00:09 CST,7/58,0,LOG,00000,"execute S_3: BEGIN",,,,,,,,,"","client backend"
2024-06-16 19:02:26.545 CST,"raingage","benchmark",54598,"127.0.0.1:48956",666ec5b9.d546,792,"SELECT",2024-06-16 19:00:09 CST,7/58,0,LOG,00000,"execute S_4: SELECT d_tax, d_next_o_id     FROM bmsql_district     WHERE d_w_id = $1 AND d_id = $2 ","parameters: $1 = '1', $2 = '2'",,,,,,,,"","client backend"
2024-06-16 19:02:26.617 CST,"raingage","benchmark",54598,"127.0.0.1:48956",666ec5b9.d546,793,"SELECT",2024-06-16 19:00:09 CST,7/58,0,LOG,00000,"execute S_1: SELECT c_discount, c_last, c_credit, w_tax     FROM bmsql_customer     JOIN bmsql_warehouse ON (w_id = c_w_id)     WHERE c_w_id = $1 AND c_d_id = $2 AND c_id = $3","parameters: $1 = '1', $2 = '2', $3 = '45'",,,,,,,,"","client backend"
2024-06-16 19:02:26.686 CST,"raingage","benchmark",54598,"127.0.0.1:48956",666ec5b9.d546,794,"SELECT",2024-06-16 19:00:09 CST,7/58,0,LOG,00000,"execute S_1: SELECT c_discount, c_last, c_credit, w_tax     FROM bmsql_customer     JOIN bmsql_warehouse ON (w_id = c_w_id)     WHERE c_w_id = $1 AND c_d_id = $2 AND c_id = $3","parameters: $1 = '1', $2 = '2', $3 = '45'",,,,,,,,"","client backend"
2024-06-16 19:02:26.751 CST,"raingage","benchmark",54598,"127.0.0.1:48956",666ec5b9.d546,795,"SELECT",2024-06-16 19:00:09 CST,7/58,0,LOG,00000,"execute S_1: SELECT c_discount, c_last, c_credit, w_tax     FROM bmsql_customer     JOIN bmsql_warehouse ON (w_id = c_w_id)     WHERE c_w_id = $1 AND c_d_id = $2 AND c_id = $3","parameters: $1 = '1', $2 = '2', $3 = '45'",,,,,,,,"","client backend"
2024-06-16 19:02:26.817 CST,"raingage","benchmark",54598,"127.0.0.1:48956",666ec5b9.d546,796,"SELECT",2024-06-16 19:00:09 CST,7/58,0,LOG,00000,"execute S_1: SELECT c_discount, c_last, c_credit, w_tax     FROM bmsql_customer     JOIN bmsql_warehouse ON (w_id = c_w_id)     WHERE c_w_id = $1 AND c_d_id = $2 AND c_id = $3","parameters: $1 = '1', $2 = '2', $3 = '45'",,,,,,,,"","client backend"
2024-06-16 19:02:26.884 CST,"raingage","benchmark",54598,"127.0.0.1:48956",666ec5b9.d546,797,"SELECT",2024-06-16 19:00:09 CST,7/58,0,LOG,00000,"execute S_1: SELECT c_discount, c_last, c_credit, w_tax     FROM bmsql_customer     JOIN bmsql_warehouse ON (w_id = c_w_id)     WHERE c_w_id = $1 AND c_d_id = $2 AND c_id = $3","parameters: $1 = '1', $2 = '2', $3 = '45'",,,,,,,,"","client backend"
2024-06-16 19:02:26.951 CST,"raingage","benchmark",54598,"127.0.0.1:48956",666ec5b9.d546,798,"SELECT",2024-06-16 19:00:09 CST,7/58,0,LOG,00000,"execute S_1: SELECT c_discount, c_last, c_credit, w_tax     FROM bmsql_customer     JOIN bmsql_warehouse ON (w_id = c_w_id)     WHERE c_w_id = $1 AND c_d_id = $2 AND c_id = $3","parameters: $1 = '1', $2 = '2', $3 = '45'",,,,,,,,"","client backend"
2024-06-16 19:02:27.021 CST,"raingage","benchmark",54598,"127.0.0.1:48956",666ec5b9.d546,799,"SELECT",2024-06-16 19:00:09 CST,7/58,0,LOG,00000,"execute S_1: SELECT c_discount, c_last, c_credit, w_tax     FROM bmsql_customer     JOIN bmsql_warehouse ON (w_id = c_w_id)     WHERE c_w_id = $1 AND c_d_id = $2 AND c_id = $3","parameters: $1 = '1', $2 = '2', $3 = '45'",,,,,,,,"","client backend"
2024-06-16 19:02:27.085 CST,"raingage","benchmark",54598,"127.0.0.1:48956",666ec5b9.d546,800,"SELECT",2024-06-16 19:00:09 CST,7/58,0,LOG,00000,"execute S_1: SELECT c_discount, c_last, c_credit, w_tax     FROM bmsql_customer     JOIN bmsql_warehouse ON (w_id = c_w_id)     WHERE c_w_id = $1 AND c_d_id = $2 AND c_id = $3","parameters: $1 = '1', $2 = '2', $3 = '45'",,,,,,,,"","client backend"
2024-06-16 19:02:27.098 CST,"raingage","benchmark",54598,"127.0.0.1:48956",666ec5b9.d546,801,"SELECT",2024-06-16 19:00:09 CST,7/58,0,LOG,00000,"execute S_5: SELECT i_price, i_name, i_data     FROM bmsql_item     WHERE i_id = $1","parameters: $1 = '72'",,,,,,,,"","client backend"
2024-06-16 19:02:27.116 CST,"raingage","benchmark",54598,"127.0.0.1:48956",666ec5b9.d546,802,"SELECT",2024-06-16 19:00:09 CST,7/58,0,LOG,00000,"execute S_6: SELECT s_quantity, s_data,        s_dist_01, s_dist_02, s_dist_03, s_dist_04,        s_dist_05, s_dist_06, s_dist_07, s_dist_08,        s_dist_09, s_dist_10     FROM bmsql_stock     WHERE s_w_id = $1 AND s_i_id = $2 ","parameters: $1 = '1', $2 = '72'",,,,,,,,"","client backend"
2024-06-16 19:02:27.128 CST,"raingage","benchmark",54598,"127.0.0.1:48956",666ec5b9.d546,803,"UPDATE",2024-06-16 19:00:09 CST,7/58,0,LOG,00000,"execute S_7: UPDATE bmsql_stock     SET s_quantity = $1, s_ytd = s_ytd + $2,         s_order_cnt = s_order_cnt + 1,         s_remote_cnt = s_remote_cnt + $3     WHERE s_w_id = $4 AND s_i_id = $5","parameters: $1 = '60', $2 = '3', $3 = '0', $4 = '1', $5 = '72'",,,,,,,,"","client backend"
2024-06-16 19:02:27.148 CST,"raingage","benchmark",54598,"127.0.0.1:48956",666ec5b9.d546,804,"COMMIT",2024-06-16 19:00:09 CST,7/58,115519,LOG,00000,"execute S_2: COMMIT",,,,,,,,,"","client backend"
2024-06-16 19:02:27.172 CST,"raingage","benchmark",54598,"127.0.0.1:48956",666ec5b9.d546,805,"BEGIN",2024-06-16 19:00:09 CST,7/59,0,LOG,00000,"execute S_3: BEGIN",,,,,,,,,"","client backend"
2024-06-16 19:02:27.185 CST,"raingage","benchmark",54598,"127.0.0.1:48956",666ec5b9.d546,806,"SELECT",2024-06-16 19:00:09 CST,7/59,0,LOG,00000,"execute S_4: SELECT d_tax, d_next_o_id     FROM bmsql_district     WHERE d_w_id = $1 AND d_id = $2 ","parameters: $1 = '1', $2 = '4'",,,,,,,,"","client backend"
2024-06-16 19:02:27.257 CST,"raingage","benchmark",54598,"127.0.0.1:48956",666ec5b9.d546,807,"SELECT",2024-06-16 19:00:09 CST,7/59,0,LOG,00000,"execute S_1: SELECT c_discount, c_last, c_credit, w_tax     FROM bmsql_customer     JOIN bmsql_warehouse ON (w_id = c_w_id)     WHERE c_w_id = $1 AND c_d_id = $2 AND c_id = $3","parameters: $1 = '1', $2 = '4', $3 = '9'",,,,,,,,"","client backend"
2024-06-16 19:02:27.322 CST,"raingage","benchmark",54598,"127.0.0.1:48956",666ec5b9.d546,808,"SELECT",2024-06-16 19:00:09 CST,7/59,0,LOG,00000,"execute S_1: SELECT c_discount, c_last, c_credit, w_tax     FROM bmsql_customer     JOIN bmsql_warehouse ON (w_id = c_w_id)     WHERE c_w_id = $1 AND c_d_id = $2 AND c_id = $3","parameters: $1 = '1', $2 = '4', $3 = '9'",,,,,,,,"","client backend"
2024-06-16 19:02:27.389 CST,"raingage","benchmark",54598,"127.0.0.1:48956",666ec5b9.d546,809,"SELECT",2024-06-16 19:00:09 CST,7/59,0,LOG,00000,"execute S_1: SELECT c_discount, c_last, c_credit, w_tax     FROM bmsql_customer     JOIN bmsql_warehouse ON (w_id = c_w_id)     WHERE c_w_id = $1 AND c_d_id = $2 AND c_id = $3","parameters: $1 = '1', $2 = '4', $3 = '9'",,,,,,,,"","client backend"
2024-06-16 19:02:27.454 CST,"raingage","benchmark",54598,"127.0.0.1:48956",666ec5b9.d546,810,"SELECT",2024-06-16 19:00:09 CST,7/59,0,LOG,00000,"execute S_1: SELECT c_discount, c_last, c_credit, w_tax     FROM bmsql_customer     JOIN bmsql_warehouse ON (w_id = c_w_id)     WHERE c_w_id = $1 AND c_d_id = $2 AND c_id = $3","parameters: $1 = '1', $2 = '4', $3 = '9'",,,,,,,,"","client backend"
2024-06-16 19:02:27.523 CST,"raingage","benchmark",54598,"127.0.0.1:48956",666ec5b9.d546,811,"SELECT",2024-06-16 19:00:09 CST,7/59,0,LOG,00000,"execute S_1: SELECT c_discount, c_last, c_credit, w_tax     FROM bmsql_customer     JOIN bmsql_warehouse ON (w_id = c_w_id)     WHERE c_w_id = $1 AND c_d_id = $2 AND c_id = $3","parameters: $1 = '1', $2 = '4', $3 = '9'",,,,,,,,"","client backend"
2024-06-16 19:02:27.593 CST,"raingage","benchmark",54598,"127.0.0.1:48956",666ec5b9.d546,812,"SELECT",2024-06-16 19:00:09 CST,7/59,0,LOG,00000,"execute S_1: SELECT c_discount, c_last, c_credit, w_tax     FROM bmsql_customer     JOIN bmsql_warehouse ON (w_id = c_w_id)     WHERE c_w_id = $1 AND c_d_id = $2 AND c_id = $3","parameters: $1 = '1', $2 = '4', $3 = '9'",,,,,,,,"","client backend"
2024-06-16 19:02:27.663 CST,"raingage","benchmark",54598,"127.0.0.1:48956",666ec5b9.d546,813,"SELECT",2024-06-16 19:00:09 CST,7/59,0,LOG,00000,"execute S_1: SELECT c_discount, c_last, c_credit, w_tax     FROM bmsql_customer     JOIN bmsql_warehouse ON (w_id = c_w_id)     WHERE c_w_id = $1 AND c_d_id = $2 AND c_id = $3","parameters: $1 = '1', $2 = '4', $3 = '9'",,,,,,,,"","client backend"
2024-06-16 19:02:27.705 CST,"raingage","benchmark",54599,"127.0.0.1:48958",666ec5b9.d547,967,"BEGIN",2024-06-16 19:00:09 CST,8/70,0,LOG,00000,"execute S_3: BEGIN",,,,,,,,,"","client backend"
2024-06-16 19:02:27.724 CST,"raingage","benchmark",54599,"127.0.0.1:48958",666ec5b9.d547,968,"SELECT",2024-06-16 19:00:09 CST,8/70,0,LOG,00000,"execute S_4: SELECT d_tax, d_next_o_id     FROM bmsql_district     WHERE d_w_id = $1 AND d_id = $2 ","parameters: $1 = '1', $2 = '1'",,,,,,,,"","client backend"
2024-06-16 19:02:27.734 CST,"raingage","benchmark",54598,"127.0.0.1:48956",666ec5b9.d546,814,"SELECT",2024-06-16 19:00:09 CST,7/59,0,LOG,00000,"execute S_1: SELECT c_discount, c_last, c_credit, w_tax     FROM bmsql_customer     JOIN bmsql_warehouse ON (w_id = c_w_id)     WHERE c_w_id = $1 AND c_d_id = $2 AND c_id = $3","parameters: $1 = '1', $2 = '4', $3 = '9'",,,,,,,,"","client backend"
2024-06-16 19:02:27.751 CST,"raingage","benchmark",54598,"127.0.0.1:48956",666ec5b9.d546,815,"SELECT",2024-06-16 19:00:09 CST,7/59,0,LOG,00000,"execute S_5: SELECT i_price, i_name, i_data     FROM bmsql_item     WHERE i_id = $1","parameters: $1 = '26'",,,,,,,,"","client backend"
2024-06-16 19:02:27.772 CST,"raingage","benchmark",54598,"127.0.0.1:48956",666ec5b9.d546,816,"SELECT",2024-06-16 19:00:09 CST,7/59,0,LOG,00000,"execute S_6: SELECT s_quantity, s_data,        s_dist_01, s_dist_02, s_dist_03, s_dist_04,        s_dist_05, s_dist_06, s_dist_07, s_dist_08,        s_dist_09, s_dist_10     FROM bmsql_stock     WHERE s_w_id = $1 AND s_i_id = $2 ","parameters: $1 = '1', $2 = '26'",,,,,,,,"","client backend"
2024-06-16 19:02:27.785 CST,"raingage","benchmark",54598,"127.0.0.1:48956",666ec5b9.d546,817,"UPDATE",2024-06-16 19:00:09 CST,7/59,0,LOG,00000,"execute S_7: UPDATE bmsql_stock     SET s_quantity = $1, s_ytd = s_ytd + $2,         s_order_cnt = s_order_cnt + 1,         s_remote_cnt = s_remote_cnt + $3     WHERE s_w_id = $4 AND s_i_id = $5","parameters: $1 = '101', $2 = '3', $3 = '0', $4 = '1', $5 = '26'",,,,,,,,"","client backend"
2024-06-16 19:02:27.791 CST,"raingage","benchmark",54599,"127.0.0.1:48958",666ec5b9.d547,969,"SELECT",2024-06-16 19:00:09 CST,8/70,0,LOG,00000,"execute S_1: SELECT c_discount, c_last, c_credit, w_tax     FROM bmsql_customer     JOIN bmsql_warehouse ON (w_id = c_w_id)     WHERE c_w_id = $1 AND c_d_id = $2 AND c_id = $3","parameters: $1 = '1', $2 = '1', $3 = '87'",,,,,,,,"","client backend"
2024-06-16 19:02:27.804 CST,"raingage","benchmark",54598,"127.0.0.1:48956",666ec5b9.d546,818,"COMMIT",2024-06-16 19:00:09 CST,7/59,115520,LOG,00000,"execute S_2: COMMIT",,,,,,,,,"","client backend"
2024-06-16 19:02:27.823 CST,"raingage","benchmark",54598,"127.0.0.1:48956",666ec5b9.d546,819,"BEGIN",2024-06-16 19:00:09 CST,7/60,0,LOG,00000,"execute S_3: BEGIN",,,,,,,,,"","client backend"
2024-06-16 19:02:27.835 CST,"raingage","benchmark",54598,"127.0.0.1:48956",666ec5b9.d546,820,"SELECT",2024-06-16 19:00:09 CST,7/60,0,LOG,00000,"execute S_4: SELECT d_tax, d_next_o_id     FROM bmsql_district     WHERE d_w_id = $1 AND d_id = $2 ","parameters: $1 = '1', $2 = '3'",,,,,,,,"","client backend"
2024-06-16 19:02:27.857 CST,"raingage","benchmark",54599,"127.0.0.1:48958",666ec5b9.d547,970,"SELECT",2024-06-16 19:00:09 CST,8/70,0,LOG,00000,"execute S_1: SELECT c_discount, c_last, c_credit, w_tax     FROM bmsql_customer     JOIN bmsql_warehouse ON (w_id = c_w_id)     WHERE c_w_id = $1 AND c_d_id = $2 AND c_id = $3","parameters: $1 = '1', $2 = '1', $3 = '87'",,,,,,,,"","client backend"
2024-06-16 19:02:27.906 CST,"raingage","benchmark",54598,"127.0.0.1:48956",666ec5b9.d546,821,"SELECT",2024-06-16 19:00:09 CST,7/60,0,LOG,00000,"execute S_1: SELECT c_discount, c_last, c_credit, w_tax     FROM bmsql_customer     JOIN bmsql_warehouse ON (w_id = c_w_id)     WHERE c_w_id = $1 AND c_d_id = $2 AND c_id = $3","parameters: $1 = '1', $2 = '3', $3 = '74'",,,,,,,,"","client backend"
2024-06-16 19:02:27.926 CST,"raingage","benchmark",54599,"127.0.0.1:48958",666ec5b9.d547,971,"SELECT",2024-06-16 19:00:09 CST,8/70,0,LOG,00000,"execute S_1: SELECT c_discount, c_last, c_credit, w_tax     FROM bmsql_customer     JOIN bmsql_warehouse ON (w_id = c_w_id)     WHERE c_w_id = $1 AND c_d_id = $2 AND c_id = $3","parameters: $1 = '1', $2 = '1', $3 = '87'",,,,,,,,"","client backend"
2024-06-16 19:02:27.977 CST,"raingage","benchmark",54598,"127.0.0.1:48956",666ec5b9.d546,822,"SELECT",2024-06-16 19:00:09 CST,7/60,0,LOG,00000,"execute S_1: SELECT c_discount, c_last, c_credit, w_tax     FROM bmsql_customer     JOIN bmsql_warehouse ON (w_id = c_w_id)     WHERE c_w_id = $1 AND c_d_id = $2 AND c_id = $3","parameters: $1 = '1', $2 = '3', $3 = '74'",,,,,,,,"","client backend"
2024-06-16 19:02:27.990 CST,"raingage","benchmark",54599,"127.0.0.1:48958",666ec5b9.d547,972,"SELECT",2024-06-16 19:00:09 CST,8/70,0,LOG,00000,"execute S_1: SELECT c_discount, c_last, c_credit, w_tax     FROM bmsql_customer     JOIN bmsql_warehouse ON (w_id = c_w_id)     WHERE c_w_id = $1 AND c_d_id = $2 AND c_id = $3","parameters: $1 = '1', $2 = '1', $3 = '87'",,,,,,,,"","client backend"
2024-06-16 19:02:28.043 CST,"raingage","benchmark",54598,"127.0.0.1:48956",666ec5b9.d546,823,"SELECT",2024-06-16 19:00:09 CST,7/60,0,LOG,00000,"execute S_1: SELECT c_discount, c_last, c_credit, w_tax     FROM bmsql_customer     JOIN bmsql_warehouse ON (w_id = c_w_id)     WHERE c_w_id = $1 AND c_d_id = $2 AND c_id = $3","parameters: $1 = '1', $2 = '3', $3 = '74'",,,,,,,,"","client backend"
2024-06-16 19:02:28.061 CST,"raingage","benchmark",54599,"127.0.0.1:48958",666ec5b9.d547,973,"SELECT",2024-06-16 19:00:09 CST,8/70,0,LOG,00000,"execute S_1: SELECT c_discount, c_last, c_credit, w_tax     FROM bmsql_customer     JOIN bmsql_warehouse ON (w_id = c_w_id)     WHERE c_w_id = $1 AND c_d_id = $2 AND c_id = $3","parameters: $1 = '1', $2 = '1', $3 = '87'",,,,,,,,"","client backend"
2024-06-16 19:02:28.107 CST,"raingage","benchmark",54598,"127.0.0.1:48956",666ec5b9.d546,824,"SELECT",2024-06-16 19:00:09 CST,7/60,0,LOG,00000,"execute S_1: SELECT c_discount, c_last, c_credit, w_tax     FROM bmsql_customer     JOIN bmsql_warehouse ON (w_id = c_w_id)     WHERE c_w_id = $1 AND c_d_id = $2 AND c_id = $3","parameters: $1 = '1', $2 = '3', $3 = '74'",,,,,,,,"","client backend"
2024-06-16 19:02:28.129 CST,"raingage","benchmark",54599,"127.0.0.1:48958",666ec5b9.d547,974,"SELECT",2024-06-16 19:00:09 CST,8/70,0,LOG,00000,"execute S_1: SELECT c_discount, c_last, c_credit, w_tax     FROM bmsql_customer     JOIN bmsql_warehouse ON (w_id = c_w_id)     WHERE c_w_id = $1 AND c_d_id = $2 AND c_id = $3","parameters: $1 = '1', $2 = '1', $3 = '87'",,,,,,,,"","client backend"
2024-06-16 19:02:28.178 CST,"raingage","benchmark",54598,"127.0.0.1:48956",666ec5b9.d546,825,"SELECT",2024-06-16 19:00:09 CST,7/60,0,LOG,00000,"execute S_1: SELECT c_discount, c_last, c_credit, w_tax     FROM bmsql_customer     JOIN bmsql_warehouse ON (w_id = c_w_id)     WHERE c_w_id = $1 AND c_d_id = $2 AND c_id = $3","parameters: $1 = '1', $2 = '3', $3 = '74'",,,,,,,,"","client backend"
2024-06-16 19:02:28.196 CST,"raingage","benchmark",54599,"127.0.0.1:48958",666ec5b9.d547,975,"SELECT",2024-06-16 19:00:09 CST,8/70,0,LOG,00000,"execute S_1: SELECT c_discount, c_last, c_credit, w_tax     FROM bmsql_customer     JOIN bmsql_warehouse ON (w_id = c_w_id)     WHERE c_w_id = $1 AND c_d_id = $2 AND c_id = $3","parameters: $1 = '1', $2 = '1', $3 = '87'",,,,,,,,"","client backend"
2024-06-16 19:02:28.247 CST,"raingage","benchmark",54598,"127.0.0.1:48956",666ec5b9.d546,826,"SELECT",2024-06-16 19:00:09 CST,7/60,0,LOG,00000,"execute S_1: SELECT c_discount, c_last, c_credit, w_tax     FROM bmsql_customer     JOIN bmsql_warehouse ON (w_id = c_w_id)     WHERE c_w_id = $1 AND c_d_id = $2 AND c_id = $3","parameters: $1 = '1', $2 = '3', $3 = '74'",,,,,,,,"","client backend"
2024-06-16 19:02:28.260 CST,"raingage","benchmark",54599,"127.0.0.1:48958",666ec5b9.d547,976,"SELECT",2024-06-16 19:00:09 CST,8/70,0,LOG,00000,"execute S_1: SELECT c_discount, c_last, c_credit, w_tax     FROM bmsql_customer     JOIN bmsql_warehouse ON (w_id = c_w_id)     WHERE c_w_id = $1 AND c_d_id = $2 AND c_id = $3","parameters: $1 = '1', $2 = '1', $3 = '87'",,,,,,,,"","client backend"
2024-06-16 19:02:28.274 CST,"raingage","benchmark",54599,"127.0.0.1:48958",666ec5b9.d547,977,"SELECT",2024-06-16 19:00:09 CST,8/70,0,LOG,00000,"execute S_5: SELECT i_price, i_name, i_data     FROM bmsql_item     WHERE i_id = $1","parameters: $1 = '42'",,,,,,,,"","client backend"
2024-06-16 19:02:28.294 CST,"raingage","benchmark",54599,"127.0.0.1:48958",666ec5b9.d547,978,"SELECT",2024-06-16 19:00:09 CST,8/70,0,LOG,00000,"execute S_6: SELECT s_quantity, s_data,        s_dist_01, s_dist_02, s_dist_03, s_dist_04,        s_dist_05, s_dist_06, s_dist_07, s_dist_08,        s_dist_09, s_dist_10     FROM bmsql_stock     WHERE s_w_id = $1 AND s_i_id = $2 ","parameters: $1 = '1', $2 = '42'",,,,,,,,"","client backend"
2024-06-16 19:02:28.312 CST,"raingage","benchmark",54599,"127.0.0.1:48958",666ec5b9.d547,979,"UPDATE",2024-06-16 19:00:09 CST,8/70,0,LOG,00000,"execute S_7: UPDATE bmsql_stock     SET s_quantity = $1, s_ytd = s_ytd + $2,         s_order_cnt = s_order_cnt + 1,         s_remote_cnt = s_remote_cnt + $3     WHERE s_w_id = $4 AND s_i_id = $5","parameters: $1 = '96', $2 = '3', $3 = '0', $4 = '1', $5 = '42'",,,,,,,,"","client backend"
2024-06-16 19:02:28.313 CST,"raingage","benchmark",54598,"127.0.0.1:48956",666ec5b9.d546,827,"SELECT",2024-06-16 19:00:09 CST,7/60,0,LOG,00000,"execute S_1: SELECT c_discount, c_last, c_credit, w_tax     FROM bmsql_customer     JOIN bmsql_warehouse ON (w_id = c_w_id)     WHERE c_w_id = $1 AND c_d_id = $2 AND c_id = $3","parameters: $1 = '1', $2 = '3', $3 = '74'",,,,,,,,"","client backend"
2024-06-16 19:02:28.332 CST,"raingage","benchmark",54599,"127.0.0.1:48958",666ec5b9.d547,980,"COMMIT",2024-06-16 19:00:09 CST,8/70,115521,LOG,00000,"execute S_2: COMMIT",,,,,,,,,"","client backend"
2024-06-16 19:02:28.348 CST,"raingage","benchmark",54599,"127.0.0.1:48958",666ec5b9.d547,981,"BEGIN",2024-06-16 19:00:09 CST,8/71,0,LOG,00000,"execute S_3: BEGIN",,,,,,,,,"","client backend"
2024-06-16 19:02:28.367 CST,"raingage","benchmark",54599,"127.0.0.1:48958",666ec5b9.d547,982,"SELECT",2024-06-16 19:00:09 CST,8/71,0,LOG,00000,"execute S_4: SELECT d_tax, d_next_o_id     FROM bmsql_district     WHERE d_w_id = $1 AND d_id = $2 ","parameters: $1 = '1', $2 = '3'",,,,,,,,"","client backend"
2024-06-16 19:02:28.379 CST,"raingage","benchmark",54598,"127.0.0.1:48956",666ec5b9.d546,828,"SELECT",2024-06-16 19:00:09 CST,7/60,0,LOG,00000,"execute S_1: SELECT c_discount, c_last, c_credit, w_tax     FROM bmsql_customer     JOIN bmsql_warehouse ON (w_id = c_w_id)     WHERE c_w_id = $1 AND c_d_id = $2 AND c_id = $3","parameters: $1 = '1', $2 = '3', $3 = '74'",,,,,,,,"","client backend"
2024-06-16 19:02:28.395 CST,"raingage","benchmark",54598,"127.0.0.1:48956",666ec5b9.d546,829,"SELECT",2024-06-16 19:00:09 CST,7/60,0,LOG,00000,"execute S_5: SELECT i_price, i_name, i_data     FROM bmsql_item     WHERE i_id = $1","parameters: $1 = '36'",,,,,,,,"","client backend"
2024-06-16 19:02:28.407 CST,"raingage","benchmark",54598,"127.0.0.1:48956",666ec5b9.d546,830,"SELECT",2024-06-16 19:00:09 CST,7/60,0,LOG,00000,"execute S_6: SELECT s_quantity, s_data,        s_dist_01, s_dist_02, s_dist_03, s_dist_04,        s_dist_05, s_dist_06, s_dist_07, s_dist_08,        s_dist_09, s_dist_10     FROM bmsql_stock     WHERE s_w_id = $1 AND s_i_id = $2 ","parameters: $1 = '1', $2 = '36'",,,,,,,,"","client backend"
2024-06-16 19:02:28.428 CST,"raingage","benchmark",54598,"127.0.0.1:48956",666ec5b9.d546,831,"UPDATE",2024-06-16 19:00:09 CST,7/60,0,LOG,00000,"execute S_7: UPDATE bmsql_stock     SET s_quantity = $1, s_ytd = s_ytd + $2,         s_order_cnt = s_order_cnt + 1,         s_remote_cnt = s_remote_cnt + $3     WHERE s_w_id = $4 AND s_i_id = $5","parameters: $1 = '80', $2 = '3', $3 = '0', $4 = '1', $5 = '36'",,,,,,,,"","client backend"
2024-06-16 19:02:28.443 CST,"raingage","benchmark",54598,"127.0.0.1:48956",666ec5b9.d546,832,"COMMIT",2024-06-16 19:00:09 CST,7/60,115522,LOG,00000,"execute S_2: COMMIT",,,,,,,,,"","client backend"
2024-06-16 19:02:28.444 CST,"raingage","benchmark",54599,"127.0.0.1:48958",666ec5b9.d547,983,"SELECT",2024-06-16 19:00:09 CST,8/71,0,LOG,00000,"execute S_1: SELECT c_discount, c_last, c_credit, w_tax     FROM bmsql_customer     JOIN bmsql_warehouse ON (w_id = c_w_id)     WHERE c_w_id = $1 AND c_d_id = $2 AND c_id = $3","parameters: $1 = '1', $2 = '3', $3 = '74'",,,,,,,,"","client backend"
2024-06-16 19:02:28.458 CST,"raingage","benchmark",54598,"127.0.0.1:48956",666ec5b9.d546,833,"BEGIN",2024-06-16 19:00:09 CST,7/61,0,LOG,00000,"execute S_3: BEGIN",,,,,,,,,"","client backend"
2024-06-16 19:02:28.478 CST,"raingage","benchmark",54598,"127.0.0.1:48956",666ec5b9.d546,834,"SELECT",2024-06-16 19:00:09 CST,7/61,0,LOG,00000,"execute S_4: SELECT d_tax, d_next_o_id     FROM bmsql_district     WHERE d_w_id = $1 AND d_id = $2 ","parameters: $1 = '1', $2 = '3'",,,,,,,,"","client backend"
2024-06-16 19:02:28.510 CST,"raingage","benchmark",54599,"127.0.0.1:48958",666ec5b9.d547,984,"SELECT",2024-06-16 19:00:09 CST,8/71,0,LOG,00000,"execute S_1: SELECT c_discount, c_last, c_credit, w_tax     FROM bmsql_customer     JOIN bmsql_warehouse ON (w_id = c_w_id)     WHERE c_w_id = $1 AND c_d_id = $2 AND c_id = $3","parameters: $1 = '1', $2 = '3', $3 = '74'",,,,,,,,"","client backend"
2024-06-16 19:02:28.542 CST,"raingage","benchmark",54598,"127.0.0.1:48956",666ec5b9.d546,835,"SELECT",2024-06-16 19:00:09 CST,7/61,0,LOG,00000,"execute S_1: SELECT c_discount, c_last, c_credit, w_tax     FROM bmsql_customer     JOIN bmsql_warehouse ON (w_id = c_w_id)     WHERE c_w_id = $1 AND c_d_id = $2 AND c_id = $3","parameters: $1 = '1', $2 = '3', $3 = '81'",,,,,,,,"","client backend"
2024-06-16 19:02:28.582 CST,"raingage","benchmark",54599,"127.0.0.1:48958",666ec5b9.d547,985,"SELECT",2024-06-16 19:00:09 CST,8/71,0,LOG,00000,"execute S_1: SELECT c_discount, c_last, c_credit, w_tax     FROM bmsql_customer     JOIN bmsql_warehouse ON (w_id = c_w_id)     WHERE c_w_id = $1 AND c_d_id = $2 AND c_id = $3","parameters: $1 = '1', $2 = '3', $3 = '74'",,,,,,,,"","client backend"
2024-06-16 19:02:28.606 CST,"raingage","benchmark",54598,"127.0.0.1:48956",666ec5b9.d546,836,"SELECT",2024-06-16 19:00:09 CST,7/61,0,LOG,00000,"execute S_1: SELECT c_discount, c_last, c_credit, w_tax     FROM bmsql_customer     JOIN bmsql_warehouse ON (w_id = c_w_id)     WHERE c_w_id = $1 AND c_d_id = $2 AND c_id = $3","parameters: $1 = '1', $2 = '3', $3 = '81'",,,,,,,,"","client backend"
2024-06-16 19:02:28.646 CST,"raingage","benchmark",54599,"127.0.0.1:48958",666ec5b9.d547,986,"SELECT",2024-06-16 19:00:09 CST,8/71,0,LOG,00000,"execute S_1: SELECT c_discount, c_last, c_credit, w_tax     FROM bmsql_customer     JOIN bmsql_warehouse ON (w_id = c_w_id)     WHERE c_w_id = $1 AND c_d_id = $2 AND c_id = $3","parameters: $1 = '1', $2 = '3', $3 = '74'",,,,,,,,"","client backend"
2024-06-16 19:02:28.672 CST,"raingage","benchmark",54598,"127.0.0.1:48956",666ec5b9.d546,837,"SELECT",2024-06-16 19:00:09 CST,7/61,0,LOG,00000,"execute S_1: SELECT c_discount, c_last, c_credit, w_tax     FROM bmsql_customer     JOIN bmsql_warehouse ON (w_id = c_w_id)     WHERE c_w_id = $1 AND c_d_id = $2 AND c_id = $3","parameters: $1 = '1', $2 = '3', $3 = '81'",,,,,,,,"","client backend"
2024-06-16 19:02:28.712 CST,"raingage","benchmark",54599,"127.0.0.1:48958",666ec5b9.d547,987,"SELECT",2024-06-16 19:00:09 CST,8/71,0,LOG,00000,"execute S_1: SELECT c_discount, c_last, c_credit, w_tax     FROM bmsql_customer     JOIN bmsql_warehouse ON (w_id = c_w_id)     WHERE c_w_id = $1 AND c_d_id = $2 AND c_id = $3","parameters: $1 = '1', $2 = '3', $3 = '74'",,,,,,,,"","client backend"
2024-06-16 19:02:28.739 CST,"raingage","benchmark",54598,"127.0.0.1:48956",666ec5b9.d546,838,"SELECT",2024-06-16 19:00:09 CST,7/61,0,LOG,00000,"execute S_1: SELECT c_discount, c_last, c_credit, w_tax     FROM bmsql_customer     JOIN bmsql_warehouse ON (w_id = c_w_id)     WHERE c_w_id = $1 AND c_d_id = $2 AND c_id = $3","parameters: $1 = '1', $2 = '3', $3 = '81'",,,,,,,,"","client backend"
2024-06-16 19:02:28.776 CST,"raingage","benchmark",54599,"127.0.0.1:48958",666ec5b9.d547,988,"SELECT",2024-06-16 19:00:09 CST,8/71,0,LOG,00000,"execute S_1: SELECT c_discount, c_last, c_credit, w_tax     FROM bmsql_customer     JOIN bmsql_warehouse ON (w_id = c_w_id)     WHERE c_w_id = $1 AND c_d_id = $2 AND c_id = $3","parameters: $1 = '1', $2 = '3', $3 = '74'",,,,,,,,"","client backend"
2024-06-16 19:02:28.807 CST,"raingage","benchmark",54598,"127.0.0.1:48956",666ec5b9.d546,839,"SELECT",2024-06-16 19:00:09 CST,7/61,0,LOG,00000,"execute S_1: SELECT c_discount, c_last, c_credit, w_tax     FROM bmsql_customer     JOIN bmsql_warehouse ON (w_id = c_w_id)     WHERE c_w_id = $1 AND c_d_id = $2 AND c_id = $3","parameters: $1 = '1', $2 = '3', $3 = '81'",,,,,,,,"","client backend"
2024-06-16 19:02:28.844 CST,"raingage","benchmark",54599,"127.0.0.1:48958",666ec5b9.d547,989,"SELECT",2024-06-16 19:00:09 CST,8/71,0,LOG,00000,"execute S_1: SELECT c_discount, c_last, c_credit, w_tax     FROM bmsql_customer     JOIN bmsql_warehouse ON (w_id = c_w_id)     WHERE c_w_id = $1 AND c_d_id = $2 AND c_id = $3","parameters: $1 = '1', $2 = '3', $3 = '74'",,,,,,,,"","client backend"
2024-06-16 19:02:28.879 CST,"raingage","benchmark",54598,"127.0.0.1:48956",666ec5b9.d546,840,"SELECT",2024-06-16 19:00:09 CST,7/61,0,LOG,00000,"execute S_1: SELECT c_discount, c_last, c_credit, w_tax     FROM bmsql_customer     JOIN bmsql_warehouse ON (w_id = c_w_id)     WHERE c_w_id = $1 AND c_d_id = $2 AND c_id = $3","parameters: $1 = '1', $2 = '3', $3 = '81'",,,,,,,,"","client backend"
2024-06-16 19:02:28.916 CST,"raingage","benchmark",54599,"127.0.0.1:48958",666ec5b9.d547,990,"SELECT",2024-06-16 19:00:09 CST,8/71,0,LOG,00000,"execute S_1: SELECT c_discount, c_last, c_credit, w_tax     FROM bmsql_customer     JOIN bmsql_warehouse ON (w_id = c_w_id)     WHERE c_w_id = $1 AND c_d_id = $2 AND c_id = $3","parameters: $1 = '1', $2 = '3', $3 = '74'",,,,,,,,"","client backend"
2024-06-16 19:02:28.930 CST,"raingage","benchmark",54599,"127.0.0.1:48958",666ec5b9.d547,991,"SELECT",2024-06-16 19:00:09 CST,8/71,0,LOG,00000,"execute S_5: SELECT i_price, i_name, i_data     FROM bmsql_item     WHERE i_id = $1","parameters: $1 = '36'",,,,,,,,"","client backend"
2024-06-16 19:02:28.945 CST,"raingage","benchmark",54599,"127.0.0.1:48958",666ec5b9.d547,992,"SELECT",2024-06-16 19:00:09 CST,8/71,0,LOG,00000,"execute S_6: SELECT s_quantity, s_data,        s_dist_01, s_dist_02, s_dist_03, s_dist_04,        s_dist_05, s_dist_06, s_dist_07, s_dist_08,        s_dist_09, s_dist_10     FROM bmsql_stock     WHERE s_w_id = $1 AND s_i_id = $2 ","parameters: $1 = '1', $2 = '36'",,,,,,,,"","client backend"
2024-06-16 19:02:28.948 CST,"raingage","benchmark",54598,"127.0.0.1:48956",666ec5b9.d546,841,"SELECT",2024-06-16 19:00:09 CST,7/61,0,LOG,00000,"execute S_1: SELECT c_discount, c_last, c_credit, w_tax     FROM bmsql_customer     JOIN bmsql_warehouse ON (w_id = c_w_id)     WHERE c_w_id = $1 AND c_d_id = $2 AND c_id = $3","parameters: $1 = '1', $2 = '3', $3 = '81'",,,,,,,,"","client backend"
2024-06-16 19:02:28.965 CST,"raingage","benchmark",54599,"127.0.0.1:48958",666ec5b9.d547,993,"UPDATE",2024-06-16 19:00:09 CST,8/71,0,LOG,00000,"execute S_7: UPDATE bmsql_stock     SET s_quantity = $1, s_ytd = s_ytd + $2,         s_order_cnt = s_order_cnt + 1,         s_remote_cnt = s_remote_cnt + $3     WHERE s_w_id = $4 AND s_i_id = $5","parameters: $1 = '80', $2 = '3', $3 = '0', $4 = '1', $5 = '36'",,,,,,,,"","client backend"
2024-06-16 19:02:28.980 CST,"raingage","benchmark",54599,"127.0.0.1:48958",666ec5b9.d547,994,"COMMIT",2024-06-16 19:00:09 CST,8/71,115523,LOG,00000,"execute S_2: COMMIT",,,,,,,,,"","client backend"
2024-06-16 19:02:28.981 CST,"raingage","benchmark",54599,"127.0.0.1:48958",666ec5b9.d547,995,"COMMIT",2024-06-16 19:00:09 CST,8/0,115523,WARNING,01000,"registered snapshots seem to remain after cleanup",,,,,,,,,"","client backend"
2024-06-16 19:02:29.000 CST,"raingage","benchmark",54599,"127.0.0.1:48958",666ec5b9.d547,996,"BEGIN",2024-06-16 19:00:09 CST,8/72,0,LOG,00000,"execute S_3: BEGIN",,,,,,,,,"","client backend"
2024-06-16 19:02:29.013 CST,"raingage","benchmark",54598,"127.0.0.1:48956",666ec5b9.d546,842,"SELECT",2024-06-16 19:00:09 CST,7/61,0,LOG,00000,"execute S_1: SELECT c_discount, c_last, c_credit, w_tax     FROM bmsql_customer     JOIN bmsql_warehouse ON (w_id = c_w_id)     WHERE c_w_id = $1 AND c_d_id = $2 AND c_id = $3","parameters: $1 = '1', $2 = '3', $3 = '81'",,,,,,,,"","client backend"
2024-06-16 19:02:29.013 CST,"raingage","benchmark",54599,"127.0.0.1:48958",666ec5b9.d547,997,"SELECT",2024-06-16 19:00:09 CST,8/72,0,LOG,00000,"execute S_4: SELECT d_tax, d_next_o_id     FROM bmsql_district     WHERE d_w_id = $1 AND d_id = $2 ","parameters: $1 = '1', $2 = '3'",,,,,,,,"","client backend"
2024-06-16 19:02:29.033 CST,"raingage","benchmark",54598,"127.0.0.1:48956",666ec5b9.d546,843,"SELECT",2024-06-16 19:00:09 CST,7/61,0,LOG,00000,"execute S_5: SELECT i_price, i_name, i_data     FROM bmsql_item     WHERE i_id = $1","parameters: $1 = '111'",,,,,,,,"","client backend"
2024-06-16 19:02:29.051 CST,"raingage","benchmark",54598,"127.0.0.1:48956",666ec5b9.d546,844,"SELECT",2024-06-16 19:00:09 CST,7/61,0,LOG,00000,"execute S_6: SELECT s_quantity, s_data,        s_dist_01, s_dist_02, s_dist_03, s_dist_04,        s_dist_05, s_dist_06, s_dist_07, s_dist_08,        s_dist_09, s_dist_10     FROM bmsql_stock     WHERE s_w_id = $1 AND s_i_id = $2 ","parameters: $1 = '1', $2 = '111'",,,,,,,,"","client backend"
2024-06-16 19:02:29.064 CST,"raingage","benchmark",54598,"127.0.0.1:48956",666ec5b9.d546,845,"UPDATE",2024-06-16 19:00:09 CST,7/61,0,LOG,00000,"execute S_7: UPDATE bmsql_stock     SET s_quantity = $1, s_ytd = s_ytd + $2,         s_order_cnt = s_order_cnt + 1,         s_remote_cnt = s_remote_cnt + $3     WHERE s_w_id = $4 AND s_i_id = $5","parameters: $1 = '98', $2 = '3', $3 = '0', $4 = '1', $5 = '111'",,,,,,,,"","client backend"
2024-06-16 19:02:29.080 CST,"raingage","benchmark",54598,"127.0.0.1:48956",666ec5b9.d546,846,"COMMIT",2024-06-16 19:00:09 CST,7/61,115524,LOG,00000,"execute S_2: COMMIT",,,,,,,,,"","client backend"
2024-06-16 19:02:29.081 CST,"raingage","benchmark",54599,"127.0.0.1:48958",666ec5b9.d547,998,"SELECT",2024-06-16 19:00:09 CST,8/72,0,LOG,00000,"execute S_1: SELECT c_discount, c_last, c_credit, w_tax     FROM bmsql_customer     JOIN bmsql_warehouse ON (w_id = c_w_id)     WHERE c_w_id = $1 AND c_d_id = $2 AND c_id = $3","parameters: $1 = '1', $2 = '3', $3 = '9'",,,,,,,,"","client backend"
2024-06-16 19:02:29.150 CST,"raingage","benchmark",54599,"127.0.0.1:48958",666ec5b9.d547,999,"SELECT",2024-06-16 19:00:09 CST,8/72,0,LOG,00000,"execute S_1: SELECT c_discount, c_last, c_credit, w_tax     FROM bmsql_customer     JOIN bmsql_warehouse ON (w_id = c_w_id)     WHERE c_w_id = $1 AND c_d_id = $2 AND c_id = $3","parameters: $1 = '1', $2 = '3', $3 = '9'",,,,,,,,"","client backend"
2024-06-16 19:02:29.215 CST,"raingage","benchmark",54599,"127.0.0.1:48958",666ec5b9.d547,1000,"SELECT",2024-06-16 19:00:09 CST,8/72,0,LOG,00000,"execute S_1: SELECT c_discount, c_last, c_credit, w_tax     FROM bmsql_customer     JOIN bmsql_warehouse ON (w_id = c_w_id)     WHERE c_w_id = $1 AND c_d_id = $2 AND c_id = $3","parameters: $1 = '1', $2 = '3', $3 = '9'",,,,,,,,"","client backend"
2024-06-16 19:02:29.276 CST,"raingage","benchmark",54599,"127.0.0.1:48958",666ec5b9.d547,1001,"SELECT",2024-06-16 19:00:09 CST,8/72,0,LOG,00000,"execute S_1: SELECT c_discount, c_last, c_credit, w_tax     FROM bmsql_customer     JOIN bmsql_warehouse ON (w_id = c_w_id)     WHERE c_w_id = $1 AND c_d_id = $2 AND c_id = $3","parameters: $1 = '1', $2 = '3', $3 = '9'",,,,,,,,"","client backend"
2024-06-16 19:02:29.340 CST,"raingage","benchmark",54599,"127.0.0.1:48958",666ec5b9.d547,1002,"SELECT",2024-06-16 19:00:09 CST,8/72,0,LOG,00000,"execute S_1: SELECT c_discount, c_last, c_credit, w_tax     FROM bmsql_customer     JOIN bmsql_warehouse ON (w_id = c_w_id)     WHERE c_w_id = $1 AND c_d_id = $2 AND c_id = $3","parameters: $1 = '1', $2 = '3', $3 = '9'",,,,,,,,"","client backend"
2024-06-16 19:02:29.412 CST,"raingage","benchmark",54599,"127.0.0.1:48958",666ec5b9.d547,1003,"SELECT",2024-06-16 19:00:09 CST,8/72,0,LOG,00000,"execute S_1: SELECT c_discount, c_last, c_credit, w_tax     FROM bmsql_customer     JOIN bmsql_warehouse ON (w_id = c_w_id)     WHERE c_w_id = $1 AND c_d_id = $2 AND c_id = $3","parameters: $1 = '1', $2 = '3', $3 = '9'",,,,,,,,"","client backend"
2024-06-16 19:02:29.476 CST,"raingage","benchmark",54595,"127.0.0.1:48950",666ec5b9.d543,662,"BEGIN",2024-06-16 19:00:09 CST,4/49,0,LOG,00000,"execute S_3: BEGIN",,,,,,,,,"","client backend"
2024-06-16 19:02:29.476 CST,"raingage","benchmark",54599,"127.0.0.1:48958",666ec5b9.d547,1004,"SELECT",2024-06-16 19:00:09 CST,8/72,0,LOG,00000,"execute S_1: SELECT c_discount, c_last, c_credit, w_tax     FROM bmsql_customer     JOIN bmsql_warehouse ON (w_id = c_w_id)     WHERE c_w_id = $1 AND c_d_id = $2 AND c_id = $3","parameters: $1 = '1', $2 = '3', $3 = '9'",,,,,,,,"","client backend"
2024-06-16 19:02:29.488 CST,"raingage","benchmark",54595,"127.0.0.1:48950",666ec5b9.d543,663,"SELECT",2024-06-16 19:00:09 CST,4/49,0,LOG,00000,"execute S_4: SELECT d_tax, d_next_o_id     FROM bmsql_district     WHERE d_w_id = $1 AND d_id = $2 ","parameters: $1 = '1', $2 = '4'",,,,,,,,"","client backend"
2024-06-16 19:02:29.548 CST,"raingage","benchmark",54599,"127.0.0.1:48958",666ec5b9.d547,1005,"SELECT",2024-06-16 19:00:09 CST,8/72,0,LOG,00000,"execute S_1: SELECT c_discount, c_last, c_credit, w_tax     FROM bmsql_customer     JOIN bmsql_warehouse ON (w_id = c_w_id)     WHERE c_w_id = $1 AND c_d_id = $2 AND c_id = $3","parameters: $1 = '1', $2 = '3', $3 = '9'",,,,,,,,"","client backend"
2024-06-16 19:02:29.557 CST,"raingage","benchmark",54595,"127.0.0.1:48950",666ec5b9.d543,664,"SELECT",2024-06-16 19:00:09 CST,4/49,0,LOG,00000,"execute S_1: SELECT c_discount, c_last, c_credit, w_tax     FROM bmsql_customer     JOIN bmsql_warehouse ON (w_id = c_w_id)     WHERE c_w_id = $1 AND c_d_id = $2 AND c_id = $3","parameters: $1 = '1', $2 = '4', $3 = '12'",,,,,,,,"","client backend"
2024-06-16 19:02:29.566 CST,"raingage","benchmark",54599,"127.0.0.1:48958",666ec5b9.d547,1006,"SELECT",2024-06-16 19:00:09 CST,8/72,0,LOG,00000,"execute S_5: SELECT i_price, i_name, i_data     FROM bmsql_item     WHERE i_id = $1","parameters: $1 = '25'",,,,,,,,"","client backend"
2024-06-16 19:02:29.585 CST,"raingage","benchmark",54599,"127.0.0.1:48958",666ec5b9.d547,1007,"SELECT",2024-06-16 19:00:09 CST,8/72,0,LOG,00000,"execute S_6: SELECT s_quantity, s_data,        s_dist_01, s_dist_02, s_dist_03, s_dist_04,        s_dist_05, s_dist_06, s_dist_07, s_dist_08,        s_dist_09, s_dist_10     FROM bmsql_stock     WHERE s_w_id = $1 AND s_i_id = $2 ","parameters: $1 = '1', $2 = '25'",,,,,,,,"","client backend"
2024-06-16 19:02:29.601 CST,"raingage","benchmark",54599,"127.0.0.1:48958",666ec5b9.d547,1008,"UPDATE",2024-06-16 19:00:09 CST,8/72,0,LOG,00000,"execute S_7: UPDATE bmsql_stock     SET s_quantity = $1, s_ytd = s_ytd + $2,         s_order_cnt = s_order_cnt + 1,         s_remote_cnt = s_remote_cnt + $3     WHERE s_w_id = $4 AND s_i_id = $5","parameters: $1 = '11', $2 = '3', $3 = '0', $4 = '1', $5 = '25'",,,,,,,,"","client backend"
2024-06-16 19:02:29.621 CST,"raingage","benchmark",54599,"127.0.0.1:48958",666ec5b9.d547,1009,"COMMIT",2024-06-16 19:00:09 CST,8/72,115525,LOG,00000,"execute S_2: COMMIT",,,,,,,,,"","client backend"
2024-06-16 19:02:29.625 CST,"raingage","benchmark",54595,"127.0.0.1:48950",666ec5b9.d543,665,"SELECT",2024-06-16 19:00:09 CST,4/49,0,LOG,00000,"execute S_1: SELECT c_discount, c_last, c_credit, w_tax     FROM bmsql_customer     JOIN bmsql_warehouse ON (w_id = c_w_id)     WHERE c_w_id = $1 AND c_d_id = $2 AND c_id = $3","parameters: $1 = '1', $2 = '4', $3 = '12'",,,,,,,,"","client backend"
2024-06-16 19:02:29.641 CST,"raingage","benchmark",54599,"127.0.0.1:48958",666ec5b9.d547,1010,"BEGIN",2024-06-16 19:00:09 CST,8/73,0,LOG,00000,"execute S_3: BEGIN",,,,,,,,,"","client backend"
2024-06-16 19:02:29.661 CST,"raingage","benchmark",54599,"127.0.0.1:48958",666ec5b9.d547,1011,"SELECT",2024-06-16 19:00:09 CST,8/73,0,LOG,00000,"execute S_4: SELECT d_tax, d_next_o_id     FROM bmsql_district     WHERE d_w_id = $1 AND d_id = $2 ","parameters: $1 = '1', $2 = '1'",,,,,,,,"","client backend"
2024-06-16 19:02:29.691 CST,"raingage","benchmark",54595,"127.0.0.1:48950",666ec5b9.d543,666,"SELECT",2024-06-16 19:00:09 CST,4/49,0,LOG,00000,"execute S_1: SELECT c_discount, c_last, c_credit, w_tax     FROM bmsql_customer     JOIN bmsql_warehouse ON (w_id = c_w_id)     WHERE c_w_id = $1 AND c_d_id = $2 AND c_id = $3","parameters: $1 = '1', $2 = '4', $3 = '12'",,,,,,,,"","client backend"
2024-06-16 19:02:29.724 CST,"raingage","benchmark",54599,"127.0.0.1:48958",666ec5b9.d547,1012,"SELECT",2024-06-16 19:00:09 CST,8/73,0,LOG,00000,"execute S_1: SELECT c_discount, c_last, c_credit, w_tax     FROM bmsql_customer     JOIN bmsql_warehouse ON (w_id = c_w_id)     WHERE c_w_id = $1 AND c_d_id = $2 AND c_id = $3","parameters: $1 = '1', $2 = '1', $3 = '92'",,,,,,,,"","client backend"
2024-06-16 19:02:29.760 CST,"raingage","benchmark",54595,"127.0.0.1:48950",666ec5b9.d543,667,"SELECT",2024-06-16 19:00:09 CST,4/49,0,LOG,00000,"execute S_1: SELECT c_discount, c_last, c_credit, w_tax     FROM bmsql_customer     JOIN bmsql_warehouse ON (w_id = c_w_id)     WHERE c_w_id = $1 AND c_d_id = $2 AND c_id = $3","parameters: $1 = '1', $2 = '4', $3 = '12'",,,,,,,,"","client backend"
2024-06-16 19:02:29.787 CST,"raingage","benchmark",54599,"127.0.0.1:48958",666ec5b9.d547,1013,"SELECT",2024-06-16 19:00:09 CST,8/73,0,LOG,00000,"execute S_1: SELECT c_discount, c_last, c_credit, w_tax     FROM bmsql_customer     JOIN bmsql_warehouse ON (w_id = c_w_id)     WHERE c_w_id = $1 AND c_d_id = $2 AND c_id = $3","parameters: $1 = '1', $2 = '1', $3 = '92'",,,,,,,,"","client backend"
2024-06-16 19:02:29.831 CST,"raingage","benchmark",54595,"127.0.0.1:48950",666ec5b9.d543,668,"SELECT",2024-06-16 19:00:09 CST,4/49,0,LOG,00000,"execute S_1: SELECT c_discount, c_last, c_credit, w_tax     FROM bmsql_customer     JOIN bmsql_warehouse ON (w_id = c_w_id)     WHERE c_w_id = $1 AND c_d_id = $2 AND c_id = $3","parameters: $1 = '1', $2 = '4', $3 = '12'",,,,,,,,"","client backend"
2024-06-16 19:02:29.850 CST,"raingage","benchmark",54599,"127.0.0.1:48958",666ec5b9.d547,1014,"SELECT",2024-06-16 19:00:09 CST,8/73,0,LOG,00000,"execute S_1: SELECT c_discount, c_last, c_credit, w_tax     FROM bmsql_customer     JOIN bmsql_warehouse ON (w_id = c_w_id)     WHERE c_w_id = $1 AND c_d_id = $2 AND c_id = $3","parameters: $1 = '1', $2 = '1', $3 = '92'",,,,,,,,"","client backend"
2024-06-16 19:02:29.896 CST,"raingage","benchmark",54595,"127.0.0.1:48950",666ec5b9.d543,669,"SELECT",2024-06-16 19:00:09 CST,4/49,0,LOG,00000,"execute S_1: SELECT c_discount, c_last, c_credit, w_tax     FROM bmsql_customer     JOIN bmsql_warehouse ON (w_id = c_w_id)     WHERE c_w_id = $1 AND c_d_id = $2 AND c_id = $3","parameters: $1 = '1', $2 = '4', $3 = '12'",,,,,,,,"","client backend"
2024-06-16 19:02:29.919 CST,"raingage","benchmark",54599,"127.0.0.1:48958",666ec5b9.d547,1015,"SELECT",2024-06-16 19:00:09 CST,8/73,0,LOG,00000,"execute S_1: SELECT c_discount, c_last, c_credit, w_tax     FROM bmsql_customer     JOIN bmsql_warehouse ON (w_id = c_w_id)     WHERE c_w_id = $1 AND c_d_id = $2 AND c_id = $3","parameters: $1 = '1', $2 = '1', $3 = '92'",,,,,,,,"","client backend"
2024-06-16 19:02:29.966 CST,"raingage","benchmark",54595,"127.0.0.1:48950",666ec5b9.d543,670,"SELECT",2024-06-16 19:00:09 CST,4/49,0,LOG,00000,"execute S_1: SELECT c_discount, c_last, c_credit, w_tax     FROM bmsql_customer     JOIN bmsql_warehouse ON (w_id = c_w_id)     WHERE c_w_id = $1 AND c_d_id = $2 AND c_id = $3","parameters: $1 = '1', $2 = '4', $3 = '12'",,,,,,,,"","client backend"
2024-06-16 19:02:29.987 CST,"raingage","benchmark",54599,"127.0.0.1:48958",666ec5b9.d547,1016,"SELECT",2024-06-16 19:00:09 CST,8/73,0,LOG,00000,"execute S_1: SELECT c_discount, c_last, c_credit, w_tax     FROM bmsql_customer     JOIN bmsql_warehouse ON (w_id = c_w_id)     WHERE c_w_id = $1 AND c_d_id = $2 AND c_id = $3","parameters: $1 = '1', $2 = '1', $3 = '92'",,,,,,,,"","client backend"
2024-06-16 19:02:30.036 CST,"raingage","benchmark",54595,"127.0.0.1:48950",666ec5b9.d543,671,"SELECT",2024-06-16 19:00:09 CST,4/49,0,LOG,00000,"execute S_1: SELECT c_discount, c_last, c_credit, w_tax     FROM bmsql_customer     JOIN bmsql_warehouse ON (w_id = c_w_id)     WHERE c_w_id = $1 AND c_d_id = $2 AND c_id = $3","parameters: $1 = '1', $2 = '4', $3 = '12'",,,,,,,,"","client backend"
2024-06-16 19:02:30.057 CST,"raingage","benchmark",54595,"127.0.0.1:48950",666ec5b9.d543,672,"SELECT",2024-06-16 19:00:09 CST,4/49,0,LOG,00000,"execute S_5: SELECT i_price, i_name, i_data     FROM bmsql_item     WHERE i_id = $1","parameters: $1 = '22'",,,,,,,,"","client backend"
2024-06-16 19:02:30.058 CST,"raingage","benchmark",54599,"127.0.0.1:48958",666ec5b9.d547,1017,"SELECT",2024-06-16 19:00:09 CST,8/73,0,LOG,00000,"execute S_1: SELECT c_discount, c_last, c_credit, w_tax     FROM bmsql_customer     JOIN bmsql_warehouse ON (w_id = c_w_id)     WHERE c_w_id = $1 AND c_d_id = $2 AND c_id = $3","parameters: $1 = '1', $2 = '1', $3 = '92'",,,,,,,,"","client backend"
2024-06-16 19:02:30.072 CST,"raingage","benchmark",54595,"127.0.0.1:48950",666ec5b9.d543,673,"SELECT",2024-06-16 19:00:09 CST,4/49,0,LOG,00000,"execute S_6: SELECT s_quantity, s_data,        s_dist_01, s_dist_02, s_dist_03, s_dist_04,        s_dist_05, s_dist_06, s_dist_07, s_dist_08,        s_dist_09, s_dist_10     FROM bmsql_stock     WHERE s_w_id = $1 AND s_i_id = $2 ","parameters: $1 = '1', $2 = '22'",,,,,,,,"","client backend"
2024-06-16 19:02:30.089 CST,"raingage","benchmark",54595,"127.0.0.1:48950",666ec5b9.d543,674,"UPDATE",2024-06-16 19:00:09 CST,4/49,0,LOG,00000,"execute S_7: UPDATE bmsql_stock     SET s_quantity = $1, s_ytd = s_ytd + $2,         s_order_cnt = s_order_cnt + 1,         s_remote_cnt = s_remote_cnt + $3     WHERE s_w_id = $4 AND s_i_id = $5","parameters: $1 = '12', $2 = '3', $3 = '0', $4 = '1', $5 = '22'",,,,,,,,"","client backend"
2024-06-16 19:02:30.103 CST,"raingage","benchmark",54595,"127.0.0.1:48950",666ec5b9.d543,675,"COMMIT",2024-06-16 19:00:09 CST,4/49,115526,LOG,00000,"execute S_2: COMMIT",,,,,,,,,"","client backend"
2024-06-16 19:02:30.122 CST,"raingage","benchmark",54599,"127.0.0.1:48958",666ec5b9.d547,1018,"SELECT",2024-06-16 19:00:09 CST,8/73,0,LOG,00000,"execute S_1: SELECT c_discount, c_last, c_credit, w_tax     FROM bmsql_customer     JOIN bmsql_warehouse ON (w_id = c_w_id)     WHERE c_w_id = $1 AND c_d_id = $2 AND c_id = $3","parameters: $1 = '1', $2 = '1', $3 = '92'",,,,,,,,"","client backend"
2024-06-16 19:02:30.184 CST,"raingage","benchmark",54599,"127.0.0.1:48958",666ec5b9.d547,1019,"SELECT",2024-06-16 19:00:09 CST,8/73,0,LOG,00000,"execute S_1: SELECT c_discount, c_last, c_credit, w_tax     FROM bmsql_customer     JOIN bmsql_warehouse ON (w_id = c_w_id)     WHERE c_w_id = $1 AND c_d_id = $2 AND c_id = $3","parameters: $1 = '1', $2 = '1', $3 = '92'",,,,,,,,"","client backend"
2024-06-16 19:02:30.197 CST,"raingage","benchmark",54599,"127.0.0.1:48958",666ec5b9.d547,1020,"SELECT",2024-06-16 19:00:09 CST,8/73,0,LOG,00000,"execute S_5: SELECT i_price, i_name, i_data     FROM bmsql_item     WHERE i_id = $1","parameters: $1 = '91'",,,,,,,,"","client backend"
2024-06-16 19:02:30.217 CST,"raingage","benchmark",54599,"127.0.0.1:48958",666ec5b9.d547,1021,"SELECT",2024-06-16 19:00:09 CST,8/73,0,LOG,00000,"execute S_6: SELECT s_quantity, s_data,        s_dist_01, s_dist_02, s_dist_03, s_dist_04,        s_dist_05, s_dist_06, s_dist_07, s_dist_08,        s_dist_09, s_dist_10     FROM bmsql_stock     WHERE s_w_id = $1 AND s_i_id = $2 ","parameters: $1 = '1', $2 = '91'",,,,,,,,"","client backend"
2024-06-16 19:02:30.230 CST,"raingage","benchmark",54599,"127.0.0.1:48958",666ec5b9.d547,1022,"UPDATE",2024-06-16 19:00:09 CST,8/73,0,LOG,00000,"execute S_7: UPDATE bmsql_stock     SET s_quantity = $1, s_ytd = s_ytd + $2,         s_order_cnt = s_order_cnt + 1,         s_remote_cnt = s_remote_cnt + $3     WHERE s_w_id = $4 AND s_i_id = $5","parameters: $1 = '32', $2 = '3', $3 = '0', $4 = '1', $5 = '91'",,,,,,,,"","client backend"
2024-06-16 19:02:30.247 CST,"raingage","benchmark",54599,"127.0.0.1:48958",666ec5b9.d547,1023,"COMMIT",2024-06-16 19:00:09 CST,8/73,115527,LOG,00000,"execute S_2: COMMIT",,,,,,,,,"","client backend"
2024-06-16 19:02:30.263 CST,"raingage","benchmark",54599,"127.0.0.1:48958",666ec5b9.d547,1024,"BEGIN",2024-06-16 19:00:09 CST,8/74,0,LOG,00000,"execute S_3: BEGIN",,,,,,,,,"","client backend"
2024-06-16 19:02:30.276 CST,"raingage","benchmark",54599,"127.0.0.1:48958",666ec5b9.d547,1025,"SELECT",2024-06-16 19:00:09 CST,8/74,0,LOG,00000,"execute S_4: SELECT d_tax, d_next_o_id     FROM bmsql_district     WHERE d_w_id = $1 AND d_id = $2 ","parameters: $1 = '1', $2 = '2'",,,,,,,,"","client backend"
2024-06-16 19:02:30.338 CST,"raingage","benchmark",54599,"127.0.0.1:48958",666ec5b9.d547,1026,"SELECT",2024-06-16 19:00:09 CST,8/74,0,LOG,00000,"execute S_1: SELECT c_discount, c_last, c_credit, w_tax     FROM bmsql_customer     JOIN bmsql_warehouse ON (w_id = c_w_id)     WHERE c_w_id = $1 AND c_d_id = $2 AND c_id = $3","parameters: $1 = '1', $2 = '2', $3 = '63'",,,,,,,,"","client backend"
2024-06-16 19:02:30.409 CST,"raingage","benchmark",54599,"127.0.0.1:48958",666ec5b9.d547,1027,"SELECT",2024-06-16 19:00:09 CST,8/74,0,LOG,00000,"execute S_1: SELECT c_discount, c_last, c_credit, w_tax     FROM bmsql_customer     JOIN bmsql_warehouse ON (w_id = c_w_id)     WHERE c_w_id = $1 AND c_d_id = $2 AND c_id = $3","parameters: $1 = '1', $2 = '2', $3 = '63'",,,,,,,,"","client backend"
2024-06-16 19:02:30.476 CST,"raingage","benchmark",54599,"127.0.0.1:48958",666ec5b9.d547,1028,"SELECT",2024-06-16 19:00:09 CST,8/74,0,LOG,00000,"execute S_1: SELECT c_discount, c_last, c_credit, w_tax     FROM bmsql_customer     JOIN bmsql_warehouse ON (w_id = c_w_id)     WHERE c_w_id = $1 AND c_d_id = $2 AND c_id = $3","parameters: $1 = '1', $2 = '2', $3 = '63'",,,,,,,,"","client backend"
2024-06-16 19:02:30.544 CST,"raingage","benchmark",54599,"127.0.0.1:48958",666ec5b9.d547,1029,"SELECT",2024-06-16 19:00:09 CST,8/74,0,LOG,00000,"execute S_1: SELECT c_discount, c_last, c_credit, w_tax     FROM bmsql_customer     JOIN bmsql_warehouse ON (w_id = c_w_id)     WHERE c_w_id = $1 AND c_d_id = $2 AND c_id = $3","parameters: $1 = '1', $2 = '2', $3 = '63'",,,,,,,,"","client backend"
2024-06-16 19:02:30.613 CST,"raingage","benchmark",54599,"127.0.0.1:48958",666ec5b9.d547,1030,"SELECT",2024-06-16 19:00:09 CST,8/74,0,LOG,00000,"execute S_1: SELECT c_discount, c_last, c_credit, w_tax     FROM bmsql_customer     JOIN bmsql_warehouse ON (w_id = c_w_id)     WHERE c_w_id = $1 AND c_d_id = $2 AND c_id = $3","parameters: $1 = '1', $2 = '2', $3 = '63'",,,,,,,,"","client backend"
2024-06-16 19:02:30.682 CST,"raingage","benchmark",54599,"127.0.0.1:48958",666ec5b9.d547,1031,"SELECT",2024-06-16 19:00:09 CST,8/74,0,LOG,00000,"execute S_1: SELECT c_discount, c_last, c_credit, w_tax     FROM bmsql_customer     JOIN bmsql_warehouse ON (w_id = c_w_id)     WHERE c_w_id = $1 AND c_d_id = $2 AND c_id = $3","parameters: $1 = '1', $2 = '2', $3 = '63'",,,,,,,,"","client backend"
2024-06-16 19:02:30.753 CST,"raingage","benchmark",54599,"127.0.0.1:48958",666ec5b9.d547,1032,"SELECT",2024-06-16 19:00:09 CST,8/74,0,LOG,00000,"execute S_1: SELECT c_discount, c_last, c_credit, w_tax     FROM bmsql_customer     JOIN bmsql_warehouse ON (w_id = c_w_id)     WHERE c_w_id = $1 AND c_d_id = $2 AND c_id = $3","parameters: $1 = '1', $2 = '2', $3 = '63'",,,,,,,,"","client backend"
2024-06-16 19:02:30.825 CST,"raingage","benchmark",54599,"127.0.0.1:48958",666ec5b9.d547,1033,"SELECT",2024-06-16 19:00:09 CST,8/74,0,LOG,00000,"execute S_1: SELECT c_discount, c_last, c_credit, w_tax     FROM bmsql_customer     JOIN bmsql_warehouse ON (w_id = c_w_id)     WHERE c_w_id = $1 AND c_d_id = $2 AND c_id = $3","parameters: $1 = '1', $2 = '2', $3 = '63'",,,,,,,,"","client backend"
2024-06-16 19:02:30.844 CST,"raingage","benchmark",54599,"127.0.0.1:48958",666ec5b9.d547,1034,"SELECT",2024-06-16 19:00:09 CST,8/74,0,LOG,00000,"execute S_5: SELECT i_price, i_name, i_data     FROM bmsql_item     WHERE i_id = $1","parameters: $1 = '92'",,,,,,,,"","client backend"
2024-06-16 19:02:30.858 CST,"raingage","benchmark",54599,"127.0.0.1:48958",666ec5b9.d547,1035,"SELECT",2024-06-16 19:00:09 CST,8/74,0,LOG,00000,"execute S_6: SELECT s_quantity, s_data,        s_dist_01, s_dist_02, s_dist_03, s_dist_04,        s_dist_05, s_dist_06, s_dist_07, s_dist_08,        s_dist_09, s_dist_10     FROM bmsql_stock     WHERE s_w_id = $1 AND s_i_id = $2 ","parameters: $1 = '1', $2 = '92'",,,,,,,,"","client backend"
2024-06-16 19:02:30.870 CST,"raingage","benchmark",54599,"127.0.0.1:48958",666ec5b9.d547,1036,"UPDATE",2024-06-16 19:00:09 CST,8/74,0,LOG,00000,"execute S_7: UPDATE bmsql_stock     SET s_quantity = $1, s_ytd = s_ytd + $2,         s_order_cnt = s_order_cnt + 1,         s_remote_cnt = s_remote_cnt + $3     WHERE s_w_id = $4 AND s_i_id = $5","parameters: $1 = '78', $2 = '3', $3 = '0', $4 = '1', $5 = '92'",,,,,,,,"","client backend"
2024-06-16 19:02:30.887 CST,"raingage","benchmark",54599,"127.0.0.1:48958",666ec5b9.d547,1037,"COMMIT",2024-06-16 19:00:09 CST,8/74,115528,LOG,00000,"execute S_2: COMMIT",,,,,,,,,"","client backend"
2024-06-16 19:02:30.900 CST,"raingage","benchmark",54599,"127.0.0.1:48958",666ec5b9.d547,1038,"BEGIN",2024-06-16 19:00:09 CST,8/75,0,LOG,00000,"execute S_3: BEGIN",,,,,,,,,"","client backend"
2024-06-16 19:02:30.914 CST,"raingage","benchmark",54599,"127.0.0.1:48958",666ec5b9.d547,1039,"SELECT",2024-06-16 19:00:09 CST,8/75,0,LOG,00000,"execute S_4: SELECT d_tax, d_next_o_id     FROM bmsql_district     WHERE d_w_id = $1 AND d_id = $2 ","parameters: $1 = '1', $2 = '2'",,,,,,,,"","client backend"
2024-06-16 19:02:30.982 CST,"raingage","benchmark",54599,"127.0.0.1:48958",666ec5b9.d547,1040,"SELECT",2024-06-16 19:00:09 CST,8/75,0,LOG,00000,"execute S_1: SELECT c_discount, c_last, c_credit, w_tax     FROM bmsql_customer     JOIN bmsql_warehouse ON (w_id = c_w_id)     WHERE c_w_id = $1 AND c_d_id = $2 AND c_id = $3","parameters: $1 = '1', $2 = '2', $3 = '97'",,,,,,,,"","client backend"
2024-06-16 19:02:31.045 CST,"raingage","benchmark",54599,"127.0.0.1:48958",666ec5b9.d547,1041,"SELECT",2024-06-16 19:00:09 CST,8/75,0,LOG,00000,"execute S_1: SELECT c_discount, c_last, c_credit, w_tax     FROM bmsql_customer     JOIN bmsql_warehouse ON (w_id = c_w_id)     WHERE c_w_id = $1 AND c_d_id = $2 AND c_id = $3","parameters: $1 = '1', $2 = '2', $3 = '97'",,,,,,,,"","client backend"
2024-06-16 19:02:31.110 CST,"raingage","benchmark",54599,"127.0.0.1:48958",666ec5b9.d547,1042,"SELECT",2024-06-16 19:00:09 CST,8/75,0,LOG,00000,"execute S_1: SELECT c_discount, c_last, c_credit, w_tax     FROM bmsql_customer     JOIN bmsql_warehouse ON (w_id = c_w_id)     WHERE c_w_id = $1 AND c_d_id = $2 AND c_id = $3","parameters: $1 = '1', $2 = '2', $3 = '97'",,,,,,,,"","client backend"
2024-06-16 19:02:31.179 CST,"raingage","benchmark",54599,"127.0.0.1:48958",666ec5b9.d547,1043,"SELECT",2024-06-16 19:00:09 CST,8/75,0,LOG,00000,"execute S_1: SELECT c_discount, c_last, c_credit, w_tax     FROM bmsql_customer     JOIN bmsql_warehouse ON (w_id = c_w_id)     WHERE c_w_id = $1 AND c_d_id = $2 AND c_id = $3","parameters: $1 = '1', $2 = '2', $3 = '97'",,,,,,,,"","client backend"
2024-06-16 19:02:31.245 CST,"raingage","benchmark",54599,"127.0.0.1:48958",666ec5b9.d547,1044,"SELECT",2024-06-16 19:00:09 CST,8/75,0,LOG,00000,"execute S_1: SELECT c_discount, c_last, c_credit, w_tax     FROM bmsql_customer     JOIN bmsql_warehouse ON (w_id = c_w_id)     WHERE c_w_id = $1 AND c_d_id = $2 AND c_id = $3","parameters: $1 = '1', $2 = '2', $3 = '97'",,,,,,,,"","client backend"
2024-06-16 19:02:31.311 CST,"raingage","benchmark",54599,"127.0.0.1:48958",666ec5b9.d547,1045,"SELECT",2024-06-16 19:00:09 CST,8/75,0,LOG,00000,"execute S_1: SELECT c_discount, c_last, c_credit, w_tax     FROM bmsql_customer     JOIN bmsql_warehouse ON (w_id = c_w_id)     WHERE c_w_id = $1 AND c_d_id = $2 AND c_id = $3","parameters: $1 = '1', $2 = '2', $3 = '97'",,,,,,,,"","client backend"
2024-06-16 19:02:31.379 CST,"raingage","benchmark",54599,"127.0.0.1:48958",666ec5b9.d547,1046,"SELECT",2024-06-16 19:00:09 CST,8/75,0,LOG,00000,"execute S_1: SELECT c_discount, c_last, c_credit, w_tax     FROM bmsql_customer     JOIN bmsql_warehouse ON (w_id = c_w_id)     WHERE c_w_id = $1 AND c_d_id = $2 AND c_id = $3","parameters: $1 = '1', $2 = '2', $3 = '97'",,,,,,,,"","client backend"
2024-06-16 19:02:31.451 CST,"raingage","benchmark",54599,"127.0.0.1:48958",666ec5b9.d547,1047,"SELECT",2024-06-16 19:00:09 CST,8/75,0,LOG,00000,"execute S_1: SELECT c_discount, c_last, c_credit, w_tax     FROM bmsql_customer     JOIN bmsql_warehouse ON (w_id = c_w_id)     WHERE c_w_id = $1 AND c_d_id = $2 AND c_id = $3","parameters: $1 = '1', $2 = '2', $3 = '97'",,,,,,,,"","client backend"
2024-06-16 19:02:31.466 CST,"raingage","benchmark",54599,"127.0.0.1:48958",666ec5b9.d547,1048,"SELECT",2024-06-16 19:00:09 CST,8/75,0,LOG,00000,"execute S_5: SELECT i_price, i_name, i_data     FROM bmsql_item     WHERE i_id = $1","parameters: $1 = '77'",,,,,,,,"","client backend"
2024-06-16 19:02:31.486 CST,"raingage","benchmark",54599,"127.0.0.1:48958",666ec5b9.d547,1049,"SELECT",2024-06-16 19:00:09 CST,8/75,0,LOG,00000,"execute S_6: SELECT s_quantity, s_data,        s_dist_01, s_dist_02, s_dist_03, s_dist_04,        s_dist_05, s_dist_06, s_dist_07, s_dist_08,        s_dist_09, s_dist_10     FROM bmsql_stock     WHERE s_w_id = $1 AND s_i_id = $2 ","parameters: $1 = '1', $2 = '77'",,,,,,,,"","client backend"
2024-06-16 19:02:31.488 CST,"raingage","benchmark",54596,"127.0.0.1:48952",666ec5b9.d544,1270,"BEGIN",2024-06-16 19:00:09 CST,5/92,0,LOG,00000,"execute S_3: BEGIN",,,,,,,,,"","client backend"
2024-06-16 19:02:31.500 CST,"raingage","benchmark",54599,"127.0.0.1:48958",666ec5b9.d547,1050,"UPDATE",2024-06-16 19:00:09 CST,8/75,0,LOG,00000,"execute S_7: UPDATE bmsql_stock     SET s_quantity = $1, s_ytd = s_ytd + $2,         s_order_cnt = s_order_cnt + 1,         s_remote_cnt = s_remote_cnt + $3     WHERE s_w_id = $4 AND s_i_id = $5","parameters: $1 = '58', $2 = '2', $3 = '0', $4 = '1', $5 = '77'",,,,,,,,"","client backend"
2024-06-16 19:02:31.506 CST,"raingage","benchmark",54596,"127.0.0.1:48952",666ec5b9.d544,1271,"SELECT",2024-06-16 19:00:09 CST,5/92,0,LOG,00000,"execute S_4: SELECT d_tax, d_next_o_id     FROM bmsql_district     WHERE d_w_id = $1 AND d_id = $2 ","parameters: $1 = '1', $2 = '2'",,,,,,,,"","client backend"
2024-06-16 19:02:31.517 CST,"raingage","benchmark",54599,"127.0.0.1:48958",666ec5b9.d547,1051,"COMMIT",2024-06-16 19:00:09 CST,8/75,115529,LOG,00000,"execute S_2: COMMIT",,,,,,,,,"","client backend"
2024-06-16 19:02:31.539 CST,"raingage","benchmark",54599,"127.0.0.1:48958",666ec5b9.d547,1052,"BEGIN",2024-06-16 19:00:09 CST,8/76,0,LOG,00000,"execute S_3: BEGIN",,,,,,,,,"","client backend"
2024-06-16 19:02:31.553 CST,"raingage","benchmark",54599,"127.0.0.1:48958",666ec5b9.d547,1053,"SELECT",2024-06-16 19:00:09 CST,8/76,0,LOG,00000,"execute S_4: SELECT d_tax, d_next_o_id     FROM bmsql_district     WHERE d_w_id = $1 AND d_id = $2 ","parameters: $1 = '1', $2 = '2'",,,,,,,,"","client backend"
2024-06-16 19:02:31.574 CST,"raingage","benchmark",54596,"127.0.0.1:48952",666ec5b9.d544,1272,"SELECT",2024-06-16 19:00:09 CST,5/92,0,LOG,00000,"execute S_1: SELECT c_discount, c_last, c_credit, w_tax     FROM bmsql_customer     JOIN bmsql_warehouse ON (w_id = c_w_id)     WHERE c_w_id = $1 AND c_d_id = $2 AND c_id = $3","parameters: $1 = '1', $2 = '2', $3 = '64'",,,,,,,,"","client backend"
2024-06-16 19:02:31.618 CST,"raingage","benchmark",54599,"127.0.0.1:48958",666ec5b9.d547,1054,"SELECT",2024-06-16 19:00:09 CST,8/76,0,LOG,00000,"execute S_1: SELECT c_discount, c_last, c_credit, w_tax     FROM bmsql_customer     JOIN bmsql_warehouse ON (w_id = c_w_id)     WHERE c_w_id = $1 AND c_d_id = $2 AND c_id = $3","parameters: $1 = '1', $2 = '2', $3 = '97'",,,,,,,,"","client backend"
2024-06-16 19:02:31.641 CST,"raingage","benchmark",54596,"127.0.0.1:48952",666ec5b9.d544,1273,"SELECT",2024-06-16 19:00:09 CST,5/92,0,LOG,00000,"execute S_1: SELECT c_discount, c_last, c_credit, w_tax     FROM bmsql_customer     JOIN bmsql_warehouse ON (w_id = c_w_id)     WHERE c_w_id = $1 AND c_d_id = $2 AND c_id = $3","parameters: $1 = '1', $2 = '2', $3 = '64'",,,,,,,,"","client backend"
2024-06-16 19:02:31.685 CST,"raingage","benchmark",54599,"127.0.0.1:48958",666ec5b9.d547,1055,"SELECT",2024-06-16 19:00:09 CST,8/76,0,LOG,00000,"execute S_1: SELECT c_discount, c_last, c_credit, w_tax     FROM bmsql_customer     JOIN bmsql_warehouse ON (w_id = c_w_id)     WHERE c_w_id = $1 AND c_d_id = $2 AND c_id = $3","parameters: $1 = '1', $2 = '2', $3 = '97'",,,,,,,,"","client backend"
2024-06-16 19:02:31.705 CST,"raingage","benchmark",54596,"127.0.0.1:48952",666ec5b9.d544,1274,"SELECT",2024-06-16 19:00:09 CST,5/92,0,LOG,00000,"execute S_1: SELECT c_discount, c_last, c_credit, w_tax     FROM bmsql_customer     JOIN bmsql_warehouse ON (w_id = c_w_id)     WHERE c_w_id = $1 AND c_d_id = $2 AND c_id = $3","parameters: $1 = '1', $2 = '2', $3 = '64'",,,,,,,,"","client backend"
2024-06-16 19:02:31.754 CST,"raingage","benchmark",54599,"127.0.0.1:48958",666ec5b9.d547,1056,"SELECT",2024-06-16 19:00:09 CST,8/76,0,LOG,00000,"execute S_1: SELECT c_discount, c_last, c_credit, w_tax     FROM bmsql_customer     JOIN bmsql_warehouse ON (w_id = c_w_id)     WHERE c_w_id = $1 AND c_d_id = $2 AND c_id = $3","parameters: $1 = '1', $2 = '2', $3 = '97'",,,,,,,,"","client backend"
2024-06-16 19:02:31.775 CST,"raingage","benchmark",54596,"127.0.0.1:48952",666ec5b9.d544,1275,"SELECT",2024-06-16 19:00:09 CST,5/92,0,LOG,00000,"execute S_1: SELECT c_discount, c_last, c_credit, w_tax     FROM bmsql_customer     JOIN bmsql_warehouse ON (w_id = c_w_id)     WHERE c_w_id = $1 AND c_d_id = $2 AND c_id = $3","parameters: $1 = '1', $2 = '2', $3 = '64'",,,,,,,,"","client backend"
2024-06-16 19:02:31.821 CST,"raingage","benchmark",54599,"127.0.0.1:48958",666ec5b9.d547,1057,"SELECT",2024-06-16 19:00:09 CST,8/76,0,LOG,00000,"execute S_1: SELECT c_discount, c_last, c_credit, w_tax     FROM bmsql_customer     JOIN bmsql_warehouse ON (w_id = c_w_id)     WHERE c_w_id = $1 AND c_d_id = $2 AND c_id = $3","parameters: $1 = '1', $2 = '2', $3 = '97'",,,,,,,,"","client backend"
2024-06-16 19:02:31.844 CST,"raingage","benchmark",54596,"127.0.0.1:48952",666ec5b9.d544,1276,"SELECT",2024-06-16 19:00:09 CST,5/92,0,LOG,00000,"execute S_1: SELECT c_discount, c_last, c_credit, w_tax     FROM bmsql_customer     JOIN bmsql_warehouse ON (w_id = c_w_id)     WHERE c_w_id = $1 AND c_d_id = $2 AND c_id = $3","parameters: $1 = '1', $2 = '2', $3 = '64'",,,,,,,,"","client backend"
2024-06-16 19:02:31.887 CST,"raingage","benchmark",54599,"127.0.0.1:48958",666ec5b9.d547,1058,"SELECT",2024-06-16 19:00:09 CST,8/76,0,LOG,00000,"execute S_1: SELECT c_discount, c_last, c_credit, w_tax     FROM bmsql_customer     JOIN bmsql_warehouse ON (w_id = c_w_id)     WHERE c_w_id = $1 AND c_d_id = $2 AND c_id = $3","parameters: $1 = '1', $2 = '2', $3 = '97'",,,,,,,,"","client backend"
2024-06-16 19:02:31.914 CST,"raingage","benchmark",54596,"127.0.0.1:48952",666ec5b9.d544,1277,"SELECT",2024-06-16 19:00:09 CST,5/92,0,LOG,00000,"execute S_1: SELECT c_discount, c_last, c_credit, w_tax     FROM bmsql_customer     JOIN bmsql_warehouse ON (w_id = c_w_id)     WHERE c_w_id = $1 AND c_d_id = $2 AND c_id = $3","parameters: $1 = '1', $2 = '2', $3 = '64'",,,,,,,,"","client backend"
2024-06-16 19:02:31.951 CST,"raingage","benchmark",54599,"127.0.0.1:48958",666ec5b9.d547,1059,"SELECT",2024-06-16 19:00:09 CST,8/76,0,LOG,00000,"execute S_1: SELECT c_discount, c_last, c_credit, w_tax     FROM bmsql_customer     JOIN bmsql_warehouse ON (w_id = c_w_id)     WHERE c_w_id = $1 AND c_d_id = $2 AND c_id = $3","parameters: $1 = '1', $2 = '2', $3 = '97'",,,,,,,,"","client backend"
2024-06-16 19:02:31.979 CST,"raingage","benchmark",54596,"127.0.0.1:48952",666ec5b9.d544,1278,"SELECT",2024-06-16 19:00:09 CST,5/92,0,LOG,00000,"execute S_1: SELECT c_discount, c_last, c_credit, w_tax     FROM bmsql_customer     JOIN bmsql_warehouse ON (w_id = c_w_id)     WHERE c_w_id = $1 AND c_d_id = $2 AND c_id = $3","parameters: $1 = '1', $2 = '2', $3 = '64'",,,,,,,,"","client backend"
2024-06-16 19:02:32.015 CST,"raingage","benchmark",54599,"127.0.0.1:48958",666ec5b9.d547,1060,"SELECT",2024-06-16 19:00:09 CST,8/76,0,LOG,00000,"execute S_1: SELECT c_discount, c_last, c_credit, w_tax     FROM bmsql_customer     JOIN bmsql_warehouse ON (w_id = c_w_id)     WHERE c_w_id = $1 AND c_d_id = $2 AND c_id = $3","parameters: $1 = '1', $2 = '2', $3 = '97'",,,,,,,,"","client backend"
2024-06-16 19:02:32.015 CST,"raingage","benchmark",54597,"127.0.0.1:48954",666ec5b9.d545,722,"BEGIN",2024-06-16 19:00:09 CST,6/53,0,LOG,00000,"execute S_3: BEGIN",,,,,,,,,"","client backend"
2024-06-16 19:02:32.029 CST,"raingage","benchmark",54597,"127.0.0.1:48954",666ec5b9.d545,723,"SELECT",2024-06-16 19:00:09 CST,6/53,0,LOG,00000,"execute S_4: SELECT d_tax, d_next_o_id     FROM bmsql_district     WHERE d_w_id = $1 AND d_id = $2 ","parameters: $1 = '1', $2 = '4'",,,,,,,,"","client backend"
2024-06-16 19:02:32.043 CST,"raingage","benchmark",54596,"127.0.0.1:48952",666ec5b9.d544,1279,"SELECT",2024-06-16 19:00:09 CST,5/92,0,LOG,00000,"execute S_1: SELECT c_discount, c_last, c_credit, w_tax     FROM bmsql_customer     JOIN bmsql_warehouse ON (w_id = c_w_id)     WHERE c_w_id = $1 AND c_d_id = $2 AND c_id = $3","parameters: $1 = '1', $2 = '2', $3 = '64'",,,,,,,,"","client backend"
2024-06-16 19:02:32.059 CST,"raingage","benchmark",54596,"127.0.0.1:48952",666ec5b9.d544,1280,"SELECT",2024-06-16 19:00:09 CST,5/92,0,LOG,00000,"execute S_5: SELECT i_price, i_name, i_data     FROM bmsql_item     WHERE i_id = $1","parameters: $1 = '58'",,,,,,,,"","client backend"
2024-06-16 19:02:32.070 CST,"raingage","benchmark",54596,"127.0.0.1:48952",666ec5b9.d544,1281,"SELECT",2024-06-16 19:00:09 CST,5/92,0,LOG,00000,"execute S_6: SELECT s_quantity, s_data,        s_dist_01, s_dist_02, s_dist_03, s_dist_04,        s_dist_05, s_dist_06, s_dist_07, s_dist_08,        s_dist_09, s_dist_10     FROM bmsql_stock     WHERE s_w_id = $1 AND s_i_id = $2 ","parameters: $1 = '1', $2 = '58'",,,,,,,,"","client backend"
2024-06-16 19:02:32.078 CST,"raingage","benchmark",54599,"127.0.0.1:48958",666ec5b9.d547,1061,"SELECT",2024-06-16 19:00:09 CST,8/76,0,LOG,00000,"execute S_1: SELECT c_discount, c_last, c_credit, w_tax     FROM bmsql_customer     JOIN bmsql_warehouse ON (w_id = c_w_id)     WHERE c_w_id = $1 AND c_d_id = $2 AND c_id = $3","parameters: $1 = '1', $2 = '2', $3 = '97'",,,,,,,,"","client backend"
2024-06-16 19:02:32.085 CST,"raingage","benchmark",54596,"127.0.0.1:48952",666ec5b9.d544,1282,"UPDATE",2024-06-16 19:00:09 CST,5/92,0,LOG,00000,"execute S_7: UPDATE bmsql_stock     SET s_quantity = $1, s_ytd = s_ytd + $2,         s_order_cnt = s_order_cnt + 1,         s_remote_cnt = s_remote_cnt + $3     WHERE s_w_id = $4 AND s_i_id = $5","parameters: $1 = '95', $2 = '2', $3 = '0', $4 = '1', $5 = '58'",,,,,,,,"","client backend"
2024-06-16 19:02:32.090 CST,"raingage","benchmark",54599,"127.0.0.1:48958",666ec5b9.d547,1062,"SELECT",2024-06-16 19:00:09 CST,8/76,0,LOG,00000,"execute S_5: SELECT i_price, i_name, i_data     FROM bmsql_item     WHERE i_id = $1","parameters: $1 = '77'",,,,,,,,"","client backend"
2024-06-16 19:02:32.092 CST,"raingage","benchmark",54597,"127.0.0.1:48954",666ec5b9.d545,724,"SELECT",2024-06-16 19:00:09 CST,6/53,0,LOG,00000,"execute S_1: SELECT c_discount, c_last, c_credit, w_tax     FROM bmsql_customer     JOIN bmsql_warehouse ON (w_id = c_w_id)     WHERE c_w_id = $1 AND c_d_id = $2 AND c_id = $3","parameters: $1 = '1', $2 = '4', $3 = '9'",,,,,,,,"","client backend"
2024-06-16 19:02:32.103 CST,"raingage","benchmark",54599,"127.0.0.1:48958",666ec5b9.d547,1063,"SELECT",2024-06-16 19:00:09 CST,8/76,0,LOG,00000,"execute S_6: SELECT s_quantity, s_data,        s_dist_01, s_dist_02, s_dist_03, s_dist_04,        s_dist_05, s_dist_06, s_dist_07, s_dist_08,        s_dist_09, s_dist_10     FROM bmsql_stock     WHERE s_w_id = $1 AND s_i_id = $2 ","parameters: $1 = '1', $2 = '77'",,,,,,,,"","client backend"
2024-06-16 19:02:32.107 CST,"raingage","benchmark",54596,"127.0.0.1:48952",666ec5b9.d544,1283,"COMMIT",2024-06-16 19:00:09 CST,5/92,115530,LOG,00000,"execute S_2: COMMIT",,,,,,,,,"","client backend"
2024-06-16 19:02:32.121 CST,"raingage","benchmark",54596,"127.0.0.1:48952",666ec5b9.d544,1284,"BEGIN",2024-06-16 19:00:09 CST,5/93,0,LOG,00000,"execute S_3: BEGIN",,,,,,,,,"","client backend"
2024-06-16 19:02:32.123 CST,"raingage","benchmark",54599,"127.0.0.1:48958",666ec5b9.d547,1064,"UPDATE",2024-06-16 19:00:09 CST,8/76,0,LOG,00000,"execute S_7: UPDATE bmsql_stock     SET s_quantity = $1, s_ytd = s_ytd + $2,         s_order_cnt = s_order_cnt + 1,         s_remote_cnt = s_remote_cnt + $3     WHERE s_w_id = $4 AND s_i_id = $5","parameters: $1 = '56', $2 = '2', $3 = '0', $4 = '1', $5 = '77'",,,,,,,,"","client backend"
2024-06-16 19:02:32.136 CST,"raingage","benchmark",54596,"127.0.0.1:48952",666ec5b9.d544,1285,"SELECT",2024-06-16 19:00:09 CST,5/93,0,LOG,00000,"execute S_4: SELECT d_tax, d_next_o_id     FROM bmsql_district     WHERE d_w_id = $1 AND d_id = $2 ","parameters: $1 = '1', $2 = '1'",,,,,,,,"","client backend"
2024-06-16 19:02:32.144 CST,"raingage","benchmark",54599,"127.0.0.1:48958",666ec5b9.d547,1065,"COMMIT",2024-06-16 19:00:09 CST,8/76,115531,LOG,00000,"execute S_2: COMMIT",,,,,,,,,"","client backend"
2024-06-16 19:02:32.156 CST,"raingage","benchmark",54597,"127.0.0.1:48954",666ec5b9.d545,725,"SELECT",2024-06-16 19:00:09 CST,6/53,0,LOG,00000,"execute S_1: SELECT c_discount, c_last, c_credit, w_tax     FROM bmsql_customer     JOIN bmsql_warehouse ON (w_id = c_w_id)     WHERE c_w_id = $1 AND c_d_id = $2 AND c_id = $3","parameters: $1 = '1', $2 = '4', $3 = '9'",,,,,,,,"","client backend"
2024-06-16 19:02:32.161 CST,"raingage","benchmark",54599,"127.0.0.1:48958",666ec5b9.d547,1066,"BEGIN",2024-06-16 19:00:09 CST,8/77,0,LOG,00000,"execute S_3: BEGIN",,,,,,,,,"","client backend"
2024-06-16 19:02:32.180 CST,"raingage","benchmark",54599,"127.0.0.1:48958",666ec5b9.d547,1067,"SELECT",2024-06-16 19:00:09 CST,8/77,0,LOG,00000,"execute S_4: SELECT d_tax, d_next_o_id     FROM bmsql_district     WHERE d_w_id = $1 AND d_id = $2 ","parameters: $1 = '1', $2 = '1'",,,,,,,,"","client backend"
2024-06-16 19:02:32.207 CST,"raingage","benchmark",54596,"127.0.0.1:48952",666ec5b9.d544,1286,"SELECT",2024-06-16 19:00:09 CST,5/93,0,LOG,00000,"execute S_1: SELECT c_discount, c_last, c_credit, w_tax     FROM bmsql_customer     JOIN bmsql_warehouse ON (w_id = c_w_id)     WHERE c_w_id = $1 AND c_d_id = $2 AND c_id = $3","parameters: $1 = '1', $2 = '1', $3 = '11'",,,,,,,,"","client backend"
2024-06-16 19:02:32.224 CST,"raingage","benchmark",54597,"127.0.0.1:48954",666ec5b9.d545,726,"SELECT",2024-06-16 19:00:09 CST,6/53,0,LOG,00000,"execute S_1: SELECT c_discount, c_last, c_credit, w_tax     FROM bmsql_customer     JOIN bmsql_warehouse ON (w_id = c_w_id)     WHERE c_w_id = $1 AND c_d_id = $2 AND c_id = $3","parameters: $1 = '1', $2 = '4', $3 = '9'",,,,,,,,"","client backend"
2024-06-16 19:02:32.279 CST,"raingage","benchmark",54596,"127.0.0.1:48952",666ec5b9.d544,1287,"SELECT",2024-06-16 19:00:09 CST,5/93,0,LOG,00000,"execute S_1: SELECT c_discount, c_last, c_credit, w_tax     FROM bmsql_customer     JOIN bmsql_warehouse ON (w_id = c_w_id)     WHERE c_w_id = $1 AND c_d_id = $2 AND c_id = $3","parameters: $1 = '1', $2 = '1', $3 = '11'",,,,,,,,"","client backend"
2024-06-16 19:02:32.294 CST,"raingage","benchmark",54597,"127.0.0.1:48954",666ec5b9.d545,727,"SELECT",2024-06-16 19:00:09 CST,6/53,0,LOG,00000,"execute S_1: SELECT c_discount, c_last, c_credit, w_tax     FROM bmsql_customer     JOIN bmsql_warehouse ON (w_id = c_w_id)     WHERE c_w_id = $1 AND c_d_id = $2 AND c_id = $3","parameters: $1 = '1', $2 = '4', $3 = '9'",,,,,,,,"","client backend"
2024-06-16 19:02:32.346 CST,"raingage","benchmark",54596,"127.0.0.1:48952",666ec5b9.d544,1288,"SELECT",2024-06-16 19:00:09 CST,5/93,0,LOG,00000,"execute S_1: SELECT c_discount, c_last, c_credit, w_tax     FROM bmsql_customer     JOIN bmsql_warehouse ON (w_id = c_w_id)     WHERE c_w_id = $1 AND c_d_id = $2 AND c_id = $3","parameters: $1 = '1', $2 = '1', $3 = '11'",,,,,,,,"","client backend"
2024-06-16 19:02:32.362 CST,"raingage","benchmark",54597,"127.0.0.1:48954",666ec5b9.d545,728,"SELECT",2024-06-16 19:00:09 CST,6/53,0,LOG,00000,"execute S_1: SELECT c_discount, c_last, c_credit, w_tax     FROM bmsql_customer     JOIN bmsql_warehouse ON (w_id = c_w_id)     WHERE c_w_id = $1 AND c_d_id = $2 AND c_id = $3","parameters: $1 = '1', $2 = '4', $3 = '9'",,,,,,,,"","client backend"
2024-06-16 19:02:32.412 CST,"raingage","benchmark",54596,"127.0.0.1:48952",666ec5b9.d544,1289,"SELECT",2024-06-16 19:00:09 CST,5/93,0,LOG,00000,"execute S_1: SELECT c_discount, c_last, c_credit, w_tax     FROM bmsql_customer     JOIN bmsql_warehouse ON (w_id = c_w_id)     WHERE c_w_id = $1 AND c_d_id = $2 AND c_id = $3","parameters: $1 = '1', $2 = '1', $3 = '11'",,,,,,,,"","client backend"
2024-06-16 19:02:32.429 CST,"raingage","benchmark",54597,"127.0.0.1:48954",666ec5b9.d545,729,"SELECT",2024-06-16 19:00:09 CST,6/53,0,LOG,00000,"execute S_1: SELECT c_discount, c_last, c_credit, w_tax     FROM bmsql_customer     JOIN bmsql_warehouse ON (w_id = c_w_id)     WHERE c_w_id = $1 AND c_d_id = $2 AND c_id = $3","parameters: $1 = '1', $2 = '4', $3 = '9'",,,,,,,,"","client backend"
2024-06-16 19:02:32.482 CST,"raingage","benchmark",54596,"127.0.0.1:48952",666ec5b9.d544,1290,"SELECT",2024-06-16 19:00:09 CST,5/93,0,LOG,00000,"execute S_1: SELECT c_discount, c_last, c_credit, w_tax     FROM bmsql_customer     JOIN bmsql_warehouse ON (w_id = c_w_id)     WHERE c_w_id = $1 AND c_d_id = $2 AND c_id = $3","parameters: $1 = '1', $2 = '1', $3 = '11'",,,,,,,,"","client backend"
2024-06-16 19:02:32.501 CST,"raingage","benchmark",54597,"127.0.0.1:48954",666ec5b9.d545,730,"SELECT",2024-06-16 19:00:09 CST,6/53,0,LOG,00000,"execute S_1: SELECT c_discount, c_last, c_credit, w_tax     FROM bmsql_customer     JOIN bmsql_warehouse ON (w_id = c_w_id)     WHERE c_w_id = $1 AND c_d_id = $2 AND c_id = $3","parameters: $1 = '1', $2 = '4', $3 = '9'",,,,,,,,"","client backend"
2024-06-16 19:02:32.548 CST,"raingage","benchmark",54596,"127.0.0.1:48952",666ec5b9.d544,1291,"SELECT",2024-06-16 19:00:09 CST,5/93,0,LOG,00000,"execute S_1: SELECT c_discount, c_last, c_credit, w_tax     FROM bmsql_customer     JOIN bmsql_warehouse ON (w_id = c_w_id)     WHERE c_w_id = $1 AND c_d_id = $2 AND c_id = $3","parameters: $1 = '1', $2 = '1', $3 = '11'",,,,,,,,"","client backend"
2024-06-16 19:02:32.572 CST,"raingage","benchmark",54597,"127.0.0.1:48954",666ec5b9.d545,731,"SELECT",2024-06-16 19:00:09 CST,6/53,0,LOG,00000,"execute S_1: SELECT c_discount, c_last, c_credit, w_tax     FROM bmsql_customer     JOIN bmsql_warehouse ON (w_id = c_w_id)     WHERE c_w_id = $1 AND c_d_id = $2 AND c_id = $3","parameters: $1 = '1', $2 = '4', $3 = '9'",,,,,,,,"","client backend"
2024-06-16 19:02:32.587 CST,"raingage","benchmark",54597,"127.0.0.1:48954",666ec5b9.d545,732,"SELECT",2024-06-16 19:00:09 CST,6/53,0,LOG,00000,"execute S_5: SELECT i_price, i_name, i_data     FROM bmsql_item     WHERE i_id = $1","parameters: $1 = '26'",,,,,,,,"","client backend"
2024-06-16 19:02:32.608 CST,"raingage","benchmark",54597,"127.0.0.1:48954",666ec5b9.d545,733,"SELECT",2024-06-16 19:00:09 CST,6/53,0,LOG,00000,"execute S_6: SELECT s_quantity, s_data,        s_dist_01, s_dist_02, s_dist_03, s_dist_04,        s_dist_05, s_dist_06, s_dist_07, s_dist_08,        s_dist_09, s_dist_10     FROM bmsql_stock     WHERE s_w_id = $1 AND s_i_id = $2 ","parameters: $1 = '1', $2 = '26'",,,,,,,,"","client backend"
2024-06-16 19:02:32.611 CST,"raingage","benchmark",54596,"127.0.0.1:48952",666ec5b9.d544,1292,"SELECT",2024-06-16 19:00:09 CST,5/93,0,LOG,00000,"execute S_1: SELECT c_discount, c_last, c_credit, w_tax     FROM bmsql_customer     JOIN bmsql_warehouse ON (w_id = c_w_id)     WHERE c_w_id = $1 AND c_d_id = $2 AND c_id = $3","parameters: $1 = '1', $2 = '1', $3 = '11'",,,,,,,,"","client backend"
2024-06-16 19:02:32.622 CST,"raingage","benchmark",54597,"127.0.0.1:48954",666ec5b9.d545,734,"UPDATE",2024-06-16 19:00:09 CST,6/53,0,LOG,00000,"execute S_7: UPDATE bmsql_stock     SET s_quantity = $1, s_ytd = s_ytd + $2,         s_order_cnt = s_order_cnt + 1,         s_remote_cnt = s_remote_cnt + $3     WHERE s_w_id = $4 AND s_i_id = $5","parameters: $1 = '99', $2 = '2', $3 = '0', $4 = '1', $5 = '26'",,,,,,,,"","client backend"
2024-06-16 19:02:32.642 CST,"raingage","benchmark",54597,"127.0.0.1:48954",666ec5b9.d545,735,"COMMIT",2024-06-16 19:00:09 CST,6/53,115532,LOG,00000,"execute S_2: COMMIT",,,,,,,,,"","client backend"
2024-06-16 19:02:32.657 CST,"raingage","benchmark",54597,"127.0.0.1:48954",666ec5b9.d545,736,"BEGIN",2024-06-16 19:00:09 CST,6/54,0,LOG,00000,"execute S_3: BEGIN",,,,,,,,,"","client backend"
2024-06-16 19:02:32.671 CST,"raingage","benchmark",54597,"127.0.0.1:48954",666ec5b9.d545,737,"SELECT",2024-06-16 19:00:09 CST,6/54,0,LOG,00000,"execute S_4: SELECT d_tax, d_next_o_id     FROM bmsql_district     WHERE d_w_id = $1 AND d_id = $2 ","parameters: $1 = '1', $2 = '1'",,,,,,,,"","client backend"
2024-06-16 19:02:32.673 CST,"raingage","benchmark",54596,"127.0.0.1:48952",666ec5b9.d544,1293,"SELECT",2024-06-16 19:00:09 CST,5/93,0,LOG,00000,"execute S_1: SELECT c_discount, c_last, c_credit, w_tax     FROM bmsql_customer     JOIN bmsql_warehouse ON (w_id = c_w_id)     WHERE c_w_id = $1 AND c_d_id = $2 AND c_id = $3","parameters: $1 = '1', $2 = '1', $3 = '11'",,,,,,,,"","client backend"
2024-06-16 19:02:32.688 CST,"raingage","benchmark",54596,"127.0.0.1:48952",666ec5b9.d544,1294,"SELECT",2024-06-16 19:00:09 CST,5/93,0,LOG,00000,"execute S_5: SELECT i_price, i_name, i_data     FROM bmsql_item     WHERE i_id = $1","parameters: $1 = '9'",,,,,,,,"","client backend"
2024-06-16 19:02:32.701 CST,"raingage","benchmark",54596,"127.0.0.1:48952",666ec5b9.d544,1295,"SELECT",2024-06-16 19:00:09 CST,5/93,0,LOG,00000,"execute S_6: SELECT s_quantity, s_data,        s_dist_01, s_dist_02, s_dist_03, s_dist_04,        s_dist_05, s_dist_06, s_dist_07, s_dist_08,        s_dist_09, s_dist_10     FROM bmsql_stock     WHERE s_w_id = $1 AND s_i_id = $2 ","parameters: $1 = '1', $2 = '9'",,,,,,,,"","client backend"
2024-06-16 19:02:32.720 CST,"raingage","benchmark",54596,"127.0.0.1:48952",666ec5b9.d544,1296,"UPDATE",2024-06-16 19:00:09 CST,5/93,0,LOG,00000,"execute S_7: UPDATE bmsql_stock     SET s_quantity = $1, s_ytd = s_ytd + $2,         s_order_cnt = s_order_cnt + 1,         s_remote_cnt = s_remote_cnt + $3     WHERE s_w_id = $4 AND s_i_id = $5","parameters: $1 = '71', $2 = '7', $3 = '0', $4 = '1', $5 = '9'",,,,,,,,"","client backend"
2024-06-16 19:02:32.735 CST,"raingage","benchmark",54597,"127.0.0.1:48954",666ec5b9.d545,738,"SELECT",2024-06-16 19:00:09 CST,6/54,0,LOG,00000,"execute S_1: SELECT c_discount, c_last, c_credit, w_tax     FROM bmsql_customer     JOIN bmsql_warehouse ON (w_id = c_w_id)     WHERE c_w_id = $1 AND c_d_id = $2 AND c_id = $3","parameters: $1 = '1', $2 = '1', $3 = '64'",,,,,,,,"","client backend"
2024-06-16 19:02:32.741 CST,"raingage","benchmark",54596,"127.0.0.1:48952",666ec5b9.d544,1297,"COMMIT",2024-06-16 19:00:09 CST,5/93,115533,LOG,00000,"execute S_2: COMMIT",,,,,,,,,"","client backend"
2024-06-16 19:02:32.742 CST,"raingage","benchmark",54599,"127.0.0.1:48958",666ec5b9.d547,1068,"SELECT",2024-06-16 19:00:09 CST,8/77,0,LOG,00000,"execute S_1: SELECT c_discount, c_last, c_credit, w_tax     FROM bmsql_customer     JOIN bmsql_warehouse ON (w_id = c_w_id)     WHERE c_w_id = $1 AND c_d_id = $2 AND c_id = $3","parameters: $1 = '1', $2 = '1', $3 = '11'",,,,,,,,"","client backend"
2024-06-16 19:02:32.761 CST,"raingage","benchmark",54596,"127.0.0.1:48952",666ec5b9.d544,1298,"BEGIN",2024-06-16 19:00:09 CST,5/94,0,LOG,00000,"execute S_3: BEGIN",,,,,,,,,"","client backend"
2024-06-16 19:02:32.777 CST,"raingage","benchmark",54596,"127.0.0.1:48952",666ec5b9.d544,1299,"SELECT",2024-06-16 19:00:09 CST,5/94,0,LOG,00000,"execute S_4: SELECT d_tax, d_next_o_id     FROM bmsql_district     WHERE d_w_id = $1 AND d_id = $2 ","parameters: $1 = '1', $2 = '1'",,,,,,,,"","client backend"
2024-06-16 19:02:32.806 CST,"raingage","benchmark",54597,"127.0.0.1:48954",666ec5b9.d545,739,"SELECT",2024-06-16 19:00:09 CST,6/54,0,LOG,00000,"execute S_1: SELECT c_discount, c_last, c_credit, w_tax     FROM bmsql_customer     JOIN bmsql_warehouse ON (w_id = c_w_id)     WHERE c_w_id = $1 AND c_d_id = $2 AND c_id = $3","parameters: $1 = '1', $2 = '1', $3 = '64'",,,,,,,,"","client backend"
2024-06-16 19:02:32.812 CST,"raingage","benchmark",54599,"127.0.0.1:48958",666ec5b9.d547,1069,"SELECT",2024-06-16 19:00:09 CST,8/77,0,LOG,00000,"execute S_1: SELECT c_discount, c_last, c_credit, w_tax     FROM bmsql_customer     JOIN bmsql_warehouse ON (w_id = c_w_id)     WHERE c_w_id = $1 AND c_d_id = $2 AND c_id = $3","parameters: $1 = '1', $2 = '1', $3 = '11'",,,,,,,,"","client backend"
2024-06-16 19:02:32.869 CST,"raingage","benchmark",54597,"127.0.0.1:48954",666ec5b9.d545,740,"SELECT",2024-06-16 19:00:09 CST,6/54,0,LOG,00000,"execute S_1: SELECT c_discount, c_last, c_credit, w_tax     FROM bmsql_customer     JOIN bmsql_warehouse ON (w_id = c_w_id)     WHERE c_w_id = $1 AND c_d_id = $2 AND c_id = $3","parameters: $1 = '1', $2 = '1', $3 = '64'",,,,,,,,"","client backend"
2024-06-16 19:02:32.877 CST,"raingage","benchmark",54599,"127.0.0.1:48958",666ec5b9.d547,1070,"SELECT",2024-06-16 19:00:09 CST,8/77,0,LOG,00000,"execute S_1: SELECT c_discount, c_last, c_credit, w_tax     FROM bmsql_customer     JOIN bmsql_warehouse ON (w_id = c_w_id)     WHERE c_w_id = $1 AND c_d_id = $2 AND c_id = $3","parameters: $1 = '1', $2 = '1', $3 = '11'",,,,,,,,"","client backend"
2024-06-16 19:02:32.933 CST,"raingage","benchmark",54597,"127.0.0.1:48954",666ec5b9.d545,741,"SELECT",2024-06-16 19:00:09 CST,6/54,0,LOG,00000,"execute S_1: SELECT c_discount, c_last, c_credit, w_tax     FROM bmsql_customer     JOIN bmsql_warehouse ON (w_id = c_w_id)     WHERE c_w_id = $1 AND c_d_id = $2 AND c_id = $3","parameters: $1 = '1', $2 = '1', $3 = '64'",,,,,,,,"","client backend"
2024-06-16 19:02:32.942 CST,"raingage","benchmark",54599,"127.0.0.1:48958",666ec5b9.d547,1071,"SELECT",2024-06-16 19:00:09 CST,8/77,0,LOG,00000,"execute S_1: SELECT c_discount, c_last, c_credit, w_tax     FROM bmsql_customer     JOIN bmsql_warehouse ON (w_id = c_w_id)     WHERE c_w_id = $1 AND c_d_id = $2 AND c_id = $3","parameters: $1 = '1', $2 = '1', $3 = '11'",,,,,,,,"","client backend"
2024-06-16 19:02:32.996 CST,"raingage","benchmark",54597,"127.0.0.1:48954",666ec5b9.d545,742,"SELECT",2024-06-16 19:00:09 CST,6/54,0,LOG,00000,"execute S_1: SELECT c_discount, c_last, c_credit, w_tax     FROM bmsql_customer     JOIN bmsql_warehouse ON (w_id = c_w_id)     WHERE c_w_id = $1 AND c_d_id = $2 AND c_id = $3","parameters: $1 = '1', $2 = '1', $3 = '64'",,,,,,,,"","client backend"
2024-06-16 19:02:33.012 CST,"raingage","benchmark",54599,"127.0.0.1:48958",666ec5b9.d547,1072,"SELECT",2024-06-16 19:00:09 CST,8/77,0,LOG,00000,"execute S_1: SELECT c_discount, c_last, c_credit, w_tax     FROM bmsql_customer     JOIN bmsql_warehouse ON (w_id = c_w_id)     WHERE c_w_id = $1 AND c_d_id = $2 AND c_id = $3","parameters: $1 = '1', $2 = '1', $3 = '11'",,,,,,,,"","client backend"
2024-06-16 19:02:33.062 CST,"raingage","benchmark",54597,"127.0.0.1:48954",666ec5b9.d545,743,"SELECT",2024-06-16 19:00:09 CST,6/54,0,LOG,00000,"execute S_1: SELECT c_discount, c_last, c_credit, w_tax     FROM bmsql_customer     JOIN bmsql_warehouse ON (w_id = c_w_id)     WHERE c_w_id = $1 AND c_d_id = $2 AND c_id = $3","parameters: $1 = '1', $2 = '1', $3 = '64'",,,,,,,,"","client backend"
2024-06-16 19:02:33.082 CST,"raingage","benchmark",54599,"127.0.0.1:48958",666ec5b9.d547,1073,"SELECT",2024-06-16 19:00:09 CST,8/77,0,LOG,00000,"execute S_1: SELECT c_discount, c_last, c_credit, w_tax     FROM bmsql_customer     JOIN bmsql_warehouse ON (w_id = c_w_id)     WHERE c_w_id = $1 AND c_d_id = $2 AND c_id = $3","parameters: $1 = '1', $2 = '1', $3 = '11'",,,,,,,,"","client backend"
2024-06-16 19:02:33.129 CST,"raingage","benchmark",54597,"127.0.0.1:48954",666ec5b9.d545,744,"SELECT",2024-06-16 19:00:09 CST,6/54,0,LOG,00000,"execute S_1: SELECT c_discount, c_last, c_credit, w_tax     FROM bmsql_customer     JOIN bmsql_warehouse ON (w_id = c_w_id)     WHERE c_w_id = $1 AND c_d_id = $2 AND c_id = $3","parameters: $1 = '1', $2 = '1', $3 = '64'",,,,,,,,"","client backend"
2024-06-16 19:02:33.144 CST,"raingage","benchmark",54599,"127.0.0.1:48958",666ec5b9.d547,1074,"SELECT",2024-06-16 19:00:09 CST,8/77,0,LOG,00000,"execute S_1: SELECT c_discount, c_last, c_credit, w_tax     FROM bmsql_customer     JOIN bmsql_warehouse ON (w_id = c_w_id)     WHERE c_w_id = $1 AND c_d_id = $2 AND c_id = $3","parameters: $1 = '1', $2 = '1', $3 = '11'",,,,,,,,"","client backend"
2024-06-16 19:02:33.193 CST,"raingage","benchmark",54597,"127.0.0.1:48954",666ec5b9.d545,745,"SELECT",2024-06-16 19:00:09 CST,6/54,0,LOG,00000,"execute S_1: SELECT c_discount, c_last, c_credit, w_tax     FROM bmsql_customer     JOIN bmsql_warehouse ON (w_id = c_w_id)     WHERE c_w_id = $1 AND c_d_id = $2 AND c_id = $3","parameters: $1 = '1', $2 = '1', $3 = '64'",,,,,,,,"","client backend"
2024-06-16 19:02:33.205 CST,"raingage","benchmark",54597,"127.0.0.1:48954",666ec5b9.d545,746,"SELECT",2024-06-16 19:00:09 CST,6/54,0,LOG,00000,"execute S_5: SELECT i_price, i_name, i_data     FROM bmsql_item     WHERE i_id = $1","parameters: $1 = '58'",,,,,,,,"","client backend"
2024-06-16 19:02:33.208 CST,"raingage","benchmark",54599,"127.0.0.1:48958",666ec5b9.d547,1075,"SELECT",2024-06-16 19:00:09 CST,8/77,0,LOG,00000,"execute S_1: SELECT c_discount, c_last, c_credit, w_tax     FROM bmsql_customer     JOIN bmsql_warehouse ON (w_id = c_w_id)     WHERE c_w_id = $1 AND c_d_id = $2 AND c_id = $3","parameters: $1 = '1', $2 = '1', $3 = '11'",,,,,,,,"","client backend"
2024-06-16 19:02:33.223 CST,"raingage","benchmark",54599,"127.0.0.1:48958",666ec5b9.d547,1076,"SELECT",2024-06-16 19:00:09 CST,8/77,0,LOG,00000,"execute S_5: SELECT i_price, i_name, i_data     FROM bmsql_item     WHERE i_id = $1","parameters: $1 = '9'",,,,,,,,"","client backend"
2024-06-16 19:02:33.224 CST,"raingage","benchmark",54597,"127.0.0.1:48954",666ec5b9.d545,747,"SELECT",2024-06-16 19:00:09 CST,6/54,0,LOG,00000,"execute S_6: SELECT s_quantity, s_data,        s_dist_01, s_dist_02, s_dist_03, s_dist_04,        s_dist_05, s_dist_06, s_dist_07, s_dist_08,        s_dist_09, s_dist_10     FROM bmsql_stock     WHERE s_w_id = $1 AND s_i_id = $2 ","parameters: $1 = '1', $2 = '58'",,,,,,,,"","client backend"
2024-06-16 19:02:33.240 CST,"raingage","benchmark",54597,"127.0.0.1:48954",666ec5b9.d545,748,"UPDATE",2024-06-16 19:00:09 CST,6/54,0,LOG,00000,"execute S_7: UPDATE bmsql_stock     SET s_quantity = $1, s_ytd = s_ytd + $2,         s_order_cnt = s_order_cnt + 1,         s_remote_cnt = s_remote_cnt + $3     WHERE s_w_id = $4 AND s_i_id = $5","parameters: $1 = '89', $2 = '6', $3 = '0', $4 = '1', $5 = '58'",,,,,,,,"","client backend"
2024-06-16 19:02:33.241 CST,"raingage","benchmark",54599,"127.0.0.1:48958",666ec5b9.d547,1077,"SELECT",2024-06-16 19:00:09 CST,8/77,0,LOG,00000,"execute S_6: SELECT s_quantity, s_data,        s_dist_01, s_dist_02, s_dist_03, s_dist_04,        s_dist_05, s_dist_06, s_dist_07, s_dist_08,        s_dist_09, s_dist_10     FROM bmsql_stock     WHERE s_w_id = $1 AND s_i_id = $2 ","parameters: $1 = '1', $2 = '9'",,,,,,,,"","client backend"
2024-06-16 19:02:33.256 CST,"raingage","benchmark",54599,"127.0.0.1:48958",666ec5b9.d547,1078,"UPDATE",2024-06-16 19:00:09 CST,8/77,0,LOG,00000,"execute S_7: UPDATE bmsql_stock     SET s_quantity = $1, s_ytd = s_ytd + $2,         s_order_cnt = s_order_cnt + 1,         s_remote_cnt = s_remote_cnt + $3     WHERE s_w_id = $4 AND s_i_id = $5","parameters: $1 = '71', $2 = '7', $3 = '0', $4 = '1', $5 = '9'",,,,,,,,"","client backend"
2024-06-16 19:02:33.258 CST,"raingage","benchmark",54597,"127.0.0.1:48954",666ec5b9.d545,749,"COMMIT",2024-06-16 19:00:09 CST,6/54,115534,LOG,00000,"execute S_2: COMMIT",,,,,,,,,"","client backend"
2024-06-16 19:02:33.259 CST,"raingage","benchmark",54596,"127.0.0.1:48952",666ec5b9.d544,1300,"SELECT",2024-06-16 19:00:09 CST,5/94,0,LOG,00000,"execute S_1: SELECT c_discount, c_last, c_credit, w_tax     FROM bmsql_customer     JOIN bmsql_warehouse ON (w_id = c_w_id)     WHERE c_w_id = $1 AND c_d_id = $2 AND c_id = $3","parameters: $1 = '1', $2 = '1', $3 = '64'",,,,,,,,"","client backend"
2024-06-16 19:02:33.275 CST,"raingage","benchmark",54599,"127.0.0.1:48958",666ec5b9.d547,1079,"COMMIT",2024-06-16 19:00:09 CST,8/77,115535,LOG,00000,"execute S_2: COMMIT",,,,,,,,,"","client backend"
2024-06-16 19:02:33.276 CST,"raingage","benchmark",54599,"127.0.0.1:48958",666ec5b9.d547,1080,"COMMIT",2024-06-16 19:00:09 CST,8/0,115535,WARNING,01000,"registered snapshots seem to remain after cleanup",,,,,,,,,"","client backend"
2024-06-16 19:02:33.296 CST,"raingage","benchmark",54599,"127.0.0.1:48958",666ec5b9.d547,1081,"BEGIN",2024-06-16 19:00:09 CST,8/78,0,LOG,00000,"execute S_3: BEGIN",,,,,,,,,"","client backend"
2024-06-16 19:02:33.313 CST,"raingage","benchmark",54599,"127.0.0.1:48958",666ec5b9.d547,1082,"SELECT",2024-06-16 19:00:09 CST,8/78,0,LOG,00000,"execute S_4: SELECT d_tax, d_next_o_id     FROM bmsql_district     WHERE d_w_id = $1 AND d_id = $2 ","parameters: $1 = '1', $2 = '2'",,,,,,,,"","client backend"
2024-06-16 19:02:33.322 CST,"raingage","benchmark",54596,"127.0.0.1:48952",666ec5b9.d544,1301,"SELECT",2024-06-16 19:00:09 CST,5/94,0,LOG,00000,"execute S_1: SELECT c_discount, c_last, c_credit, w_tax     FROM bmsql_customer     JOIN bmsql_warehouse ON (w_id = c_w_id)     WHERE c_w_id = $1 AND c_d_id = $2 AND c_id = $3","parameters: $1 = '1', $2 = '1', $3 = '64'",,,,,,,,"","client backend"
2024-06-16 19:02:33.382 CST,"raingage","benchmark",54599,"127.0.0.1:48958",666ec5b9.d547,1083,"SELECT",2024-06-16 19:00:09 CST,8/78,0,LOG,00000,"execute S_1: SELECT c_discount, c_last, c_credit, w_tax     FROM bmsql_customer     JOIN bmsql_warehouse ON (w_id = c_w_id)     WHERE c_w_id = $1 AND c_d_id = $2 AND c_id = $3","parameters: $1 = '1', $2 = '2', $3 = '8'",,,,,,,,"","client backend"
2024-06-16 19:02:33.388 CST,"raingage","benchmark",54596,"127.0.0.1:48952",666ec5b9.d544,1302,"SELECT",2024-06-16 19:00:09 CST,5/94,0,LOG,00000,"execute S_1: SELECT c_discount, c_last, c_credit, w_tax     FROM bmsql_customer     JOIN bmsql_warehouse ON (w_id = c_w_id)     WHERE c_w_id = $1 AND c_d_id = $2 AND c_id = $3","parameters: $1 = '1', $2 = '1', $3 = '64'",,,,,,,,"","client backend"
2024-06-16 19:02:33.450 CST,"raingage","benchmark",54596,"127.0.0.1:48952",666ec5b9.d544,1303,"SELECT",2024-06-16 19:00:09 CST,5/94,0,LOG,00000,"execute S_1: SELECT c_discount, c_last, c_credit, w_tax     FROM bmsql_customer     JOIN bmsql_warehouse ON (w_id = c_w_id)     WHERE c_w_id = $1 AND c_d_id = $2 AND c_id = $3","parameters: $1 = '1', $2 = '1', $3 = '64'",,,,,,,,"","client backend"
2024-06-16 19:02:33.453 CST,"raingage","benchmark",54599,"127.0.0.1:48958",666ec5b9.d547,1084,"SELECT",2024-06-16 19:00:09 CST,8/78,0,LOG,00000,"execute S_1: SELECT c_discount, c_last, c_credit, w_tax     FROM bmsql_customer     JOIN bmsql_warehouse ON (w_id = c_w_id)     WHERE c_w_id = $1 AND c_d_id = $2 AND c_id = $3","parameters: $1 = '1', $2 = '2', $3 = '8'",,,,,,,,"","client backend"
2024-06-16 19:02:33.518 CST,"raingage","benchmark",54599,"127.0.0.1:48958",666ec5b9.d547,1085,"SELECT",2024-06-16 19:00:09 CST,8/78,0,LOG,00000,"execute S_1: SELECT c_discount, c_last, c_credit, w_tax     FROM bmsql_customer     JOIN bmsql_warehouse ON (w_id = c_w_id)     WHERE c_w_id = $1 AND c_d_id = $2 AND c_id = $3","parameters: $1 = '1', $2 = '2', $3 = '8'",,,,,,,,"","client backend"
2024-06-16 19:02:33.520 CST,"raingage","benchmark",54596,"127.0.0.1:48952",666ec5b9.d544,1304,"SELECT",2024-06-16 19:00:09 CST,5/94,0,LOG,00000,"execute S_1: SELECT c_discount, c_last, c_credit, w_tax     FROM bmsql_customer     JOIN bmsql_warehouse ON (w_id = c_w_id)     WHERE c_w_id = $1 AND c_d_id = $2 AND c_id = $3","parameters: $1 = '1', $2 = '1', $3 = '64'",,,,,,,,"","client backend"
2024-06-16 19:02:33.581 CST,"raingage","benchmark",54599,"127.0.0.1:48958",666ec5b9.d547,1086,"SELECT",2024-06-16 19:00:09 CST,8/78,0,LOG,00000,"execute S_1: SELECT c_discount, c_last, c_credit, w_tax     FROM bmsql_customer     JOIN bmsql_warehouse ON (w_id = c_w_id)     WHERE c_w_id = $1 AND c_d_id = $2 AND c_id = $3","parameters: $1 = '1', $2 = '2', $3 = '8'",,,,,,,,"","client backend"
2024-06-16 19:02:33.588 CST,"raingage","benchmark",54596,"127.0.0.1:48952",666ec5b9.d544,1305,"SELECT",2024-06-16 19:00:09 CST,5/94,0,LOG,00000,"execute S_1: SELECT c_discount, c_last, c_credit, w_tax     FROM bmsql_customer     JOIN bmsql_warehouse ON (w_id = c_w_id)     WHERE c_w_id = $1 AND c_d_id = $2 AND c_id = $3","parameters: $1 = '1', $2 = '1', $3 = '64'",,,,,,,,"","client backend"
2024-06-16 19:02:33.644 CST,"raingage","benchmark",54599,"127.0.0.1:48958",666ec5b9.d547,1087,"SELECT",2024-06-16 19:00:09 CST,8/78,0,LOG,00000,"execute S_1: SELECT c_discount, c_last, c_credit, w_tax     FROM bmsql_customer     JOIN bmsql_warehouse ON (w_id = c_w_id)     WHERE c_w_id = $1 AND c_d_id = $2 AND c_id = $3","parameters: $1 = '1', $2 = '2', $3 = '8'",,,,,,,,"","client backend"
2024-06-16 19:02:33.660 CST,"raingage","benchmark",54596,"127.0.0.1:48952",666ec5b9.d544,1306,"SELECT",2024-06-16 19:00:09 CST,5/94,0,LOG,00000,"execute S_1: SELECT c_discount, c_last, c_credit, w_tax     FROM bmsql_customer     JOIN bmsql_warehouse ON (w_id = c_w_id)     WHERE c_w_id = $1 AND c_d_id = $2 AND c_id = $3","parameters: $1 = '1', $2 = '1', $3 = '64'",,,,,,,,"","client backend"
2024-06-16 19:02:33.706 CST,"raingage","benchmark",54599,"127.0.0.1:48958",666ec5b9.d547,1088,"SELECT",2024-06-16 19:00:09 CST,8/78,0,LOG,00000,"execute S_1: SELECT c_discount, c_last, c_credit, w_tax     FROM bmsql_customer     JOIN bmsql_warehouse ON (w_id = c_w_id)     WHERE c_w_id = $1 AND c_d_id = $2 AND c_id = $3","parameters: $1 = '1', $2 = '2', $3 = '8'",,,,,,,,"","client backend"
2024-06-16 19:02:33.727 CST,"raingage","benchmark",54596,"127.0.0.1:48952",666ec5b9.d544,1307,"SELECT",2024-06-16 19:00:09 CST,5/94,0,LOG,00000,"execute S_1: SELECT c_discount, c_last, c_credit, w_tax     FROM bmsql_customer     JOIN bmsql_warehouse ON (w_id = c_w_id)     WHERE c_w_id = $1 AND c_d_id = $2 AND c_id = $3","parameters: $1 = '1', $2 = '1', $3 = '64'",,,,,,,,"","client backend"
2024-06-16 19:02:33.743 CST,"raingage","benchmark",54596,"127.0.0.1:48952",666ec5b9.d544,1308,"SELECT",2024-06-16 19:00:09 CST,5/94,0,LOG,00000,"execute S_5: SELECT i_price, i_name, i_data     FROM bmsql_item     WHERE i_id = $1","parameters: $1 = '58'",,,,,,,,"","client backend"
2024-06-16 19:02:33.757 CST,"raingage","benchmark",54596,"127.0.0.1:48952",666ec5b9.d544,1309,"SELECT",2024-06-16 19:00:09 CST,5/94,0,LOG,00000,"execute S_6: SELECT s_quantity, s_data,        s_dist_01, s_dist_02, s_dist_03, s_dist_04,        s_dist_05, s_dist_06, s_dist_07, s_dist_08,        s_dist_09, s_dist_10     FROM bmsql_stock     WHERE s_w_id = $1 AND s_i_id = $2 ","parameters: $1 = '1', $2 = '58'",,,,,,,,"","client backend"
2024-06-16 19:02:33.773 CST,"raingage","benchmark",54599,"127.0.0.1:48958",666ec5b9.d547,1089,"SELECT",2024-06-16 19:00:09 CST,8/78,0,LOG,00000,"execute S_1: SELECT c_discount, c_last, c_credit, w_tax     FROM bmsql_customer     JOIN bmsql_warehouse ON (w_id = c_w_id)     WHERE c_w_id = $1 AND c_d_id = $2 AND c_id = $3","parameters: $1 = '1', $2 = '2', $3 = '8'",,,,,,,,"","client backend"
2024-06-16 19:02:33.778 CST,"raingage","benchmark",54596,"127.0.0.1:48952",666ec5b9.d544,1310,"UPDATE",2024-06-16 19:00:09 CST,5/94,0,LOG,00000,"execute S_7: UPDATE bmsql_stock     SET s_quantity = $1, s_ytd = s_ytd + $2,         s_order_cnt = s_order_cnt + 1,         s_remote_cnt = s_remote_cnt + $3     WHERE s_w_id = $4 AND s_i_id = $5","parameters: $1 = '89', $2 = '6', $3 = '0', $4 = '1', $5 = '58'",,,,,,,,"","client backend"
2024-06-16 19:02:33.798 CST,"raingage","benchmark",54596,"127.0.0.1:48952",666ec5b9.d544,1311,"COMMIT",2024-06-16 19:00:09 CST,5/94,115536,LOG,00000,"execute S_2: COMMIT",,,,,,,,,"","client backend"
2024-06-16 19:02:33.799 CST,"raingage","benchmark",54596,"127.0.0.1:48952",666ec5b9.d544,1312,"COMMIT",2024-06-16 19:00:09 CST,5/0,115536,WARNING,01000,"registered snapshots seem to remain after cleanup",,,,,,,,,"","client backend"
2024-06-16 19:02:33.814 CST,"raingage","benchmark",54596,"127.0.0.1:48952",666ec5b9.d544,1313,"BEGIN",2024-06-16 19:00:09 CST,5/95,0,LOG,00000,"execute S_3: BEGIN",,,,,,,,,"","client backend"
2024-06-16 19:02:33.829 CST,"raingage","benchmark",54596,"127.0.0.1:48952",666ec5b9.d544,1314,"SELECT",2024-06-16 19:00:09 CST,5/95,0,LOG,00000,"execute S_4: SELECT d_tax, d_next_o_id     FROM bmsql_district     WHERE d_w_id = $1 AND d_id = $2 ","parameters: $1 = '1', $2 = '2'",,,,,,,,"","client backend"
2024-06-16 19:02:33.840 CST,"raingage","benchmark",54599,"127.0.0.1:48958",666ec5b9.d547,1090,"SELECT",2024-06-16 19:00:09 CST,8/78,0,LOG,00000,"execute S_1: SELECT c_discount, c_last, c_credit, w_tax     FROM bmsql_customer     JOIN bmsql_warehouse ON (w_id = c_w_id)     WHERE c_w_id = $1 AND c_d_id = $2 AND c_id = $3","parameters: $1 = '1', $2 = '2', $3 = '8'",,,,,,,,"","client backend"
2024-06-16 19:02:33.855 CST,"raingage","benchmark",54599,"127.0.0.1:48958",666ec5b9.d547,1091,"SELECT",2024-06-16 19:00:09 CST,8/78,0,LOG,00000,"execute S_5: SELECT i_price, i_name, i_data     FROM bmsql_item     WHERE i_id = $1","parameters: $1 = '105'",,,,,,,,"","client backend"
2024-06-16 19:02:33.875 CST,"raingage","benchmark",54599,"127.0.0.1:48958",666ec5b9.d547,1092,"SELECT",2024-06-16 19:00:09 CST,8/78,0,LOG,00000,"execute S_6: SELECT s_quantity, s_data,        s_dist_01, s_dist_02, s_dist_03, s_dist_04,        s_dist_05, s_dist_06, s_dist_07, s_dist_08,        s_dist_09, s_dist_10     FROM bmsql_stock     WHERE s_w_id = $1 AND s_i_id = $2 ","parameters: $1 = '1', $2 = '105'",,,,,,,,"","client backend"
2024-06-16 19:02:33.895 CST,"raingage","benchmark",54599,"127.0.0.1:48958",666ec5b9.d547,1093,"UPDATE",2024-06-16 19:00:09 CST,8/78,0,LOG,00000,"execute S_7: UPDATE bmsql_stock     SET s_quantity = $1, s_ytd = s_ytd + $2,         s_order_cnt = s_order_cnt + 1,         s_remote_cnt = s_remote_cnt + $3     WHERE s_w_id = $4 AND s_i_id = $5","parameters: $1 = '29', $2 = '2', $3 = '0', $4 = '1', $5 = '105'",,,,,,,,"","client backend"
2024-06-16 19:02:33.910 CST,"raingage","benchmark",54599,"127.0.0.1:48958",666ec5b9.d547,1094,"COMMIT",2024-06-16 19:00:09 CST,8/78,115537,LOG,00000,"execute S_2: COMMIT",,,,,,,,,"","client backend"
2024-06-16 19:02:33.911 CST,"raingage","benchmark",54596,"127.0.0.1:48952",666ec5b9.d544,1315,"SELECT",2024-06-16 19:00:09 CST,5/95,0,LOG,00000,"execute S_1: SELECT c_discount, c_last, c_credit, w_tax     FROM bmsql_customer     JOIN bmsql_warehouse ON (w_id = c_w_id)     WHERE c_w_id = $1 AND c_d_id = $2 AND c_id = $3","parameters: $1 = '1', $2 = '2', $3 = '8'",,,,,,,,"","client backend"
2024-06-16 19:02:33.923 CST,"raingage","benchmark",54599,"127.0.0.1:48958",666ec5b9.d547,1095,"BEGIN",2024-06-16 19:00:09 CST,8/79,0,LOG,00000,"execute S_3: BEGIN",,,,,,,,,"","client backend"
2024-06-16 19:02:33.942 CST,"raingage","benchmark",54599,"127.0.0.1:48958",666ec5b9.d547,1096,"SELECT",2024-06-16 19:00:09 CST,8/79,0,LOG,00000,"execute S_4: SELECT d_tax, d_next_o_id     FROM bmsql_district     WHERE d_w_id = $1 AND d_id = $2 ","parameters: $1 = '1', $2 = '3'",,,,,,,,"","client backend"
2024-06-16 19:02:33.976 CST,"raingage","benchmark",54596,"127.0.0.1:48952",666ec5b9.d544,1316,"SELECT",2024-06-16 19:00:09 CST,5/95,0,LOG,00000,"execute S_1: SELECT c_discount, c_last, c_credit, w_tax     FROM bmsql_customer     JOIN bmsql_warehouse ON (w_id = c_w_id)     WHERE c_w_id = $1 AND c_d_id = $2 AND c_id = $3","parameters: $1 = '1', $2 = '2', $3 = '8'",,,,,,,,"","client backend"
2024-06-16 19:02:34.009 CST,"raingage","benchmark",54599,"127.0.0.1:48958",666ec5b9.d547,1097,"SELECT",2024-06-16 19:00:09 CST,8/79,0,LOG,00000,"execute S_1: SELECT c_discount, c_last, c_credit, w_tax     FROM bmsql_customer     JOIN bmsql_warehouse ON (w_id = c_w_id)     WHERE c_w_id = $1 AND c_d_id = $2 AND c_id = $3","parameters: $1 = '1', $2 = '3', $3 = '78'",,,,,,,,"","client backend"
2024-06-16 19:02:34.048 CST,"raingage","benchmark",54596,"127.0.0.1:48952",666ec5b9.d544,1317,"SELECT",2024-06-16 19:00:09 CST,5/95,0,LOG,00000,"execute S_1: SELECT c_discount, c_last, c_credit, w_tax     FROM bmsql_customer     JOIN bmsql_warehouse ON (w_id = c_w_id)     WHERE c_w_id = $1 AND c_d_id = $2 AND c_id = $3","parameters: $1 = '1', $2 = '2', $3 = '8'",,,,,,,,"","client backend"
2024-06-16 19:02:34.077 CST,"raingage","benchmark",54599,"127.0.0.1:48958",666ec5b9.d547,1098,"SELECT",2024-06-16 19:00:09 CST,8/79,0,LOG,00000,"execute S_1: SELECT c_discount, c_last, c_credit, w_tax     FROM bmsql_customer     JOIN bmsql_warehouse ON (w_id = c_w_id)     WHERE c_w_id = $1 AND c_d_id = $2 AND c_id = $3","parameters: $1 = '1', $2 = '3', $3 = '78'",,,,,,,,"","client backend"
2024-06-16 19:02:34.119 CST,"raingage","benchmark",54596,"127.0.0.1:48952",666ec5b9.d544,1318,"SELECT",2024-06-16 19:00:09 CST,5/95,0,LOG,00000,"execute S_1: SELECT c_discount, c_last, c_credit, w_tax     FROM bmsql_customer     JOIN bmsql_warehouse ON (w_id = c_w_id)     WHERE c_w_id = $1 AND c_d_id = $2 AND c_id = $3","parameters: $1 = '1', $2 = '2', $3 = '8'",,,,,,,,"","client backend"
2024-06-16 19:02:34.149 CST,"raingage","benchmark",54599,"127.0.0.1:48958",666ec5b9.d547,1099,"SELECT",2024-06-16 19:00:09 CST,8/79,0,LOG,00000,"execute S_1: SELECT c_discount, c_last, c_credit, w_tax     FROM bmsql_customer     JOIN bmsql_warehouse ON (w_id = c_w_id)     WHERE c_w_id = $1 AND c_d_id = $2 AND c_id = $3","parameters: $1 = '1', $2 = '3', $3 = '78'",,,,,,,,"","client backend"
2024-06-16 19:02:34.183 CST,"raingage","benchmark",54596,"127.0.0.1:48952",666ec5b9.d544,1319,"SELECT",2024-06-16 19:00:09 CST,5/95,0,LOG,00000,"execute S_1: SELECT c_discount, c_last, c_credit, w_tax     FROM bmsql_customer     JOIN bmsql_warehouse ON (w_id = c_w_id)     WHERE c_w_id = $1 AND c_d_id = $2 AND c_id = $3","parameters: $1 = '1', $2 = '2', $3 = '8'",,,,,,,,"","client backend"
2024-06-16 19:02:34.221 CST,"raingage","benchmark",54599,"127.0.0.1:48958",666ec5b9.d547,1100,"SELECT",2024-06-16 19:00:09 CST,8/79,0,LOG,00000,"execute S_1: SELECT c_discount, c_last, c_credit, w_tax     FROM bmsql_customer     JOIN bmsql_warehouse ON (w_id = c_w_id)     WHERE c_w_id = $1 AND c_d_id = $2 AND c_id = $3","parameters: $1 = '1', $2 = '3', $3 = '78'",,,,,,,,"","client backend"
2024-06-16 19:02:34.251 CST,"raingage","benchmark",54596,"127.0.0.1:48952",666ec5b9.d544,1320,"SELECT",2024-06-16 19:00:09 CST,5/95,0,LOG,00000,"execute S_1: SELECT c_discount, c_last, c_credit, w_tax     FROM bmsql_customer     JOIN bmsql_warehouse ON (w_id = c_w_id)     WHERE c_w_id = $1 AND c_d_id = $2 AND c_id = $3","parameters: $1 = '1', $2 = '2', $3 = '8'",,,,,,,,"","client backend"
2024-06-16 19:02:34.286 CST,"raingage","benchmark",54599,"127.0.0.1:48958",666ec5b9.d547,1101,"SELECT",2024-06-16 19:00:09 CST,8/79,0,LOG,00000,"execute S_1: SELECT c_discount, c_last, c_credit, w_tax     FROM bmsql_customer     JOIN bmsql_warehouse ON (w_id = c_w_id)     WHERE c_w_id = $1 AND c_d_id = $2 AND c_id = $3","parameters: $1 = '1', $2 = '3', $3 = '78'",,,,,,,,"","client backend"
2024-06-16 19:02:34.317 CST,"raingage","benchmark",54596,"127.0.0.1:48952",666ec5b9.d544,1321,"SELECT",2024-06-16 19:00:09 CST,5/95,0,LOG,00000,"execute S_1: SELECT c_discount, c_last, c_credit, w_tax     FROM bmsql_customer     JOIN bmsql_warehouse ON (w_id = c_w_id)     WHERE c_w_id = $1 AND c_d_id = $2 AND c_id = $3","parameters: $1 = '1', $2 = '2', $3 = '8'",,,,,,,,"","client backend"
2024-06-16 19:02:34.352 CST,"raingage","benchmark",54599,"127.0.0.1:48958",666ec5b9.d547,1102,"SELECT",2024-06-16 19:00:09 CST,8/79,0,LOG,00000,"execute S_1: SELECT c_discount, c_last, c_credit, w_tax     FROM bmsql_customer     JOIN bmsql_warehouse ON (w_id = c_w_id)     WHERE c_w_id = $1 AND c_d_id = $2 AND c_id = $3","parameters: $1 = '1', $2 = '3', $3 = '78'",,,,,,,,"","client backend"
2024-06-16 19:02:34.381 CST,"raingage","benchmark",54596,"127.0.0.1:48952",666ec5b9.d544,1322,"SELECT",2024-06-16 19:00:09 CST,5/95,0,LOG,00000,"execute S_1: SELECT c_discount, c_last, c_credit, w_tax     FROM bmsql_customer     JOIN bmsql_warehouse ON (w_id = c_w_id)     WHERE c_w_id = $1 AND c_d_id = $2 AND c_id = $3","parameters: $1 = '1', $2 = '2', $3 = '8'",,,,,,,,"","client backend"
2024-06-16 19:02:34.394 CST,"raingage","benchmark",54596,"127.0.0.1:48952",666ec5b9.d544,1323,"SELECT",2024-06-16 19:00:09 CST,5/95,0,LOG,00000,"execute S_5: SELECT i_price, i_name, i_data     FROM bmsql_item     WHERE i_id = $1","parameters: $1 = '105'",,,,,,,,"","client backend"
2024-06-16 19:02:34.410 CST,"raingage","benchmark",54596,"127.0.0.1:48952",666ec5b9.d544,1324,"SELECT",2024-06-16 19:00:09 CST,5/95,0,LOG,00000,"execute S_6: SELECT s_quantity, s_data,        s_dist_01, s_dist_02, s_dist_03, s_dist_04,        s_dist_05, s_dist_06, s_dist_07, s_dist_08,        s_dist_09, s_dist_10     FROM bmsql_stock     WHERE s_w_id = $1 AND s_i_id = $2 ","parameters: $1 = '1', $2 = '105'",,,,,,,,"","client backend"
2024-06-16 19:02:34.418 CST,"raingage","benchmark",54599,"127.0.0.1:48958",666ec5b9.d547,1103,"SELECT",2024-06-16 19:00:09 CST,8/79,0,LOG,00000,"execute S_1: SELECT c_discount, c_last, c_credit, w_tax     FROM bmsql_customer     JOIN bmsql_warehouse ON (w_id = c_w_id)     WHERE c_w_id = $1 AND c_d_id = $2 AND c_id = $3","parameters: $1 = '1', $2 = '3', $3 = '78'",,,,,,,,"","client backend"
2024-06-16 19:02:34.424 CST,"raingage","benchmark",54596,"127.0.0.1:48952",666ec5b9.d544,1325,"UPDATE",2024-06-16 19:00:09 CST,5/95,0,LOG,00000,"execute S_7: UPDATE bmsql_stock     SET s_quantity = $1, s_ytd = s_ytd + $2,         s_order_cnt = s_order_cnt + 1,         s_remote_cnt = s_remote_cnt + $3     WHERE s_w_id = $4 AND s_i_id = $5","parameters: $1 = '28', $2 = '3', $3 = '0', $4 = '1', $5 = '105'",,,,,,,,"","client backend"
2024-06-16 19:02:34.440 CST,"raingage","benchmark",54596,"127.0.0.1:48952",666ec5b9.d544,1326,"COMMIT",2024-06-16 19:00:09 CST,5/95,115538,LOG,00000,"execute S_2: COMMIT",,,,,,,,,"","client backend"
2024-06-16 19:02:34.441 CST,"raingage","benchmark",54596,"127.0.0.1:48952",666ec5b9.d544,1327,"COMMIT",2024-06-16 19:00:09 CST,5/0,115538,WARNING,01000,"registered snapshots seem to remain after cleanup",,,,,,,,,"","client backend"
2024-06-16 19:02:34.462 CST,"raingage","benchmark",54596,"127.0.0.1:48952",666ec5b9.d544,1328,"BEGIN",2024-06-16 19:00:09 CST,5/96,0,LOG,00000,"execute S_3: BEGIN",,,,,,,,,"","client backend"
2024-06-16 19:02:34.474 CST,"raingage","benchmark",54596,"127.0.0.1:48952",666ec5b9.d544,1329,"SELECT",2024-06-16 19:00:09 CST,5/96,0,LOG,00000,"execute S_4: SELECT d_tax, d_next_o_id     FROM bmsql_district     WHERE d_w_id = $1 AND d_id = $2 ","parameters: $1 = '1', $2 = '3'",,,,,,,,"","client backend"
2024-06-16 19:02:34.483 CST,"raingage","benchmark",54599,"127.0.0.1:48958",666ec5b9.d547,1104,"SELECT",2024-06-16 19:00:09 CST,8/79,0,LOG,00000,"execute S_1: SELECT c_discount, c_last, c_credit, w_tax     FROM bmsql_customer     JOIN bmsql_warehouse ON (w_id = c_w_id)     WHERE c_w_id = $1 AND c_d_id = $2 AND c_id = $3","parameters: $1 = '1', $2 = '3', $3 = '78'",,,,,,,,"","client backend"
2024-06-16 19:02:34.497 CST,"raingage","benchmark",54599,"127.0.0.1:48958",666ec5b9.d547,1105,"SELECT",2024-06-16 19:00:09 CST,8/79,0,LOG,00000,"execute S_5: SELECT i_price, i_name, i_data     FROM bmsql_item     WHERE i_id = $1","parameters: $1 = '20'",,,,,,,,"","client backend"
2024-06-16 19:02:34.514 CST,"raingage","benchmark",54599,"127.0.0.1:48958",666ec5b9.d547,1106,"SELECT",2024-06-16 19:00:09 CST,8/79,0,LOG,00000,"execute S_6: SELECT s_quantity, s_data,        s_dist_01, s_dist_02, s_dist_03, s_dist_04,        s_dist_05, s_dist_06, s_dist_07, s_dist_08,        s_dist_09, s_dist_10     FROM bmsql_stock     WHERE s_w_id = $1 AND s_i_id = $2 ","parameters: $1 = '1', $2 = '20'",,,,,,,,"","client backend"
2024-06-16 19:02:34.531 CST,"raingage","benchmark",54599,"127.0.0.1:48958",666ec5b9.d547,1107,"UPDATE",2024-06-16 19:00:09 CST,8/79,0,LOG,00000,"execute S_7: UPDATE bmsql_stock     SET s_quantity = $1, s_ytd = s_ytd + $2,         s_order_cnt = s_order_cnt + 1,         s_remote_cnt = s_remote_cnt + $3     WHERE s_w_id = $4 AND s_i_id = $5","parameters: $1 = '68', $2 = '3', $3 = '0', $4 = '1', $5 = '20'",,,,,,,,"","client backend"
2024-06-16 19:02:34.550 CST,"raingage","benchmark",54599,"127.0.0.1:48958",666ec5b9.d547,1108,"COMMIT",2024-06-16 19:00:09 CST,8/79,115539,LOG,00000,"execute S_2: COMMIT",,,,,,,,,"","client backend"
2024-06-16 19:02:34.551 CST,"raingage","benchmark",54596,"127.0.0.1:48952",666ec5b9.d544,1330,"SELECT",2024-06-16 19:00:09 CST,5/96,0,LOG,00000,"execute S_1: SELECT c_discount, c_last, c_credit, w_tax     FROM bmsql_customer     JOIN bmsql_warehouse ON (w_id = c_w_id)     WHERE c_w_id = $1 AND c_d_id = $2 AND c_id = $3","parameters: $1 = '1', $2 = '3', $3 = '78'",,,,,,,,"","client backend"
2024-06-16 19:02:34.567 CST,"raingage","benchmark",54599,"127.0.0.1:48958",666ec5b9.d547,1109,"BEGIN",2024-06-16 19:00:09 CST,8/80,0,LOG,00000,"execute S_3: BEGIN",,,,,,,,,"","client backend"
2024-06-16 19:02:34.578 CST,"raingage","benchmark",54599,"127.0.0.1:48958",666ec5b9.d547,1110,"SELECT",2024-06-16 19:00:09 CST,8/80,0,LOG,00000,"execute S_4: SELECT d_tax, d_next_o_id     FROM bmsql_district     WHERE d_w_id = $1 AND d_id = $2 ","parameters: $1 = '1', $2 = '3'",,,,,,,,"","client backend"
2024-06-16 19:02:34.620 CST,"raingage","benchmark",54596,"127.0.0.1:48952",666ec5b9.d544,1331,"SELECT",2024-06-16 19:00:09 CST,5/96,0,LOG,00000,"execute S_1: SELECT c_discount, c_last, c_credit, w_tax     FROM bmsql_customer     JOIN bmsql_warehouse ON (w_id = c_w_id)     WHERE c_w_id = $1 AND c_d_id = $2 AND c_id = $3","parameters: $1 = '1', $2 = '3', $3 = '78'",,,,,,,,"","client backend"
2024-06-16 19:02:34.646 CST,"raingage","benchmark",54599,"127.0.0.1:48958",666ec5b9.d547,1111,"SELECT",2024-06-16 19:00:09 CST,8/80,0,LOG,00000,"execute S_1: SELECT c_discount, c_last, c_credit, w_tax     FROM bmsql_customer     JOIN bmsql_warehouse ON (w_id = c_w_id)     WHERE c_w_id = $1 AND c_d_id = $2 AND c_id = $3","parameters: $1 = '1', $2 = '3', $3 = '82'",,,,,,,,"","client backend"
2024-06-16 19:02:34.689 CST,"raingage","benchmark",54596,"127.0.0.1:48952",666ec5b9.d544,1332,"SELECT",2024-06-16 19:00:09 CST,5/96,0,LOG,00000,"execute S_1: SELECT c_discount, c_last, c_credit, w_tax     FROM bmsql_customer     JOIN bmsql_warehouse ON (w_id = c_w_id)     WHERE c_w_id = $1 AND c_d_id = $2 AND c_id = $3","parameters: $1 = '1', $2 = '3', $3 = '78'",,,,,,,,"","client backend"
2024-06-16 19:02:34.712 CST,"raingage","benchmark",54599,"127.0.0.1:48958",666ec5b9.d547,1112,"SELECT",2024-06-16 19:00:09 CST,8/80,0,LOG,00000,"execute S_1: SELECT c_discount, c_last, c_credit, w_tax     FROM bmsql_customer     JOIN bmsql_warehouse ON (w_id = c_w_id)     WHERE c_w_id = $1 AND c_d_id = $2 AND c_id = $3","parameters: $1 = '1', $2 = '3', $3 = '82'",,,,,,,,"","client backend"
2024-06-16 19:02:34.752 CST,"raingage","benchmark",54596,"127.0.0.1:48952",666ec5b9.d544,1333,"SELECT",2024-06-16 19:00:09 CST,5/96,0,LOG,00000,"execute S_1: SELECT c_discount, c_last, c_credit, w_tax     FROM bmsql_customer     JOIN bmsql_warehouse ON (w_id = c_w_id)     WHERE c_w_id = $1 AND c_d_id = $2 AND c_id = $3","parameters: $1 = '1', $2 = '3', $3 = '78'",,,,,,,,"","client backend"
2024-06-16 19:02:34.781 CST,"raingage","benchmark",54599,"127.0.0.1:48958",666ec5b9.d547,1113,"SELECT",2024-06-16 19:00:09 CST,8/80,0,LOG,00000,"execute S_1: SELECT c_discount, c_last, c_credit, w_tax     FROM bmsql_customer     JOIN bmsql_warehouse ON (w_id = c_w_id)     WHERE c_w_id = $1 AND c_d_id = $2 AND c_id = $3","parameters: $1 = '1', $2 = '3', $3 = '82'",,,,,,,,"","client backend"
2024-06-16 19:02:34.822 CST,"raingage","benchmark",54596,"127.0.0.1:48952",666ec5b9.d544,1334,"SELECT",2024-06-16 19:00:09 CST,5/96,0,LOG,00000,"execute S_1: SELECT c_discount, c_last, c_credit, w_tax     FROM bmsql_customer     JOIN bmsql_warehouse ON (w_id = c_w_id)     WHERE c_w_id = $1 AND c_d_id = $2 AND c_id = $3","parameters: $1 = '1', $2 = '3', $3 = '78'",,,,,,,,"","client backend"
2024-06-16 19:02:34.844 CST,"raingage","benchmark",54599,"127.0.0.1:48958",666ec5b9.d547,1114,"SELECT",2024-06-16 19:00:09 CST,8/80,0,LOG,00000,"execute S_1: SELECT c_discount, c_last, c_credit, w_tax     FROM bmsql_customer     JOIN bmsql_warehouse ON (w_id = c_w_id)     WHERE c_w_id = $1 AND c_d_id = $2 AND c_id = $3","parameters: $1 = '1', $2 = '3', $3 = '82'",,,,,,,,"","client backend"
2024-06-16 19:02:34.886 CST,"raingage","benchmark",54596,"127.0.0.1:48952",666ec5b9.d544,1335,"SELECT",2024-06-16 19:00:09 CST,5/96,0,LOG,00000,"execute S_1: SELECT c_discount, c_last, c_credit, w_tax     FROM bmsql_customer     JOIN bmsql_warehouse ON (w_id = c_w_id)     WHERE c_w_id = $1 AND c_d_id = $2 AND c_id = $3","parameters: $1 = '1', $2 = '3', $3 = '78'",,,,,,,,"","client backend"
2024-06-16 19:02:34.910 CST,"raingage","benchmark",54599,"127.0.0.1:48958",666ec5b9.d547,1115,"SELECT",2024-06-16 19:00:09 CST,8/80,0,LOG,00000,"execute S_1: SELECT c_discount, c_last, c_credit, w_tax     FROM bmsql_customer     JOIN bmsql_warehouse ON (w_id = c_w_id)     WHERE c_w_id = $1 AND c_d_id = $2 AND c_id = $3","parameters: $1 = '1', $2 = '3', $3 = '82'",,,,,,,,"","client backend"
2024-06-16 19:02:34.949 CST,"raingage","benchmark",54596,"127.0.0.1:48952",666ec5b9.d544,1336,"SELECT",2024-06-16 19:00:09 CST,5/96,0,LOG,00000,"execute S_1: SELECT c_discount, c_last, c_credit, w_tax     FROM bmsql_customer     JOIN bmsql_warehouse ON (w_id = c_w_id)     WHERE c_w_id = $1 AND c_d_id = $2 AND c_id = $3","parameters: $1 = '1', $2 = '3', $3 = '78'",,,,,,,,"","client backend"
2024-06-16 19:02:34.973 CST,"raingage","benchmark",54599,"127.0.0.1:48958",666ec5b9.d547,1116,"SELECT",2024-06-16 19:00:09 CST,8/80,0,LOG,00000,"execute S_1: SELECT c_discount, c_last, c_credit, w_tax     FROM bmsql_customer     JOIN bmsql_warehouse ON (w_id = c_w_id)     WHERE c_w_id = $1 AND c_d_id = $2 AND c_id = $3","parameters: $1 = '1', $2 = '3', $3 = '82'",,,,,,,,"","client backend"
2024-06-16 19:02:35.020 CST,"raingage","benchmark",54596,"127.0.0.1:48952",666ec5b9.d544,1337,"SELECT",2024-06-16 19:00:09 CST,5/96,0,LOG,00000,"execute S_1: SELECT c_discount, c_last, c_credit, w_tax     FROM bmsql_customer     JOIN bmsql_warehouse ON (w_id = c_w_id)     WHERE c_w_id = $1 AND c_d_id = $2 AND c_id = $3","parameters: $1 = '1', $2 = '3', $3 = '78'",,,,,,,,"","client backend"
2024-06-16 19:02:35.036 CST,"raingage","benchmark",54599,"127.0.0.1:48958",666ec5b9.d547,1117,"SELECT",2024-06-16 19:00:09 CST,8/80,0,LOG,00000,"execute S_1: SELECT c_discount, c_last, c_credit, w_tax     FROM bmsql_customer     JOIN bmsql_warehouse ON (w_id = c_w_id)     WHERE c_w_id = $1 AND c_d_id = $2 AND c_id = $3","parameters: $1 = '1', $2 = '3', $3 = '82'",,,,,,,,"","client backend"
2024-06-16 19:02:35.039 CST,"raingage","benchmark",54596,"127.0.0.1:48952",666ec5b9.d544,1338,"SELECT",2024-06-16 19:00:09 CST,5/96,0,LOG,00000,"execute S_5: SELECT i_price, i_name, i_data     FROM bmsql_item     WHERE i_id = $1","parameters: $1 = '20'",,,,,,,,"","client backend"
2024-06-16 19:02:35.053 CST,"raingage","benchmark",54596,"127.0.0.1:48952",666ec5b9.d544,1339,"SELECT",2024-06-16 19:00:09 CST,5/96,0,LOG,00000,"execute S_6: SELECT s_quantity, s_data,        s_dist_01, s_dist_02, s_dist_03, s_dist_04,        s_dist_05, s_dist_06, s_dist_07, s_dist_08,        s_dist_09, s_dist_10     FROM bmsql_stock     WHERE s_w_id = $1 AND s_i_id = $2 ","parameters: $1 = '1', $2 = '20'",,,,,,,,"","client backend"
2024-06-16 19:02:35.070 CST,"raingage","benchmark",54596,"127.0.0.1:48952",666ec5b9.d544,1340,"UPDATE",2024-06-16 19:00:09 CST,5/96,0,LOG,00000,"execute S_7: UPDATE bmsql_stock     SET s_quantity = $1, s_ytd = s_ytd + $2,         s_order_cnt = s_order_cnt + 1,         s_remote_cnt = s_remote_cnt + $3     WHERE s_w_id = $4 AND s_i_id = $5","parameters: $1 = '68', $2 = '3', $3 = '0', $4 = '1', $5 = '20'",,,,,,,,"","client backend"
2024-06-16 19:02:35.087 CST,"raingage","benchmark",54596,"127.0.0.1:48952",666ec5b9.d544,1341,"COMMIT",2024-06-16 19:00:09 CST,5/96,115540,LOG,00000,"execute S_2: COMMIT",,,,,,,,,"","client backend"
2024-06-16 19:02:35.088 CST,"raingage","benchmark",54596,"127.0.0.1:48952",666ec5b9.d544,1342,"COMMIT",2024-06-16 19:00:09 CST,5/0,115540,WARNING,01000,"registered snapshots seem to remain after cleanup",,,,,,,,,"","client backend"
2024-06-16 19:02:35.100 CST,"raingage","benchmark",54599,"127.0.0.1:48958",666ec5b9.d547,1118,"SELECT",2024-06-16 19:00:09 CST,8/80,0,LOG,00000,"execute S_1: SELECT c_discount, c_last, c_credit, w_tax     FROM bmsql_customer     JOIN bmsql_warehouse ON (w_id = c_w_id)     WHERE c_w_id = $1 AND c_d_id = $2 AND c_id = $3","parameters: $1 = '1', $2 = '3', $3 = '82'",,,,,,,,"","client backend"
2024-06-16 19:02:35.105 CST,"raingage","benchmark",54596,"127.0.0.1:48952",666ec5b9.d544,1343,"BEGIN",2024-06-16 19:00:09 CST,5/97,0,LOG,00000,"execute S_3: BEGIN",,,,,,,,,"","client backend"
2024-06-16 19:02:35.113 CST,"raingage","benchmark",54599,"127.0.0.1:48958",666ec5b9.d547,1119,"SELECT",2024-06-16 19:00:09 CST,8/80,0,LOG,00000,"execute S_5: SELECT i_price, i_name, i_data     FROM bmsql_item     WHERE i_id = $1","parameters: $1 = '62'",,,,,,,,"","client backend"
2024-06-16 19:02:35.120 CST,"raingage","benchmark",54596,"127.0.0.1:48952",666ec5b9.d544,1344,"SELECT",2024-06-16 19:00:09 CST,5/97,0,LOG,00000,"execute S_4: SELECT d_tax, d_next_o_id     FROM bmsql_district     WHERE d_w_id = $1 AND d_id = $2 ","parameters: $1 = '1', $2 = '3'",,,,,,,,"","client backend"
2024-06-16 19:02:35.133 CST,"raingage","benchmark",54599,"127.0.0.1:48958",666ec5b9.d547,1120,"SELECT",2024-06-16 19:00:09 CST,8/80,0,LOG,00000,"execute S_6: SELECT s_quantity, s_data,        s_dist_01, s_dist_02, s_dist_03, s_dist_04,        s_dist_05, s_dist_06, s_dist_07, s_dist_08,        s_dist_09, s_dist_10     FROM bmsql_stock     WHERE s_w_id = $1 AND s_i_id = $2 ","parameters: $1 = '1', $2 = '62'",,,,,,,,"","client backend"
2024-06-16 19:02:35.145 CST,"raingage","benchmark",54599,"127.0.0.1:48958",666ec5b9.d547,1121,"UPDATE",2024-06-16 19:00:09 CST,8/80,0,LOG,00000,"execute S_7: UPDATE bmsql_stock     SET s_quantity = $1, s_ytd = s_ytd + $2,         s_order_cnt = s_order_cnt + 1,         s_remote_cnt = s_remote_cnt + $3     WHERE s_w_id = $4 AND s_i_id = $5","parameters: $1 = '44', $2 = '5', $3 = '0', $4 = '1', $5 = '62'",,,,,,,,"","client backend"
2024-06-16 19:02:35.161 CST,"raingage","benchmark",54599,"127.0.0.1:48958",666ec5b9.d547,1122,"COMMIT",2024-06-16 19:00:09 CST,8/80,115541,LOG,00000,"execute S_2: COMMIT",,,,,,,,,"","client backend"
2024-06-16 19:02:35.181 CST,"raingage","benchmark",54599,"127.0.0.1:48958",666ec5b9.d547,1123,"BEGIN",2024-06-16 19:00:09 CST,8/81,0,LOG,00000,"execute S_3: BEGIN",,,,,,,,,"","client backend"
2024-06-16 19:02:35.187 CST,"raingage","benchmark",54596,"127.0.0.1:48952",666ec5b9.d544,1345,"SELECT",2024-06-16 19:00:09 CST,5/97,0,LOG,00000,"execute S_1: SELECT c_discount, c_last, c_credit, w_tax     FROM bmsql_customer     JOIN bmsql_warehouse ON (w_id = c_w_id)     WHERE c_w_id = $1 AND c_d_id = $2 AND c_id = $3","parameters: $1 = '1', $2 = '3', $3 = '82'",,,,,,,,"","client backend"
2024-06-16 19:02:35.201 CST,"raingage","benchmark",54599,"127.0.0.1:48958",666ec5b9.d547,1124,"SELECT",2024-06-16 19:00:09 CST,8/81,0,LOG,00000,"execute S_4: SELECT d_tax, d_next_o_id     FROM bmsql_district     WHERE d_w_id = $1 AND d_id = $2 ","parameters: $1 = '1', $2 = '3'",,,,,,,,"","client backend"
2024-06-16 19:02:35.249 CST,"raingage","benchmark",54596,"127.0.0.1:48952",666ec5b9.d544,1346,"SELECT",2024-06-16 19:00:09 CST,5/97,0,LOG,00000,"execute S_1: SELECT c_discount, c_last, c_credit, w_tax     FROM bmsql_customer     JOIN bmsql_warehouse ON (w_id = c_w_id)     WHERE c_w_id = $1 AND c_d_id = $2 AND c_id = $3","parameters: $1 = '1', $2 = '3', $3 = '82'",,,,,,,,"","client backend"
2024-06-16 19:02:35.272 CST,"raingage","benchmark",54599,"127.0.0.1:48958",666ec5b9.d547,1125,"SELECT",2024-06-16 19:00:09 CST,8/81,0,LOG,00000,"execute S_1: SELECT c_discount, c_last, c_credit, w_tax     FROM bmsql_customer     JOIN bmsql_warehouse ON (w_id = c_w_id)     WHERE c_w_id = $1 AND c_d_id = $2 AND c_id = $3","parameters: $1 = '1', $2 = '3', $3 = '44'",,,,,,,,"","client backend"
2024-06-16 19:02:35.319 CST,"raingage","benchmark",54596,"127.0.0.1:48952",666ec5b9.d544,1347,"SELECT",2024-06-16 19:00:09 CST,5/97,0,LOG,00000,"execute S_1: SELECT c_discount, c_last, c_credit, w_tax     FROM bmsql_customer     JOIN bmsql_warehouse ON (w_id = c_w_id)     WHERE c_w_id = $1 AND c_d_id = $2 AND c_id = $3","parameters: $1 = '1', $2 = '3', $3 = '82'",,,,,,,,"","client backend"
2024-06-16 19:02:35.335 CST,"raingage","benchmark",54599,"127.0.0.1:48958",666ec5b9.d547,1126,"SELECT",2024-06-16 19:00:09 CST,8/81,0,LOG,00000,"execute S_1: SELECT c_discount, c_last, c_credit, w_tax     FROM bmsql_customer     JOIN bmsql_warehouse ON (w_id = c_w_id)     WHERE c_w_id = $1 AND c_d_id = $2 AND c_id = $3","parameters: $1 = '1', $2 = '3', $3 = '44'",,,,,,,,"","client backend"
2024-06-16 19:02:35.386 CST,"raingage","benchmark",54596,"127.0.0.1:48952",666ec5b9.d544,1348,"SELECT",2024-06-16 19:00:09 CST,5/97,0,LOG,00000,"execute S_1: SELECT c_discount, c_last, c_credit, w_tax     FROM bmsql_customer     JOIN bmsql_warehouse ON (w_id = c_w_id)     WHERE c_w_id = $1 AND c_d_id = $2 AND c_id = $3","parameters: $1 = '1', $2 = '3', $3 = '82'",,,,,,,,"","client backend"
2024-06-16 19:02:35.405 CST,"raingage","benchmark",54599,"127.0.0.1:48958",666ec5b9.d547,1127,"SELECT",2024-06-16 19:00:09 CST,8/81,0,LOG,00000,"execute S_1: SELECT c_discount, c_last, c_credit, w_tax     FROM bmsql_customer     JOIN bmsql_warehouse ON (w_id = c_w_id)     WHERE c_w_id = $1 AND c_d_id = $2 AND c_id = $3","parameters: $1 = '1', $2 = '3', $3 = '44'",,,,,,,,"","client backend"
2024-06-16 19:02:35.451 CST,"raingage","benchmark",54596,"127.0.0.1:48952",666ec5b9.d544,1349,"SELECT",2024-06-16 19:00:09 CST,5/97,0,LOG,00000,"execute S_1: SELECT c_discount, c_last, c_credit, w_tax     FROM bmsql_customer     JOIN bmsql_warehouse ON (w_id = c_w_id)     WHERE c_w_id = $1 AND c_d_id = $2 AND c_id = $3","parameters: $1 = '1', $2 = '3', $3 = '82'",,,,,,,,"","client backend"
2024-06-16 19:02:35.472 CST,"raingage","benchmark",54599,"127.0.0.1:48958",666ec5b9.d547,1128,"SELECT",2024-06-16 19:00:09 CST,8/81,0,LOG,00000,"execute S_1: SELECT c_discount, c_last, c_credit, w_tax     FROM bmsql_customer     JOIN bmsql_warehouse ON (w_id = c_w_id)     WHERE c_w_id = $1 AND c_d_id = $2 AND c_id = $3","parameters: $1 = '1', $2 = '3', $3 = '44'",,,,,,,,"","client backend"
2024-06-16 19:02:35.523 CST,"raingage","benchmark",54596,"127.0.0.1:48952",666ec5b9.d544,1350,"SELECT",2024-06-16 19:00:09 CST,5/97,0,LOG,00000,"execute S_1: SELECT c_discount, c_last, c_credit, w_tax     FROM bmsql_customer     JOIN bmsql_warehouse ON (w_id = c_w_id)     WHERE c_w_id = $1 AND c_d_id = $2 AND c_id = $3","parameters: $1 = '1', $2 = '3', $3 = '82'",,,,,,,,"","client backend"
2024-06-16 19:02:35.541 CST,"raingage","benchmark",54599,"127.0.0.1:48958",666ec5b9.d547,1129,"SELECT",2024-06-16 19:00:09 CST,8/81,0,LOG,00000,"execute S_1: SELECT c_discount, c_last, c_credit, w_tax     FROM bmsql_customer     JOIN bmsql_warehouse ON (w_id = c_w_id)     WHERE c_w_id = $1 AND c_d_id = $2 AND c_id = $3","parameters: $1 = '1', $2 = '3', $3 = '44'",,,,,,,,"","client backend"
2024-06-16 19:02:35.591 CST,"raingage","benchmark",54596,"127.0.0.1:48952",666ec5b9.d544,1351,"SELECT",2024-06-16 19:00:09 CST,5/97,0,LOG,00000,"execute S_1: SELECT c_discount, c_last, c_credit, w_tax     FROM bmsql_customer     JOIN bmsql_warehouse ON (w_id = c_w_id)     WHERE c_w_id = $1 AND c_d_id = $2 AND c_id = $3","parameters: $1 = '1', $2 = '3', $3 = '82'",,,,,,,,"","client backend"
2024-06-16 19:02:35.610 CST,"raingage","benchmark",54599,"127.0.0.1:48958",666ec5b9.d547,1130,"SELECT",2024-06-16 19:00:09 CST,8/81,0,LOG,00000,"execute S_1: SELECT c_discount, c_last, c_credit, w_tax     FROM bmsql_customer     JOIN bmsql_warehouse ON (w_id = c_w_id)     WHERE c_w_id = $1 AND c_d_id = $2 AND c_id = $3","parameters: $1 = '1', $2 = '3', $3 = '44'",,,,,,,,"","client backend"
2024-06-16 19:02:35.662 CST,"raingage","benchmark",54596,"127.0.0.1:48952",666ec5b9.d544,1352,"SELECT",2024-06-16 19:00:09 CST,5/97,0,LOG,00000,"execute S_1: SELECT c_discount, c_last, c_credit, w_tax     FROM bmsql_customer     JOIN bmsql_warehouse ON (w_id = c_w_id)     WHERE c_w_id = $1 AND c_d_id = $2 AND c_id = $3","parameters: $1 = '1', $2 = '3', $3 = '82'",,,,,,,,"","client backend"
2024-06-16 19:02:35.677 CST,"raingage","benchmark",54599,"127.0.0.1:48958",666ec5b9.d547,1131,"SELECT",2024-06-16 19:00:09 CST,8/81,0,LOG,00000,"execute S_1: SELECT c_discount, c_last, c_credit, w_tax     FROM bmsql_customer     JOIN bmsql_warehouse ON (w_id = c_w_id)     WHERE c_w_id = $1 AND c_d_id = $2 AND c_id = $3","parameters: $1 = '1', $2 = '3', $3 = '44'",,,,,,,,"","client backend"
2024-06-16 19:02:35.680 CST,"raingage","benchmark",54596,"127.0.0.1:48952",666ec5b9.d544,1353,"SELECT",2024-06-16 19:00:09 CST,5/97,0,LOG,00000,"execute S_5: SELECT i_price, i_name, i_data     FROM bmsql_item     WHERE i_id = $1","parameters: $1 = '62'",,,,,,,,"","client backend"
2024-06-16 19:02:35.691 CST,"raingage","benchmark",54596,"127.0.0.1:48952",666ec5b9.d544,1354,"SELECT",2024-06-16 19:00:09 CST,5/97,0,LOG,00000,"execute S_6: SELECT s_quantity, s_data,        s_dist_01, s_dist_02, s_dist_03, s_dist_04,        s_dist_05, s_dist_06, s_dist_07, s_dist_08,        s_dist_09, s_dist_10     FROM bmsql_stock     WHERE s_w_id = $1 AND s_i_id = $2 ","parameters: $1 = '1', $2 = '62'",,,,,,,,"","client backend"
2024-06-16 19:02:35.704 CST,"raingage","benchmark",54596,"127.0.0.1:48952",666ec5b9.d544,1355,"UPDATE",2024-06-16 19:00:09 CST,5/97,0,LOG,00000,"execute S_7: UPDATE bmsql_stock     SET s_quantity = $1, s_ytd = s_ytd + $2,         s_order_cnt = s_order_cnt + 1,         s_remote_cnt = s_remote_cnt + $3     WHERE s_w_id = $4 AND s_i_id = $5","parameters: $1 = '44', $2 = '5', $3 = '0', $4 = '1', $5 = '62'",,,,,,,,"","client backend"
2024-06-16 19:02:35.724 CST,"raingage","benchmark",54596,"127.0.0.1:48952",666ec5b9.d544,1356,"COMMIT",2024-06-16 19:00:09 CST,5/97,115542,LOG,00000,"execute S_2: COMMIT",,,,,,,,,"","client backend"
2024-06-16 19:02:35.739 CST,"raingage","benchmark",54599,"127.0.0.1:48958",666ec5b9.d547,1132,"SELECT",2024-06-16 19:00:09 CST,8/81,0,LOG,00000,"execute S_1: SELECT c_discount, c_last, c_credit, w_tax     FROM bmsql_customer     JOIN bmsql_warehouse ON (w_id = c_w_id)     WHERE c_w_id = $1 AND c_d_id = $2 AND c_id = $3","parameters: $1 = '1', $2 = '3', $3 = '44'",,,,,,,,"","client backend"
2024-06-16 19:02:35.744 CST,"raingage","benchmark",54596,"127.0.0.1:48952",666ec5b9.d544,1357,"BEGIN",2024-06-16 19:00:09 CST,5/98,0,LOG,00000,"execute S_3: BEGIN",,,,,,,,,"","client backend"
2024-06-16 19:02:35.751 CST,"raingage","benchmark",54599,"127.0.0.1:48958",666ec5b9.d547,1133,"SELECT",2024-06-16 19:00:09 CST,8/81,0,LOG,00000,"execute S_5: SELECT i_price, i_name, i_data     FROM bmsql_item     WHERE i_id = $1","parameters: $1 = '76'",,,,,,,,"","client backend"
2024-06-16 19:02:35.763 CST,"raingage","benchmark",54596,"127.0.0.1:48952",666ec5b9.d544,1358,"SELECT",2024-06-16 19:00:09 CST,5/98,0,LOG,00000,"execute S_4: SELECT d_tax, d_next_o_id     FROM bmsql_district     WHERE d_w_id = $1 AND d_id = $2 ","parameters: $1 = '1', $2 = '3'",,,,,,,,"","client backend"
2024-06-16 19:02:35.772 CST,"raingage","benchmark",54599,"127.0.0.1:48958",666ec5b9.d547,1134,"SELECT",2024-06-16 19:00:09 CST,8/81,0,LOG,00000,"execute S_6: SELECT s_quantity, s_data,        s_dist_01, s_dist_02, s_dist_03, s_dist_04,        s_dist_05, s_dist_06, s_dist_07, s_dist_08,        s_dist_09, s_dist_10     FROM bmsql_stock     WHERE s_w_id = $1 AND s_i_id = $2 ","parameters: $1 = '1', $2 = '76'",,,,,,,,"","client backend"
2024-06-16 19:02:35.789 CST,"raingage","benchmark",54599,"127.0.0.1:48958",666ec5b9.d547,1135,"UPDATE",2024-06-16 19:00:09 CST,8/81,0,LOG,00000,"execute S_7: UPDATE bmsql_stock     SET s_quantity = $1, s_ytd = s_ytd + $2,         s_order_cnt = s_order_cnt + 1,         s_remote_cnt = s_remote_cnt + $3     WHERE s_w_id = $4 AND s_i_id = $5","parameters: $1 = '70', $2 = '3', $3 = '0', $4 = '1', $5 = '76'",,,,,,,,"","client backend"
2024-06-16 19:02:35.806 CST,"raingage","benchmark",54599,"127.0.0.1:48958",666ec5b9.d547,1136,"COMMIT",2024-06-16 19:00:09 CST,8/81,115543,LOG,00000,"execute S_2: COMMIT",,,,,,,,,"","client backend"
2024-06-16 19:02:35.825 CST,"raingage","benchmark",54599,"127.0.0.1:48958",666ec5b9.d547,1137,"BEGIN",2024-06-16 19:00:09 CST,8/82,0,LOG,00000,"execute S_3: BEGIN",,,,,,,,,"","client backend"
2024-06-16 19:02:35.829 CST,"raingage","benchmark",54596,"127.0.0.1:48952",666ec5b9.d544,1359,"SELECT",2024-06-16 19:00:09 CST,5/98,0,LOG,00000,"execute S_1: SELECT c_discount, c_last, c_credit, w_tax     FROM bmsql_customer     JOIN bmsql_warehouse ON (w_id = c_w_id)     WHERE c_w_id = $1 AND c_d_id = $2 AND c_id = $3","parameters: $1 = '1', $2 = '3', $3 = '44'",,,,,,,,"","client backend"
2024-06-16 19:02:35.836 CST,"raingage","benchmark",54599,"127.0.0.1:48958",666ec5b9.d547,1138,"SELECT",2024-06-16 19:00:09 CST,8/82,0,LOG,00000,"execute S_4: SELECT d_tax, d_next_o_id     FROM bmsql_district     WHERE d_w_id = $1 AND d_id = $2 ","parameters: $1 = '1', $2 = '3'",,,,,,,,"","client backend"
2024-06-16 19:02:35.899 CST,"raingage","benchmark",54596,"127.0.0.1:48952",666ec5b9.d544,1360,"SELECT",2024-06-16 19:00:09 CST,5/98,0,LOG,00000,"execute S_1: SELECT c_discount, c_last, c_credit, w_tax     FROM bmsql_customer     JOIN bmsql_warehouse ON (w_id = c_w_id)     WHERE c_w_id = $1 AND c_d_id = $2 AND c_id = $3","parameters: $1 = '1', $2 = '3', $3 = '44'",,,,,,,,"","client backend"
2024-06-16 19:02:35.901 CST,"raingage","benchmark",54599,"127.0.0.1:48958",666ec5b9.d547,1139,"SELECT",2024-06-16 19:00:09 CST,8/82,0,LOG,00000,"execute S_1: SELECT c_discount, c_last, c_credit, w_tax     FROM bmsql_customer     JOIN bmsql_warehouse ON (w_id = c_w_id)     WHERE c_w_id = $1 AND c_d_id = $2 AND c_id = $3","parameters: $1 = '1', $2 = '3', $3 = '31'",,,,,,,,"","client backend"
2024-06-16 19:02:35.964 CST,"raingage","benchmark",54599,"127.0.0.1:48958",666ec5b9.d547,1140,"SELECT",2024-06-16 19:00:09 CST,8/82,0,LOG,00000,"execute S_1: SELECT c_discount, c_last, c_credit, w_tax     FROM bmsql_customer     JOIN bmsql_warehouse ON (w_id = c_w_id)     WHERE c_w_id = $1 AND c_d_id = $2 AND c_id = $3","parameters: $1 = '1', $2 = '3', $3 = '31'",,,,,,,,"","client backend"
2024-06-16 19:02:35.969 CST,"raingage","benchmark",54596,"127.0.0.1:48952",666ec5b9.d544,1361,"SELECT",2024-06-16 19:00:09 CST,5/98,0,LOG,00000,"execute S_1: SELECT c_discount, c_last, c_credit, w_tax     FROM bmsql_customer     JOIN bmsql_warehouse ON (w_id = c_w_id)     WHERE c_w_id = $1 AND c_d_id = $2 AND c_id = $3","parameters: $1 = '1', $2 = '3', $3 = '44'",,,,,,,,"","client backend"
2024-06-16 19:02:36.027 CST,"raingage","benchmark",54599,"127.0.0.1:48958",666ec5b9.d547,1141,"SELECT",2024-06-16 19:00:09 CST,8/82,0,LOG,00000,"execute S_1: SELECT c_discount, c_last, c_credit, w_tax     FROM bmsql_customer     JOIN bmsql_warehouse ON (w_id = c_w_id)     WHERE c_w_id = $1 AND c_d_id = $2 AND c_id = $3","parameters: $1 = '1', $2 = '3', $3 = '31'",,,,,,,,"","client backend"
2024-06-16 19:02:36.032 CST,"raingage","benchmark",54596,"127.0.0.1:48952",666ec5b9.d544,1362,"SELECT",2024-06-16 19:00:09 CST,5/98,0,LOG,00000,"execute S_1: SELECT c_discount, c_last, c_credit, w_tax     FROM bmsql_customer     JOIN bmsql_warehouse ON (w_id = c_w_id)     WHERE c_w_id = $1 AND c_d_id = $2 AND c_id = $3","parameters: $1 = '1', $2 = '3', $3 = '44'",,,,,,,,"","client backend"
2024-06-16 19:02:36.090 CST,"raingage","benchmark",54599,"127.0.0.1:48958",666ec5b9.d547,1142,"SELECT",2024-06-16 19:00:09 CST,8/82,0,LOG,00000,"execute S_1: SELECT c_discount, c_last, c_credit, w_tax     FROM bmsql_customer     JOIN bmsql_warehouse ON (w_id = c_w_id)     WHERE c_w_id = $1 AND c_d_id = $2 AND c_id = $3","parameters: $1 = '1', $2 = '3', $3 = '31'",,,,,,,,"","client backend"
2024-06-16 19:02:36.099 CST,"raingage","benchmark",54596,"127.0.0.1:48952",666ec5b9.d544,1363,"SELECT",2024-06-16 19:00:09 CST,5/98,0,LOG,00000,"execute S_1: SELECT c_discount, c_last, c_credit, w_tax     FROM bmsql_customer     JOIN bmsql_warehouse ON (w_id = c_w_id)     WHERE c_w_id = $1 AND c_d_id = $2 AND c_id = $3","parameters: $1 = '1', $2 = '3', $3 = '44'",,,,,,,,"","client backend"
2024-06-16 19:02:36.157 CST,"raingage","benchmark",54599,"127.0.0.1:48958",666ec5b9.d547,1143,"SELECT",2024-06-16 19:00:09 CST,8/82,0,LOG,00000,"execute S_1: SELECT c_discount, c_last, c_credit, w_tax     FROM bmsql_customer     JOIN bmsql_warehouse ON (w_id = c_w_id)     WHERE c_w_id = $1 AND c_d_id = $2 AND c_id = $3","parameters: $1 = '1', $2 = '3', $3 = '31'",,,,,,,,"","client backend"
2024-06-16 19:02:36.168 CST,"raingage","benchmark",54596,"127.0.0.1:48952",666ec5b9.d544,1364,"SELECT",2024-06-16 19:00:09 CST,5/98,0,LOG,00000,"execute S_1: SELECT c_discount, c_last, c_credit, w_tax     FROM bmsql_customer     JOIN bmsql_warehouse ON (w_id = c_w_id)     WHERE c_w_id = $1 AND c_d_id = $2 AND c_id = $3","parameters: $1 = '1', $2 = '3', $3 = '44'",,,,,,,,"","client backend"
2024-06-16 19:02:36.220 CST,"raingage","benchmark",54599,"127.0.0.1:48958",666ec5b9.d547,1144,"SELECT",2024-06-16 19:00:09 CST,8/82,0,LOG,00000,"execute S_1: SELECT c_discount, c_last, c_credit, w_tax     FROM bmsql_customer     JOIN bmsql_warehouse ON (w_id = c_w_id)     WHERE c_w_id = $1 AND c_d_id = $2 AND c_id = $3","parameters: $1 = '1', $2 = '3', $3 = '31'",,,,,,,,"","client backend"
2024-06-16 19:02:36.232 CST,"raingage","benchmark",54596,"127.0.0.1:48952",666ec5b9.d544,1365,"SELECT",2024-06-16 19:00:09 CST,5/98,0,LOG,00000,"execute S_1: SELECT c_discount, c_last, c_credit, w_tax     FROM bmsql_customer     JOIN bmsql_warehouse ON (w_id = c_w_id)     WHERE c_w_id = $1 AND c_d_id = $2 AND c_id = $3","parameters: $1 = '1', $2 = '3', $3 = '44'",,,,,,,,"","client backend"
2024-06-16 19:02:36.284 CST,"raingage","benchmark",54599,"127.0.0.1:48958",666ec5b9.d547,1145,"SELECT",2024-06-16 19:00:09 CST,8/82,0,LOG,00000,"execute S_1: SELECT c_discount, c_last, c_credit, w_tax     FROM bmsql_customer     JOIN bmsql_warehouse ON (w_id = c_w_id)     WHERE c_w_id = $1 AND c_d_id = $2 AND c_id = $3","parameters: $1 = '1', $2 = '3', $3 = '31'",,,,,,,,"","client backend"
2024-06-16 19:02:36.299 CST,"raingage","benchmark",54596,"127.0.0.1:48952",666ec5b9.d544,1366,"SELECT",2024-06-16 19:00:09 CST,5/98,0,LOG,00000,"execute S_1: SELECT c_discount, c_last, c_credit, w_tax     FROM bmsql_customer     JOIN bmsql_warehouse ON (w_id = c_w_id)     WHERE c_w_id = $1 AND c_d_id = $2 AND c_id = $3","parameters: $1 = '1', $2 = '3', $3 = '44'",,,,,,,,"","client backend"
2024-06-16 19:02:36.319 CST,"raingage","benchmark",54596,"127.0.0.1:48952",666ec5b9.d544,1367,"SELECT",2024-06-16 19:00:09 CST,5/98,0,LOG,00000,"execute S_5: SELECT i_price, i_name, i_data     FROM bmsql_item     WHERE i_id = $1","parameters: $1 = '76'",,,,,,,,"","client backend"
2024-06-16 19:02:36.337 CST,"raingage","benchmark",54596,"127.0.0.1:48952",666ec5b9.d544,1368,"SELECT",2024-06-16 19:00:09 CST,5/98,0,LOG,00000,"execute S_6: SELECT s_quantity, s_data,        s_dist_01, s_dist_02, s_dist_03, s_dist_04,        s_dist_05, s_dist_06, s_dist_07, s_dist_08,        s_dist_09, s_dist_10     FROM bmsql_stock     WHERE s_w_id = $1 AND s_i_id = $2 ","parameters: $1 = '1', $2 = '76'",,,,,,,,"","client backend"
2024-06-16 19:02:36.352 CST,"raingage","benchmark",54596,"127.0.0.1:48952",666ec5b9.d544,1369,"UPDATE",2024-06-16 19:00:09 CST,5/98,0,LOG,00000,"execute S_7: UPDATE bmsql_stock     SET s_quantity = $1, s_ytd = s_ytd + $2,         s_order_cnt = s_order_cnt + 1,         s_remote_cnt = s_remote_cnt + $3     WHERE s_w_id = $4 AND s_i_id = $5","parameters: $1 = '70', $2 = '3', $3 = '0', $4 = '1', $5 = '76'",,,,,,,,"","client backend"
2024-06-16 19:02:36.354 CST,"raingage","benchmark",54599,"127.0.0.1:48958",666ec5b9.d547,1146,"SELECT",2024-06-16 19:00:09 CST,8/82,0,LOG,00000,"execute S_1: SELECT c_discount, c_last, c_credit, w_tax     FROM bmsql_customer     JOIN bmsql_warehouse ON (w_id = c_w_id)     WHERE c_w_id = $1 AND c_d_id = $2 AND c_id = $3","parameters: $1 = '1', $2 = '3', $3 = '31'",,,,,,,,"","client backend"
2024-06-16 19:02:36.367 CST,"raingage","benchmark",54599,"127.0.0.1:48958",666ec5b9.d547,1147,"SELECT",2024-06-16 19:00:09 CST,8/82,0,LOG,00000,"execute S_5: SELECT i_price, i_name, i_data     FROM bmsql_item     WHERE i_id = $1","parameters: $1 = '68'",,,,,,,,"","client backend"
2024-06-16 19:02:36.373 CST,"raingage","benchmark",54596,"127.0.0.1:48952",666ec5b9.d544,1370,"COMMIT",2024-06-16 19:00:09 CST,5/98,115544,LOG,00000,"execute S_2: COMMIT",,,,,,,,,"","client backend"
2024-06-16 19:02:36.383 CST,"raingage","benchmark",54599,"127.0.0.1:48958",666ec5b9.d547,1148,"SELECT",2024-06-16 19:00:09 CST,8/82,0,LOG,00000,"execute S_6: SELECT s_quantity, s_data,        s_dist_01, s_dist_02, s_dist_03, s_dist_04,        s_dist_05, s_dist_06, s_dist_07, s_dist_08,        s_dist_09, s_dist_10     FROM bmsql_stock     WHERE s_w_id = $1 AND s_i_id = $2 ","parameters: $1 = '1', $2 = '68'",,,,,,,,"","client backend"
2024-06-16 19:02:36.397 CST,"raingage","benchmark",54599,"127.0.0.1:48958",666ec5b9.d547,1149,"UPDATE",2024-06-16 19:00:09 CST,8/82,0,LOG,00000,"execute S_7: UPDATE bmsql_stock     SET s_quantity = $1, s_ytd = s_ytd + $2,         s_order_cnt = s_order_cnt + 1,         s_remote_cnt = s_remote_cnt + $3     WHERE s_w_id = $4 AND s_i_id = $5","parameters: $1 = '18', $2 = '1', $3 = '0', $4 = '1', $5 = '68'",,,,,,,,"","client backend"
2024-06-16 19:02:36.413 CST,"raingage","benchmark",54599,"127.0.0.1:48958",666ec5b9.d547,1150,"COMMIT",2024-06-16 19:00:09 CST,8/82,115545,LOG,00000,"execute S_2: COMMIT",,,,,,,,,"","client backend"
2024-06-16 19:02:36.432 CST,"raingage","benchmark",54599,"127.0.0.1:48958",666ec5b9.d547,1151,"BEGIN",2024-06-16 19:00:09 CST,8/83,0,LOG,00000,"execute S_3: BEGIN",,,,,,,,,"","client backend"
2024-06-16 19:02:36.446 CST,"raingage","benchmark",54599,"127.0.0.1:48958",666ec5b9.d547,1152,"SELECT",2024-06-16 19:00:09 CST,8/83,0,LOG,00000,"execute S_4: SELECT d_tax, d_next_o_id     FROM bmsql_district     WHERE d_w_id = $1 AND d_id = $2 ","parameters: $1 = '1', $2 = '4'",,,,,,,,"","client backend"
2024-06-16 19:02:36.508 CST,"raingage","benchmark",54599,"127.0.0.1:48958",666ec5b9.d547,1153,"SELECT",2024-06-16 19:00:09 CST,8/83,0,LOG,00000,"execute S_1: SELECT c_discount, c_last, c_credit, w_tax     FROM bmsql_customer     JOIN bmsql_warehouse ON (w_id = c_w_id)     WHERE c_w_id = $1 AND c_d_id = $2 AND c_id = $3","parameters: $1 = '1', $2 = '4', $3 = '14'",,,,,,,,"","client backend"
2024-06-16 19:02:36.575 CST,"raingage","benchmark",54599,"127.0.0.1:48958",666ec5b9.d547,1154,"SELECT",2024-06-16 19:00:09 CST,8/83,0,LOG,00000,"execute S_1: SELECT c_discount, c_last, c_credit, w_tax     FROM bmsql_customer     JOIN bmsql_warehouse ON (w_id = c_w_id)     WHERE c_w_id = $1 AND c_d_id = $2 AND c_id = $3","parameters: $1 = '1', $2 = '4', $3 = '14'",,,,,,,,"","client backend"
2024-06-16 19:02:36.640 CST,"raingage","benchmark",54599,"127.0.0.1:48958",666ec5b9.d547,1155,"SELECT",2024-06-16 19:00:09 CST,8/83,0,LOG,00000,"execute S_1: SELECT c_discount, c_last, c_credit, w_tax     FROM bmsql_customer     JOIN bmsql_warehouse ON (w_id = c_w_id)     WHERE c_w_id = $1 AND c_d_id = $2 AND c_id = $3","parameters: $1 = '1', $2 = '4', $3 = '14'",,,,,,,,"","client backend"
2024-06-16 19:02:36.703 CST,"raingage","benchmark",54599,"127.0.0.1:48958",666ec5b9.d547,1156,"SELECT",2024-06-16 19:00:09 CST,8/83,0,LOG,00000,"execute S_1: SELECT c_discount, c_last, c_credit, w_tax     FROM bmsql_customer     JOIN bmsql_warehouse ON (w_id = c_w_id)     WHERE c_w_id = $1 AND c_d_id = $2 AND c_id = $3","parameters: $1 = '1', $2 = '4', $3 = '14'",,,,,,,,"","client backend"
2024-06-16 19:02:36.771 CST,"raingage","benchmark",54599,"127.0.0.1:48958",666ec5b9.d547,1157,"SELECT",2024-06-16 19:00:09 CST,8/83,0,LOG,00000,"execute S_1: SELECT c_discount, c_last, c_credit, w_tax     FROM bmsql_customer     JOIN bmsql_warehouse ON (w_id = c_w_id)     WHERE c_w_id = $1 AND c_d_id = $2 AND c_id = $3","parameters: $1 = '1', $2 = '4', $3 = '14'",,,,,,,,"","client backend"
2024-06-16 19:02:36.835 CST,"raingage","benchmark",54599,"127.0.0.1:48958",666ec5b9.d547,1158,"SELECT",2024-06-16 19:00:09 CST,8/83,0,LOG,00000,"execute S_1: SELECT c_discount, c_last, c_credit, w_tax     FROM bmsql_customer     JOIN bmsql_warehouse ON (w_id = c_w_id)     WHERE c_w_id = $1 AND c_d_id = $2 AND c_id = $3","parameters: $1 = '1', $2 = '4', $3 = '14'",,,,,,,,"","client backend"
2024-06-16 19:02:36.902 CST,"raingage","benchmark",54599,"127.0.0.1:48958",666ec5b9.d547,1159,"SELECT",2024-06-16 19:00:09 CST,8/83,0,LOG,00000,"execute S_1: SELECT c_discount, c_last, c_credit, w_tax     FROM bmsql_customer     JOIN bmsql_warehouse ON (w_id = c_w_id)     WHERE c_w_id = $1 AND c_d_id = $2 AND c_id = $3","parameters: $1 = '1', $2 = '4', $3 = '14'",,,,,,,,"","client backend"
2024-06-16 19:02:36.968 CST,"raingage","benchmark",54599,"127.0.0.1:48958",666ec5b9.d547,1160,"SELECT",2024-06-16 19:00:09 CST,8/83,0,LOG,00000,"execute S_1: SELECT c_discount, c_last, c_credit, w_tax     FROM bmsql_customer     JOIN bmsql_warehouse ON (w_id = c_w_id)     WHERE c_w_id = $1 AND c_d_id = $2 AND c_id = $3","parameters: $1 = '1', $2 = '4', $3 = '14'",,,,,,,,"","client backend"
2024-06-16 19:02:36.980 CST,"raingage","benchmark",54599,"127.0.0.1:48958",666ec5b9.d547,1161,"SELECT",2024-06-16 19:00:09 CST,8/83,0,LOG,00000,"execute S_5: SELECT i_price, i_name, i_data     FROM bmsql_item     WHERE i_id = $1","parameters: $1 = '80'",,,,,,,,"","client backend"
2024-06-16 19:02:36.991 CST,"raingage","benchmark",54599,"127.0.0.1:48958",666ec5b9.d547,1162,"SELECT",2024-06-16 19:00:09 CST,8/83,0,LOG,00000,"execute S_6: SELECT s_quantity, s_data,        s_dist_01, s_dist_02, s_dist_03, s_dist_04,        s_dist_05, s_dist_06, s_dist_07, s_dist_08,        s_dist_09, s_dist_10     FROM bmsql_stock     WHERE s_w_id = $1 AND s_i_id = $2 ","parameters: $1 = '1', $2 = '80'",,,,,,,,"","client backend"
2024-06-16 19:02:37.007 CST,"raingage","benchmark",54599,"127.0.0.1:48958",666ec5b9.d547,1163,"UPDATE",2024-06-16 19:00:09 CST,8/83,0,LOG,00000,"execute S_7: UPDATE bmsql_stock     SET s_quantity = $1, s_ytd = s_ytd + $2,         s_order_cnt = s_order_cnt + 1,         s_remote_cnt = s_remote_cnt + $3     WHERE s_w_id = $4 AND s_i_id = $5","parameters: $1 = '102', $2 = '2', $3 = '0', $4 = '1', $5 = '80'",,,,,,,,"","client backend"
2024-06-16 19:02:37.020 CST,"raingage","benchmark",54599,"127.0.0.1:48958",666ec5b9.d547,1164,"COMMIT",2024-06-16 19:00:09 CST,8/83,115546,LOG,00000,"execute S_2: COMMIT",,,,,,,,,"","client backend"
2024-06-16 19:02:37.039 CST,"raingage","benchmark",54599,"127.0.0.1:48958",666ec5b9.d547,1165,"BEGIN",2024-06-16 19:00:09 CST,8/84,0,LOG,00000,"execute S_3: BEGIN",,,,,,,,,"","client backend"
2024-06-16 19:02:37.050 CST,"raingage","benchmark",54599,"127.0.0.1:48958",666ec5b9.d547,1166,"SELECT",2024-06-16 19:00:09 CST,8/84,0,LOG,00000,"execute S_4: SELECT d_tax, d_next_o_id     FROM bmsql_district     WHERE d_w_id = $1 AND d_id = $2 ","parameters: $1 = '1', $2 = '1'",,,,,,,,"","client backend"
2024-06-16 19:02:37.121 CST,"raingage","benchmark",54599,"127.0.0.1:48958",666ec5b9.d547,1167,"SELECT",2024-06-16 19:00:09 CST,8/84,0,LOG,00000,"execute S_1: SELECT c_discount, c_last, c_credit, w_tax     FROM bmsql_customer     JOIN bmsql_warehouse ON (w_id = c_w_id)     WHERE c_w_id = $1 AND c_d_id = $2 AND c_id = $3","parameters: $1 = '1', $2 = '1', $3 = '70'",,,,,,,,"","client backend"
2024-06-16 19:02:37.192 CST,"raingage","benchmark",54599,"127.0.0.1:48958",666ec5b9.d547,1168,"SELECT",2024-06-16 19:00:09 CST,8/84,0,LOG,00000,"execute S_1: SELECT c_discount, c_last, c_credit, w_tax     FROM bmsql_customer     JOIN bmsql_warehouse ON (w_id = c_w_id)     WHERE c_w_id = $1 AND c_d_id = $2 AND c_id = $3","parameters: $1 = '1', $2 = '1', $3 = '70'",,,,,,,,"","client backend"
2024-06-16 19:02:37.257 CST,"raingage","benchmark",54599,"127.0.0.1:48958",666ec5b9.d547,1169,"SELECT",2024-06-16 19:00:09 CST,8/84,0,LOG,00000,"execute S_1: SELECT c_discount, c_last, c_credit, w_tax     FROM bmsql_customer     JOIN bmsql_warehouse ON (w_id = c_w_id)     WHERE c_w_id = $1 AND c_d_id = $2 AND c_id = $3","parameters: $1 = '1', $2 = '1', $3 = '70'",,,,,,,,"","client backend"
2024-06-16 19:02:37.321 CST,"raingage","benchmark",54599,"127.0.0.1:48958",666ec5b9.d547,1170,"SELECT",2024-06-16 19:00:09 CST,8/84,0,LOG,00000,"execute S_1: SELECT c_discount, c_last, c_credit, w_tax     FROM bmsql_customer     JOIN bmsql_warehouse ON (w_id = c_w_id)     WHERE c_w_id = $1 AND c_d_id = $2 AND c_id = $3","parameters: $1 = '1', $2 = '1', $3 = '70'",,,,,,,,"","client backend"
2024-06-16 19:02:37.384 CST,"raingage","benchmark",54599,"127.0.0.1:48958",666ec5b9.d547,1171,"SELECT",2024-06-16 19:00:09 CST,8/84,0,LOG,00000,"execute S_1: SELECT c_discount, c_last, c_credit, w_tax     FROM bmsql_customer     JOIN bmsql_warehouse ON (w_id = c_w_id)     WHERE c_w_id = $1 AND c_d_id = $2 AND c_id = $3","parameters: $1 = '1', $2 = '1', $3 = '70'",,,,,,,,"","client backend"
2024-06-16 19:02:37.453 CST,"raingage","benchmark",54599,"127.0.0.1:48958",666ec5b9.d547,1172,"SELECT",2024-06-16 19:00:09 CST,8/84,0,LOG,00000,"execute S_1: SELECT c_discount, c_last, c_credit, w_tax     FROM bmsql_customer     JOIN bmsql_warehouse ON (w_id = c_w_id)     WHERE c_w_id = $1 AND c_d_id = $2 AND c_id = $3","parameters: $1 = '1', $2 = '1', $3 = '70'",,,,,,,,"","client backend"
2024-06-16 19:02:37.518 CST,"raingage","benchmark",54599,"127.0.0.1:48958",666ec5b9.d547,1173,"SELECT",2024-06-16 19:00:09 CST,8/84,0,LOG,00000,"execute S_1: SELECT c_discount, c_last, c_credit, w_tax     FROM bmsql_customer     JOIN bmsql_warehouse ON (w_id = c_w_id)     WHERE c_w_id = $1 AND c_d_id = $2 AND c_id = $3","parameters: $1 = '1', $2 = '1', $3 = '70'",,,,,,,,"","client backend"
2024-06-16 19:02:37.589 CST,"raingage","benchmark",54599,"127.0.0.1:48958",666ec5b9.d547,1174,"SELECT",2024-06-16 19:00:09 CST,8/84,0,LOG,00000,"execute S_1: SELECT c_discount, c_last, c_credit, w_tax     FROM bmsql_customer     JOIN bmsql_warehouse ON (w_id = c_w_id)     WHERE c_w_id = $1 AND c_d_id = $2 AND c_id = $3","parameters: $1 = '1', $2 = '1', $3 = '70'",,,,,,,,"","client backend"
2024-06-16 19:02:37.607 CST,"raingage","benchmark",54599,"127.0.0.1:48958",666ec5b9.d547,1175,"SELECT",2024-06-16 19:00:09 CST,8/84,0,LOG,00000,"execute S_5: SELECT i_price, i_name, i_data     FROM bmsql_item     WHERE i_id = $1","parameters: $1 = '51'",,,,,,,,"","client backend"
2024-06-16 19:02:37.625 CST,"raingage","benchmark",54599,"127.0.0.1:48958",666ec5b9.d547,1176,"SELECT",2024-06-16 19:00:09 CST,8/84,0,LOG,00000,"execute S_6: SELECT s_quantity, s_data,        s_dist_01, s_dist_02, s_dist_03, s_dist_04,        s_dist_05, s_dist_06, s_dist_07, s_dist_08,        s_dist_09, s_dist_10     FROM bmsql_stock     WHERE s_w_id = $1 AND s_i_id = $2 ","parameters: $1 = '1', $2 = '51'",,,,,,,,"","client backend"
2024-06-16 19:02:37.645 CST,"raingage","benchmark",54599,"127.0.0.1:48958",666ec5b9.d547,1177,"UPDATE",2024-06-16 19:00:09 CST,8/84,0,LOG,00000,"execute S_7: UPDATE bmsql_stock     SET s_quantity = $1, s_ytd = s_ytd + $2,         s_order_cnt = s_order_cnt + 1,         s_remote_cnt = s_remote_cnt + $3     WHERE s_w_id = $4 AND s_i_id = $5","parameters: $1 = '102', $2 = '2', $3 = '0', $4 = '1', $5 = '51'",,,,,,,,"","client backend"
2024-06-16 19:02:37.667 CST,"raingage","benchmark",54599,"127.0.0.1:48958",666ec5b9.d547,1178,"COMMIT",2024-06-16 19:00:09 CST,8/84,115547,LOG,00000,"execute S_2: COMMIT",,,,,,,,,"","client backend"
2024-06-16 19:02:37.684 CST,"raingage","benchmark",54599,"127.0.0.1:48958",666ec5b9.d547,1179,"BEGIN",2024-06-16 19:00:09 CST,8/85,0,LOG,00000,"execute S_3: BEGIN",,,,,,,,,"","client backend"
2024-06-16 19:02:37.695 CST,"raingage","benchmark",54599,"127.0.0.1:48958",666ec5b9.d547,1180,"SELECT",2024-06-16 19:00:09 CST,8/85,0,LOG,00000,"execute S_4: SELECT d_tax, d_next_o_id     FROM bmsql_district     WHERE d_w_id = $1 AND d_id = $2 ","parameters: $1 = '1', $2 = '1'",,,,,,,,"","client backend"
2024-06-16 19:02:37.763 CST,"raingage","benchmark",54599,"127.0.0.1:48958",666ec5b9.d547,1181,"SELECT",2024-06-16 19:00:09 CST,8/85,0,LOG,00000,"execute S_1: SELECT c_discount, c_last, c_credit, w_tax     FROM bmsql_customer     JOIN bmsql_warehouse ON (w_id = c_w_id)     WHERE c_w_id = $1 AND c_d_id = $2 AND c_id = $3","parameters: $1 = '1', $2 = '1', $3 = '70'",,,,,,,,"","client backend"
2024-06-16 19:02:37.826 CST,"raingage","benchmark",54599,"127.0.0.1:48958",666ec5b9.d547,1182,"SELECT",2024-06-16 19:00:09 CST,8/85,0,LOG,00000,"execute S_1: SELECT c_discount, c_last, c_credit, w_tax     FROM bmsql_customer     JOIN bmsql_warehouse ON (w_id = c_w_id)     WHERE c_w_id = $1 AND c_d_id = $2 AND c_id = $3","parameters: $1 = '1', $2 = '1', $3 = '70'",,,,,,,,"","client backend"
2024-06-16 19:02:37.893 CST,"raingage","benchmark",54599,"127.0.0.1:48958",666ec5b9.d547,1183,"SELECT",2024-06-16 19:00:09 CST,8/85,0,LOG,00000,"execute S_1: SELECT c_discount, c_last, c_credit, w_tax     FROM bmsql_customer     JOIN bmsql_warehouse ON (w_id = c_w_id)     WHERE c_w_id = $1 AND c_d_id = $2 AND c_id = $3","parameters: $1 = '1', $2 = '1', $3 = '70'",,,,,,,,"","client backend"
2024-06-16 19:02:37.960 CST,"raingage","benchmark",54599,"127.0.0.1:48958",666ec5b9.d547,1184,"SELECT",2024-06-16 19:00:09 CST,8/85,0,LOG,00000,"execute S_1: SELECT c_discount, c_last, c_credit, w_tax     FROM bmsql_customer     JOIN bmsql_warehouse ON (w_id = c_w_id)     WHERE c_w_id = $1 AND c_d_id = $2 AND c_id = $3","parameters: $1 = '1', $2 = '1', $3 = '70'",,,,,,,,"","client backend"
2024-06-16 19:02:38.030 CST,"raingage","benchmark",54599,"127.0.0.1:48958",666ec5b9.d547,1185,"SELECT",2024-06-16 19:00:09 CST,8/85,0,LOG,00000,"execute S_1: SELECT c_discount, c_last, c_credit, w_tax     FROM bmsql_customer     JOIN bmsql_warehouse ON (w_id = c_w_id)     WHERE c_w_id = $1 AND c_d_id = $2 AND c_id = $3","parameters: $1 = '1', $2 = '1', $3 = '70'",,,,,,,,"","client backend"
2024-06-16 19:02:38.093 CST,"raingage","benchmark",54599,"127.0.0.1:48958",666ec5b9.d547,1186,"SELECT",2024-06-16 19:00:09 CST,8/85,0,LOG,00000,"execute S_1: SELECT c_discount, c_last, c_credit, w_tax     FROM bmsql_customer     JOIN bmsql_warehouse ON (w_id = c_w_id)     WHERE c_w_id = $1 AND c_d_id = $2 AND c_id = $3","parameters: $1 = '1', $2 = '1', $3 = '70'",,,,,,,,"","client backend"
2024-06-16 19:02:38.162 CST,"raingage","benchmark",54599,"127.0.0.1:48958",666ec5b9.d547,1187,"SELECT",2024-06-16 19:00:09 CST,8/85,0,LOG,00000,"execute S_1: SELECT c_discount, c_last, c_credit, w_tax     FROM bmsql_customer     JOIN bmsql_warehouse ON (w_id = c_w_id)     WHERE c_w_id = $1 AND c_d_id = $2 AND c_id = $3","parameters: $1 = '1', $2 = '1', $3 = '70'",,,,,,,,"","client backend"
2024-06-16 19:02:38.229 CST,"raingage","benchmark",54599,"127.0.0.1:48958",666ec5b9.d547,1188,"SELECT",2024-06-16 19:00:09 CST,8/85,0,LOG,00000,"execute S_1: SELECT c_discount, c_last, c_credit, w_tax     FROM bmsql_customer     JOIN bmsql_warehouse ON (w_id = c_w_id)     WHERE c_w_id = $1 AND c_d_id = $2 AND c_id = $3","parameters: $1 = '1', $2 = '1', $3 = '70'",,,,,,,,"","client backend"
2024-06-16 19:02:38.243 CST,"raingage","benchmark",54599,"127.0.0.1:48958",666ec5b9.d547,1189,"SELECT",2024-06-16 19:00:09 CST,8/85,0,LOG,00000,"execute S_5: SELECT i_price, i_name, i_data     FROM bmsql_item     WHERE i_id = $1","parameters: $1 = '51'",,,,,,,,"","client backend"
2024-06-16 19:02:38.257 CST,"raingage","benchmark",54599,"127.0.0.1:48958",666ec5b9.d547,1190,"SELECT",2024-06-16 19:00:09 CST,8/85,0,LOG,00000,"execute S_6: SELECT s_quantity, s_data,        s_dist_01, s_dist_02, s_dist_03, s_dist_04,        s_dist_05, s_dist_06, s_dist_07, s_dist_08,        s_dist_09, s_dist_10     FROM bmsql_stock     WHERE s_w_id = $1 AND s_i_id = $2 ","parameters: $1 = '1', $2 = '51'",,,,,,,,"","client backend"
2024-06-16 19:02:38.277 CST,"raingage","benchmark",54599,"127.0.0.1:48958",666ec5b9.d547,1191,"UPDATE",2024-06-16 19:00:09 CST,8/85,0,LOG,00000,"execute S_7: UPDATE bmsql_stock     SET s_quantity = $1, s_ytd = s_ytd + $2,         s_order_cnt = s_order_cnt + 1,         s_remote_cnt = s_remote_cnt + $3     WHERE s_w_id = $4 AND s_i_id = $5","parameters: $1 = '99', $2 = '3', $3 = '0', $4 = '1', $5 = '51'",,,,,,,,"","client backend"
2024-06-16 19:02:38.291 CST,"raingage","benchmark",54599,"127.0.0.1:48958",666ec5b9.d547,1192,"COMMIT",2024-06-16 19:00:09 CST,8/85,115548,LOG,00000,"execute S_2: COMMIT",,,,,,,,,"","client backend"
2024-06-16 19:02:38.309 CST,"raingage","benchmark",54599,"127.0.0.1:48958",666ec5b9.d547,1193,"BEGIN",2024-06-16 19:00:09 CST,8/86,0,LOG,00000,"execute S_3: BEGIN",,,,,,,,,"","client backend"
2024-06-16 19:02:38.324 CST,"raingage","benchmark",54599,"127.0.0.1:48958",666ec5b9.d547,1194,"SELECT",2024-06-16 19:00:09 CST,8/86,0,LOG,00000,"execute S_4: SELECT d_tax, d_next_o_id     FROM bmsql_district     WHERE d_w_id = $1 AND d_id = $2 ","parameters: $1 = '1', $2 = '1'",,,,,,,,"","client backend"
2024-06-16 19:02:38.392 CST,"raingage","benchmark",54599,"127.0.0.1:48958",666ec5b9.d547,1195,"SELECT",2024-06-16 19:00:09 CST,8/86,0,LOG,00000,"execute S_1: SELECT c_discount, c_last, c_credit, w_tax     FROM bmsql_customer     JOIN bmsql_warehouse ON (w_id = c_w_id)     WHERE c_w_id = $1 AND c_d_id = $2 AND c_id = $3","parameters: $1 = '1', $2 = '1', $3 = '54'",,,,,,,,"","client backend"
2024-06-16 19:02:38.462 CST,"raingage","benchmark",54599,"127.0.0.1:48958",666ec5b9.d547,1196,"SELECT",2024-06-16 19:00:09 CST,8/86,0,LOG,00000,"execute S_1: SELECT c_discount, c_last, c_credit, w_tax     FROM bmsql_customer     JOIN bmsql_warehouse ON (w_id = c_w_id)     WHERE c_w_id = $1 AND c_d_id = $2 AND c_id = $3","parameters: $1 = '1', $2 = '1', $3 = '54'",,,,,,,,"","client backend"
2024-06-16 19:02:38.530 CST,"raingage","benchmark",54599,"127.0.0.1:48958",666ec5b9.d547,1197,"SELECT",2024-06-16 19:00:09 CST,8/86,0,LOG,00000,"execute S_1: SELECT c_discount, c_last, c_credit, w_tax     FROM bmsql_customer     JOIN bmsql_warehouse ON (w_id = c_w_id)     WHERE c_w_id = $1 AND c_d_id = $2 AND c_id = $3","parameters: $1 = '1', $2 = '1', $3 = '54'",,,,,,,,"","client backend"
2024-06-16 19:02:38.600 CST,"raingage","benchmark",54599,"127.0.0.1:48958",666ec5b9.d547,1198,"SELECT",2024-06-16 19:00:09 CST,8/86,0,LOG,00000,"execute S_1: SELECT c_discount, c_last, c_credit, w_tax     FROM bmsql_customer     JOIN bmsql_warehouse ON (w_id = c_w_id)     WHERE c_w_id = $1 AND c_d_id = $2 AND c_id = $3","parameters: $1 = '1', $2 = '1', $3 = '54'",,,,,,,,"","client backend"
2024-06-16 19:02:38.672 CST,"raingage","benchmark",54599,"127.0.0.1:48958",666ec5b9.d547,1199,"SELECT",2024-06-16 19:00:09 CST,8/86,0,LOG,00000,"execute S_1: SELECT c_discount, c_last, c_credit, w_tax     FROM bmsql_customer     JOIN bmsql_warehouse ON (w_id = c_w_id)     WHERE c_w_id = $1 AND c_d_id = $2 AND c_id = $3","parameters: $1 = '1', $2 = '1', $3 = '54'",,,,,,,,"","client backend"
2024-06-16 19:02:38.743 CST,"raingage","benchmark",54599,"127.0.0.1:48958",666ec5b9.d547,1200,"SELECT",2024-06-16 19:00:09 CST,8/86,0,LOG,00000,"execute S_1: SELECT c_discount, c_last, c_credit, w_tax     FROM bmsql_customer     JOIN bmsql_warehouse ON (w_id = c_w_id)     WHERE c_w_id = $1 AND c_d_id = $2 AND c_id = $3","parameters: $1 = '1', $2 = '1', $3 = '54'",,,,,,,,"","client backend"
2024-06-16 19:02:38.815 CST,"raingage","benchmark",54599,"127.0.0.1:48958",666ec5b9.d547,1201,"SELECT",2024-06-16 19:00:09 CST,8/86,0,LOG,00000,"execute S_1: SELECT c_discount, c_last, c_credit, w_tax     FROM bmsql_customer     JOIN bmsql_warehouse ON (w_id = c_w_id)     WHERE c_w_id = $1 AND c_d_id = $2 AND c_id = $3","parameters: $1 = '1', $2 = '1', $3 = '54'",,,,,,,,"","client backend"
2024-06-16 19:02:38.879 CST,"raingage","benchmark",54599,"127.0.0.1:48958",666ec5b9.d547,1202,"SELECT",2024-06-16 19:00:09 CST,8/86,0,LOG,00000,"execute S_1: SELECT c_discount, c_last, c_credit, w_tax     FROM bmsql_customer     JOIN bmsql_warehouse ON (w_id = c_w_id)     WHERE c_w_id = $1 AND c_d_id = $2 AND c_id = $3","parameters: $1 = '1', $2 = '1', $3 = '54'",,,,,,,,"","client backend"
2024-06-16 19:02:38.897 CST,"raingage","benchmark",54599,"127.0.0.1:48958",666ec5b9.d547,1203,"SELECT",2024-06-16 19:00:09 CST,8/86,0,LOG,00000,"execute S_5: SELECT i_price, i_name, i_data     FROM bmsql_item     WHERE i_id = $1","parameters: $1 = '17'",,,,,,,,"","client backend"
2024-06-16 19:02:38.913 CST,"raingage","benchmark",54599,"127.0.0.1:48958",666ec5b9.d547,1204,"SELECT",2024-06-16 19:00:09 CST,8/86,0,LOG,00000,"execute S_6: SELECT s_quantity, s_data,        s_dist_01, s_dist_02, s_dist_03, s_dist_04,        s_dist_05, s_dist_06, s_dist_07, s_dist_08,        s_dist_09, s_dist_10     FROM bmsql_stock     WHERE s_w_id = $1 AND s_i_id = $2 ","parameters: $1 = '1', $2 = '17'",,,,,,,,"","client backend"
2024-06-16 19:02:38.933 CST,"raingage","benchmark",54599,"127.0.0.1:48958",666ec5b9.d547,1205,"UPDATE",2024-06-16 19:00:09 CST,8/86,0,LOG,00000,"execute S_7: UPDATE bmsql_stock     SET s_quantity = $1, s_ytd = s_ytd + $2,         s_order_cnt = s_order_cnt + 1,         s_remote_cnt = s_remote_cnt + $3     WHERE s_w_id = $4 AND s_i_id = $5","parameters: $1 = '90', $2 = '2', $3 = '0', $4 = '1', $5 = '17'",,,,,,,,"","client backend"
2024-06-16 19:02:38.950 CST,"raingage","benchmark",54599,"127.0.0.1:48958",666ec5b9.d547,1206,"COMMIT",2024-06-16 19:00:09 CST,8/86,115549,LOG,00000,"execute S_2: COMMIT",,,,,,,,,"","client backend"
2024-06-16 19:02:42.234 CST,"raingage","benchmark",54597,"127.0.0.1:48954",666ec5b9.d545,750,"BEGIN",2024-06-16 19:00:09 CST,6/55,0,LOG,00000,"execute S_3: BEGIN",,,,,,,,,"","client backend"
2024-06-16 19:02:42.251 CST,"raingage","benchmark",54597,"127.0.0.1:48954",666ec5b9.d545,751,"SELECT",2024-06-16 19:00:09 CST,6/55,0,LOG,00000,"execute S_4: SELECT d_tax, d_next_o_id     FROM bmsql_district     WHERE d_w_id = $1 AND d_id = $2 ","parameters: $1 = '1', $2 = '2'",,,,,,,,"","client backend"
2024-06-16 19:02:42.322 CST,"raingage","benchmark",54597,"127.0.0.1:48954",666ec5b9.d545,752,"SELECT",2024-06-16 19:00:09 CST,6/55,0,LOG,00000,"execute S_1: SELECT c_discount, c_last, c_credit, w_tax     FROM bmsql_customer     JOIN bmsql_warehouse ON (w_id = c_w_id)     WHERE c_w_id = $1 AND c_d_id = $2 AND c_id = $3","parameters: $1 = '1', $2 = '2', $3 = '66'",,,,,,,,"","client backend"
2024-06-16 19:02:42.387 CST,"raingage","benchmark",54597,"127.0.0.1:48954",666ec5b9.d545,753,"SELECT",2024-06-16 19:00:09 CST,6/55,0,LOG,00000,"execute S_1: SELECT c_discount, c_last, c_credit, w_tax     FROM bmsql_customer     JOIN bmsql_warehouse ON (w_id = c_w_id)     WHERE c_w_id = $1 AND c_d_id = $2 AND c_id = $3","parameters: $1 = '1', $2 = '2', $3 = '66'",,,,,,,,"","client backend"
2024-06-16 19:02:42.450 CST,"raingage","benchmark",54597,"127.0.0.1:48954",666ec5b9.d545,754,"SELECT",2024-06-16 19:00:09 CST,6/55,0,LOG,00000,"execute S_1: SELECT c_discount, c_last, c_credit, w_tax     FROM bmsql_customer     JOIN bmsql_warehouse ON (w_id = c_w_id)     WHERE c_w_id = $1 AND c_d_id = $2 AND c_id = $3","parameters: $1 = '1', $2 = '2', $3 = '66'",,,,,,,,"","client backend"
2024-06-16 19:02:42.513 CST,"raingage","benchmark",54597,"127.0.0.1:48954",666ec5b9.d545,755,"SELECT",2024-06-16 19:00:09 CST,6/55,0,LOG,00000,"execute S_1: SELECT c_discount, c_last, c_credit, w_tax     FROM bmsql_customer     JOIN bmsql_warehouse ON (w_id = c_w_id)     WHERE c_w_id = $1 AND c_d_id = $2 AND c_id = $3","parameters: $1 = '1', $2 = '2', $3 = '66'",,,,,,,,"","client backend"
2024-06-16 19:02:42.580 CST,"raingage","benchmark",54597,"127.0.0.1:48954",666ec5b9.d545,756,"SELECT",2024-06-16 19:00:09 CST,6/55,0,LOG,00000,"execute S_1: SELECT c_discount, c_last, c_credit, w_tax     FROM bmsql_customer     JOIN bmsql_warehouse ON (w_id = c_w_id)     WHERE c_w_id = $1 AND c_d_id = $2 AND c_id = $3","parameters: $1 = '1', $2 = '2', $3 = '66'",,,,,,,,"","client backend"
2024-06-16 19:02:42.651 CST,"raingage","benchmark",54597,"127.0.0.1:48954",666ec5b9.d545,757,"SELECT",2024-06-16 19:00:09 CST,6/55,0,LOG,00000,"execute S_1: SELECT c_discount, c_last, c_credit, w_tax     FROM bmsql_customer     JOIN bmsql_warehouse ON (w_id = c_w_id)     WHERE c_w_id = $1 AND c_d_id = $2 AND c_id = $3","parameters: $1 = '1', $2 = '2', $3 = '66'",,,,,,,,"","client backend"
2024-06-16 19:02:42.722 CST,"raingage","benchmark",54597,"127.0.0.1:48954",666ec5b9.d545,758,"SELECT",2024-06-16 19:00:09 CST,6/55,0,LOG,00000,"execute S_1: SELECT c_discount, c_last, c_credit, w_tax     FROM bmsql_customer     JOIN bmsql_warehouse ON (w_id = c_w_id)     WHERE c_w_id = $1 AND c_d_id = $2 AND c_id = $3","parameters: $1 = '1', $2 = '2', $3 = '66'",,,,,,,,"","client backend"
2024-06-16 19:02:42.787 CST,"raingage","benchmark",54597,"127.0.0.1:48954",666ec5b9.d545,759,"SELECT",2024-06-16 19:00:09 CST,6/55,0,LOG,00000,"execute S_1: SELECT c_discount, c_last, c_credit, w_tax     FROM bmsql_customer     JOIN bmsql_warehouse ON (w_id = c_w_id)     WHERE c_w_id = $1 AND c_d_id = $2 AND c_id = $3","parameters: $1 = '1', $2 = '2', $3 = '66'",,,,,,,,"","client backend"
2024-06-16 19:02:42.804 CST,"raingage","benchmark",54597,"127.0.0.1:48954",666ec5b9.d545,760,"SELECT",2024-06-16 19:00:09 CST,6/55,0,LOG,00000,"execute S_5: SELECT i_price, i_name, i_data     FROM bmsql_item     WHERE i_id = $1","parameters: $1 = '5'",,,,,,,,"","client backend"
2024-06-16 19:02:42.825 CST,"raingage","benchmark",54597,"127.0.0.1:48954",666ec5b9.d545,761,"SELECT",2024-06-16 19:00:09 CST,6/55,0,LOG,00000,"execute S_6: SELECT s_quantity, s_data,        s_dist_01, s_dist_02, s_dist_03, s_dist_04,        s_dist_05, s_dist_06, s_dist_07, s_dist_08,        s_dist_09, s_dist_10     FROM bmsql_stock     WHERE s_w_id = $1 AND s_i_id = $2 ","parameters: $1 = '1', $2 = '5'",,,,,,,,"","client backend"
2024-06-16 19:02:42.840 CST,"raingage","benchmark",54597,"127.0.0.1:48954",666ec5b9.d545,762,"UPDATE",2024-06-16 19:00:09 CST,6/55,0,LOG,00000,"execute S_7: UPDATE bmsql_stock     SET s_quantity = $1, s_ytd = s_ytd + $2,         s_order_cnt = s_order_cnt + 1,         s_remote_cnt = s_remote_cnt + $3     WHERE s_w_id = $4 AND s_i_id = $5","parameters: $1 = '17', $2 = '2', $3 = '0', $4 = '1', $5 = '5'",,,,,,,,"","client backend"
2024-06-16 19:02:42.859 CST,"raingage","benchmark",54597,"127.0.0.1:48954",666ec5b9.d545,763,"COMMIT",2024-06-16 19:00:09 CST,6/55,115550,LOG,00000,"execute S_2: COMMIT",,,,,,,,,"","client backend"
2024-06-16 19:02:42.882 CST,"raingage","benchmark",54597,"127.0.0.1:48954",666ec5b9.d545,764,"BEGIN",2024-06-16 19:00:09 CST,6/56,0,LOG,00000,"execute S_3: BEGIN",,,,,,,,,"","client backend"
2024-06-16 19:02:42.899 CST,"raingage","benchmark",54597,"127.0.0.1:48954",666ec5b9.d545,765,"SELECT",2024-06-16 19:00:09 CST,6/56,0,LOG,00000,"execute S_4: SELECT d_tax, d_next_o_id     FROM bmsql_district     WHERE d_w_id = $1 AND d_id = $2 ","parameters: $1 = '1', $2 = '3'",,,,,,,,"","client backend"
2024-06-16 19:02:42.968 CST,"raingage","benchmark",54597,"127.0.0.1:48954",666ec5b9.d545,766,"SELECT",2024-06-16 19:00:09 CST,6/56,0,LOG,00000,"execute S_1: SELECT c_discount, c_last, c_credit, w_tax     FROM bmsql_customer     JOIN bmsql_warehouse ON (w_id = c_w_id)     WHERE c_w_id = $1 AND c_d_id = $2 AND c_id = $3","parameters: $1 = '1', $2 = '3', $3 = '88'",,,,,,,,"","client backend"
2024-06-16 19:02:43.033 CST,"raingage","benchmark",54597,"127.0.0.1:48954",666ec5b9.d545,767,"SELECT",2024-06-16 19:00:09 CST,6/56,0,LOG,00000,"execute S_1: SELECT c_discount, c_last, c_credit, w_tax     FROM bmsql_customer     JOIN bmsql_warehouse ON (w_id = c_w_id)     WHERE c_w_id = $1 AND c_d_id = $2 AND c_id = $3","parameters: $1 = '1', $2 = '3', $3 = '88'",,,,,,,,"","client backend"
2024-06-16 19:02:43.097 CST,"raingage","benchmark",54597,"127.0.0.1:48954",666ec5b9.d545,768,"SELECT",2024-06-16 19:00:09 CST,6/56,0,LOG,00000,"execute S_1: SELECT c_discount, c_last, c_credit, w_tax     FROM bmsql_customer     JOIN bmsql_warehouse ON (w_id = c_w_id)     WHERE c_w_id = $1 AND c_d_id = $2 AND c_id = $3","parameters: $1 = '1', $2 = '3', $3 = '88'",,,,,,,,"","client backend"
2024-06-16 19:02:43.169 CST,"raingage","benchmark",54597,"127.0.0.1:48954",666ec5b9.d545,769,"SELECT",2024-06-16 19:00:09 CST,6/56,0,LOG,00000,"execute S_1: SELECT c_discount, c_last, c_credit, w_tax     FROM bmsql_customer     JOIN bmsql_warehouse ON (w_id = c_w_id)     WHERE c_w_id = $1 AND c_d_id = $2 AND c_id = $3","parameters: $1 = '1', $2 = '3', $3 = '88'",,,,,,,,"","client backend"
2024-06-16 19:02:43.235 CST,"raingage","benchmark",54597,"127.0.0.1:48954",666ec5b9.d545,770,"SELECT",2024-06-16 19:00:09 CST,6/56,0,LOG,00000,"execute S_1: SELECT c_discount, c_last, c_credit, w_tax     FROM bmsql_customer     JOIN bmsql_warehouse ON (w_id = c_w_id)     WHERE c_w_id = $1 AND c_d_id = $2 AND c_id = $3","parameters: $1 = '1', $2 = '3', $3 = '88'",,,,,,,,"","client backend"
2024-06-16 19:02:43.300 CST,"raingage","benchmark",54597,"127.0.0.1:48954",666ec5b9.d545,771,"SELECT",2024-06-16 19:00:09 CST,6/56,0,LOG,00000,"execute S_1: SELECT c_discount, c_last, c_credit, w_tax     FROM bmsql_customer     JOIN bmsql_warehouse ON (w_id = c_w_id)     WHERE c_w_id = $1 AND c_d_id = $2 AND c_id = $3","parameters: $1 = '1', $2 = '3', $3 = '88'",,,,,,,,"","client backend"
2024-06-16 19:02:43.362 CST,"raingage","benchmark",54597,"127.0.0.1:48954",666ec5b9.d545,772,"SELECT",2024-06-16 19:00:09 CST,6/56,0,LOG,00000,"execute S_1: SELECT c_discount, c_last, c_credit, w_tax     FROM bmsql_customer     JOIN bmsql_warehouse ON (w_id = c_w_id)     WHERE c_w_id = $1 AND c_d_id = $2 AND c_id = $3","parameters: $1 = '1', $2 = '3', $3 = '88'",,,,,,,,"","client backend"
2024-06-16 19:02:43.428 CST,"raingage","benchmark",54597,"127.0.0.1:48954",666ec5b9.d545,773,"SELECT",2024-06-16 19:00:09 CST,6/56,0,LOG,00000,"execute S_1: SELECT c_discount, c_last, c_credit, w_tax     FROM bmsql_customer     JOIN bmsql_warehouse ON (w_id = c_w_id)     WHERE c_w_id = $1 AND c_d_id = $2 AND c_id = $3","parameters: $1 = '1', $2 = '3', $3 = '88'",,,,,,,,"","client backend"
2024-06-16 19:02:43.440 CST,"raingage","benchmark",54597,"127.0.0.1:48954",666ec5b9.d545,774,"SELECT",2024-06-16 19:00:09 CST,6/56,0,LOG,00000,"execute S_5: SELECT i_price, i_name, i_data     FROM bmsql_item     WHERE i_id = $1","parameters: $1 = '97'",,,,,,,,"","client backend"
2024-06-16 19:02:43.460 CST,"raingage","benchmark",54597,"127.0.0.1:48954",666ec5b9.d545,775,"SELECT",2024-06-16 19:00:09 CST,6/56,0,LOG,00000,"execute S_6: SELECT s_quantity, s_data,        s_dist_01, s_dist_02, s_dist_03, s_dist_04,        s_dist_05, s_dist_06, s_dist_07, s_dist_08,        s_dist_09, s_dist_10     FROM bmsql_stock     WHERE s_w_id = $1 AND s_i_id = $2 ","parameters: $1 = '1', $2 = '97'",,,,,,,,"","client backend"
2024-06-16 19:02:43.480 CST,"raingage","benchmark",54597,"127.0.0.1:48954",666ec5b9.d545,776,"UPDATE",2024-06-16 19:00:09 CST,6/56,0,LOG,00000,"execute S_7: UPDATE bmsql_stock     SET s_quantity = $1, s_ytd = s_ytd + $2,         s_order_cnt = s_order_cnt + 1,         s_remote_cnt = s_remote_cnt + $3     WHERE s_w_id = $4 AND s_i_id = $5","parameters: $1 = '40', $2 = '4', $3 = '0', $4 = '1', $5 = '97'",,,,,,,,"","client backend"
2024-06-16 19:02:43.491 CST,"raingage","benchmark",54597,"127.0.0.1:48954",666ec5b9.d545,777,"COMMIT",2024-06-16 19:00:09 CST,6/56,115551,LOG,00000,"execute S_2: COMMIT",,,,,,,,,"","client backend"
2024-06-16 19:02:43.514 CST,"raingage","benchmark",54597,"127.0.0.1:48954",666ec5b9.d545,778,"BEGIN",2024-06-16 19:00:09 CST,6/57,0,LOG,00000,"execute S_3: BEGIN",,,,,,,,,"","client backend"
2024-06-16 19:02:43.528 CST,"raingage","benchmark",54597,"127.0.0.1:48954",666ec5b9.d545,779,"SELECT",2024-06-16 19:00:09 CST,6/57,0,LOG,00000,"execute S_4: SELECT d_tax, d_next_o_id     FROM bmsql_district     WHERE d_w_id = $1 AND d_id = $2 ","parameters: $1 = '1', $2 = '1'",,,,,,,,"","client backend"
2024-06-16 19:02:43.598 CST,"raingage","benchmark",54597,"127.0.0.1:48954",666ec5b9.d545,780,"SELECT",2024-06-16 19:00:09 CST,6/57,0,LOG,00000,"execute S_1: SELECT c_discount, c_last, c_credit, w_tax     FROM bmsql_customer     JOIN bmsql_warehouse ON (w_id = c_w_id)     WHERE c_w_id = $1 AND c_d_id = $2 AND c_id = $3","parameters: $1 = '1', $2 = '1', $3 = '9'",,,,,,,,"","client backend"
2024-06-16 19:02:43.665 CST,"raingage","benchmark",54597,"127.0.0.1:48954",666ec5b9.d545,781,"SELECT",2024-06-16 19:00:09 CST,6/57,0,LOG,00000,"execute S_1: SELECT c_discount, c_last, c_credit, w_tax     FROM bmsql_customer     JOIN bmsql_warehouse ON (w_id = c_w_id)     WHERE c_w_id = $1 AND c_d_id = $2 AND c_id = $3","parameters: $1 = '1', $2 = '1', $3 = '9'",,,,,,,,"","client backend"
2024-06-16 19:02:43.728 CST,"raingage","benchmark",54597,"127.0.0.1:48954",666ec5b9.d545,782,"SELECT",2024-06-16 19:00:09 CST,6/57,0,LOG,00000,"execute S_1: SELECT c_discount, c_last, c_credit, w_tax     FROM bmsql_customer     JOIN bmsql_warehouse ON (w_id = c_w_id)     WHERE c_w_id = $1 AND c_d_id = $2 AND c_id = $3","parameters: $1 = '1', $2 = '1', $3 = '9'",,,,,,,,"","client backend"
2024-06-16 19:02:43.796 CST,"raingage","benchmark",54597,"127.0.0.1:48954",666ec5b9.d545,783,"SELECT",2024-06-16 19:00:09 CST,6/57,0,LOG,00000,"execute S_1: SELECT c_discount, c_last, c_credit, w_tax     FROM bmsql_customer     JOIN bmsql_warehouse ON (w_id = c_w_id)     WHERE c_w_id = $1 AND c_d_id = $2 AND c_id = $3","parameters: $1 = '1', $2 = '1', $3 = '9'",,,,,,,,"","client backend"
2024-06-16 19:02:43.868 CST,"raingage","benchmark",54597,"127.0.0.1:48954",666ec5b9.d545,784,"SELECT",2024-06-16 19:00:09 CST,6/57,0,LOG,00000,"execute S_1: SELECT c_discount, c_last, c_credit, w_tax     FROM bmsql_customer     JOIN bmsql_warehouse ON (w_id = c_w_id)     WHERE c_w_id = $1 AND c_d_id = $2 AND c_id = $3","parameters: $1 = '1', $2 = '1', $3 = '9'",,,,,,,,"","client backend"
2024-06-16 19:02:43.932 CST,"raingage","benchmark",54597,"127.0.0.1:48954",666ec5b9.d545,785,"SELECT",2024-06-16 19:00:09 CST,6/57,0,LOG,00000,"execute S_1: SELECT c_discount, c_last, c_credit, w_tax     FROM bmsql_customer     JOIN bmsql_warehouse ON (w_id = c_w_id)     WHERE c_w_id = $1 AND c_d_id = $2 AND c_id = $3","parameters: $1 = '1', $2 = '1', $3 = '9'",,,,,,,,"","client backend"
2024-06-16 19:02:44.002 CST,"raingage","benchmark",54597,"127.0.0.1:48954",666ec5b9.d545,786,"SELECT",2024-06-16 19:00:09 CST,6/57,0,LOG,00000,"execute S_1: SELECT c_discount, c_last, c_credit, w_tax     FROM bmsql_customer     JOIN bmsql_warehouse ON (w_id = c_w_id)     WHERE c_w_id = $1 AND c_d_id = $2 AND c_id = $3","parameters: $1 = '1', $2 = '1', $3 = '9'",,,,,,,,"","client backend"
2024-06-16 19:02:44.067 CST,"raingage","benchmark",54597,"127.0.0.1:48954",666ec5b9.d545,787,"SELECT",2024-06-16 19:00:09 CST,6/57,0,LOG,00000,"execute S_1: SELECT c_discount, c_last, c_credit, w_tax     FROM bmsql_customer     JOIN bmsql_warehouse ON (w_id = c_w_id)     WHERE c_w_id = $1 AND c_d_id = $2 AND c_id = $3","parameters: $1 = '1', $2 = '1', $3 = '9'",,,,,,,,"","client backend"
2024-06-16 19:02:44.081 CST,"raingage","benchmark",54597,"127.0.0.1:48954",666ec5b9.d545,788,"SELECT",2024-06-16 19:00:09 CST,6/57,0,LOG,00000,"execute S_5: SELECT i_price, i_name, i_data     FROM bmsql_item     WHERE i_id = $1","parameters: $1 = '54'",,,,,,,,"","client backend"
2024-06-16 19:02:44.101 CST,"raingage","benchmark",54597,"127.0.0.1:48954",666ec5b9.d545,789,"SELECT",2024-06-16 19:00:09 CST,6/57,0,LOG,00000,"execute S_6: SELECT s_quantity, s_data,        s_dist_01, s_dist_02, s_dist_03, s_dist_04,        s_dist_05, s_dist_06, s_dist_07, s_dist_08,        s_dist_09, s_dist_10     FROM bmsql_stock     WHERE s_w_id = $1 AND s_i_id = $2 ","parameters: $1 = '1', $2 = '54'",,,,,,,,"","client backend"
2024-06-16 19:02:44.120 CST,"raingage","benchmark",54597,"127.0.0.1:48954",666ec5b9.d545,790,"UPDATE",2024-06-16 19:00:09 CST,6/57,0,LOG,00000,"execute S_7: UPDATE bmsql_stock     SET s_quantity = $1, s_ytd = s_ytd + $2,         s_order_cnt = s_order_cnt + 1,         s_remote_cnt = s_remote_cnt + $3     WHERE s_w_id = $4 AND s_i_id = $5","parameters: $1 = '22', $2 = '4', $3 = '0', $4 = '1', $5 = '54'",,,,,,,,"","client backend"
2024-06-16 19:02:44.141 CST,"raingage","benchmark",54597,"127.0.0.1:48954",666ec5b9.d545,791,"COMMIT",2024-06-16 19:00:09 CST,6/57,115552,LOG,00000,"execute S_2: COMMIT",,,,,,,,,"","client backend"
2024-06-16 19:02:45.342 CST,"raingage","benchmark",54596,"127.0.0.1:48952",666ec5b9.d544,1371,"BEGIN",2024-06-16 19:00:09 CST,5/99,0,LOG,00000,"execute S_3: BEGIN",,,,,,,,,"","client backend"
2024-06-16 19:02:45.361 CST,"raingage","benchmark",54596,"127.0.0.1:48952",666ec5b9.d544,1372,"SELECT",2024-06-16 19:00:09 CST,5/99,0,LOG,00000,"execute S_4: SELECT d_tax, d_next_o_id     FROM bmsql_district     WHERE d_w_id = $1 AND d_id = $2 ","parameters: $1 = '1', $2 = '4'",,,,,,,,"","client backend"
2024-06-16 19:02:45.429 CST,"raingage","benchmark",54596,"127.0.0.1:48952",666ec5b9.d544,1373,"SELECT",2024-06-16 19:00:09 CST,5/99,0,LOG,00000,"execute S_1: SELECT c_discount, c_last, c_credit, w_tax     FROM bmsql_customer     JOIN bmsql_warehouse ON (w_id = c_w_id)     WHERE c_w_id = $1 AND c_d_id = $2 AND c_id = $3","parameters: $1 = '1', $2 = '4', $3 = '14'",,,,,,,,"","client backend"
2024-06-16 19:02:45.499 CST,"raingage","benchmark",54596,"127.0.0.1:48952",666ec5b9.d544,1374,"SELECT",2024-06-16 19:00:09 CST,5/99,0,LOG,00000,"execute S_1: SELECT c_discount, c_last, c_credit, w_tax     FROM bmsql_customer     JOIN bmsql_warehouse ON (w_id = c_w_id)     WHERE c_w_id = $1 AND c_d_id = $2 AND c_id = $3","parameters: $1 = '1', $2 = '4', $3 = '14'",,,,,,,,"","client backend"
2024-06-16 19:02:45.565 CST,"raingage","benchmark",54596,"127.0.0.1:48952",666ec5b9.d544,1375,"SELECT",2024-06-16 19:00:09 CST,5/99,0,LOG,00000,"execute S_1: SELECT c_discount, c_last, c_credit, w_tax     FROM bmsql_customer     JOIN bmsql_warehouse ON (w_id = c_w_id)     WHERE c_w_id = $1 AND c_d_id = $2 AND c_id = $3","parameters: $1 = '1', $2 = '4', $3 = '14'",,,,,,,,"","client backend"
2024-06-16 19:02:45.629 CST,"raingage","benchmark",54596,"127.0.0.1:48952",666ec5b9.d544,1376,"SELECT",2024-06-16 19:00:09 CST,5/99,0,LOG,00000,"execute S_1: SELECT c_discount, c_last, c_credit, w_tax     FROM bmsql_customer     JOIN bmsql_warehouse ON (w_id = c_w_id)     WHERE c_w_id = $1 AND c_d_id = $2 AND c_id = $3","parameters: $1 = '1', $2 = '4', $3 = '14'",,,,,,,,"","client backend"
2024-06-16 19:02:45.697 CST,"raingage","benchmark",54596,"127.0.0.1:48952",666ec5b9.d544,1377,"SELECT",2024-06-16 19:00:09 CST,5/99,0,LOG,00000,"execute S_1: SELECT c_discount, c_last, c_credit, w_tax     FROM bmsql_customer     JOIN bmsql_warehouse ON (w_id = c_w_id)     WHERE c_w_id = $1 AND c_d_id = $2 AND c_id = $3","parameters: $1 = '1', $2 = '4', $3 = '14'",,,,,,,,"","client backend"
2024-06-16 19:02:45.764 CST,"raingage","benchmark",54596,"127.0.0.1:48952",666ec5b9.d544,1378,"SELECT",2024-06-16 19:00:09 CST,5/99,0,LOG,00000,"execute S_1: SELECT c_discount, c_last, c_credit, w_tax     FROM bmsql_customer     JOIN bmsql_warehouse ON (w_id = c_w_id)     WHERE c_w_id = $1 AND c_d_id = $2 AND c_id = $3","parameters: $1 = '1', $2 = '4', $3 = '14'",,,,,,,,"","client backend"
2024-06-16 19:02:45.833 CST,"raingage","benchmark",54596,"127.0.0.1:48952",666ec5b9.d544,1379,"SELECT",2024-06-16 19:00:09 CST,5/99,0,LOG,00000,"execute S_1: SELECT c_discount, c_last, c_credit, w_tax     FROM bmsql_customer     JOIN bmsql_warehouse ON (w_id = c_w_id)     WHERE c_w_id = $1 AND c_d_id = $2 AND c_id = $3","parameters: $1 = '1', $2 = '4', $3 = '14'",,,,,,,,"","client backend"
2024-06-16 19:02:45.898 CST,"raingage","benchmark",54596,"127.0.0.1:48952",666ec5b9.d544,1380,"SELECT",2024-06-16 19:00:09 CST,5/99,0,LOG,00000,"execute S_1: SELECT c_discount, c_last, c_credit, w_tax     FROM bmsql_customer     JOIN bmsql_warehouse ON (w_id = c_w_id)     WHERE c_w_id = $1 AND c_d_id = $2 AND c_id = $3","parameters: $1 = '1', $2 = '4', $3 = '14'",,,,,,,,"","client backend"
2024-06-16 19:02:45.916 CST,"raingage","benchmark",54596,"127.0.0.1:48952",666ec5b9.d544,1381,"SELECT",2024-06-16 19:00:09 CST,5/99,0,LOG,00000,"execute S_5: SELECT i_price, i_name, i_data     FROM bmsql_item     WHERE i_id = $1","parameters: $1 = '80'",,,,,,,,"","client backend"
2024-06-16 19:02:45.931 CST,"raingage","benchmark",54596,"127.0.0.1:48952",666ec5b9.d544,1382,"SELECT",2024-06-16 19:00:09 CST,5/99,0,LOG,00000,"execute S_6: SELECT s_quantity, s_data,        s_dist_01, s_dist_02, s_dist_03, s_dist_04,        s_dist_05, s_dist_06, s_dist_07, s_dist_08,        s_dist_09, s_dist_10     FROM bmsql_stock     WHERE s_w_id = $1 AND s_i_id = $2 ","parameters: $1 = '1', $2 = '80'",,,,,,,,"","client backend"
2024-06-16 19:02:45.946 CST,"raingage","benchmark",54596,"127.0.0.1:48952",666ec5b9.d544,1383,"UPDATE",2024-06-16 19:00:09 CST,5/99,0,LOG,00000,"execute S_7: UPDATE bmsql_stock     SET s_quantity = $1, s_ytd = s_ytd + $2,         s_order_cnt = s_order_cnt + 1,         s_remote_cnt = s_remote_cnt + $3     WHERE s_w_id = $4 AND s_i_id = $5","parameters: $1 = '99', $2 = '3', $3 = '0', $4 = '1', $5 = '80'",,,,,,,,"","client backend"
2024-06-16 19:02:45.960 CST,"raingage","benchmark",54596,"127.0.0.1:48952",666ec5b9.d544,1384,"COMMIT",2024-06-16 19:00:09 CST,5/99,115553,LOG,00000,"execute S_2: COMMIT",,,,,,,,,"","client backend"
2024-06-16 19:02:45.978 CST,"raingage","benchmark",54596,"127.0.0.1:48952",666ec5b9.d544,1385,"BEGIN",2024-06-16 19:00:09 CST,5/100,0,LOG,00000,"execute S_3: BEGIN",,,,,,,,,"","client backend"
2024-06-16 19:02:45.996 CST,"raingage","benchmark",54596,"127.0.0.1:48952",666ec5b9.d544,1386,"SELECT",2024-06-16 19:00:09 CST,5/100,0,LOG,00000,"execute S_4: SELECT d_tax, d_next_o_id     FROM bmsql_district     WHERE d_w_id = $1 AND d_id = $2 ","parameters: $1 = '1', $2 = '2'",,,,,,,,"","client backend"
2024-06-16 19:02:46.060 CST,"raingage","benchmark",54596,"127.0.0.1:48952",666ec5b9.d544,1387,"SELECT",2024-06-16 19:00:09 CST,5/100,0,LOG,00000,"execute S_1: SELECT c_discount, c_last, c_credit, w_tax     FROM bmsql_customer     JOIN bmsql_warehouse ON (w_id = c_w_id)     WHERE c_w_id = $1 AND c_d_id = $2 AND c_id = $3","parameters: $1 = '1', $2 = '2', $3 = '97'",,,,,,,,"","client backend"
2024-06-16 19:02:46.126 CST,"raingage","benchmark",54596,"127.0.0.1:48952",666ec5b9.d544,1388,"SELECT",2024-06-16 19:00:09 CST,5/100,0,LOG,00000,"execute S_1: SELECT c_discount, c_last, c_credit, w_tax     FROM bmsql_customer     JOIN bmsql_warehouse ON (w_id = c_w_id)     WHERE c_w_id = $1 AND c_d_id = $2 AND c_id = $3","parameters: $1 = '1', $2 = '2', $3 = '97'",,,,,,,,"","client backend"
2024-06-16 19:02:46.193 CST,"raingage","benchmark",54596,"127.0.0.1:48952",666ec5b9.d544,1389,"SELECT",2024-06-16 19:00:09 CST,5/100,0,LOG,00000,"execute S_1: SELECT c_discount, c_last, c_credit, w_tax     FROM bmsql_customer     JOIN bmsql_warehouse ON (w_id = c_w_id)     WHERE c_w_id = $1 AND c_d_id = $2 AND c_id = $3","parameters: $1 = '1', $2 = '2', $3 = '97'",,,,,,,,"","client backend"
2024-06-16 19:02:46.261 CST,"raingage","benchmark",54596,"127.0.0.1:48952",666ec5b9.d544,1390,"SELECT",2024-06-16 19:00:09 CST,5/100,0,LOG,00000,"execute S_1: SELECT c_discount, c_last, c_credit, w_tax     FROM bmsql_customer     JOIN bmsql_warehouse ON (w_id = c_w_id)     WHERE c_w_id = $1 AND c_d_id = $2 AND c_id = $3","parameters: $1 = '1', $2 = '2', $3 = '97'",,,,,,,,"","client backend"
2024-06-16 19:02:46.326 CST,"raingage","benchmark",54596,"127.0.0.1:48952",666ec5b9.d544,1391,"SELECT",2024-06-16 19:00:09 CST,5/100,0,LOG,00000,"execute S_1: SELECT c_discount, c_last, c_credit, w_tax     FROM bmsql_customer     JOIN bmsql_warehouse ON (w_id = c_w_id)     WHERE c_w_id = $1 AND c_d_id = $2 AND c_id = $3","parameters: $1 = '1', $2 = '2', $3 = '97'",,,,,,,,"","client backend"
2024-06-16 19:02:46.390 CST,"raingage","benchmark",54596,"127.0.0.1:48952",666ec5b9.d544,1392,"SELECT",2024-06-16 19:00:09 CST,5/100,0,LOG,00000,"execute S_1: SELECT c_discount, c_last, c_credit, w_tax     FROM bmsql_customer     JOIN bmsql_warehouse ON (w_id = c_w_id)     WHERE c_w_id = $1 AND c_d_id = $2 AND c_id = $3","parameters: $1 = '1', $2 = '2', $3 = '97'",,,,,,,,"","client backend"
2024-06-16 19:02:46.459 CST,"raingage","benchmark",54596,"127.0.0.1:48952",666ec5b9.d544,1393,"SELECT",2024-06-16 19:00:09 CST,5/100,0,LOG,00000,"execute S_1: SELECT c_discount, c_last, c_credit, w_tax     FROM bmsql_customer     JOIN bmsql_warehouse ON (w_id = c_w_id)     WHERE c_w_id = $1 AND c_d_id = $2 AND c_id = $3","parameters: $1 = '1', $2 = '2', $3 = '97'",,,,,,,,"","client backend"
2024-06-16 19:02:46.528 CST,"raingage","benchmark",54596,"127.0.0.1:48952",666ec5b9.d544,1394,"SELECT",2024-06-16 19:00:09 CST,5/100,0,LOG,00000,"execute S_1: SELECT c_discount, c_last, c_credit, w_tax     FROM bmsql_customer     JOIN bmsql_warehouse ON (w_id = c_w_id)     WHERE c_w_id = $1 AND c_d_id = $2 AND c_id = $3","parameters: $1 = '1', $2 = '2', $3 = '97'",,,,,,,,"","client backend"
2024-06-16 19:02:46.549 CST,"raingage","benchmark",54596,"127.0.0.1:48952",666ec5b9.d544,1395,"SELECT",2024-06-16 19:00:09 CST,5/100,0,LOG,00000,"execute S_5: SELECT i_price, i_name, i_data     FROM bmsql_item     WHERE i_id = $1","parameters: $1 = '77'",,,,,,,,"","client backend"
2024-06-16 19:02:46.564 CST,"raingage","benchmark",54596,"127.0.0.1:48952",666ec5b9.d544,1396,"SELECT",2024-06-16 19:00:09 CST,5/100,0,LOG,00000,"execute S_6: SELECT s_quantity, s_data,        s_dist_01, s_dist_02, s_dist_03, s_dist_04,        s_dist_05, s_dist_06, s_dist_07, s_dist_08,        s_dist_09, s_dist_10     FROM bmsql_stock     WHERE s_w_id = $1 AND s_i_id = $2 ","parameters: $1 = '1', $2 = '77'",,,,,,,,"","client backend"
2024-06-16 19:02:46.577 CST,"raingage","benchmark",54596,"127.0.0.1:48952",666ec5b9.d544,1397,"UPDATE",2024-06-16 19:00:09 CST,5/100,0,LOG,00000,"execute S_7: UPDATE bmsql_stock     SET s_quantity = $1, s_ytd = s_ytd + $2,         s_order_cnt = s_order_cnt + 1,         s_remote_cnt = s_remote_cnt + $3     WHERE s_w_id = $4 AND s_i_id = $5","parameters: $1 = '52', $2 = '4', $3 = '0', $4 = '1', $5 = '77'",,,,,,,,"","client backend"
2024-06-16 19:02:46.598 CST,"raingage","benchmark",54596,"127.0.0.1:48952",666ec5b9.d544,1398,"COMMIT",2024-06-16 19:00:09 CST,5/100,115554,LOG,00000,"execute S_2: COMMIT",,,,,,,,,"","client backend"
2024-06-16 19:02:46.612 CST,"raingage","benchmark",54596,"127.0.0.1:48952",666ec5b9.d544,1399,"BEGIN",2024-06-16 19:00:09 CST,5/101,0,LOG,00000,"execute S_3: BEGIN",,,,,,,,,"","client backend"
2024-06-16 19:02:46.630 CST,"raingage","benchmark",54596,"127.0.0.1:48952",666ec5b9.d544,1400,"SELECT",2024-06-16 19:00:09 CST,5/101,0,LOG,00000,"execute S_4: SELECT d_tax, d_next_o_id     FROM bmsql_district     WHERE d_w_id = $1 AND d_id = $2 ","parameters: $1 = '1', $2 = '2'",,,,,,,,"","client backend"
2024-06-16 19:02:46.701 CST,"raingage","benchmark",54596,"127.0.0.1:48952",666ec5b9.d544,1401,"SELECT",2024-06-16 19:00:09 CST,5/101,0,LOG,00000,"execute S_1: SELECT c_discount, c_last, c_credit, w_tax     FROM bmsql_customer     JOIN bmsql_warehouse ON (w_id = c_w_id)     WHERE c_w_id = $1 AND c_d_id = $2 AND c_id = $3","parameters: $1 = '1', $2 = '2', $3 = '97'",,,,,,,,"","client backend"
2024-06-16 19:02:46.764 CST,"raingage","benchmark",54596,"127.0.0.1:48952",666ec5b9.d544,1402,"SELECT",2024-06-16 19:00:09 CST,5/101,0,LOG,00000,"execute S_1: SELECT c_discount, c_last, c_credit, w_tax     FROM bmsql_customer     JOIN bmsql_warehouse ON (w_id = c_w_id)     WHERE c_w_id = $1 AND c_d_id = $2 AND c_id = $3","parameters: $1 = '1', $2 = '2', $3 = '97'",,,,,,,,"","client backend"
2024-06-16 19:02:46.835 CST,"raingage","benchmark",54596,"127.0.0.1:48952",666ec5b9.d544,1403,"SELECT",2024-06-16 19:00:09 CST,5/101,0,LOG,00000,"execute S_1: SELECT c_discount, c_last, c_credit, w_tax     FROM bmsql_customer     JOIN bmsql_warehouse ON (w_id = c_w_id)     WHERE c_w_id = $1 AND c_d_id = $2 AND c_id = $3","parameters: $1 = '1', $2 = '2', $3 = '97'",,,,,,,,"","client backend"
2024-06-16 19:02:46.903 CST,"raingage","benchmark",54596,"127.0.0.1:48952",666ec5b9.d544,1404,"SELECT",2024-06-16 19:00:09 CST,5/101,0,LOG,00000,"execute S_1: SELECT c_discount, c_last, c_credit, w_tax     FROM bmsql_customer     JOIN bmsql_warehouse ON (w_id = c_w_id)     WHERE c_w_id = $1 AND c_d_id = $2 AND c_id = $3","parameters: $1 = '1', $2 = '2', $3 = '97'",,,,,,,,"","client backend"
2024-06-16 19:02:46.973 CST,"raingage","benchmark",54596,"127.0.0.1:48952",666ec5b9.d544,1405,"SELECT",2024-06-16 19:00:09 CST,5/101,0,LOG,00000,"execute S_1: SELECT c_discount, c_last, c_credit, w_tax     FROM bmsql_customer     JOIN bmsql_warehouse ON (w_id = c_w_id)     WHERE c_w_id = $1 AND c_d_id = $2 AND c_id = $3","parameters: $1 = '1', $2 = '2', $3 = '97'",,,,,,,,"","client backend"
2024-06-16 19:02:47.039 CST,"raingage","benchmark",54596,"127.0.0.1:48952",666ec5b9.d544,1406,"SELECT",2024-06-16 19:00:09 CST,5/101,0,LOG,00000,"execute S_1: SELECT c_discount, c_last, c_credit, w_tax     FROM bmsql_customer     JOIN bmsql_warehouse ON (w_id = c_w_id)     WHERE c_w_id = $1 AND c_d_id = $2 AND c_id = $3","parameters: $1 = '1', $2 = '2', $3 = '97'",,,,,,,,"","client backend"
2024-06-16 19:02:47.109 CST,"raingage","benchmark",54596,"127.0.0.1:48952",666ec5b9.d544,1407,"SELECT",2024-06-16 19:00:09 CST,5/101,0,LOG,00000,"execute S_1: SELECT c_discount, c_last, c_credit, w_tax     FROM bmsql_customer     JOIN bmsql_warehouse ON (w_id = c_w_id)     WHERE c_w_id = $1 AND c_d_id = $2 AND c_id = $3","parameters: $1 = '1', $2 = '2', $3 = '97'",,,,,,,,"","client backend"
2024-06-16 19:02:47.178 CST,"raingage","benchmark",54596,"127.0.0.1:48952",666ec5b9.d544,1408,"SELECT",2024-06-16 19:00:09 CST,5/101,0,LOG,00000,"execute S_1: SELECT c_discount, c_last, c_credit, w_tax     FROM bmsql_customer     JOIN bmsql_warehouse ON (w_id = c_w_id)     WHERE c_w_id = $1 AND c_d_id = $2 AND c_id = $3","parameters: $1 = '1', $2 = '2', $3 = '97'",,,,,,,,"","client backend"
2024-06-16 19:02:47.198 CST,"raingage","benchmark",54596,"127.0.0.1:48952",666ec5b9.d544,1409,"SELECT",2024-06-16 19:00:09 CST,5/101,0,LOG,00000,"execute S_5: SELECT i_price, i_name, i_data     FROM bmsql_item     WHERE i_id = $1","parameters: $1 = '77'",,,,,,,,"","client backend"
2024-06-16 19:02:47.213 CST,"raingage","benchmark",54596,"127.0.0.1:48952",666ec5b9.d544,1410,"SELECT",2024-06-16 19:00:09 CST,5/101,0,LOG,00000,"execute S_6: SELECT s_quantity, s_data,        s_dist_01, s_dist_02, s_dist_03, s_dist_04,        s_dist_05, s_dist_06, s_dist_07, s_dist_08,        s_dist_09, s_dist_10     FROM bmsql_stock     WHERE s_w_id = $1 AND s_i_id = $2 ","parameters: $1 = '1', $2 = '77'",,,,,,,,"","client backend"
2024-06-16 19:02:47.227 CST,"raingage","benchmark",54596,"127.0.0.1:48952",666ec5b9.d544,1411,"UPDATE",2024-06-16 19:00:09 CST,5/101,0,LOG,00000,"execute S_7: UPDATE bmsql_stock     SET s_quantity = $1, s_ytd = s_ytd + $2,         s_order_cnt = s_order_cnt + 1,         s_remote_cnt = s_remote_cnt + $3     WHERE s_w_id = $4 AND s_i_id = $5","parameters: $1 = '48', $2 = '4', $3 = '0', $4 = '1', $5 = '77'",,,,,,,,"","client backend"
2024-06-16 19:02:47.245 CST,"raingage","benchmark",54596,"127.0.0.1:48952",666ec5b9.d544,1412,"COMMIT",2024-06-16 19:00:09 CST,5/101,115555,LOG,00000,"execute S_2: COMMIT",,,,,,,,,"","client backend"
2024-06-16 19:02:47.920 CST,"raingage","benchmark",54599,"127.0.0.1:48958",666ec5b9.d547,1207,"BEGIN",2024-06-16 19:00:09 CST,8/87,0,LOG,00000,"execute S_3: BEGIN",,,,,,,,,"","client backend"
2024-06-16 19:02:47.939 CST,"raingage","benchmark",54599,"127.0.0.1:48958",666ec5b9.d547,1208,"SELECT",2024-06-16 19:00:09 CST,8/87,0,LOG,00000,"execute S_4: SELECT d_tax, d_next_o_id     FROM bmsql_district     WHERE d_w_id = $1 AND d_id = $2 ","parameters: $1 = '1', $2 = '3'",,,,,,,,"","client backend"
2024-06-16 19:02:48.007 CST,"raingage","benchmark",54599,"127.0.0.1:48958",666ec5b9.d547,1209,"SELECT",2024-06-16 19:00:09 CST,8/87,0,LOG,00000,"execute S_1: SELECT c_discount, c_last, c_credit, w_tax     FROM bmsql_customer     JOIN bmsql_warehouse ON (w_id = c_w_id)     WHERE c_w_id = $1 AND c_d_id = $2 AND c_id = $3","parameters: $1 = '1', $2 = '3', $3 = '88'",,,,,,,,"","client backend"
2024-06-16 19:02:48.077 CST,"raingage","benchmark",54599,"127.0.0.1:48958",666ec5b9.d547,1210,"SELECT",2024-06-16 19:00:09 CST,8/87,0,LOG,00000,"execute S_1: SELECT c_discount, c_last, c_credit, w_tax     FROM bmsql_customer     JOIN bmsql_warehouse ON (w_id = c_w_id)     WHERE c_w_id = $1 AND c_d_id = $2 AND c_id = $3","parameters: $1 = '1', $2 = '3', $3 = '88'",,,,,,,,"","client backend"
2024-06-16 19:02:48.143 CST,"raingage","benchmark",54599,"127.0.0.1:48958",666ec5b9.d547,1211,"SELECT",2024-06-16 19:00:09 CST,8/87,0,LOG,00000,"execute S_1: SELECT c_discount, c_last, c_credit, w_tax     FROM bmsql_customer     JOIN bmsql_warehouse ON (w_id = c_w_id)     WHERE c_w_id = $1 AND c_d_id = $2 AND c_id = $3","parameters: $1 = '1', $2 = '3', $3 = '88'",,,,,,,,"","client backend"
2024-06-16 19:02:48.207 CST,"raingage","benchmark",54599,"127.0.0.1:48958",666ec5b9.d547,1212,"SELECT",2024-06-16 19:00:09 CST,8/87,0,LOG,00000,"execute S_1: SELECT c_discount, c_last, c_credit, w_tax     FROM bmsql_customer     JOIN bmsql_warehouse ON (w_id = c_w_id)     WHERE c_w_id = $1 AND c_d_id = $2 AND c_id = $3","parameters: $1 = '1', $2 = '3', $3 = '88'",,,,,,,,"","client backend"
2024-06-16 19:02:48.278 CST,"raingage","benchmark",54599,"127.0.0.1:48958",666ec5b9.d547,1213,"SELECT",2024-06-16 19:00:09 CST,8/87,0,LOG,00000,"execute S_1: SELECT c_discount, c_last, c_credit, w_tax     FROM bmsql_customer     JOIN bmsql_warehouse ON (w_id = c_w_id)     WHERE c_w_id = $1 AND c_d_id = $2 AND c_id = $3","parameters: $1 = '1', $2 = '3', $3 = '88'",,,,,,,,"","client backend"
2024-06-16 19:02:48.348 CST,"raingage","benchmark",54599,"127.0.0.1:48958",666ec5b9.d547,1214,"SELECT",2024-06-16 19:00:09 CST,8/87,0,LOG,00000,"execute S_1: SELECT c_discount, c_last, c_credit, w_tax     FROM bmsql_customer     JOIN bmsql_warehouse ON (w_id = c_w_id)     WHERE c_w_id = $1 AND c_d_id = $2 AND c_id = $3","parameters: $1 = '1', $2 = '3', $3 = '88'",,,,,,,,"","client backend"
2024-06-16 19:02:48.420 CST,"raingage","benchmark",54599,"127.0.0.1:48958",666ec5b9.d547,1215,"SELECT",2024-06-16 19:00:09 CST,8/87,0,LOG,00000,"execute S_1: SELECT c_discount, c_last, c_credit, w_tax     FROM bmsql_customer     JOIN bmsql_warehouse ON (w_id = c_w_id)     WHERE c_w_id = $1 AND c_d_id = $2 AND c_id = $3","parameters: $1 = '1', $2 = '3', $3 = '88'",,,,,,,,"","client backend"
2024-06-16 19:02:48.489 CST,"raingage","benchmark",54599,"127.0.0.1:48958",666ec5b9.d547,1216,"SELECT",2024-06-16 19:00:09 CST,8/87,0,LOG,00000,"execute S_1: SELECT c_discount, c_last, c_credit, w_tax     FROM bmsql_customer     JOIN bmsql_warehouse ON (w_id = c_w_id)     WHERE c_w_id = $1 AND c_d_id = $2 AND c_id = $3","parameters: $1 = '1', $2 = '3', $3 = '88'",,,,,,,,"","client backend"
2024-06-16 19:02:48.509 CST,"raingage","benchmark",54599,"127.0.0.1:48958",666ec5b9.d547,1217,"SELECT",2024-06-16 19:00:09 CST,8/87,0,LOG,00000,"execute S_5: SELECT i_price, i_name, i_data     FROM bmsql_item     WHERE i_id = $1","parameters: $1 = '97'",,,,,,,,"","client backend"
2024-06-16 19:02:48.528 CST,"raingage","benchmark",54599,"127.0.0.1:48958",666ec5b9.d547,1218,"SELECT",2024-06-16 19:00:09 CST,8/87,0,LOG,00000,"execute S_6: SELECT s_quantity, s_data,        s_dist_01, s_dist_02, s_dist_03, s_dist_04,        s_dist_05, s_dist_06, s_dist_07, s_dist_08,        s_dist_09, s_dist_10     FROM bmsql_stock     WHERE s_w_id = $1 AND s_i_id = $2 ","parameters: $1 = '1', $2 = '97'",,,,,,,,"","client backend"
2024-06-16 19:02:48.542 CST,"raingage","benchmark",54599,"127.0.0.1:48958",666ec5b9.d547,1219,"UPDATE",2024-06-16 19:00:09 CST,8/87,0,LOG,00000,"execute S_7: UPDATE bmsql_stock     SET s_quantity = $1, s_ytd = s_ytd + $2,         s_order_cnt = s_order_cnt + 1,         s_remote_cnt = s_remote_cnt + $3     WHERE s_w_id = $4 AND s_i_id = $5","parameters: $1 = '35', $2 = '5', $3 = '0', $4 = '1', $5 = '97'",,,,,,,,"","client backend"
2024-06-16 19:02:48.556 CST,"raingage","benchmark",54599,"127.0.0.1:48958",666ec5b9.d547,1220,"COMMIT",2024-06-16 19:00:09 CST,8/87,115556,LOG,00000,"execute S_2: COMMIT",,,,,,,,,"","client backend"
2024-06-16 19:02:55.965 CST,"raingage","benchmark",54598,"127.0.0.1:48956",666ec5b9.d546,847,"BEGIN",2024-06-16 19:00:09 CST,7/62,0,LOG,00000,"execute S_3: BEGIN",,,,,,,,,"","client backend"
2024-06-16 19:02:55.978 CST,"raingage","benchmark",54598,"127.0.0.1:48956",666ec5b9.d546,848,"SELECT",2024-06-16 19:00:09 CST,7/62,0,LOG,00000,"execute S_4: SELECT d_tax, d_next_o_id     FROM bmsql_district     WHERE d_w_id = $1 AND d_id = $2 ","parameters: $1 = '1', $2 = '1'",,,,,,,,"","client backend"
2024-06-16 19:02:56.044 CST,"raingage","benchmark",54598,"127.0.0.1:48956",666ec5b9.d546,849,"SELECT",2024-06-16 19:00:09 CST,7/62,0,LOG,00000,"execute S_1: SELECT c_discount, c_last, c_credit, w_tax     FROM bmsql_customer     JOIN bmsql_warehouse ON (w_id = c_w_id)     WHERE c_w_id = $1 AND c_d_id = $2 AND c_id = $3","parameters: $1 = '1', $2 = '1', $3 = '92'",,,,,,,,"","client backend"
2024-06-16 19:02:56.110 CST,"raingage","benchmark",54598,"127.0.0.1:48956",666ec5b9.d546,850,"SELECT",2024-06-16 19:00:09 CST,7/62,0,LOG,00000,"execute S_1: SELECT c_discount, c_last, c_credit, w_tax     FROM bmsql_customer     JOIN bmsql_warehouse ON (w_id = c_w_id)     WHERE c_w_id = $1 AND c_d_id = $2 AND c_id = $3","parameters: $1 = '1', $2 = '1', $3 = '92'",,,,,,,,"","client backend"
2024-06-16 19:02:56.178 CST,"raingage","benchmark",54598,"127.0.0.1:48956",666ec5b9.d546,851,"SELECT",2024-06-16 19:00:09 CST,7/62,0,LOG,00000,"execute S_1: SELECT c_discount, c_last, c_credit, w_tax     FROM bmsql_customer     JOIN bmsql_warehouse ON (w_id = c_w_id)     WHERE c_w_id = $1 AND c_d_id = $2 AND c_id = $3","parameters: $1 = '1', $2 = '1', $3 = '92'",,,,,,,,"","client backend"
2024-06-16 19:02:56.245 CST,"raingage","benchmark",54598,"127.0.0.1:48956",666ec5b9.d546,852,"SELECT",2024-06-16 19:00:09 CST,7/62,0,LOG,00000,"execute S_1: SELECT c_discount, c_last, c_credit, w_tax     FROM bmsql_customer     JOIN bmsql_warehouse ON (w_id = c_w_id)     WHERE c_w_id = $1 AND c_d_id = $2 AND c_id = $3","parameters: $1 = '1', $2 = '1', $3 = '92'",,,,,,,,"","client backend"
2024-06-16 19:02:56.311 CST,"raingage","benchmark",54598,"127.0.0.1:48956",666ec5b9.d546,853,"SELECT",2024-06-16 19:00:09 CST,7/62,0,LOG,00000,"execute S_1: SELECT c_discount, c_last, c_credit, w_tax     FROM bmsql_customer     JOIN bmsql_warehouse ON (w_id = c_w_id)     WHERE c_w_id = $1 AND c_d_id = $2 AND c_id = $3","parameters: $1 = '1', $2 = '1', $3 = '92'",,,,,,,,"","client backend"
2024-06-16 19:02:56.375 CST,"raingage","benchmark",54598,"127.0.0.1:48956",666ec5b9.d546,854,"SELECT",2024-06-16 19:00:09 CST,7/62,0,LOG,00000,"execute S_1: SELECT c_discount, c_last, c_credit, w_tax     FROM bmsql_customer     JOIN bmsql_warehouse ON (w_id = c_w_id)     WHERE c_w_id = $1 AND c_d_id = $2 AND c_id = $3","parameters: $1 = '1', $2 = '1', $3 = '92'",,,,,,,,"","client backend"
2024-06-16 19:02:56.444 CST,"raingage","benchmark",54598,"127.0.0.1:48956",666ec5b9.d546,855,"SELECT",2024-06-16 19:00:09 CST,7/62,0,LOG,00000,"execute S_1: SELECT c_discount, c_last, c_credit, w_tax     FROM bmsql_customer     JOIN bmsql_warehouse ON (w_id = c_w_id)     WHERE c_w_id = $1 AND c_d_id = $2 AND c_id = $3","parameters: $1 = '1', $2 = '1', $3 = '92'",,,,,,,,"","client backend"
2024-06-16 19:02:56.508 CST,"raingage","benchmark",54598,"127.0.0.1:48956",666ec5b9.d546,856,"SELECT",2024-06-16 19:00:09 CST,7/62,0,LOG,00000,"execute S_1: SELECT c_discount, c_last, c_credit, w_tax     FROM bmsql_customer     JOIN bmsql_warehouse ON (w_id = c_w_id)     WHERE c_w_id = $1 AND c_d_id = $2 AND c_id = $3","parameters: $1 = '1', $2 = '1', $3 = '92'",,,,,,,,"","client backend"
2024-06-16 19:02:56.528 CST,"raingage","benchmark",54598,"127.0.0.1:48956",666ec5b9.d546,857,"SELECT",2024-06-16 19:00:09 CST,7/62,0,LOG,00000,"execute S_5: SELECT i_price, i_name, i_data     FROM bmsql_item     WHERE i_id = $1","parameters: $1 = '91'",,,,,,,,"","client backend"
2024-06-16 19:02:56.541 CST,"raingage","benchmark",54598,"127.0.0.1:48956",666ec5b9.d546,858,"SELECT",2024-06-16 19:00:09 CST,7/62,0,LOG,00000,"execute S_6: SELECT s_quantity, s_data,        s_dist_01, s_dist_02, s_dist_03, s_dist_04,        s_dist_05, s_dist_06, s_dist_07, s_dist_08,        s_dist_09, s_dist_10     FROM bmsql_stock     WHERE s_w_id = $1 AND s_i_id = $2 ","parameters: $1 = '1', $2 = '91'",,,,,,,,"","client backend"
2024-06-16 19:02:56.561 CST,"raingage","benchmark",54598,"127.0.0.1:48956",666ec5b9.d546,859,"UPDATE",2024-06-16 19:00:09 CST,7/62,0,LOG,00000,"execute S_7: UPDATE bmsql_stock     SET s_quantity = $1, s_ytd = s_ytd + $2,         s_order_cnt = s_order_cnt + 1,         s_remote_cnt = s_remote_cnt + $3     WHERE s_w_id = $4 AND s_i_id = $5","parameters: $1 = '24', $2 = '8', $3 = '0', $4 = '1', $5 = '91'",,,,,,,,"","client backend"
2024-06-16 19:02:56.574 CST,"raingage","benchmark",54598,"127.0.0.1:48956",666ec5b9.d546,860,"COMMIT",2024-06-16 19:00:09 CST,7/62,115557,LOG,00000,"execute S_2: COMMIT",,,,,,,,,"","client backend"
2024-06-16 19:02:56.988 CST,"raingage","benchmark",54595,"127.0.0.1:48950",666ec5b9.d543,676,"BEGIN",2024-06-16 19:00:09 CST,4/50,0,LOG,00000,"execute S_3: BEGIN",,,,,,,,,"","client backend"
2024-06-16 19:02:57.001 CST,"raingage","benchmark",54595,"127.0.0.1:48950",666ec5b9.d543,677,"SELECT",2024-06-16 19:00:09 CST,4/50,0,LOG,00000,"execute S_4: SELECT d_tax, d_next_o_id     FROM bmsql_district     WHERE d_w_id = $1 AND d_id = $2 ","parameters: $1 = '1', $2 = '2'",,,,,,,,"","client backend"
2024-06-16 19:02:57.070 CST,"raingage","benchmark",54595,"127.0.0.1:48950",666ec5b9.d543,678,"SELECT",2024-06-16 19:00:09 CST,4/50,0,LOG,00000,"execute S_1: SELECT c_discount, c_last, c_credit, w_tax     FROM bmsql_customer     JOIN bmsql_warehouse ON (w_id = c_w_id)     WHERE c_w_id = $1 AND c_d_id = $2 AND c_id = $3","parameters: $1 = '1', $2 = '2', $3 = '63'",,,,,,,,"","client backend"
2024-06-16 19:02:57.141 CST,"raingage","benchmark",54595,"127.0.0.1:48950",666ec5b9.d543,679,"SELECT",2024-06-16 19:00:09 CST,4/50,0,LOG,00000,"execute S_1: SELECT c_discount, c_last, c_credit, w_tax     FROM bmsql_customer     JOIN bmsql_warehouse ON (w_id = c_w_id)     WHERE c_w_id = $1 AND c_d_id = $2 AND c_id = $3","parameters: $1 = '1', $2 = '2', $3 = '63'",,,,,,,,"","client backend"
2024-06-16 19:02:57.203 CST,"raingage","benchmark",54595,"127.0.0.1:48950",666ec5b9.d543,680,"SELECT",2024-06-16 19:00:09 CST,4/50,0,LOG,00000,"execute S_1: SELECT c_discount, c_last, c_credit, w_tax     FROM bmsql_customer     JOIN bmsql_warehouse ON (w_id = c_w_id)     WHERE c_w_id = $1 AND c_d_id = $2 AND c_id = $3","parameters: $1 = '1', $2 = '2', $3 = '63'",,,,,,,,"","client backend"
2024-06-16 19:02:57.272 CST,"raingage","benchmark",54595,"127.0.0.1:48950",666ec5b9.d543,681,"SELECT",2024-06-16 19:00:09 CST,4/50,0,LOG,00000,"execute S_1: SELECT c_discount, c_last, c_credit, w_tax     FROM bmsql_customer     JOIN bmsql_warehouse ON (w_id = c_w_id)     WHERE c_w_id = $1 AND c_d_id = $2 AND c_id = $3","parameters: $1 = '1', $2 = '2', $3 = '63'",,,,,,,,"","client backend"
2024-06-16 19:02:57.344 CST,"raingage","benchmark",54595,"127.0.0.1:48950",666ec5b9.d543,682,"SELECT",2024-06-16 19:00:09 CST,4/50,0,LOG,00000,"execute S_1: SELECT c_discount, c_last, c_credit, w_tax     FROM bmsql_customer     JOIN bmsql_warehouse ON (w_id = c_w_id)     WHERE c_w_id = $1 AND c_d_id = $2 AND c_id = $3","parameters: $1 = '1', $2 = '2', $3 = '63'",,,,,,,,"","client backend"
2024-06-16 19:02:57.414 CST,"raingage","benchmark",54595,"127.0.0.1:48950",666ec5b9.d543,683,"SELECT",2024-06-16 19:00:09 CST,4/50,0,LOG,00000,"execute S_1: SELECT c_discount, c_last, c_credit, w_tax     FROM bmsql_customer     JOIN bmsql_warehouse ON (w_id = c_w_id)     WHERE c_w_id = $1 AND c_d_id = $2 AND c_id = $3","parameters: $1 = '1', $2 = '2', $3 = '63'",,,,,,,,"","client backend"
2024-06-16 19:02:57.483 CST,"raingage","benchmark",54595,"127.0.0.1:48950",666ec5b9.d543,684,"SELECT",2024-06-16 19:00:09 CST,4/50,0,LOG,00000,"execute S_1: SELECT c_discount, c_last, c_credit, w_tax     FROM bmsql_customer     JOIN bmsql_warehouse ON (w_id = c_w_id)     WHERE c_w_id = $1 AND c_d_id = $2 AND c_id = $3","parameters: $1 = '1', $2 = '2', $3 = '63'",,,,,,,,"","client backend"
2024-06-16 19:02:57.554 CST,"raingage","benchmark",54595,"127.0.0.1:48950",666ec5b9.d543,685,"SELECT",2024-06-16 19:00:09 CST,4/50,0,LOG,00000,"execute S_1: SELECT c_discount, c_last, c_credit, w_tax     FROM bmsql_customer     JOIN bmsql_warehouse ON (w_id = c_w_id)     WHERE c_w_id = $1 AND c_d_id = $2 AND c_id = $3","parameters: $1 = '1', $2 = '2', $3 = '63'",,,,,,,,"","client backend"
2024-06-16 19:02:57.574 CST,"raingage","benchmark",54595,"127.0.0.1:48950",666ec5b9.d543,686,"SELECT",2024-06-16 19:00:09 CST,4/50,0,LOG,00000,"execute S_5: SELECT i_price, i_name, i_data     FROM bmsql_item     WHERE i_id = $1","parameters: $1 = '92'",,,,,,,,"","client backend"
2024-06-16 19:02:57.595 CST,"raingage","benchmark",54595,"127.0.0.1:48950",666ec5b9.d543,687,"SELECT",2024-06-16 19:00:09 CST,4/50,0,LOG,00000,"execute S_6: SELECT s_quantity, s_data,        s_dist_01, s_dist_02, s_dist_03, s_dist_04,        s_dist_05, s_dist_06, s_dist_07, s_dist_08,        s_dist_09, s_dist_10     FROM bmsql_stock     WHERE s_w_id = $1 AND s_i_id = $2 ","parameters: $1 = '1', $2 = '92'",,,,,,,,"","client backend"
2024-06-16 19:02:57.611 CST,"raingage","benchmark",54595,"127.0.0.1:48950",666ec5b9.d543,688,"UPDATE",2024-06-16 19:00:09 CST,4/50,0,LOG,00000,"execute S_7: UPDATE bmsql_stock     SET s_quantity = $1, s_ytd = s_ytd + $2,         s_order_cnt = s_order_cnt + 1,         s_remote_cnt = s_remote_cnt + $3     WHERE s_w_id = $4 AND s_i_id = $5","parameters: $1 = '75', $2 = '3', $3 = '0', $4 = '1', $5 = '92'",,,,,,,,"","client backend"
2024-06-16 19:02:57.629 CST,"raingage","benchmark",54595,"127.0.0.1:48950",666ec5b9.d543,689,"COMMIT",2024-06-16 19:00:09 CST,4/50,115558,LOG,00000,"execute S_2: COMMIT",,,,,,,,,"","client backend"
2024-06-16 19:03:19.986 CST,"raingage","benchmark",54597,"127.0.0.1:48954",666ec5b9.d545,792,"BEGIN",2024-06-16 19:00:09 CST,6/58,0,LOG,00000,"execute S_3: BEGIN",,,,,,,,,"","client backend"
2024-06-16 19:03:19.999 CST,"raingage","benchmark",54597,"127.0.0.1:48954",666ec5b9.d545,793,"SELECT",2024-06-16 19:00:09 CST,6/58,0,LOG,00000,"execute S_4: SELECT d_tax, d_next_o_id     FROM bmsql_district     WHERE d_w_id = $1 AND d_id = $2 ","parameters: $1 = '1', $2 = '2'",,,,,,,,"","client backend"
2024-06-16 19:03:20.068 CST,"raingage","benchmark",54597,"127.0.0.1:48954",666ec5b9.d545,794,"SELECT",2024-06-16 19:00:09 CST,6/58,0,LOG,00000,"execute S_1: SELECT c_discount, c_last, c_credit, w_tax     FROM bmsql_customer     JOIN bmsql_warehouse ON (w_id = c_w_id)     WHERE c_w_id = $1 AND c_d_id = $2 AND c_id = $3","parameters: $1 = '1', $2 = '2', $3 = '30'",,,,,,,,"","client backend"
2024-06-16 19:03:20.137 CST,"raingage","benchmark",54597,"127.0.0.1:48954",666ec5b9.d545,795,"SELECT",2024-06-16 19:00:09 CST,6/58,0,LOG,00000,"execute S_1: SELECT c_discount, c_last, c_credit, w_tax     FROM bmsql_customer     JOIN bmsql_warehouse ON (w_id = c_w_id)     WHERE c_w_id = $1 AND c_d_id = $2 AND c_id = $3","parameters: $1 = '1', $2 = '2', $3 = '30'",,,,,,,,"","client backend"
2024-06-16 19:03:20.201 CST,"raingage","benchmark",54597,"127.0.0.1:48954",666ec5b9.d545,796,"SELECT",2024-06-16 19:00:09 CST,6/58,0,LOG,00000,"execute S_1: SELECT c_discount, c_last, c_credit, w_tax     FROM bmsql_customer     JOIN bmsql_warehouse ON (w_id = c_w_id)     WHERE c_w_id = $1 AND c_d_id = $2 AND c_id = $3","parameters: $1 = '1', $2 = '2', $3 = '30'",,,,,,,,"","client backend"
2024-06-16 19:03:20.268 CST,"raingage","benchmark",54597,"127.0.0.1:48954",666ec5b9.d545,797,"SELECT",2024-06-16 19:00:09 CST,6/58,0,LOG,00000,"execute S_1: SELECT c_discount, c_last, c_credit, w_tax     FROM bmsql_customer     JOIN bmsql_warehouse ON (w_id = c_w_id)     WHERE c_w_id = $1 AND c_d_id = $2 AND c_id = $3","parameters: $1 = '1', $2 = '2', $3 = '30'",,,,,,,,"","client backend"
2024-06-16 19:03:20.334 CST,"raingage","benchmark",54597,"127.0.0.1:48954",666ec5b9.d545,798,"SELECT",2024-06-16 19:00:09 CST,6/58,0,LOG,00000,"execute S_1: SELECT c_discount, c_last, c_credit, w_tax     FROM bmsql_customer     JOIN bmsql_warehouse ON (w_id = c_w_id)     WHERE c_w_id = $1 AND c_d_id = $2 AND c_id = $3","parameters: $1 = '1', $2 = '2', $3 = '30'",,,,,,,,"","client backend"
2024-06-16 19:03:20.399 CST,"raingage","benchmark",54597,"127.0.0.1:48954",666ec5b9.d545,799,"SELECT",2024-06-16 19:00:09 CST,6/58,0,LOG,00000,"execute S_1: SELECT c_discount, c_last, c_credit, w_tax     FROM bmsql_customer     JOIN bmsql_warehouse ON (w_id = c_w_id)     WHERE c_w_id = $1 AND c_d_id = $2 AND c_id = $3","parameters: $1 = '1', $2 = '2', $3 = '30'",,,,,,,,"","client backend"
2024-06-16 19:03:20.467 CST,"raingage","benchmark",54597,"127.0.0.1:48954",666ec5b9.d545,800,"SELECT",2024-06-16 19:00:09 CST,6/58,0,LOG,00000,"execute S_1: SELECT c_discount, c_last, c_credit, w_tax     FROM bmsql_customer     JOIN bmsql_warehouse ON (w_id = c_w_id)     WHERE c_w_id = $1 AND c_d_id = $2 AND c_id = $3","parameters: $1 = '1', $2 = '2', $3 = '30'",,,,,,,,"","client backend"
2024-06-16 19:03:20.537 CST,"raingage","benchmark",54597,"127.0.0.1:48954",666ec5b9.d545,801,"SELECT",2024-06-16 19:00:09 CST,6/58,0,LOG,00000,"execute S_1: SELECT c_discount, c_last, c_credit, w_tax     FROM bmsql_customer     JOIN bmsql_warehouse ON (w_id = c_w_id)     WHERE c_w_id = $1 AND c_d_id = $2 AND c_id = $3","parameters: $1 = '1', $2 = '2', $3 = '30'",,,,,,,,"","client backend"
2024-06-16 19:03:20.558 CST,"raingage","benchmark",54597,"127.0.0.1:48954",666ec5b9.d545,802,"SELECT",2024-06-16 19:00:09 CST,6/58,0,LOG,00000,"execute S_5: SELECT i_price, i_name, i_data     FROM bmsql_item     WHERE i_id = $1","parameters: $1 = '110'",,,,,,,,"","client backend"
2024-06-16 19:03:20.577 CST,"raingage","benchmark",54597,"127.0.0.1:48954",666ec5b9.d545,803,"SELECT",2024-06-16 19:00:09 CST,6/58,0,LOG,00000,"execute S_6: SELECT s_quantity, s_data,        s_dist_01, s_dist_02, s_dist_03, s_dist_04,        s_dist_05, s_dist_06, s_dist_07, s_dist_08,        s_dist_09, s_dist_10     FROM bmsql_stock     WHERE s_w_id = $1 AND s_i_id = $2 ","parameters: $1 = '1', $2 = '110'",,,,,,,,"","client backend"
2024-06-16 19:03:20.591 CST,"raingage","benchmark",54597,"127.0.0.1:48954",666ec5b9.d545,804,"UPDATE",2024-06-16 19:00:09 CST,6/58,0,LOG,00000,"execute S_7: UPDATE bmsql_stock     SET s_quantity = $1, s_ytd = s_ytd + $2,         s_order_cnt = s_order_cnt + 1,         s_remote_cnt = s_remote_cnt + $3     WHERE s_w_id = $4 AND s_i_id = $5","parameters: $1 = '42', $2 = '3', $3 = '0', $4 = '1', $5 = '110'",,,,,,,,"","client backend"
2024-06-16 19:03:20.613 CST,"raingage","benchmark",54597,"127.0.0.1:48954",666ec5b9.d545,805,"COMMIT",2024-06-16 19:00:09 CST,6/58,115560,LOG,00000,"execute S_2: COMMIT",,,,,,,,,"","client backend"
2024-06-16 19:03:26.359 CST,,,54540,,666ec5b7.d50c,7,,2024-06-16 19:00:07 CST,,0,LOG,00000,"received fast shutdown request",,,,,,,,,"","postmaster"
2024-06-16 19:03:26.361 CST,,,54540,,666ec5b7.d50c,8,,2024-06-16 19:00:07 CST,,0,LOG,00000,"aborting any active transactions",,,,,,,,,"","postmaster"
2024-06-16 19:03:26.362 CST,,,54540,,666ec5b7.d50c,9,,2024-06-16 19:00:07 CST,,0,LOG,00000,"background worker ""logical replication launcher"" (PID 54548) exited with exit code 1",,,,,,,,,"","postmaster"
2024-06-16 19:03:26.363 CST,,,54543,,666ec5b7.d50f,1,,2024-06-16 19:00:07 CST,,0,LOG,00000,"shutting down",,,,,,,,,"","checkpointer"
2024-06-16 19:03:26.381 CST,,,54540,,666ec5b7.d50c,10,,2024-06-16 19:00:07 CST,,0,LOG,00000,"database system is shut down",,,,,,,,,"","postmaster"
