2024-06-16 14:30:41.043 CST,,,15204,,666e8690.3b64,1,,2024-06-16 14:30:40 CST,,0,LOG,00000,"ending log output to stderr",,"Future log output will go to log destination ""csvlog"".",,,,,,,"","postmaster"
2024-06-16 14:30:41.043 CST,,,15204,,666e8690.3b64,2,,2024-06-16 14:30:40 CST,,0,LOG,00000,"starting PostgreSQL 13.9 on x86_64-pc-linux-gnu, compiled by gcc (GCC) 8.3.1 20190311 (Red Hat 8.3.1-3), 64-bit",,,,,,,,,"","postmaster"
2024-06-16 14:30:41.044 CST,,,15204,,666e8690.3b64,3,,2024-06-16 14:30:40 CST,,0,LOG,00000,"listening on IPv6 address ""::1"", port 5432",,,,,,,,,"","postmaster"
2024-06-16 14:30:41.044 CST,,,15204,,666e8690.3b64,4,,2024-06-16 14:30:40 CST,,0,LOG,00000,"listening on IPv4 address ""127.0.0.1"", port 5432",,,,,,,,,"","postmaster"
2024-06-16 14:30:41.048 CST,,,15204,,666e8690.3b64,5,,2024-06-16 14:30:40 CST,,0,LOG,00000,"listening on Unix socket ""/tmp/.s.PGSQL.5432""",,,,,,,,,"","postmaster"
2024-06-16 14:30:41.055 CST,,,15206,,666e8691.3b66,1,,2024-06-16 14:30:41 CST,,0,LOG,00000,"database system was shut down at 2024-06-16 14:30:40 CST",,,,,,,,,"","startup"
2024-06-16 14:30:41.063 CST,,,15204,,666e8690.3b64,6,,2024-06-16 14:30:40 CST,,0,LOG,00000,"database system is ready to accept connections",,,,,,,,,"","postmaster"
2024-06-16 14:31:02.912 CST,"raingage","benchmark",15267,"127.0.0.1:45206",666e86a6.3ba3,1,"SELECT",2024-06-16 14:31:02 CST,3/2,0,LOG,00000,"execute <unnamed>: SELECT cfg_value FROM bmsql_config  WHERE cfg_name = $1","parameters: $1 = 'warehouses'",,,,,,,,"","client backend"
2024-06-16 14:31:02.943 CST,"raingage","benchmark",15267,"127.0.0.1:45206",666e86a6.3ba3,2,"SELECT",2024-06-16 14:31:02 CST,3/3,0,LOG,00000,"execute <unnamed>: SELECT cfg_value FROM bmsql_config  WHERE cfg_name = $1","parameters: $1 = 'nURandCLast'",,,,,,,,"","client backend"
2024-06-16 14:31:03.041 CST,"raingage","benchmark",15270,"127.0.0.1:45212",666e86a6.3ba6,1,"BEGIN",2024-06-16 14:31:02 CST,6/2,0,LOG,00000,"execute <unnamed>: BEGIN",,,,,,,,,"","client backend"
2024-06-16 14:31:03.041 CST,"raingage","benchmark",15268,"127.0.0.1:45208",666e86a6.3ba4,1,"BEGIN",2024-06-16 14:31:02 CST,4/2,0,LOG,00000,"execute <unnamed>: BEGIN",,,,,,,,,"","client backend"
2024-06-16 14:31:03.041 CST,"raingage","benchmark",15269,"127.0.0.1:45210",666e86a6.3ba5,1,"BEGIN",2024-06-16 14:31:02 CST,5/2,0,LOG,00000,"execute <unnamed>: BEGIN",,,,,,,,,"","client backend"
2024-06-16 14:31:03.043 CST,"raingage","benchmark",15271,"127.0.0.1:45214",666e86a7.3ba7,1,"BEGIN",2024-06-16 14:31:03 CST,7/2,0,LOG,00000,"execute <unnamed>: BEGIN",,,,,,,,,"","client backend"
2024-06-16 14:31:03.044 CST,"raingage","benchmark",15272,"127.0.0.1:45216",666e86a7.3ba8,1,"BEGIN",2024-06-16 14:31:03 CST,8/2,0,LOG,00000,"execute <unnamed>: BEGIN",,,,,,,,,"","client backend"
2024-06-16 14:31:03.055 CST,"raingage","benchmark",15268,"127.0.0.1:45208",666e86a6.3ba4,2,"SELECT",2024-06-16 14:31:02 CST,4/2,0,LOG,00000,"execute <unnamed>: SELECT d_tax, d_next_o_id     FROM bmsql_district     WHERE d_w_id = $1 AND d_id = $2 ","parameters: $1 = '1', $2 = '1'",,,,,,,,"","client backend"
2024-06-16 14:31:03.057 CST,"raingage","benchmark",15269,"127.0.0.1:45210",666e86a6.3ba5,2,"SELECT",2024-06-16 14:31:02 CST,5/2,0,LOG,00000,"execute <unnamed>: SELECT d_tax, d_next_o_id     FROM bmsql_district     WHERE d_w_id = $1 AND d_id = $2 ","parameters: $1 = '1', $2 = '1'",,,,,,,,"","client backend"
2024-06-16 14:31:03.061 CST,"raingage","benchmark",15272,"127.0.0.1:45216",666e86a7.3ba8,2,"SELECT",2024-06-16 14:31:03 CST,8/2,0,LOG,00000,"execute <unnamed>: SELECT d_tax, d_next_o_id     FROM bmsql_district     WHERE d_w_id = $1 AND d_id = $2 ","parameters: $1 = '1', $2 = '1'",,,,,,,,"","client backend"
2024-06-16 14:31:03.063 CST,"raingage","benchmark",15270,"127.0.0.1:45212",666e86a6.3ba6,2,"SELECT",2024-06-16 14:31:02 CST,6/2,0,LOG,00000,"execute <unnamed>: SELECT d_tax, d_next_o_id     FROM bmsql_district     WHERE d_w_id = $1 AND d_id = $2 ","parameters: $1 = '1', $2 = '1'",,,,,,,,"","client backend"
2024-06-16 14:31:03.064 CST,"raingage","benchmark",15271,"127.0.0.1:45214",666e86a7.3ba7,2,"SELECT",2024-06-16 14:31:03 CST,7/2,0,LOG,00000,"execute <unnamed>: SELECT d_tax, d_next_o_id     FROM bmsql_district     WHERE d_w_id = $1 AND d_id = $2 ","parameters: $1 = '1', $2 = '1'",,,,,,,,"","client backend"
2024-06-16 14:31:03.127 CST,"raingage","benchmark",15272,"127.0.0.1:45216",666e86a7.3ba8,3,"SELECT",2024-06-16 14:31:03 CST,8/2,0,LOG,00000,"execute <unnamed>: SELECT c_discount, c_last, c_credit, w_tax     FROM bmsql_customer     JOIN bmsql_warehouse ON (w_id = c_w_id)     WHERE c_w_id = $1 AND c_d_id = $2 AND c_id = $3 FOR UPDATE","parameters: $1 = '1', $2 = '1', $3 = '20'",,,,,,,,"","client backend"
2024-06-16 14:31:03.128 CST,"raingage","benchmark",15268,"127.0.0.1:45208",666e86a6.3ba4,3,"SELECT",2024-06-16 14:31:02 CST,4/2,0,LOG,00000,"execute <unnamed>: SELECT c_discount, c_last, c_credit, w_tax     FROM bmsql_customer     JOIN bmsql_warehouse ON (w_id = c_w_id)     WHERE c_w_id = $1 AND c_d_id = $2 AND c_id = $3 FOR UPDATE","parameters: $1 = '1', $2 = '1', $3 = '57'",,,,,,,,"","client backend"
2024-06-16 14:31:03.131 CST,"raingage","benchmark",15269,"127.0.0.1:45210",666e86a6.3ba5,3,"SELECT",2024-06-16 14:31:02 CST,5/2,0,LOG,00000,"execute <unnamed>: SELECT c_discount, c_last, c_credit, w_tax     FROM bmsql_customer     JOIN bmsql_warehouse ON (w_id = c_w_id)     WHERE c_w_id = $1 AND c_d_id = $2 AND c_id = $3 FOR UPDATE","parameters: $1 = '1', $2 = '1', $3 = '57'",,,,,,,,"","client backend"
2024-06-16 14:31:03.135 CST,"raingage","benchmark",15271,"127.0.0.1:45214",666e86a7.3ba7,3,"SELECT",2024-06-16 14:31:03 CST,7/2,0,LOG,00000,"execute <unnamed>: SELECT c_discount, c_last, c_credit, w_tax     FROM bmsql_customer     JOIN bmsql_warehouse ON (w_id = c_w_id)     WHERE c_w_id = $1 AND c_d_id = $2 AND c_id = $3 FOR UPDATE","parameters: $1 = '1', $2 = '1', $3 = '20'",,,,,,,,"","client backend"
2024-06-16 14:31:03.138 CST,"raingage","benchmark",15270,"127.0.0.1:45212",666e86a6.3ba6,3,"SELECT",2024-06-16 14:31:02 CST,6/2,0,LOG,00000,"execute <unnamed>: SELECT c_discount, c_last, c_credit, w_tax     FROM bmsql_customer     JOIN bmsql_warehouse ON (w_id = c_w_id)     WHERE c_w_id = $1 AND c_d_id = $2 AND c_id = $3 FOR UPDATE","parameters: $1 = '1', $2 = '1', $3 = '29'",,,,,,,,"","client backend"
2024-06-16 14:31:03.195 CST,"raingage","benchmark",15272,"127.0.0.1:45216",666e86a7.3ba8,4,"SELECT",2024-06-16 14:31:03 CST,8/2,90593,LOG,00000,"execute <unnamed>: SELECT c_discount, c_last, c_credit, w_tax     FROM bmsql_customer     JOIN bmsql_warehouse ON (w_id = c_w_id)     WHERE c_w_id = $1 AND c_d_id = $2 AND c_id = $3 FOR UPDATE","parameters: $1 = '1', $2 = '1', $3 = '20'",,,,,,,,"","client backend"
2024-06-16 14:31:03.262 CST,"raingage","benchmark",15272,"127.0.0.1:45216",666e86a7.3ba8,5,"SELECT",2024-06-16 14:31:03 CST,8/2,90593,LOG,00000,"execute <unnamed>: SELECT c_discount, c_last, c_credit, w_tax     FROM bmsql_customer     JOIN bmsql_warehouse ON (w_id = c_w_id)     WHERE c_w_id = $1 AND c_d_id = $2 AND c_id = $3 FOR UPDATE","parameters: $1 = '1', $2 = '1', $3 = '20'",,,,,,,,"","client backend"
2024-06-16 14:31:03.335 CST,"raingage","benchmark",15272,"127.0.0.1:45216",666e86a7.3ba8,6,"SELECT",2024-06-16 14:31:03 CST,8/2,90593,LOG,00000,"execute <unnamed>: SELECT c_discount, c_last, c_credit, w_tax     FROM bmsql_customer     JOIN bmsql_warehouse ON (w_id = c_w_id)     WHERE c_w_id = $1 AND c_d_id = $2 AND c_id = $3 FOR UPDATE","parameters: $1 = '1', $2 = '1', $3 = '20'",,,,,,,,"","client backend"
2024-06-16 14:31:03.407 CST,"raingage","benchmark",15272,"127.0.0.1:45216",666e86a7.3ba8,7,"SELECT",2024-06-16 14:31:03 CST,8/2,90593,LOG,00000,"execute S_1: SELECT c_discount, c_last, c_credit, w_tax     FROM bmsql_customer     JOIN bmsql_warehouse ON (w_id = c_w_id)     WHERE c_w_id = $1 AND c_d_id = $2 AND c_id = $3 FOR UPDATE","parameters: $1 = '1', $2 = '1', $3 = '20'",,,,,,,,"","client backend"
2024-06-16 14:31:03.472 CST,"raingage","benchmark",15272,"127.0.0.1:45216",666e86a7.3ba8,8,"SELECT",2024-06-16 14:31:03 CST,8/2,90593,LOG,00000,"execute S_1: SELECT c_discount, c_last, c_credit, w_tax     FROM bmsql_customer     JOIN bmsql_warehouse ON (w_id = c_w_id)     WHERE c_w_id = $1 AND c_d_id = $2 AND c_id = $3 FOR UPDATE","parameters: $1 = '1', $2 = '1', $3 = '20'",,,,,,,,"","client backend"
2024-06-16 14:31:03.538 CST,"raingage","benchmark",15272,"127.0.0.1:45216",666e86a7.3ba8,9,"SELECT",2024-06-16 14:31:03 CST,8/2,90593,LOG,00000,"execute S_1: SELECT c_discount, c_last, c_credit, w_tax     FROM bmsql_customer     JOIN bmsql_warehouse ON (w_id = c_w_id)     WHERE c_w_id = $1 AND c_d_id = $2 AND c_id = $3 FOR UPDATE","parameters: $1 = '1', $2 = '1', $3 = '20'",,,,,,,,"","client backend"
2024-06-16 14:31:03.602 CST,"raingage","benchmark",15272,"127.0.0.1:45216",666e86a7.3ba8,10,"SELECT",2024-06-16 14:31:03 CST,8/2,90593,LOG,00000,"execute S_1: SELECT c_discount, c_last, c_credit, w_tax     FROM bmsql_customer     JOIN bmsql_warehouse ON (w_id = c_w_id)     WHERE c_w_id = $1 AND c_d_id = $2 AND c_id = $3 FOR UPDATE","parameters: $1 = '1', $2 = '1', $3 = '20'",,,,,,,,"","client backend"
2024-06-16 14:31:03.615 CST,"raingage","benchmark",15272,"127.0.0.1:45216",666e86a7.3ba8,11,"SELECT",2024-06-16 14:31:03 CST,8/2,90593,LOG,00000,"execute <unnamed>: SELECT i_price, i_name, i_data     FROM bmsql_item     WHERE i_id = $1","parameters: $1 = '100'",,,,,,,,"","client backend"
2024-06-16 14:31:03.635 CST,"raingage","benchmark",15272,"127.0.0.1:45216",666e86a7.3ba8,12,"SELECT",2024-06-16 14:31:03 CST,8/2,90593,LOG,00000,"execute <unnamed>: SELECT s_quantity, s_data,        s_dist_01, s_dist_02, s_dist_03, s_dist_04,        s_dist_05, s_dist_06, s_dist_07, s_dist_08,        s_dist_09, s_dist_10     FROM bmsql_stock     WHERE s_w_id = $1 AND s_i_id = $2  FOR UPDATE","parameters: $1 = '1', $2 = '100'",,,,,,,,"","client backend"
2024-06-16 14:31:03.655 CST,"raingage","benchmark",15272,"127.0.0.1:45216",666e86a7.3ba8,13,"UPDATE",2024-06-16 14:31:03 CST,8/2,90593,LOG,00000,"execute <unnamed>: UPDATE bmsql_stock     SET s_quantity = $1, s_ytd = s_ytd + $2,         s_order_cnt = s_order_cnt + 1,         s_remote_cnt = s_remote_cnt + $3     WHERE s_w_id = $4 AND s_i_id = $5","parameters: $1 = '78', $2 = '3', $3 = '0', $4 = '1', $5 = '100'",,,,,,,,"","client backend"
2024-06-16 14:31:03.671 CST,"raingage","benchmark",15272,"127.0.0.1:45216",666e86a7.3ba8,14,"COMMIT",2024-06-16 14:31:03 CST,8/2,90593,LOG,00000,"execute S_2: COMMIT",,,,,,,,,"","client backend"
2024-06-16 14:31:03.737 CST,"raingage","benchmark",15268,"127.0.0.1:45208",666e86a6.3ba4,4,"SELECT",2024-06-16 14:31:02 CST,4/2,90594,LOG,00000,"execute <unnamed>: SELECT c_discount, c_last, c_credit, w_tax     FROM bmsql_customer     JOIN bmsql_warehouse ON (w_id = c_w_id)     WHERE c_w_id = $1 AND c_d_id = $2 AND c_id = $3 FOR UPDATE","parameters: $1 = '1', $2 = '1', $3 = '57'",,,,,,,,"","client backend"
2024-06-16 14:31:03.809 CST,"raingage","benchmark",15268,"127.0.0.1:45208",666e86a6.3ba4,5,"SELECT",2024-06-16 14:31:02 CST,4/2,90594,LOG,00000,"execute <unnamed>: SELECT c_discount, c_last, c_credit, w_tax     FROM bmsql_customer     JOIN bmsql_warehouse ON (w_id = c_w_id)     WHERE c_w_id = $1 AND c_d_id = $2 AND c_id = $3 FOR UPDATE","parameters: $1 = '1', $2 = '1', $3 = '57'",,,,,,,,"","client backend"
2024-06-16 14:31:03.877 CST,"raingage","benchmark",15268,"127.0.0.1:45208",666e86a6.3ba4,6,"SELECT",2024-06-16 14:31:02 CST,4/2,90594,LOG,00000,"execute <unnamed>: SELECT c_discount, c_last, c_credit, w_tax     FROM bmsql_customer     JOIN bmsql_warehouse ON (w_id = c_w_id)     WHERE c_w_id = $1 AND c_d_id = $2 AND c_id = $3 FOR UPDATE","parameters: $1 = '1', $2 = '1', $3 = '57'",,,,,,,,"","client backend"
2024-06-16 14:31:03.943 CST,"raingage","benchmark",15268,"127.0.0.1:45208",666e86a6.3ba4,7,"SELECT",2024-06-16 14:31:02 CST,4/2,90594,LOG,00000,"execute S_1: SELECT c_discount, c_last, c_credit, w_tax     FROM bmsql_customer     JOIN bmsql_warehouse ON (w_id = c_w_id)     WHERE c_w_id = $1 AND c_d_id = $2 AND c_id = $3 FOR UPDATE","parameters: $1 = '1', $2 = '1', $3 = '57'",,,,,,,,"","client backend"
2024-06-16 14:31:04.015 CST,"raingage","benchmark",15268,"127.0.0.1:45208",666e86a6.3ba4,8,"SELECT",2024-06-16 14:31:02 CST,4/2,90594,LOG,00000,"execute S_1: SELECT c_discount, c_last, c_credit, w_tax     FROM bmsql_customer     JOIN bmsql_warehouse ON (w_id = c_w_id)     WHERE c_w_id = $1 AND c_d_id = $2 AND c_id = $3 FOR UPDATE","parameters: $1 = '1', $2 = '1', $3 = '57'",,,,,,,,"","client backend"
2024-06-16 14:31:04.086 CST,"raingage","benchmark",15268,"127.0.0.1:45208",666e86a6.3ba4,9,"SELECT",2024-06-16 14:31:02 CST,4/2,90594,LOG,00000,"execute S_1: SELECT c_discount, c_last, c_credit, w_tax     FROM bmsql_customer     JOIN bmsql_warehouse ON (w_id = c_w_id)     WHERE c_w_id = $1 AND c_d_id = $2 AND c_id = $3 FOR UPDATE","parameters: $1 = '1', $2 = '1', $3 = '57'",,,,,,,,"","client backend"
2024-06-16 14:31:04.133 CST,"raingage","benchmark",15269,"127.0.0.1:45210",666e86a6.3ba5,4,"SELECT waiting",2024-06-16 14:31:02 CST,5/2,0,LOG,00000,"process 15269 still waiting for ShareLock on transaction 90594 after 1001.099 ms","Process holding the lock: 15268. Wait queue: 15269, 15270.",,,,"while locking tuple (0,5) in relation ""bmsql_customer""","SELECT c_discount, c_last, c_credit, w_tax     FROM bmsql_customer     JOIN bmsql_warehouse ON (w_id = c_w_id)     WHERE c_w_id = $1 AND c_d_id = $2 AND c_id = $3 FOR UPDATE",,,"","client backend"
2024-06-16 14:31:04.151 CST,"raingage","benchmark",15268,"127.0.0.1:45208",666e86a6.3ba4,10,"SELECT",2024-06-16 14:31:02 CST,4/2,90594,LOG,00000,"execute S_1: SELECT c_discount, c_last, c_credit, w_tax     FROM bmsql_customer     JOIN bmsql_warehouse ON (w_id = c_w_id)     WHERE c_w_id = $1 AND c_d_id = $2 AND c_id = $3 FOR UPDATE","parameters: $1 = '1', $2 = '1', $3 = '57'",,,,,,,,"","client backend"
2024-06-16 14:31:04.172 CST,"raingage","benchmark",15268,"127.0.0.1:45208",666e86a6.3ba4,11,"SELECT",2024-06-16 14:31:02 CST,4/2,90594,LOG,00000,"execute <unnamed>: SELECT i_price, i_name, i_data     FROM bmsql_item     WHERE i_id = $1","parameters: $1 = '61'",,,,,,,,"","client backend"
2024-06-16 14:31:04.191 CST,"raingage","benchmark",15268,"127.0.0.1:45208",666e86a6.3ba4,12,"SELECT",2024-06-16 14:31:02 CST,4/2,90594,LOG,00000,"execute <unnamed>: SELECT s_quantity, s_data,        s_dist_01, s_dist_02, s_dist_03, s_dist_04,        s_dist_05, s_dist_06, s_dist_07, s_dist_08,        s_dist_09, s_dist_10     FROM bmsql_stock     WHERE s_w_id = $1 AND s_i_id = $2  FOR UPDATE","parameters: $1 = '1', $2 = '61'",,,,,,,,"","client backend"
2024-06-16 14:31:04.212 CST,"raingage","benchmark",15268,"127.0.0.1:45208",666e86a6.3ba4,13,"UPDATE",2024-06-16 14:31:02 CST,4/2,90594,LOG,00000,"execute <unnamed>: UPDATE bmsql_stock     SET s_quantity = $1, s_ytd = s_ytd + $2,         s_order_cnt = s_order_cnt + 1,         s_remote_cnt = s_remote_cnt + $3     WHERE s_w_id = $4 AND s_i_id = $5","parameters: $1 = '90', $2 = '3', $3 = '0', $4 = '1', $5 = '61'",,,,,,,,"","client backend"
2024-06-16 14:31:04.227 CST,"raingage","benchmark",15268,"127.0.0.1:45208",666e86a6.3ba4,14,"COMMIT",2024-06-16 14:31:02 CST,4/2,90594,LOG,00000,"execute S_2: COMMIT",,,,,,,,,"","client backend"
2024-06-16 14:31:04.229 CST,"raingage","benchmark",15269,"127.0.0.1:45210",666e86a6.3ba5,5,"SELECT waiting",2024-06-16 14:31:02 CST,5/2,0,LOG,00000,"process 15269 acquired ShareLock on transaction 90594 after 1097.207 ms",,,,,"while locking tuple (0,5) in relation ""bmsql_customer""","SELECT c_discount, c_last, c_credit, w_tax     FROM bmsql_customer     JOIN bmsql_warehouse ON (w_id = c_w_id)     WHERE c_w_id = $1 AND c_d_id = $2 AND c_id = $3 FOR UPDATE",,,"","client backend"
2024-06-16 14:31:04.253 CST,"raingage","benchmark",15268,"127.0.0.1:45208",666e86a6.3ba4,15,"BEGIN",2024-06-16 14:31:02 CST,4/3,0,LOG,00000,"execute <unnamed>: BEGIN",,,,,,,,,"","client backend"
2024-06-16 14:31:04.272 CST,"raingage","benchmark",15268,"127.0.0.1:45208",666e86a6.3ba4,16,"SELECT",2024-06-16 14:31:02 CST,4/3,0,LOG,00000,"execute <unnamed>: SELECT d_tax, d_next_o_id     FROM bmsql_district     WHERE d_w_id = $1 AND d_id = $2 ","parameters: $1 = '1', $2 = '2'",,,,,,,,"","client backend"
2024-06-16 14:31:04.296 CST,"raingage","benchmark",15270,"127.0.0.1:45212",666e86a6.3ba6,4,"SELECT",2024-06-16 14:31:02 CST,6/2,90595,LOG,00000,"execute <unnamed>: SELECT c_discount, c_last, c_credit, w_tax     FROM bmsql_customer     JOIN bmsql_warehouse ON (w_id = c_w_id)     WHERE c_w_id = $1 AND c_d_id = $2 AND c_id = $3 FOR UPDATE","parameters: $1 = '1', $2 = '1', $3 = '29'",,,,,,,,"","client backend"
2024-06-16 14:31:04.340 CST,"raingage","benchmark",15268,"127.0.0.1:45208",666e86a6.3ba4,17,"SELECT",2024-06-16 14:31:02 CST,4/3,0,LOG,00000,"execute S_1: SELECT c_discount, c_last, c_credit, w_tax     FROM bmsql_customer     JOIN bmsql_warehouse ON (w_id = c_w_id)     WHERE c_w_id = $1 AND c_d_id = $2 AND c_id = $3 FOR UPDATE","parameters: $1 = '1', $2 = '2', $3 = '97'",,,,,,,,"","client backend"
2024-06-16 14:31:04.365 CST,"raingage","benchmark",15270,"127.0.0.1:45212",666e86a6.3ba6,5,"SELECT",2024-06-16 14:31:02 CST,6/2,90595,LOG,00000,"execute <unnamed>: SELECT c_discount, c_last, c_credit, w_tax     FROM bmsql_customer     JOIN bmsql_warehouse ON (w_id = c_w_id)     WHERE c_w_id = $1 AND c_d_id = $2 AND c_id = $3 FOR UPDATE","parameters: $1 = '1', $2 = '1', $3 = '29'",,,,,,,,"","client backend"
2024-06-16 14:31:04.433 CST,"raingage","benchmark",15270,"127.0.0.1:45212",666e86a6.3ba6,6,"SELECT",2024-06-16 14:31:02 CST,6/2,90595,LOG,00000,"execute <unnamed>: SELECT c_discount, c_last, c_credit, w_tax     FROM bmsql_customer     JOIN bmsql_warehouse ON (w_id = c_w_id)     WHERE c_w_id = $1 AND c_d_id = $2 AND c_id = $3 FOR UPDATE","parameters: $1 = '1', $2 = '1', $3 = '29'",,,,,,,,"","client backend"
2024-06-16 14:31:04.498 CST,"raingage","benchmark",15270,"127.0.0.1:45212",666e86a6.3ba6,7,"SELECT",2024-06-16 14:31:02 CST,6/2,90595,LOG,00000,"execute S_1: SELECT c_discount, c_last, c_credit, w_tax     FROM bmsql_customer     JOIN bmsql_warehouse ON (w_id = c_w_id)     WHERE c_w_id = $1 AND c_d_id = $2 AND c_id = $3 FOR UPDATE","parameters: $1 = '1', $2 = '1', $3 = '29'",,,,,,,,"","client backend"
2024-06-16 14:31:04.570 CST,"raingage","benchmark",15270,"127.0.0.1:45212",666e86a6.3ba6,8,"SELECT",2024-06-16 14:31:02 CST,6/2,90595,LOG,00000,"execute S_1: SELECT c_discount, c_last, c_credit, w_tax     FROM bmsql_customer     JOIN bmsql_warehouse ON (w_id = c_w_id)     WHERE c_w_id = $1 AND c_d_id = $2 AND c_id = $3 FOR UPDATE","parameters: $1 = '1', $2 = '1', $3 = '29'",,,,,,,,"","client backend"
2024-06-16 14:31:04.643 CST,"raingage","benchmark",15270,"127.0.0.1:45212",666e86a6.3ba6,9,"SELECT",2024-06-16 14:31:02 CST,6/2,90595,LOG,00000,"execute S_1: SELECT c_discount, c_last, c_credit, w_tax     FROM bmsql_customer     JOIN bmsql_warehouse ON (w_id = c_w_id)     WHERE c_w_id = $1 AND c_d_id = $2 AND c_id = $3 FOR UPDATE","parameters: $1 = '1', $2 = '1', $3 = '29'",,,,,,,,"","client backend"
2024-06-16 14:31:04.710 CST,"raingage","benchmark",15270,"127.0.0.1:45212",666e86a6.3ba6,10,"SELECT",2024-06-16 14:31:02 CST,6/2,90595,LOG,00000,"execute S_1: SELECT c_discount, c_last, c_credit, w_tax     FROM bmsql_customer     JOIN bmsql_warehouse ON (w_id = c_w_id)     WHERE c_w_id = $1 AND c_d_id = $2 AND c_id = $3 FOR UPDATE","parameters: $1 = '1', $2 = '1', $3 = '29'",,,,,,,,"","client backend"
2024-06-16 14:31:04.731 CST,"raingage","benchmark",15270,"127.0.0.1:45212",666e86a6.3ba6,11,"SELECT",2024-06-16 14:31:02 CST,6/2,90595,LOG,00000,"execute <unnamed>: SELECT i_price, i_name, i_data     FROM bmsql_item     WHERE i_id = $1","parameters: $1 = '63'",,,,,,,,"","client backend"
2024-06-16 14:31:04.746 CST,"raingage","benchmark",15270,"127.0.0.1:45212",666e86a6.3ba6,12,"SELECT",2024-06-16 14:31:02 CST,6/2,90595,LOG,00000,"execute <unnamed>: SELECT s_quantity, s_data,        s_dist_01, s_dist_02, s_dist_03, s_dist_04,        s_dist_05, s_dist_06, s_dist_07, s_dist_08,        s_dist_09, s_dist_10     FROM bmsql_stock     WHERE s_w_id = $1 AND s_i_id = $2  FOR UPDATE","parameters: $1 = '1', $2 = '63'",,,,,,,,"","client backend"
2024-06-16 14:31:04.769 CST,"raingage","benchmark",15270,"127.0.0.1:45212",666e86a6.3ba6,13,"UPDATE",2024-06-16 14:31:02 CST,6/2,90595,LOG,00000,"execute <unnamed>: UPDATE bmsql_stock     SET s_quantity = $1, s_ytd = s_ytd + $2,         s_order_cnt = s_order_cnt + 1,         s_remote_cnt = s_remote_cnt + $3     WHERE s_w_id = $4 AND s_i_id = $5","parameters: $1 = '68', $2 = '3', $3 = '0', $4 = '1', $5 = '63'",,,,,,,,"","client backend"
2024-06-16 14:31:04.787 CST,"raingage","benchmark",15270,"127.0.0.1:45212",666e86a6.3ba6,14,"COMMIT",2024-06-16 14:31:02 CST,6/2,90595,LOG,00000,"execute S_2: COMMIT",,,,,,,,,"","client backend"
2024-06-16 14:31:04.809 CST,"raingage","benchmark",15270,"127.0.0.1:45212",666e86a6.3ba6,15,"BEGIN",2024-06-16 14:31:02 CST,6/3,0,LOG,00000,"execute <unnamed>: BEGIN",,,,,,,,,"","client backend"
2024-06-16 14:31:04.821 CST,"raingage","benchmark",15270,"127.0.0.1:45212",666e86a6.3ba6,16,"SELECT",2024-06-16 14:31:02 CST,6/3,0,LOG,00000,"execute <unnamed>: SELECT d_tax, d_next_o_id     FROM bmsql_district     WHERE d_w_id = $1 AND d_id = $2 ","parameters: $1 = '1', $2 = '2'",,,,,,,,"","client backend"
2024-06-16 14:31:04.853 CST,"raingage","benchmark",15271,"127.0.0.1:45214",666e86a7.3ba7,4,"SELECT",2024-06-16 14:31:03 CST,7/2,90596,LOG,00000,"execute <unnamed>: SELECT c_discount, c_last, c_credit, w_tax     FROM bmsql_customer     JOIN bmsql_warehouse ON (w_id = c_w_id)     WHERE c_w_id = $1 AND c_d_id = $2 AND c_id = $3 FOR UPDATE","parameters: $1 = '1', $2 = '1', $3 = '20'",,,,,,,,"","client backend"
2024-06-16 14:31:04.890 CST,"raingage","benchmark",15270,"127.0.0.1:45212",666e86a6.3ba6,17,"SELECT",2024-06-16 14:31:02 CST,6/3,0,LOG,00000,"execute S_1: SELECT c_discount, c_last, c_credit, w_tax     FROM bmsql_customer     JOIN bmsql_warehouse ON (w_id = c_w_id)     WHERE c_w_id = $1 AND c_d_id = $2 AND c_id = $3 FOR UPDATE","parameters: $1 = '1', $2 = '2', $3 = '86'",,,,,,,,"","client backend"
2024-06-16 14:31:04.925 CST,"raingage","benchmark",15271,"127.0.0.1:45214",666e86a7.3ba7,5,"SELECT",2024-06-16 14:31:03 CST,7/2,90596,LOG,00000,"execute <unnamed>: SELECT c_discount, c_last, c_credit, w_tax     FROM bmsql_customer     JOIN bmsql_warehouse ON (w_id = c_w_id)     WHERE c_w_id = $1 AND c_d_id = $2 AND c_id = $3 FOR UPDATE","parameters: $1 = '1', $2 = '1', $3 = '20'",,,,,,,,"","client backend"
2024-06-16 14:31:04.993 CST,"raingage","benchmark",15271,"127.0.0.1:45214",666e86a7.3ba7,6,"SELECT",2024-06-16 14:31:03 CST,7/2,90596,LOG,00000,"execute <unnamed>: SELECT c_discount, c_last, c_credit, w_tax     FROM bmsql_customer     JOIN bmsql_warehouse ON (w_id = c_w_id)     WHERE c_w_id = $1 AND c_d_id = $2 AND c_id = $3 FOR UPDATE","parameters: $1 = '1', $2 = '1', $3 = '20'",,,,,,,,"","client backend"
2024-06-16 14:31:05.066 CST,"raingage","benchmark",15271,"127.0.0.1:45214",666e86a7.3ba7,7,"SELECT",2024-06-16 14:31:03 CST,7/2,90596,LOG,00000,"execute S_1: SELECT c_discount, c_last, c_credit, w_tax     FROM bmsql_customer     JOIN bmsql_warehouse ON (w_id = c_w_id)     WHERE c_w_id = $1 AND c_d_id = $2 AND c_id = $3 FOR UPDATE","parameters: $1 = '1', $2 = '1', $3 = '20'",,,,,,,,"","client backend"
2024-06-16 14:31:05.138 CST,"raingage","benchmark",15271,"127.0.0.1:45214",666e86a7.3ba7,8,"SELECT",2024-06-16 14:31:03 CST,7/2,90596,LOG,00000,"execute S_1: SELECT c_discount, c_last, c_credit, w_tax     FROM bmsql_customer     JOIN bmsql_warehouse ON (w_id = c_w_id)     WHERE c_w_id = $1 AND c_d_id = $2 AND c_id = $3 FOR UPDATE","parameters: $1 = '1', $2 = '1', $3 = '20'",,,,,,,,"","client backend"
2024-06-16 14:31:05.201 CST,"raingage","benchmark",15271,"127.0.0.1:45214",666e86a7.3ba7,9,"SELECT",2024-06-16 14:31:03 CST,7/2,90596,LOG,00000,"execute S_1: SELECT c_discount, c_last, c_credit, w_tax     FROM bmsql_customer     JOIN bmsql_warehouse ON (w_id = c_w_id)     WHERE c_w_id = $1 AND c_d_id = $2 AND c_id = $3 FOR UPDATE","parameters: $1 = '1', $2 = '1', $3 = '20'",,,,,,,,"","client backend"
2024-06-16 14:31:05.268 CST,"raingage","benchmark",15271,"127.0.0.1:45214",666e86a7.3ba7,10,"SELECT",2024-06-16 14:31:03 CST,7/2,90596,LOG,00000,"execute S_1: SELECT c_discount, c_last, c_credit, w_tax     FROM bmsql_customer     JOIN bmsql_warehouse ON (w_id = c_w_id)     WHERE c_w_id = $1 AND c_d_id = $2 AND c_id = $3 FOR UPDATE","parameters: $1 = '1', $2 = '1', $3 = '20'",,,,,,,,"","client backend"
2024-06-16 14:31:05.285 CST,"raingage","benchmark",15271,"127.0.0.1:45214",666e86a7.3ba7,11,"SELECT",2024-06-16 14:31:03 CST,7/2,90596,LOG,00000,"execute <unnamed>: SELECT i_price, i_name, i_data     FROM bmsql_item     WHERE i_id = $1","parameters: $1 = '100'",,,,,,,,"","client backend"
2024-06-16 14:31:05.302 CST,"raingage","benchmark",15271,"127.0.0.1:45214",666e86a7.3ba7,12,"SELECT",2024-06-16 14:31:03 CST,7/2,90596,LOG,00000,"execute <unnamed>: SELECT s_quantity, s_data,        s_dist_01, s_dist_02, s_dist_03, s_dist_04,        s_dist_05, s_dist_06, s_dist_07, s_dist_08,        s_dist_09, s_dist_10     FROM bmsql_stock     WHERE s_w_id = $1 AND s_i_id = $2  FOR UPDATE","parameters: $1 = '1', $2 = '100'",,,,,,,,"","client backend"
2024-06-16 14:31:05.323 CST,"raingage","benchmark",15271,"127.0.0.1:45214",666e86a7.3ba7,13,"UPDATE",2024-06-16 14:31:03 CST,7/2,90596,LOG,00000,"execute <unnamed>: UPDATE bmsql_stock     SET s_quantity = $1, s_ytd = s_ytd + $2,         s_order_cnt = s_order_cnt + 1,         s_remote_cnt = s_remote_cnt + $3     WHERE s_w_id = $4 AND s_i_id = $5","parameters: $1 = '75', $2 = '3', $3 = '0', $4 = '1', $5 = '100'",,,,,,,,"","client backend"
2024-06-16 14:31:05.336 CST,"raingage","benchmark",15271,"127.0.0.1:45214",666e86a7.3ba7,14,"COMMIT",2024-06-16 14:31:03 CST,7/2,90596,LOG,00000,"execute S_2: COMMIT",,,,,,,,,"","client backend"
2024-06-16 14:31:05.352 CST,"raingage","benchmark",15271,"127.0.0.1:45214",666e86a7.3ba7,15,"BEGIN",2024-06-16 14:31:03 CST,7/3,0,LOG,00000,"execute <unnamed>: BEGIN",,,,,,,,,"","client backend"
2024-06-16 14:31:05.368 CST,"raingage","benchmark",15271,"127.0.0.1:45214",666e86a7.3ba7,16,"SELECT",2024-06-16 14:31:03 CST,7/3,0,LOG,00000,"execute <unnamed>: SELECT d_tax, d_next_o_id     FROM bmsql_district     WHERE d_w_id = $1 AND d_id = $2 ","parameters: $1 = '1', $2 = '2'",,,,,,,,"","client backend"
2024-06-16 14:31:05.409 CST,"raingage","benchmark",15269,"127.0.0.1:45210",666e86a6.3ba5,6,"SELECT",2024-06-16 14:31:02 CST,5/2,90597,LOG,00000,"execute <unnamed>: SELECT c_discount, c_last, c_credit, w_tax     FROM bmsql_customer     JOIN bmsql_warehouse ON (w_id = c_w_id)     WHERE c_w_id = $1 AND c_d_id = $2 AND c_id = $3 FOR UPDATE","parameters: $1 = '1', $2 = '1', $3 = '57'",,,,,,,,"","client backend"
2024-06-16 14:31:05.431 CST,"raingage","benchmark",15271,"127.0.0.1:45214",666e86a7.3ba7,17,"SELECT",2024-06-16 14:31:03 CST,7/3,0,LOG,00000,"execute S_1: SELECT c_discount, c_last, c_credit, w_tax     FROM bmsql_customer     JOIN bmsql_warehouse ON (w_id = c_w_id)     WHERE c_w_id = $1 AND c_d_id = $2 AND c_id = $3 FOR UPDATE","parameters: $1 = '1', $2 = '2', $3 = '86'",,,,,,,,"","client backend"
2024-06-16 14:31:05.480 CST,"raingage","benchmark",15269,"127.0.0.1:45210",666e86a6.3ba5,7,"SELECT",2024-06-16 14:31:02 CST,5/2,90597,LOG,00000,"execute <unnamed>: SELECT c_discount, c_last, c_credit, w_tax     FROM bmsql_customer     JOIN bmsql_warehouse ON (w_id = c_w_id)     WHERE c_w_id = $1 AND c_d_id = $2 AND c_id = $3 FOR UPDATE","parameters: $1 = '1', $2 = '1', $3 = '57'",,,,,,,,"","client backend"
2024-06-16 14:31:05.545 CST,"raingage","benchmark",15269,"127.0.0.1:45210",666e86a6.3ba5,8,"SELECT",2024-06-16 14:31:02 CST,5/2,90597,LOG,00000,"execute <unnamed>: SELECT c_discount, c_last, c_credit, w_tax     FROM bmsql_customer     JOIN bmsql_warehouse ON (w_id = c_w_id)     WHERE c_w_id = $1 AND c_d_id = $2 AND c_id = $3 FOR UPDATE","parameters: $1 = '1', $2 = '1', $3 = '57'",,,,,,,,"","client backend"
2024-06-16 14:31:05.613 CST,"raingage","benchmark",15269,"127.0.0.1:45210",666e86a6.3ba5,9,"SELECT",2024-06-16 14:31:02 CST,5/2,90597,LOG,00000,"execute S_1: SELECT c_discount, c_last, c_credit, w_tax     FROM bmsql_customer     JOIN bmsql_warehouse ON (w_id = c_w_id)     WHERE c_w_id = $1 AND c_d_id = $2 AND c_id = $3 FOR UPDATE","parameters: $1 = '1', $2 = '1', $3 = '57'",,,,,,,,"","client backend"
2024-06-16 14:31:05.683 CST,"raingage","benchmark",15269,"127.0.0.1:45210",666e86a6.3ba5,10,"SELECT",2024-06-16 14:31:02 CST,5/2,90597,LOG,00000,"execute S_1: SELECT c_discount, c_last, c_credit, w_tax     FROM bmsql_customer     JOIN bmsql_warehouse ON (w_id = c_w_id)     WHERE c_w_id = $1 AND c_d_id = $2 AND c_id = $3 FOR UPDATE","parameters: $1 = '1', $2 = '1', $3 = '57'",,,,,,,,"","client backend"
2024-06-16 14:31:05.755 CST,"raingage","benchmark",15269,"127.0.0.1:45210",666e86a6.3ba5,11,"SELECT",2024-06-16 14:31:02 CST,5/2,90597,LOG,00000,"execute S_1: SELECT c_discount, c_last, c_credit, w_tax     FROM bmsql_customer     JOIN bmsql_warehouse ON (w_id = c_w_id)     WHERE c_w_id = $1 AND c_d_id = $2 AND c_id = $3 FOR UPDATE","parameters: $1 = '1', $2 = '1', $3 = '57'",,,,,,,,"","client backend"
2024-06-16 14:31:05.820 CST,"raingage","benchmark",15269,"127.0.0.1:45210",666e86a6.3ba5,12,"SELECT",2024-06-16 14:31:02 CST,5/2,90597,LOG,00000,"execute S_1: SELECT c_discount, c_last, c_credit, w_tax     FROM bmsql_customer     JOIN bmsql_warehouse ON (w_id = c_w_id)     WHERE c_w_id = $1 AND c_d_id = $2 AND c_id = $3 FOR UPDATE","parameters: $1 = '1', $2 = '1', $3 = '57'",,,,,,,,"","client backend"
2024-06-16 14:31:05.836 CST,"raingage","benchmark",15269,"127.0.0.1:45210",666e86a6.3ba5,13,"SELECT",2024-06-16 14:31:02 CST,5/2,90597,LOG,00000,"execute <unnamed>: SELECT i_price, i_name, i_data     FROM bmsql_item     WHERE i_id = $1","parameters: $1 = '1000061'",,,,,,,,"","client backend"
2024-06-16 14:31:05.852 CST,"raingage","benchmark",15269,"127.0.0.1:45210",666e86a6.3ba5,14,"ROLLBACK",2024-06-16 14:31:02 CST,5/2,90597,LOG,00000,"execute S_2: ROLLBACK",,,,,,,,,"","client backend"
2024-06-16 14:31:05.870 CST,"raingage","benchmark",15269,"127.0.0.1:45210",666e86a6.3ba5,15,"BEGIN",2024-06-16 14:31:02 CST,5/3,0,LOG,00000,"execute <unnamed>: BEGIN",,,,,,,,,"","client backend"
2024-06-16 14:31:05.887 CST,"raingage","benchmark",15269,"127.0.0.1:45210",666e86a6.3ba5,16,"SELECT",2024-06-16 14:31:02 CST,5/3,0,LOG,00000,"execute <unnamed>: SELECT d_tax, d_next_o_id     FROM bmsql_district     WHERE d_w_id = $1 AND d_id = $2 ","parameters: $1 = '1', $2 = '2'",,,,,,,,"","client backend"
2024-06-16 14:31:05.919 CST,"raingage","benchmark",15268,"127.0.0.1:45208",666e86a6.3ba4,18,"SELECT",2024-06-16 14:31:02 CST,4/3,90598,LOG,00000,"execute S_1: SELECT c_discount, c_last, c_credit, w_tax     FROM bmsql_customer     JOIN bmsql_warehouse ON (w_id = c_w_id)     WHERE c_w_id = $1 AND c_d_id = $2 AND c_id = $3 FOR UPDATE","parameters: $1 = '1', $2 = '2', $3 = '97'",,,,,,,,"","client backend"
2024-06-16 14:31:05.958 CST,"raingage","benchmark",15269,"127.0.0.1:45210",666e86a6.3ba5,17,"SELECT",2024-06-16 14:31:02 CST,5/3,0,LOG,00000,"execute S_1: SELECT c_discount, c_last, c_credit, w_tax     FROM bmsql_customer     JOIN bmsql_warehouse ON (w_id = c_w_id)     WHERE c_w_id = $1 AND c_d_id = $2 AND c_id = $3 FOR UPDATE","parameters: $1 = '1', $2 = '2', $3 = '90'",,,,,,,,"","client backend"
2024-06-16 14:31:05.987 CST,"raingage","benchmark",15268,"127.0.0.1:45208",666e86a6.3ba4,19,"SELECT",2024-06-16 14:31:02 CST,4/3,90598,LOG,00000,"execute S_1: SELECT c_discount, c_last, c_credit, w_tax     FROM bmsql_customer     JOIN bmsql_warehouse ON (w_id = c_w_id)     WHERE c_w_id = $1 AND c_d_id = $2 AND c_id = $3 FOR UPDATE","parameters: $1 = '1', $2 = '2', $3 = '97'",,,,,,,,"","client backend"
2024-06-16 14:31:06.052 CST,"raingage","benchmark",15268,"127.0.0.1:45208",666e86a6.3ba4,20,"SELECT",2024-06-16 14:31:02 CST,4/3,90598,LOG,00000,"execute S_1: SELECT c_discount, c_last, c_credit, w_tax     FROM bmsql_customer     JOIN bmsql_warehouse ON (w_id = c_w_id)     WHERE c_w_id = $1 AND c_d_id = $2 AND c_id = $3 FOR UPDATE","parameters: $1 = '1', $2 = '2', $3 = '97'",,,,,,,,"","client backend"
2024-06-16 14:31:06.121 CST,"raingage","benchmark",15268,"127.0.0.1:45208",666e86a6.3ba4,21,"SELECT",2024-06-16 14:31:02 CST,4/3,90598,LOG,00000,"execute S_1: SELECT c_discount, c_last, c_credit, w_tax     FROM bmsql_customer     JOIN bmsql_warehouse ON (w_id = c_w_id)     WHERE c_w_id = $1 AND c_d_id = $2 AND c_id = $3 FOR UPDATE","parameters: $1 = '1', $2 = '2', $3 = '97'",,,,,,,,"","client backend"
2024-06-16 14:31:06.193 CST,"raingage","benchmark",15268,"127.0.0.1:45208",666e86a6.3ba4,22,"SELECT",2024-06-16 14:31:02 CST,4/3,90598,LOG,00000,"execute S_1: SELECT c_discount, c_last, c_credit, w_tax     FROM bmsql_customer     JOIN bmsql_warehouse ON (w_id = c_w_id)     WHERE c_w_id = $1 AND c_d_id = $2 AND c_id = $3 FOR UPDATE","parameters: $1 = '1', $2 = '2', $3 = '97'",,,,,,,,"","client backend"
2024-06-16 14:31:06.257 CST,"raingage","benchmark",15268,"127.0.0.1:45208",666e86a6.3ba4,23,"SELECT",2024-06-16 14:31:02 CST,4/3,90598,LOG,00000,"execute S_1: SELECT c_discount, c_last, c_credit, w_tax     FROM bmsql_customer     JOIN bmsql_warehouse ON (w_id = c_w_id)     WHERE c_w_id = $1 AND c_d_id = $2 AND c_id = $3 FOR UPDATE","parameters: $1 = '1', $2 = '2', $3 = '97'",,,,,,,,"","client backend"
2024-06-16 14:31:06.325 CST,"raingage","benchmark",15268,"127.0.0.1:45208",666e86a6.3ba4,24,"SELECT",2024-06-16 14:31:02 CST,4/3,90598,LOG,00000,"execute S_1: SELECT c_discount, c_last, c_credit, w_tax     FROM bmsql_customer     JOIN bmsql_warehouse ON (w_id = c_w_id)     WHERE c_w_id = $1 AND c_d_id = $2 AND c_id = $3 FOR UPDATE","parameters: $1 = '1', $2 = '2', $3 = '97'",,,,,,,,"","client backend"
2024-06-16 14:31:06.339 CST,"raingage","benchmark",15268,"127.0.0.1:45208",666e86a6.3ba4,25,"SELECT",2024-06-16 14:31:02 CST,4/3,90598,LOG,00000,"execute <unnamed>: SELECT i_price, i_name, i_data     FROM bmsql_item     WHERE i_id = $1","parameters: $1 = '77'",,,,,,,,"","client backend"
2024-06-16 14:31:06.355 CST,"raingage","benchmark",15268,"127.0.0.1:45208",666e86a6.3ba4,26,"SELECT",2024-06-16 14:31:02 CST,4/3,90598,LOG,00000,"execute <unnamed>: SELECT s_quantity, s_data,        s_dist_01, s_dist_02, s_dist_03, s_dist_04,        s_dist_05, s_dist_06, s_dist_07, s_dist_08,        s_dist_09, s_dist_10     FROM bmsql_stock     WHERE s_w_id = $1 AND s_i_id = $2  FOR UPDATE","parameters: $1 = '1', $2 = '77'",,,,,,,,"","client backend"
2024-06-16 14:31:06.368 CST,"raingage","benchmark",15268,"127.0.0.1:45208",666e86a6.3ba4,27,"UPDATE",2024-06-16 14:31:02 CST,4/3,90598,LOG,00000,"execute <unnamed>: UPDATE bmsql_stock     SET s_quantity = $1, s_ytd = s_ytd + $2,         s_order_cnt = s_order_cnt + 1,         s_remote_cnt = s_remote_cnt + $3     WHERE s_w_id = $4 AND s_i_id = $5","parameters: $1 = '28', $2 = '3', $3 = '0', $4 = '1', $5 = '77'",,,,,,,,"","client backend"
2024-06-16 14:31:06.388 CST,"raingage","benchmark",15268,"127.0.0.1:45208",666e86a6.3ba4,28,"COMMIT",2024-06-16 14:31:02 CST,4/3,90598,LOG,00000,"execute S_2: COMMIT",,,,,,,,,"","client backend"
2024-06-16 14:31:06.411 CST,"raingage","benchmark",15268,"127.0.0.1:45208",666e86a6.3ba4,29,"BEGIN",2024-06-16 14:31:02 CST,4/4,0,LOG,00000,"execute <unnamed>: BEGIN",,,,,,,,,"","client backend"
2024-06-16 14:31:06.425 CST,"raingage","benchmark",15268,"127.0.0.1:45208",666e86a6.3ba4,30,"SELECT",2024-06-16 14:31:02 CST,4/4,0,LOG,00000,"execute <unnamed>: SELECT d_tax, d_next_o_id     FROM bmsql_district     WHERE d_w_id = $1 AND d_id = $2 ","parameters: $1 = '1', $2 = '2'",,,,,,,,"","client backend"
2024-06-16 14:31:06.432 CST,"raingage","benchmark",15271,"127.0.0.1:45214",666e86a7.3ba7,18,"SELECT waiting",2024-06-16 14:31:03 CST,7/3,0,LOG,00000,"process 15271 still waiting for ShareLock on transaction 90599 after 1000.537 ms","Process holding the lock: 15270. Wait queue: 15271, 15269.",,,,"while locking tuple (0,18) in relation ""bmsql_customer""","SELECT c_discount, c_last, c_credit, w_tax     FROM bmsql_customer     JOIN bmsql_warehouse ON (w_id = c_w_id)     WHERE c_w_id = $1 AND c_d_id = $2 AND c_id = $3 FOR UPDATE",,,"","client backend"
2024-06-16 14:31:06.461 CST,"raingage","benchmark",15270,"127.0.0.1:45212",666e86a6.3ba6,18,"SELECT",2024-06-16 14:31:02 CST,6/3,90599,LOG,00000,"execute S_1: SELECT c_discount, c_last, c_credit, w_tax     FROM bmsql_customer     JOIN bmsql_warehouse ON (w_id = c_w_id)     WHERE c_w_id = $1 AND c_d_id = $2 AND c_id = $3 FOR UPDATE","parameters: $1 = '1', $2 = '2', $3 = '86'",,,,,,,,"","client backend"
2024-06-16 14:31:06.498 CST,"raingage","benchmark",15268,"127.0.0.1:45208",666e86a6.3ba4,31,"SELECT",2024-06-16 14:31:02 CST,4/4,0,LOG,00000,"execute S_1: SELECT c_discount, c_last, c_credit, w_tax     FROM bmsql_customer     JOIN bmsql_warehouse ON (w_id = c_w_id)     WHERE c_w_id = $1 AND c_d_id = $2 AND c_id = $3 FOR UPDATE","parameters: $1 = '1', $2 = '2', $3 = '90'",,,,,,,,"","client backend"
2024-06-16 14:31:06.525 CST,"raingage","benchmark",15270,"127.0.0.1:45212",666e86a6.3ba6,19,"SELECT",2024-06-16 14:31:02 CST,6/3,90599,LOG,00000,"execute S_1: SELECT c_discount, c_last, c_credit, w_tax     FROM bmsql_customer     JOIN bmsql_warehouse ON (w_id = c_w_id)     WHERE c_w_id = $1 AND c_d_id = $2 AND c_id = $3 FOR UPDATE","parameters: $1 = '1', $2 = '2', $3 = '86'",,,,,,,,"","client backend"
2024-06-16 14:31:06.590 CST,"raingage","benchmark",15270,"127.0.0.1:45212",666e86a6.3ba6,20,"SELECT",2024-06-16 14:31:02 CST,6/3,90599,LOG,00000,"execute S_1: SELECT c_discount, c_last, c_credit, w_tax     FROM bmsql_customer     JOIN bmsql_warehouse ON (w_id = c_w_id)     WHERE c_w_id = $1 AND c_d_id = $2 AND c_id = $3 FOR UPDATE","parameters: $1 = '1', $2 = '2', $3 = '86'",,,,,,,,"","client backend"
2024-06-16 14:31:06.661 CST,"raingage","benchmark",15270,"127.0.0.1:45212",666e86a6.3ba6,21,"SELECT",2024-06-16 14:31:02 CST,6/3,90599,LOG,00000,"execute S_1: SELECT c_discount, c_last, c_credit, w_tax     FROM bmsql_customer     JOIN bmsql_warehouse ON (w_id = c_w_id)     WHERE c_w_id = $1 AND c_d_id = $2 AND c_id = $3 FOR UPDATE","parameters: $1 = '1', $2 = '2', $3 = '86'",,,,,,,,"","client backend"
2024-06-16 14:31:06.734 CST,"raingage","benchmark",15270,"127.0.0.1:45212",666e86a6.3ba6,22,"SELECT",2024-06-16 14:31:02 CST,6/3,90599,LOG,00000,"execute S_1: SELECT c_discount, c_last, c_credit, w_tax     FROM bmsql_customer     JOIN bmsql_warehouse ON (w_id = c_w_id)     WHERE c_w_id = $1 AND c_d_id = $2 AND c_id = $3 FOR UPDATE","parameters: $1 = '1', $2 = '2', $3 = '86'",,,,,,,,"","client backend"
2024-06-16 14:31:06.806 CST,"raingage","benchmark",15270,"127.0.0.1:45212",666e86a6.3ba6,23,"SELECT",2024-06-16 14:31:02 CST,6/3,90599,LOG,00000,"execute S_1: SELECT c_discount, c_last, c_credit, w_tax     FROM bmsql_customer     JOIN bmsql_warehouse ON (w_id = c_w_id)     WHERE c_w_id = $1 AND c_d_id = $2 AND c_id = $3 FOR UPDATE","parameters: $1 = '1', $2 = '2', $3 = '86'",,,,,,,,"","client backend"
2024-06-16 14:31:06.870 CST,"raingage","benchmark",15270,"127.0.0.1:45212",666e86a6.3ba6,24,"SELECT",2024-06-16 14:31:02 CST,6/3,90599,LOG,00000,"execute S_1: SELECT c_discount, c_last, c_credit, w_tax     FROM bmsql_customer     JOIN bmsql_warehouse ON (w_id = c_w_id)     WHERE c_w_id = $1 AND c_d_id = $2 AND c_id = $3 FOR UPDATE","parameters: $1 = '1', $2 = '2', $3 = '86'",,,,,,,,"","client backend"
2024-06-16 14:31:06.889 CST,"raingage","benchmark",15270,"127.0.0.1:45212",666e86a6.3ba6,25,"SELECT",2024-06-16 14:31:02 CST,6/3,90599,LOG,00000,"execute <unnamed>: SELECT i_price, i_name, i_data     FROM bmsql_item     WHERE i_id = $1","parameters: $1 = '74'",,,,,,,,"","client backend"
2024-06-16 14:31:06.908 CST,"raingage","benchmark",15270,"127.0.0.1:45212",666e86a6.3ba6,26,"SELECT",2024-06-16 14:31:02 CST,6/3,90599,LOG,00000,"execute <unnamed>: SELECT s_quantity, s_data,        s_dist_01, s_dist_02, s_dist_03, s_dist_04,        s_dist_05, s_dist_06, s_dist_07, s_dist_08,        s_dist_09, s_dist_10     FROM bmsql_stock     WHERE s_w_id = $1 AND s_i_id = $2  FOR UPDATE","parameters: $1 = '1', $2 = '74'",,,,,,,,"","client backend"
2024-06-16 14:31:06.926 CST,"raingage","benchmark",15270,"127.0.0.1:45212",666e86a6.3ba6,27,"UPDATE",2024-06-16 14:31:02 CST,6/3,90599,LOG,00000,"execute <unnamed>: UPDATE bmsql_stock     SET s_quantity = $1, s_ytd = s_ytd + $2,         s_order_cnt = s_order_cnt + 1,         s_remote_cnt = s_remote_cnt + $3     WHERE s_w_id = $4 AND s_i_id = $5","parameters: $1 = '64', $2 = '5', $3 = '0', $4 = '1', $5 = '74'",,,,,,,,"","client backend"
2024-06-16 14:31:06.945 CST,"raingage","benchmark",15270,"127.0.0.1:45212",666e86a6.3ba6,28,"COMMIT",2024-06-16 14:31:02 CST,6/3,90599,LOG,00000,"execute S_2: COMMIT",,,,,,,,,"","client backend"
2024-06-16 14:31:06.946 CST,"raingage","benchmark",15271,"127.0.0.1:45214",666e86a7.3ba7,19,"SELECT waiting",2024-06-16 14:31:03 CST,7/3,0,LOG,00000,"process 15271 acquired ShareLock on transaction 90599 after 1514.581 ms",,,,,"while locking tuple (0,18) in relation ""bmsql_customer""","SELECT c_discount, c_last, c_credit, w_tax     FROM bmsql_customer     JOIN bmsql_warehouse ON (w_id = c_w_id)     WHERE c_w_id = $1 AND c_d_id = $2 AND c_id = $3 FOR UPDATE",,,"","client backend"
2024-06-16 14:31:06.967 CST,"raingage","benchmark",15270,"127.0.0.1:45212",666e86a6.3ba6,29,"BEGIN",2024-06-16 14:31:02 CST,6/4,0,LOG,00000,"execute <unnamed>: BEGIN",,,,,,,,,"","client backend"
2024-06-16 14:31:06.983 CST,"raingage","benchmark",15270,"127.0.0.1:45212",666e86a6.3ba6,30,"SELECT",2024-06-16 14:31:02 CST,6/4,0,LOG,00000,"execute <unnamed>: SELECT d_tax, d_next_o_id     FROM bmsql_district     WHERE d_w_id = $1 AND d_id = $2 ","parameters: $1 = '1', $2 = '2'",,,,,,,,"","client backend"
2024-06-16 14:31:07.018 CST,"raingage","benchmark",15269,"127.0.0.1:45210",666e86a6.3ba5,18,"SELECT",2024-06-16 14:31:02 CST,5/3,90600,LOG,00000,"execute S_1: SELECT c_discount, c_last, c_credit, w_tax     FROM bmsql_customer     JOIN bmsql_warehouse ON (w_id = c_w_id)     WHERE c_w_id = $1 AND c_d_id = $2 AND c_id = $3 FOR UPDATE","parameters: $1 = '1', $2 = '2', $3 = '90'",,,,,,,,"","client backend"
2024-06-16 14:31:07.054 CST,"raingage","benchmark",15270,"127.0.0.1:45212",666e86a6.3ba6,31,"SELECT",2024-06-16 14:31:02 CST,6/4,0,LOG,00000,"execute S_1: SELECT c_discount, c_last, c_credit, w_tax     FROM bmsql_customer     JOIN bmsql_warehouse ON (w_id = c_w_id)     WHERE c_w_id = $1 AND c_d_id = $2 AND c_id = $3 FOR UPDATE","parameters: $1 = '1', $2 = '2', $3 = '77'",,,,,,,,"","client backend"
2024-06-16 14:31:07.084 CST,"raingage","benchmark",15269,"127.0.0.1:45210",666e86a6.3ba5,19,"SELECT",2024-06-16 14:31:02 CST,5/3,90600,LOG,00000,"execute S_1: SELECT c_discount, c_last, c_credit, w_tax     FROM bmsql_customer     JOIN bmsql_warehouse ON (w_id = c_w_id)     WHERE c_w_id = $1 AND c_d_id = $2 AND c_id = $3 FOR UPDATE","parameters: $1 = '1', $2 = '2', $3 = '90'",,,,,,,,"","client backend"
2024-06-16 14:31:07.154 CST,"raingage","benchmark",15269,"127.0.0.1:45210",666e86a6.3ba5,20,"SELECT",2024-06-16 14:31:02 CST,5/3,90600,LOG,00000,"execute S_1: SELECT c_discount, c_last, c_credit, w_tax     FROM bmsql_customer     JOIN bmsql_warehouse ON (w_id = c_w_id)     WHERE c_w_id = $1 AND c_d_id = $2 AND c_id = $3 FOR UPDATE","parameters: $1 = '1', $2 = '2', $3 = '90'",,,,,,,,"","client backend"
2024-06-16 14:31:07.226 CST,"raingage","benchmark",15269,"127.0.0.1:45210",666e86a6.3ba5,21,"SELECT",2024-06-16 14:31:02 CST,5/3,90600,LOG,00000,"execute S_1: SELECT c_discount, c_last, c_credit, w_tax     FROM bmsql_customer     JOIN bmsql_warehouse ON (w_id = c_w_id)     WHERE c_w_id = $1 AND c_d_id = $2 AND c_id = $3 FOR UPDATE","parameters: $1 = '1', $2 = '2', $3 = '90'",,,,,,,,"","client backend"
2024-06-16 14:31:07.291 CST,"raingage","benchmark",15269,"127.0.0.1:45210",666e86a6.3ba5,22,"SELECT",2024-06-16 14:31:02 CST,5/3,90600,LOG,00000,"execute S_1: SELECT c_discount, c_last, c_credit, w_tax     FROM bmsql_customer     JOIN bmsql_warehouse ON (w_id = c_w_id)     WHERE c_w_id = $1 AND c_d_id = $2 AND c_id = $3 FOR UPDATE","parameters: $1 = '1', $2 = '2', $3 = '90'",,,,,,,,"","client backend"
2024-06-16 14:31:07.355 CST,"raingage","benchmark",15269,"127.0.0.1:45210",666e86a6.3ba5,23,"SELECT",2024-06-16 14:31:02 CST,5/3,90600,LOG,00000,"execute S_1: SELECT c_discount, c_last, c_credit, w_tax     FROM bmsql_customer     JOIN bmsql_warehouse ON (w_id = c_w_id)     WHERE c_w_id = $1 AND c_d_id = $2 AND c_id = $3 FOR UPDATE","parameters: $1 = '1', $2 = '2', $3 = '90'",,,,,,,,"","client backend"
2024-06-16 14:31:07.419 CST,"raingage","benchmark",15269,"127.0.0.1:45210",666e86a6.3ba5,24,"SELECT",2024-06-16 14:31:02 CST,5/3,90600,LOG,00000,"execute S_1: SELECT c_discount, c_last, c_credit, w_tax     FROM bmsql_customer     JOIN bmsql_warehouse ON (w_id = c_w_id)     WHERE c_w_id = $1 AND c_d_id = $2 AND c_id = $3 FOR UPDATE","parameters: $1 = '1', $2 = '2', $3 = '90'",,,,,,,,"","client backend"
2024-06-16 14:31:07.440 CST,"raingage","benchmark",15269,"127.0.0.1:45210",666e86a6.3ba5,25,"SELECT",2024-06-16 14:31:02 CST,5/3,90600,LOG,00000,"execute <unnamed>: SELECT i_price, i_name, i_data     FROM bmsql_item     WHERE i_id = $1","parameters: $1 = '56'",,,,,,,,"","client backend"
2024-06-16 14:31:07.461 CST,"raingage","benchmark",15269,"127.0.0.1:45210",666e86a6.3ba5,26,"SELECT",2024-06-16 14:31:02 CST,5/3,90600,LOG,00000,"execute <unnamed>: SELECT s_quantity, s_data,        s_dist_01, s_dist_02, s_dist_03, s_dist_04,        s_dist_05, s_dist_06, s_dist_07, s_dist_08,        s_dist_09, s_dist_10     FROM bmsql_stock     WHERE s_w_id = $1 AND s_i_id = $2  FOR UPDATE","parameters: $1 = '1', $2 = '56'",,,,,,,,"","client backend"
2024-06-16 14:31:07.477 CST,"raingage","benchmark",15269,"127.0.0.1:45210",666e86a6.3ba5,27,"UPDATE",2024-06-16 14:31:02 CST,5/3,90600,LOG,00000,"execute <unnamed>: UPDATE bmsql_stock     SET s_quantity = $1, s_ytd = s_ytd + $2,         s_order_cnt = s_order_cnt + 1,         s_remote_cnt = s_remote_cnt + $3     WHERE s_w_id = $4 AND s_i_id = $5","parameters: $1 = '74', $2 = '3', $3 = '0', $4 = '1', $5 = '56'",,,,,,,,"","client backend"
2024-06-16 14:31:07.497 CST,"raingage","benchmark",15269,"127.0.0.1:45210",666e86a6.3ba5,28,"COMMIT",2024-06-16 14:31:02 CST,5/3,90600,LOG,00000,"execute S_3: COMMIT",,,,,,,,,"","client backend"
2024-06-16 14:31:07.499 CST,"raingage","benchmark",15268,"127.0.0.1:45208",666e86a6.3ba4,32,"SELECT waiting",2024-06-16 14:31:02 CST,4/4,0,LOG,00000,"process 15268 still waiting for ShareLock on transaction 90600 after 1000.858 ms","Process holding the lock: 15269. Wait queue: 15268, 15271.",,,,"while locking tuple (0,21) in relation ""bmsql_customer""","SELECT c_discount, c_last, c_credit, w_tax     FROM bmsql_customer     JOIN bmsql_warehouse ON (w_id = c_w_id)     WHERE c_w_id = $1 AND c_d_id = $2 AND c_id = $3 FOR UPDATE",,,"","client backend"
2024-06-16 14:31:07.499 CST,"raingage","benchmark",15268,"127.0.0.1:45208",666e86a6.3ba4,33,"SELECT waiting",2024-06-16 14:31:02 CST,4/4,0,LOG,00000,"process 15268 acquired ShareLock on transaction 90600 after 1001.105 ms",,,,,"while locking tuple (0,21) in relation ""bmsql_customer""","SELECT c_discount, c_last, c_credit, w_tax     FROM bmsql_customer     JOIN bmsql_warehouse ON (w_id = c_w_id)     WHERE c_w_id = $1 AND c_d_id = $2 AND c_id = $3 FOR UPDATE",,,"","client backend"
2024-06-16 14:31:07.521 CST,"raingage","benchmark",15269,"127.0.0.1:45210",666e86a6.3ba5,29,"BEGIN",2024-06-16 14:31:02 CST,5/4,0,LOG,00000,"execute <unnamed>: BEGIN",,,,,,,,,"","client backend"
2024-06-16 14:31:07.540 CST,"raingage","benchmark",15269,"127.0.0.1:45210",666e86a6.3ba5,30,"SELECT",2024-06-16 14:31:02 CST,5/4,0,LOG,00000,"execute <unnamed>: SELECT d_tax, d_next_o_id     FROM bmsql_district     WHERE d_w_id = $1 AND d_id = $2 ","parameters: $1 = '1', $2 = '2'",,,,,,,,"","client backend"
2024-06-16 14:31:07.570 CST,"raingage","benchmark",15268,"127.0.0.1:45208",666e86a6.3ba4,34,"SELECT",2024-06-16 14:31:02 CST,4/4,90603,LOG,00000,"execute S_1: SELECT c_discount, c_last, c_credit, w_tax     FROM bmsql_customer     JOIN bmsql_warehouse ON (w_id = c_w_id)     WHERE c_w_id = $1 AND c_d_id = $2 AND c_id = $3 FOR UPDATE","parameters: $1 = '1', $2 = '2', $3 = '90'",,,,,,,,"","client backend"
2024-06-16 14:31:07.609 CST,"raingage","benchmark",15269,"127.0.0.1:45210",666e86a6.3ba5,31,"SELECT",2024-06-16 14:31:02 CST,5/4,0,LOG,00000,"execute S_1: SELECT c_discount, c_last, c_credit, w_tax     FROM bmsql_customer     JOIN bmsql_warehouse ON (w_id = c_w_id)     WHERE c_w_id = $1 AND c_d_id = $2 AND c_id = $3 FOR UPDATE","parameters: $1 = '1', $2 = '2', $3 = '77'",,,,,,,,"","client backend"
2024-06-16 14:31:07.636 CST,"raingage","benchmark",15268,"127.0.0.1:45208",666e86a6.3ba4,35,"SELECT",2024-06-16 14:31:02 CST,4/4,90603,LOG,00000,"execute S_1: SELECT c_discount, c_last, c_credit, w_tax     FROM bmsql_customer     JOIN bmsql_warehouse ON (w_id = c_w_id)     WHERE c_w_id = $1 AND c_d_id = $2 AND c_id = $3 FOR UPDATE","parameters: $1 = '1', $2 = '2', $3 = '90'",,,,,,,,"","client backend"
2024-06-16 14:31:07.706 CST,"raingage","benchmark",15268,"127.0.0.1:45208",666e86a6.3ba4,36,"SELECT",2024-06-16 14:31:02 CST,4/4,90603,LOG,00000,"execute S_1: SELECT c_discount, c_last, c_credit, w_tax     FROM bmsql_customer     JOIN bmsql_warehouse ON (w_id = c_w_id)     WHERE c_w_id = $1 AND c_d_id = $2 AND c_id = $3 FOR UPDATE","parameters: $1 = '1', $2 = '2', $3 = '90'",,,,,,,,"","client backend"
2024-06-16 14:31:07.769 CST,"raingage","benchmark",15268,"127.0.0.1:45208",666e86a6.3ba4,37,"SELECT",2024-06-16 14:31:02 CST,4/4,90603,LOG,00000,"execute S_1: SELECT c_discount, c_last, c_credit, w_tax     FROM bmsql_customer     JOIN bmsql_warehouse ON (w_id = c_w_id)     WHERE c_w_id = $1 AND c_d_id = $2 AND c_id = $3 FOR UPDATE","parameters: $1 = '1', $2 = '2', $3 = '90'",,,,,,,,"","client backend"
2024-06-16 14:31:07.836 CST,"raingage","benchmark",15268,"127.0.0.1:45208",666e86a6.3ba4,38,"SELECT",2024-06-16 14:31:02 CST,4/4,90603,LOG,00000,"execute S_1: SELECT c_discount, c_last, c_credit, w_tax     FROM bmsql_customer     JOIN bmsql_warehouse ON (w_id = c_w_id)     WHERE c_w_id = $1 AND c_d_id = $2 AND c_id = $3 FOR UPDATE","parameters: $1 = '1', $2 = '2', $3 = '90'",,,,,,,,"","client backend"
2024-06-16 14:31:07.898 CST,"raingage","benchmark",15268,"127.0.0.1:45208",666e86a6.3ba4,39,"SELECT",2024-06-16 14:31:02 CST,4/4,90603,LOG,00000,"execute S_1: SELECT c_discount, c_last, c_credit, w_tax     FROM bmsql_customer     JOIN bmsql_warehouse ON (w_id = c_w_id)     WHERE c_w_id = $1 AND c_d_id = $2 AND c_id = $3 FOR UPDATE","parameters: $1 = '1', $2 = '2', $3 = '90'",,,,,,,,"","client backend"
2024-06-16 14:31:07.965 CST,"raingage","benchmark",15268,"127.0.0.1:45208",666e86a6.3ba4,40,"SELECT",2024-06-16 14:31:02 CST,4/4,90603,LOG,00000,"execute S_1: SELECT c_discount, c_last, c_credit, w_tax     FROM bmsql_customer     JOIN bmsql_warehouse ON (w_id = c_w_id)     WHERE c_w_id = $1 AND c_d_id = $2 AND c_id = $3 FOR UPDATE","parameters: $1 = '1', $2 = '2', $3 = '90'",,,,,,,,"","client backend"
2024-06-16 14:31:07.980 CST,"raingage","benchmark",15268,"127.0.0.1:45208",666e86a6.3ba4,41,"SELECT",2024-06-16 14:31:02 CST,4/4,90603,LOG,00000,"execute <unnamed>: SELECT i_price, i_name, i_data     FROM bmsql_item     WHERE i_id = $1","parameters: $1 = '56'",,,,,,,,"","client backend"
2024-06-16 14:31:08.001 CST,"raingage","benchmark",15268,"127.0.0.1:45208",666e86a6.3ba4,42,"SELECT",2024-06-16 14:31:02 CST,4/4,90603,LOG,00000,"execute <unnamed>: SELECT s_quantity, s_data,        s_dist_01, s_dist_02, s_dist_03, s_dist_04,        s_dist_05, s_dist_06, s_dist_07, s_dist_08,        s_dist_09, s_dist_10     FROM bmsql_stock     WHERE s_w_id = $1 AND s_i_id = $2  FOR UPDATE","parameters: $1 = '1', $2 = '56'",,,,,,,,"","client backend"
2024-06-16 14:31:08.022 CST,"raingage","benchmark",15268,"127.0.0.1:45208",666e86a6.3ba4,43,"UPDATE",2024-06-16 14:31:02 CST,4/4,90603,LOG,00000,"execute <unnamed>: UPDATE bmsql_stock     SET s_quantity = $1, s_ytd = s_ytd + $2,         s_order_cnt = s_order_cnt + 1,         s_remote_cnt = s_remote_cnt + $3     WHERE s_w_id = $4 AND s_i_id = $5","parameters: $1 = '71', $2 = '3', $3 = '0', $4 = '1', $5 = '56'",,,,,,,,"","client backend"
2024-06-16 14:31:08.038 CST,"raingage","benchmark",15268,"127.0.0.1:45208",666e86a6.3ba4,44,"COMMIT",2024-06-16 14:31:02 CST,4/4,90603,LOG,00000,"execute S_2: COMMIT",,,,,,,,,"","client backend"
2024-06-16 14:31:08.061 CST,"raingage","benchmark",15268,"127.0.0.1:45208",666e86a6.3ba4,45,"BEGIN",2024-06-16 14:31:02 CST,4/5,0,LOG,00000,"execute <unnamed>: BEGIN",,,,,,,,,"","client backend"
2024-06-16 14:31:08.077 CST,"raingage","benchmark",15268,"127.0.0.1:45208",666e86a6.3ba4,46,"SELECT",2024-06-16 14:31:02 CST,4/5,0,LOG,00000,"execute <unnamed>: SELECT d_tax, d_next_o_id     FROM bmsql_district     WHERE d_w_id = $1 AND d_id = $2 ","parameters: $1 = '1', $2 = '2'",,,,,,,,"","client backend"
2024-06-16 14:31:08.105 CST,"raingage","benchmark",15271,"127.0.0.1:45214",666e86a7.3ba7,20,"SELECT",2024-06-16 14:31:03 CST,7/3,90601,LOG,00000,"execute S_1: SELECT c_discount, c_last, c_credit, w_tax     FROM bmsql_customer     JOIN bmsql_warehouse ON (w_id = c_w_id)     WHERE c_w_id = $1 AND c_d_id = $2 AND c_id = $3 FOR UPDATE","parameters: $1 = '1', $2 = '2', $3 = '86'",,,,,,,,"","client backend"
2024-06-16 14:31:08.146 CST,"raingage","benchmark",15268,"127.0.0.1:45208",666e86a6.3ba4,47,"SELECT",2024-06-16 14:31:02 CST,4/5,0,LOG,00000,"execute S_1: SELECT c_discount, c_last, c_credit, w_tax     FROM bmsql_customer     JOIN bmsql_warehouse ON (w_id = c_w_id)     WHERE c_w_id = $1 AND c_d_id = $2 AND c_id = $3 FOR UPDATE","parameters: $1 = '1', $2 = '2', $3 = '72'",,,,,,,,"","client backend"
2024-06-16 14:31:08.170 CST,"raingage","benchmark",15271,"127.0.0.1:45214",666e86a7.3ba7,21,"SELECT",2024-06-16 14:31:03 CST,7/3,90601,LOG,00000,"execute S_1: SELECT c_discount, c_last, c_credit, w_tax     FROM bmsql_customer     JOIN bmsql_warehouse ON (w_id = c_w_id)     WHERE c_w_id = $1 AND c_d_id = $2 AND c_id = $3 FOR UPDATE","parameters: $1 = '1', $2 = '2', $3 = '86'",,,,,,,,"","client backend"
2024-06-16 14:31:08.234 CST,"raingage","benchmark",15271,"127.0.0.1:45214",666e86a7.3ba7,22,"SELECT",2024-06-16 14:31:03 CST,7/3,90601,LOG,00000,"execute S_1: SELECT c_discount, c_last, c_credit, w_tax     FROM bmsql_customer     JOIN bmsql_warehouse ON (w_id = c_w_id)     WHERE c_w_id = $1 AND c_d_id = $2 AND c_id = $3 FOR UPDATE","parameters: $1 = '1', $2 = '2', $3 = '86'",,,,,,,,"","client backend"
2024-06-16 14:31:08.304 CST,"raingage","benchmark",15271,"127.0.0.1:45214",666e86a7.3ba7,23,"SELECT",2024-06-16 14:31:03 CST,7/3,90601,LOG,00000,"execute S_1: SELECT c_discount, c_last, c_credit, w_tax     FROM bmsql_customer     JOIN bmsql_warehouse ON (w_id = c_w_id)     WHERE c_w_id = $1 AND c_d_id = $2 AND c_id = $3 FOR UPDATE","parameters: $1 = '1', $2 = '2', $3 = '86'",,,,,,,,"","client backend"
2024-06-16 14:31:08.372 CST,"raingage","benchmark",15271,"127.0.0.1:45214",666e86a7.3ba7,24,"SELECT",2024-06-16 14:31:03 CST,7/3,90601,LOG,00000,"execute S_1: SELECT c_discount, c_last, c_credit, w_tax     FROM bmsql_customer     JOIN bmsql_warehouse ON (w_id = c_w_id)     WHERE c_w_id = $1 AND c_d_id = $2 AND c_id = $3 FOR UPDATE","parameters: $1 = '1', $2 = '2', $3 = '86'",,,,,,,,"","client backend"
2024-06-16 14:31:08.436 CST,"raingage","benchmark",15271,"127.0.0.1:45214",666e86a7.3ba7,25,"SELECT",2024-06-16 14:31:03 CST,7/3,90601,LOG,00000,"execute S_1: SELECT c_discount, c_last, c_credit, w_tax     FROM bmsql_customer     JOIN bmsql_warehouse ON (w_id = c_w_id)     WHERE c_w_id = $1 AND c_d_id = $2 AND c_id = $3 FOR UPDATE","parameters: $1 = '1', $2 = '2', $3 = '86'",,,,,,,,"","client backend"
2024-06-16 14:31:08.500 CST,"raingage","benchmark",15271,"127.0.0.1:45214",666e86a7.3ba7,26,"SELECT",2024-06-16 14:31:03 CST,7/3,90601,LOG,00000,"execute S_1: SELECT c_discount, c_last, c_credit, w_tax     FROM bmsql_customer     JOIN bmsql_warehouse ON (w_id = c_w_id)     WHERE c_w_id = $1 AND c_d_id = $2 AND c_id = $3 FOR UPDATE","parameters: $1 = '1', $2 = '2', $3 = '86'",,,,,,,,"","client backend"
2024-06-16 14:31:08.516 CST,"raingage","benchmark",15271,"127.0.0.1:45214",666e86a7.3ba7,27,"SELECT",2024-06-16 14:31:03 CST,7/3,90601,LOG,00000,"execute <unnamed>: SELECT i_price, i_name, i_data     FROM bmsql_item     WHERE i_id = $1","parameters: $1 = '74'",,,,,,,,"","client backend"
2024-06-16 14:31:08.528 CST,"raingage","benchmark",15271,"127.0.0.1:45214",666e86a7.3ba7,28,"SELECT",2024-06-16 14:31:03 CST,7/3,90601,LOG,00000,"execute <unnamed>: SELECT s_quantity, s_data,        s_dist_01, s_dist_02, s_dist_03, s_dist_04,        s_dist_05, s_dist_06, s_dist_07, s_dist_08,        s_dist_09, s_dist_10     FROM bmsql_stock     WHERE s_w_id = $1 AND s_i_id = $2  FOR UPDATE","parameters: $1 = '1', $2 = '74'",,,,,,,,"","client backend"
2024-06-16 14:31:08.549 CST,"raingage","benchmark",15271,"127.0.0.1:45214",666e86a7.3ba7,29,"UPDATE",2024-06-16 14:31:03 CST,7/3,90601,LOG,00000,"execute <unnamed>: UPDATE bmsql_stock     SET s_quantity = $1, s_ytd = s_ytd + $2,         s_order_cnt = s_order_cnt + 1,         s_remote_cnt = s_remote_cnt + $3     WHERE s_w_id = $4 AND s_i_id = $5","parameters: $1 = '59', $2 = '5', $3 = '0', $4 = '1', $5 = '74'",,,,,,,,"","client backend"
2024-06-16 14:31:08.568 CST,"raingage","benchmark",15271,"127.0.0.1:45214",666e86a7.3ba7,30,"COMMIT",2024-06-16 14:31:03 CST,7/3,90601,LOG,00000,"execute S_2: COMMIT",,,,,,,,,"","client backend"
2024-06-16 14:31:08.584 CST,"raingage","benchmark",15271,"127.0.0.1:45214",666e86a7.3ba7,31,"BEGIN",2024-06-16 14:31:03 CST,7/4,0,LOG,00000,"execute <unnamed>: BEGIN",,,,,,,,,"","client backend"
2024-06-16 14:31:08.597 CST,"raingage","benchmark",15271,"127.0.0.1:45214",666e86a7.3ba7,32,"SELECT",2024-06-16 14:31:03 CST,7/4,0,LOG,00000,"execute <unnamed>: SELECT d_tax, d_next_o_id     FROM bmsql_district     WHERE d_w_id = $1 AND d_id = $2 ","parameters: $1 = '1', $2 = '2'",,,,,,,,"","client backend"
2024-06-16 14:31:08.609 CST,"raingage","benchmark",15269,"127.0.0.1:45210",666e86a6.3ba5,32,"SELECT waiting",2024-06-16 14:31:02 CST,5/4,0,LOG,00000,"process 15269 still waiting for ShareLock on transaction 90602 after 1000.479 ms","Process holding the lock: 15270. Wait queue: 15269, 15268.",,,,"while locking tuple (0,24) in relation ""bmsql_customer""","SELECT c_discount, c_last, c_credit, w_tax     FROM bmsql_customer     JOIN bmsql_warehouse ON (w_id = c_w_id)     WHERE c_w_id = $1 AND c_d_id = $2 AND c_id = $3 FOR UPDATE",,,"","client backend"
2024-06-16 14:31:08.633 CST,"raingage","benchmark",15270,"127.0.0.1:45212",666e86a6.3ba6,32,"SELECT",2024-06-16 14:31:02 CST,6/4,90602,LOG,00000,"execute S_1: SELECT c_discount, c_last, c_credit, w_tax     FROM bmsql_customer     JOIN bmsql_warehouse ON (w_id = c_w_id)     WHERE c_w_id = $1 AND c_d_id = $2 AND c_id = $3 FOR UPDATE","parameters: $1 = '1', $2 = '2', $3 = '77'",,,,,,,,"","client backend"
2024-06-16 14:31:08.663 CST,"raingage","benchmark",15271,"127.0.0.1:45214",666e86a7.3ba7,33,"SELECT",2024-06-16 14:31:03 CST,7/4,0,LOG,00000,"execute S_1: SELECT c_discount, c_last, c_credit, w_tax     FROM bmsql_customer     JOIN bmsql_warehouse ON (w_id = c_w_id)     WHERE c_w_id = $1 AND c_d_id = $2 AND c_id = $3 FOR UPDATE","parameters: $1 = '1', $2 = '2', $3 = '72'",,,,,,,,"","client backend"
2024-06-16 14:31:08.700 CST,"raingage","benchmark",15270,"127.0.0.1:45212",666e86a6.3ba6,33,"SELECT",2024-06-16 14:31:02 CST,6/4,90602,LOG,00000,"execute S_1: SELECT c_discount, c_last, c_credit, w_tax     FROM bmsql_customer     JOIN bmsql_warehouse ON (w_id = c_w_id)     WHERE c_w_id = $1 AND c_d_id = $2 AND c_id = $3 FOR UPDATE","parameters: $1 = '1', $2 = '2', $3 = '77'",,,,,,,,"","client backend"
2024-06-16 14:31:08.772 CST,"raingage","benchmark",15270,"127.0.0.1:45212",666e86a6.3ba6,34,"SELECT",2024-06-16 14:31:02 CST,6/4,90602,LOG,00000,"execute S_1: SELECT c_discount, c_last, c_credit, w_tax     FROM bmsql_customer     JOIN bmsql_warehouse ON (w_id = c_w_id)     WHERE c_w_id = $1 AND c_d_id = $2 AND c_id = $3 FOR UPDATE","parameters: $1 = '1', $2 = '2', $3 = '77'",,,,,,,,"","client backend"
2024-06-16 14:31:08.840 CST,"raingage","benchmark",15270,"127.0.0.1:45212",666e86a6.3ba6,35,"SELECT",2024-06-16 14:31:02 CST,6/4,90602,LOG,00000,"execute S_1: SELECT c_discount, c_last, c_credit, w_tax     FROM bmsql_customer     JOIN bmsql_warehouse ON (w_id = c_w_id)     WHERE c_w_id = $1 AND c_d_id = $2 AND c_id = $3 FOR UPDATE","parameters: $1 = '1', $2 = '2', $3 = '77'",,,,,,,,"","client backend"
2024-06-16 14:31:08.905 CST,"raingage","benchmark",15270,"127.0.0.1:45212",666e86a6.3ba6,36,"SELECT",2024-06-16 14:31:02 CST,6/4,90602,LOG,00000,"execute S_1: SELECT c_discount, c_last, c_credit, w_tax     FROM bmsql_customer     JOIN bmsql_warehouse ON (w_id = c_w_id)     WHERE c_w_id = $1 AND c_d_id = $2 AND c_id = $3 FOR UPDATE","parameters: $1 = '1', $2 = '2', $3 = '77'",,,,,,,,"","client backend"
2024-06-16 14:31:08.970 CST,"raingage","benchmark",15270,"127.0.0.1:45212",666e86a6.3ba6,37,"SELECT",2024-06-16 14:31:02 CST,6/4,90602,LOG,00000,"execute S_1: SELECT c_discount, c_last, c_credit, w_tax     FROM bmsql_customer     JOIN bmsql_warehouse ON (w_id = c_w_id)     WHERE c_w_id = $1 AND c_d_id = $2 AND c_id = $3 FOR UPDATE","parameters: $1 = '1', $2 = '2', $3 = '77'",,,,,,,,"","client backend"
2024-06-16 14:31:09.040 CST,"raingage","benchmark",15270,"127.0.0.1:45212",666e86a6.3ba6,38,"SELECT",2024-06-16 14:31:02 CST,6/4,90602,LOG,00000,"execute S_1: SELECT c_discount, c_last, c_credit, w_tax     FROM bmsql_customer     JOIN bmsql_warehouse ON (w_id = c_w_id)     WHERE c_w_id = $1 AND c_d_id = $2 AND c_id = $3 FOR UPDATE","parameters: $1 = '1', $2 = '2', $3 = '77'",,,,,,,,"","client backend"
2024-06-16 14:31:09.062 CST,"raingage","benchmark",15270,"127.0.0.1:45212",666e86a6.3ba6,39,"SELECT",2024-06-16 14:31:02 CST,6/4,90602,LOG,00000,"execute <unnamed>: SELECT i_price, i_name, i_data     FROM bmsql_item     WHERE i_id = $1","parameters: $1 = '38'",,,,,,,,"","client backend"
2024-06-16 14:31:09.077 CST,"raingage","benchmark",15270,"127.0.0.1:45212",666e86a6.3ba6,40,"SELECT",2024-06-16 14:31:02 CST,6/4,90602,LOG,00000,"execute <unnamed>: SELECT s_quantity, s_data,        s_dist_01, s_dist_02, s_dist_03, s_dist_04,        s_dist_05, s_dist_06, s_dist_07, s_dist_08,        s_dist_09, s_dist_10     FROM bmsql_stock     WHERE s_w_id = $1 AND s_i_id = $2  FOR UPDATE","parameters: $1 = '1', $2 = '38'",,,,,,,,"","client backend"
2024-06-16 14:31:09.093 CST,"raingage","benchmark",15270,"127.0.0.1:45212",666e86a6.3ba6,41,"UPDATE",2024-06-16 14:31:02 CST,6/4,90602,LOG,00000,"execute <unnamed>: UPDATE bmsql_stock     SET s_quantity = $1, s_ytd = s_ytd + $2,         s_order_cnt = s_order_cnt + 1,         s_remote_cnt = s_remote_cnt + $3     WHERE s_w_id = $4 AND s_i_id = $5","parameters: $1 = '59', $2 = '8', $3 = '0', $4 = '1', $5 = '38'",,,,,,,,"","client backend"
2024-06-16 14:31:09.114 CST,"raingage","benchmark",15270,"127.0.0.1:45212",666e86a6.3ba6,42,"COMMIT",2024-06-16 14:31:02 CST,6/4,90602,LOG,00000,"execute S_2: COMMIT",,,,,,,,,"","client backend"
2024-06-16 14:31:09.116 CST,"raingage","benchmark",15269,"127.0.0.1:45210",666e86a6.3ba5,33,"SELECT waiting",2024-06-16 14:31:02 CST,5/4,0,LOG,00000,"process 15269 acquired ShareLock on transaction 90602 after 1506.991 ms",,,,,"while locking tuple (0,24) in relation ""bmsql_customer""","SELECT c_discount, c_last, c_credit, w_tax     FROM bmsql_customer     JOIN bmsql_warehouse ON (w_id = c_w_id)     WHERE c_w_id = $1 AND c_d_id = $2 AND c_id = $3 FOR UPDATE",,,"","client backend"
2024-06-16 14:31:09.137 CST,"raingage","benchmark",15270,"127.0.0.1:45212",666e86a6.3ba6,43,"BEGIN",2024-06-16 14:31:02 CST,6/5,0,LOG,00000,"execute <unnamed>: BEGIN",,,,,,,,,"","client backend"
2024-06-16 14:31:09.153 CST,"raingage","benchmark",15270,"127.0.0.1:45212",666e86a6.3ba6,44,"SELECT",2024-06-16 14:31:02 CST,6/5,0,LOG,00000,"execute <unnamed>: SELECT d_tax, d_next_o_id     FROM bmsql_district     WHERE d_w_id = $1 AND d_id = $2 ","parameters: $1 = '1', $2 = '2'",,,,,,,,"","client backend"
2024-06-16 14:31:09.180 CST,"raingage","benchmark",15269,"127.0.0.1:45210",666e86a6.3ba5,34,"SELECT",2024-06-16 14:31:02 CST,5/4,90605,LOG,00000,"execute S_1: SELECT c_discount, c_last, c_credit, w_tax     FROM bmsql_customer     JOIN bmsql_warehouse ON (w_id = c_w_id)     WHERE c_w_id = $1 AND c_d_id = $2 AND c_id = $3 FOR UPDATE","parameters: $1 = '1', $2 = '2', $3 = '77'",,,,,,,,"","client backend"
2024-06-16 14:31:09.224 CST,"raingage","benchmark",15270,"127.0.0.1:45212",666e86a6.3ba6,45,"SELECT",2024-06-16 14:31:02 CST,6/5,0,LOG,00000,"execute S_1: SELECT c_discount, c_last, c_credit, w_tax     FROM bmsql_customer     JOIN bmsql_warehouse ON (w_id = c_w_id)     WHERE c_w_id = $1 AND c_d_id = $2 AND c_id = $3 FOR UPDATE","parameters: $1 = '1', $2 = '2', $3 = '59'",,,,,,,,"","client backend"
2024-06-16 14:31:09.252 CST,"raingage","benchmark",15269,"127.0.0.1:45210",666e86a6.3ba5,35,"SELECT",2024-06-16 14:31:02 CST,5/4,90605,LOG,00000,"execute S_1: SELECT c_discount, c_last, c_credit, w_tax     FROM bmsql_customer     JOIN bmsql_warehouse ON (w_id = c_w_id)     WHERE c_w_id = $1 AND c_d_id = $2 AND c_id = $3 FOR UPDATE","parameters: $1 = '1', $2 = '2', $3 = '77'",,,,,,,,"","client backend"
2024-06-16 14:31:09.321 CST,"raingage","benchmark",15269,"127.0.0.1:45210",666e86a6.3ba5,36,"SELECT",2024-06-16 14:31:02 CST,5/4,90605,LOG,00000,"execute S_1: SELECT c_discount, c_last, c_credit, w_tax     FROM bmsql_customer     JOIN bmsql_warehouse ON (w_id = c_w_id)     WHERE c_w_id = $1 AND c_d_id = $2 AND c_id = $3 FOR UPDATE","parameters: $1 = '1', $2 = '2', $3 = '77'",,,,,,,,"","client backend"
2024-06-16 14:31:09.387 CST,"raingage","benchmark",15269,"127.0.0.1:45210",666e86a6.3ba5,37,"SELECT",2024-06-16 14:31:02 CST,5/4,90605,LOG,00000,"execute S_1: SELECT c_discount, c_last, c_credit, w_tax     FROM bmsql_customer     JOIN bmsql_warehouse ON (w_id = c_w_id)     WHERE c_w_id = $1 AND c_d_id = $2 AND c_id = $3 FOR UPDATE","parameters: $1 = '1', $2 = '2', $3 = '77'",,,,,,,,"","client backend"
2024-06-16 14:31:09.460 CST,"raingage","benchmark",15269,"127.0.0.1:45210",666e86a6.3ba5,38,"SELECT",2024-06-16 14:31:02 CST,5/4,90605,LOG,00000,"execute S_1: SELECT c_discount, c_last, c_credit, w_tax     FROM bmsql_customer     JOIN bmsql_warehouse ON (w_id = c_w_id)     WHERE c_w_id = $1 AND c_d_id = $2 AND c_id = $3 FOR UPDATE","parameters: $1 = '1', $2 = '2', $3 = '77'",,,,,,,,"","client backend"
2024-06-16 14:31:09.529 CST,"raingage","benchmark",15269,"127.0.0.1:45210",666e86a6.3ba5,39,"SELECT",2024-06-16 14:31:02 CST,5/4,90605,LOG,00000,"execute S_1: SELECT c_discount, c_last, c_credit, w_tax     FROM bmsql_customer     JOIN bmsql_warehouse ON (w_id = c_w_id)     WHERE c_w_id = $1 AND c_d_id = $2 AND c_id = $3 FOR UPDATE","parameters: $1 = '1', $2 = '2', $3 = '77'",,,,,,,,"","client backend"
2024-06-16 14:31:09.596 CST,"raingage","benchmark",15269,"127.0.0.1:45210",666e86a6.3ba5,40,"SELECT",2024-06-16 14:31:02 CST,5/4,90605,LOG,00000,"execute S_1: SELECT c_discount, c_last, c_credit, w_tax     FROM bmsql_customer     JOIN bmsql_warehouse ON (w_id = c_w_id)     WHERE c_w_id = $1 AND c_d_id = $2 AND c_id = $3 FOR UPDATE","parameters: $1 = '1', $2 = '2', $3 = '77'",,,,,,,,"","client backend"
2024-06-16 14:31:09.608 CST,"raingage","benchmark",15269,"127.0.0.1:45210",666e86a6.3ba5,41,"SELECT",2024-06-16 14:31:02 CST,5/4,90605,LOG,00000,"execute <unnamed>: SELECT i_price, i_name, i_data     FROM bmsql_item     WHERE i_id = $1","parameters: $1 = '38'",,,,,,,,"","client backend"
2024-06-16 14:31:09.620 CST,"raingage","benchmark",15269,"127.0.0.1:45210",666e86a6.3ba5,42,"SELECT",2024-06-16 14:31:02 CST,5/4,90605,LOG,00000,"execute <unnamed>: SELECT s_quantity, s_data,        s_dist_01, s_dist_02, s_dist_03, s_dist_04,        s_dist_05, s_dist_06, s_dist_07, s_dist_08,        s_dist_09, s_dist_10     FROM bmsql_stock     WHERE s_w_id = $1 AND s_i_id = $2  FOR UPDATE","parameters: $1 = '1', $2 = '38'",,,,,,,,"","client backend"
2024-06-16 14:31:09.635 CST,"raingage","benchmark",15269,"127.0.0.1:45210",666e86a6.3ba5,43,"UPDATE",2024-06-16 14:31:02 CST,5/4,90605,LOG,00000,"execute <unnamed>: UPDATE bmsql_stock     SET s_quantity = $1, s_ytd = s_ytd + $2,         s_order_cnt = s_order_cnt + 1,         s_remote_cnt = s_remote_cnt + $3     WHERE s_w_id = $4 AND s_i_id = $5","parameters: $1 = '51', $2 = '8', $3 = '0', $4 = '1', $5 = '38'",,,,,,,,"","client backend"
2024-06-16 14:31:09.656 CST,"raingage","benchmark",15269,"127.0.0.1:45210",666e86a6.3ba5,44,"COMMIT",2024-06-16 14:31:02 CST,5/4,90605,LOG,00000,"execute S_3: COMMIT",,,,,,,,,"","client backend"
2024-06-16 14:31:09.663 CST,"raingage","benchmark",15271,"127.0.0.1:45214",666e86a7.3ba7,34,"SELECT waiting",2024-06-16 14:31:03 CST,7/4,0,LOG,00000,"process 15271 still waiting for ShareLock on transaction 90604 after 1000.417 ms","Process holding the lock: 15268. Wait queue: 15271, 15270.",,,,"while locking tuple (0,27) in relation ""bmsql_customer""","SELECT c_discount, c_last, c_credit, w_tax     FROM bmsql_customer     JOIN bmsql_warehouse ON (w_id = c_w_id)     WHERE c_w_id = $1 AND c_d_id = $2 AND c_id = $3 FOR UPDATE",,,"","client backend"
2024-06-16 14:31:09.671 CST,"raingage","benchmark",15269,"127.0.0.1:45210",666e86a6.3ba5,45,"BEGIN",2024-06-16 14:31:02 CST,5/5,0,LOG,00000,"execute <unnamed>: BEGIN",,,,,,,,,"","client backend"
2024-06-16 14:31:09.689 CST,"raingage","benchmark",15269,"127.0.0.1:45210",666e86a6.3ba5,46,"SELECT",2024-06-16 14:31:02 CST,5/5,0,LOG,00000,"execute <unnamed>: SELECT d_tax, d_next_o_id     FROM bmsql_district     WHERE d_w_id = $1 AND d_id = $2 ","parameters: $1 = '1', $2 = '2'",,,,,,,,"","client backend"
2024-06-16 14:31:09.726 CST,"raingage","benchmark",15268,"127.0.0.1:45208",666e86a6.3ba4,48,"SELECT",2024-06-16 14:31:02 CST,4/5,90604,LOG,00000,"execute S_1: SELECT c_discount, c_last, c_credit, w_tax     FROM bmsql_customer     JOIN bmsql_warehouse ON (w_id = c_w_id)     WHERE c_w_id = $1 AND c_d_id = $2 AND c_id = $3 FOR UPDATE","parameters: $1 = '1', $2 = '2', $3 = '72'",,,,,,,,"","client backend"
2024-06-16 14:31:09.756 CST,"raingage","benchmark",15269,"127.0.0.1:45210",666e86a6.3ba5,47,"SELECT",2024-06-16 14:31:02 CST,5/5,0,LOG,00000,"execute S_1: SELECT c_discount, c_last, c_credit, w_tax     FROM bmsql_customer     JOIN bmsql_warehouse ON (w_id = c_w_id)     WHERE c_w_id = $1 AND c_d_id = $2 AND c_id = $3 FOR UPDATE","parameters: $1 = '1', $2 = '2', $3 = '59'",,,,,,,,"","client backend"
2024-06-16 14:31:09.793 CST,"raingage","benchmark",15268,"127.0.0.1:45208",666e86a6.3ba4,49,"SELECT",2024-06-16 14:31:02 CST,4/5,90604,LOG,00000,"execute S_1: SELECT c_discount, c_last, c_credit, w_tax     FROM bmsql_customer     JOIN bmsql_warehouse ON (w_id = c_w_id)     WHERE c_w_id = $1 AND c_d_id = $2 AND c_id = $3 FOR UPDATE","parameters: $1 = '1', $2 = '2', $3 = '72'",,,,,,,,"","client backend"
2024-06-16 14:31:09.857 CST,"raingage","benchmark",15268,"127.0.0.1:45208",666e86a6.3ba4,50,"SELECT",2024-06-16 14:31:02 CST,4/5,90604,LOG,00000,"execute S_1: SELECT c_discount, c_last, c_credit, w_tax     FROM bmsql_customer     JOIN bmsql_warehouse ON (w_id = c_w_id)     WHERE c_w_id = $1 AND c_d_id = $2 AND c_id = $3 FOR UPDATE","parameters: $1 = '1', $2 = '2', $3 = '72'",,,,,,,,"","client backend"
2024-06-16 14:31:09.920 CST,"raingage","benchmark",15268,"127.0.0.1:45208",666e86a6.3ba4,51,"SELECT",2024-06-16 14:31:02 CST,4/5,90604,LOG,00000,"execute S_1: SELECT c_discount, c_last, c_credit, w_tax     FROM bmsql_customer     JOIN bmsql_warehouse ON (w_id = c_w_id)     WHERE c_w_id = $1 AND c_d_id = $2 AND c_id = $3 FOR UPDATE","parameters: $1 = '1', $2 = '2', $3 = '72'",,,,,,,,"","client backend"
2024-06-16 14:31:09.983 CST,"raingage","benchmark",15268,"127.0.0.1:45208",666e86a6.3ba4,52,"SELECT",2024-06-16 14:31:02 CST,4/5,90604,LOG,00000,"execute S_1: SELECT c_discount, c_last, c_credit, w_tax     FROM bmsql_customer     JOIN bmsql_warehouse ON (w_id = c_w_id)     WHERE c_w_id = $1 AND c_d_id = $2 AND c_id = $3 FOR UPDATE","parameters: $1 = '1', $2 = '2', $3 = '72'",,,,,,,,"","client backend"
2024-06-16 14:31:10.052 CST,"raingage","benchmark",15268,"127.0.0.1:45208",666e86a6.3ba4,53,"SELECT",2024-06-16 14:31:02 CST,4/5,90604,LOG,00000,"execute S_1: SELECT c_discount, c_last, c_credit, w_tax     FROM bmsql_customer     JOIN bmsql_warehouse ON (w_id = c_w_id)     WHERE c_w_id = $1 AND c_d_id = $2 AND c_id = $3 FOR UPDATE","parameters: $1 = '1', $2 = '2', $3 = '72'",,,,,,,,"","client backend"
2024-06-16 14:31:10.118 CST,"raingage","benchmark",15268,"127.0.0.1:45208",666e86a6.3ba4,54,"SELECT",2024-06-16 14:31:02 CST,4/5,90604,LOG,00000,"execute S_1: SELECT c_discount, c_last, c_credit, w_tax     FROM bmsql_customer     JOIN bmsql_warehouse ON (w_id = c_w_id)     WHERE c_w_id = $1 AND c_d_id = $2 AND c_id = $3 FOR UPDATE","parameters: $1 = '1', $2 = '2', $3 = '72'",,,,,,,,"","client backend"
2024-06-16 14:31:10.132 CST,"raingage","benchmark",15268,"127.0.0.1:45208",666e86a6.3ba4,55,"SELECT",2024-06-16 14:31:02 CST,4/5,90604,LOG,00000,"execute <unnamed>: SELECT i_price, i_name, i_data     FROM bmsql_item     WHERE i_id = $1","parameters: $1 = '30'",,,,,,,,"","client backend"
2024-06-16 14:31:10.151 CST,"raingage","benchmark",15268,"127.0.0.1:45208",666e86a6.3ba4,56,"SELECT",2024-06-16 14:31:02 CST,4/5,90604,LOG,00000,"execute <unnamed>: SELECT s_quantity, s_data,        s_dist_01, s_dist_02, s_dist_03, s_dist_04,        s_dist_05, s_dist_06, s_dist_07, s_dist_08,        s_dist_09, s_dist_10     FROM bmsql_stock     WHERE s_w_id = $1 AND s_i_id = $2  FOR UPDATE","parameters: $1 = '1', $2 = '30'",,,,,,,,"","client backend"
2024-06-16 14:31:10.170 CST,"raingage","benchmark",15268,"127.0.0.1:45208",666e86a6.3ba4,57,"UPDATE",2024-06-16 14:31:02 CST,4/5,90604,LOG,00000,"execute <unnamed>: UPDATE bmsql_stock     SET s_quantity = $1, s_ytd = s_ytd + $2,         s_order_cnt = s_order_cnt + 1,         s_remote_cnt = s_remote_cnt + $3     WHERE s_w_id = $4 AND s_i_id = $5","parameters: $1 = '67', $2 = '1', $3 = '0', $4 = '1', $5 = '30'",,,,,,,,"","client backend"
2024-06-16 14:31:10.190 CST,"raingage","benchmark",15268,"127.0.0.1:45208",666e86a6.3ba4,58,"COMMIT",2024-06-16 14:31:02 CST,4/5,90604,LOG,00000,"execute S_2: COMMIT",,,,,,,,,"","client backend"
2024-06-16 14:31:10.191 CST,"raingage","benchmark",15271,"127.0.0.1:45214",666e86a7.3ba7,35,"SELECT waiting",2024-06-16 14:31:03 CST,7/4,0,LOG,00000,"process 15271 acquired ShareLock on transaction 90604 after 1528.166 ms",,,,,"while locking tuple (0,27) in relation ""bmsql_customer""","SELECT c_discount, c_last, c_credit, w_tax     FROM bmsql_customer     JOIN bmsql_warehouse ON (w_id = c_w_id)     WHERE c_w_id = $1 AND c_d_id = $2 AND c_id = $3 FOR UPDATE",,,"","client backend"
2024-06-16 14:31:10.209 CST,"raingage","benchmark",15268,"127.0.0.1:45208",666e86a6.3ba4,59,"BEGIN",2024-06-16 14:31:02 CST,4/6,0,LOG,00000,"execute S_3: BEGIN",,,,,,,,,"","client backend"
2024-06-16 14:31:10.228 CST,"raingage","benchmark",15268,"127.0.0.1:45208",666e86a6.3ba4,60,"SELECT",2024-06-16 14:31:02 CST,4/6,0,LOG,00000,"execute S_4: SELECT d_tax, d_next_o_id     FROM bmsql_district     WHERE d_w_id = $1 AND d_id = $2 ","parameters: $1 = '1', $2 = '2'",,,,,,,,"","client backend"
2024-06-16 14:31:10.259 CST,"raingage","benchmark",15270,"127.0.0.1:45212",666e86a6.3ba6,46,"SELECT",2024-06-16 14:31:02 CST,6/5,90606,LOG,00000,"execute S_1: SELECT c_discount, c_last, c_credit, w_tax     FROM bmsql_customer     JOIN bmsql_warehouse ON (w_id = c_w_id)     WHERE c_w_id = $1 AND c_d_id = $2 AND c_id = $3 FOR UPDATE","parameters: $1 = '1', $2 = '2', $3 = '59'",,,,,,,,"","client backend"
2024-06-16 14:31:10.296 CST,"raingage","benchmark",15268,"127.0.0.1:45208",666e86a6.3ba4,61,"SELECT",2024-06-16 14:31:02 CST,4/6,0,LOG,00000,"execute S_1: SELECT c_discount, c_last, c_credit, w_tax     FROM bmsql_customer     JOIN bmsql_warehouse ON (w_id = c_w_id)     WHERE c_w_id = $1 AND c_d_id = $2 AND c_id = $3 FOR UPDATE","parameters: $1 = '1', $2 = '2', $3 = '8'",,,,,,,,"","client backend"
2024-06-16 14:31:10.327 CST,"raingage","benchmark",15270,"127.0.0.1:45212",666e86a6.3ba6,47,"SELECT",2024-06-16 14:31:02 CST,6/5,90606,LOG,00000,"execute S_1: SELECT c_discount, c_last, c_credit, w_tax     FROM bmsql_customer     JOIN bmsql_warehouse ON (w_id = c_w_id)     WHERE c_w_id = $1 AND c_d_id = $2 AND c_id = $3 FOR UPDATE","parameters: $1 = '1', $2 = '2', $3 = '59'",,,,,,,,"","client backend"
2024-06-16 14:31:10.396 CST,"raingage","benchmark",15270,"127.0.0.1:45212",666e86a6.3ba6,48,"SELECT",2024-06-16 14:31:02 CST,6/5,90606,LOG,00000,"execute S_1: SELECT c_discount, c_last, c_credit, w_tax     FROM bmsql_customer     JOIN bmsql_warehouse ON (w_id = c_w_id)     WHERE c_w_id = $1 AND c_d_id = $2 AND c_id = $3 FOR UPDATE","parameters: $1 = '1', $2 = '2', $3 = '59'",,,,,,,,"","client backend"
2024-06-16 14:31:10.461 CST,"raingage","benchmark",15270,"127.0.0.1:45212",666e86a6.3ba6,49,"SELECT",2024-06-16 14:31:02 CST,6/5,90606,LOG,00000,"execute S_1: SELECT c_discount, c_last, c_credit, w_tax     FROM bmsql_customer     JOIN bmsql_warehouse ON (w_id = c_w_id)     WHERE c_w_id = $1 AND c_d_id = $2 AND c_id = $3 FOR UPDATE","parameters: $1 = '1', $2 = '2', $3 = '59'",,,,,,,,"","client backend"
2024-06-16 14:31:10.533 CST,"raingage","benchmark",15270,"127.0.0.1:45212",666e86a6.3ba6,50,"SELECT",2024-06-16 14:31:02 CST,6/5,90606,LOG,00000,"execute S_1: SELECT c_discount, c_last, c_credit, w_tax     FROM bmsql_customer     JOIN bmsql_warehouse ON (w_id = c_w_id)     WHERE c_w_id = $1 AND c_d_id = $2 AND c_id = $3 FOR UPDATE","parameters: $1 = '1', $2 = '2', $3 = '59'",,,,,,,,"","client backend"
2024-06-16 14:31:10.603 CST,"raingage","benchmark",15270,"127.0.0.1:45212",666e86a6.3ba6,51,"SELECT",2024-06-16 14:31:02 CST,6/5,90606,LOG,00000,"execute S_1: SELECT c_discount, c_last, c_credit, w_tax     FROM bmsql_customer     JOIN bmsql_warehouse ON (w_id = c_w_id)     WHERE c_w_id = $1 AND c_d_id = $2 AND c_id = $3 FOR UPDATE","parameters: $1 = '1', $2 = '2', $3 = '59'",,,,,,,,"","client backend"
2024-06-16 14:31:10.658 CST,"raingage","benchmark",15270,"127.0.0.1:45212",666e86a6.3ba6,52,"SELECT",2024-06-16 14:31:02 CST,6/5,90606,LOG,00000,"execute S_1: SELECT c_discount, c_last, c_credit, w_tax     FROM bmsql_customer     JOIN bmsql_warehouse ON (w_id = c_w_id)     WHERE c_w_id = $1 AND c_d_id = $2 AND c_id = $3 FOR UPDATE","parameters: $1 = '1', $2 = '2', $3 = '59'",,,,,,,,"","client backend"
2024-06-16 14:31:10.671 CST,"raingage","benchmark",15270,"127.0.0.1:45212",666e86a6.3ba6,53,"SELECT",2024-06-16 14:31:02 CST,6/5,90606,LOG,00000,"execute <unnamed>: SELECT i_price, i_name, i_data     FROM bmsql_item     WHERE i_id = $1","parameters: $1 = '1'",,,,,,,,"","client backend"
2024-06-16 14:31:10.688 CST,"raingage","benchmark",15270,"127.0.0.1:45212",666e86a6.3ba6,54,"SELECT",2024-06-16 14:31:02 CST,6/5,90606,LOG,00000,"execute <unnamed>: SELECT s_quantity, s_data,        s_dist_01, s_dist_02, s_dist_03, s_dist_04,        s_dist_05, s_dist_06, s_dist_07, s_dist_08,        s_dist_09, s_dist_10     FROM bmsql_stock     WHERE s_w_id = $1 AND s_i_id = $2  FOR UPDATE","parameters: $1 = '1', $2 = '1'",,,,,,,,"","client backend"
2024-06-16 14:31:10.703 CST,"raingage","benchmark",15270,"127.0.0.1:45212",666e86a6.3ba6,55,"UPDATE",2024-06-16 14:31:02 CST,6/5,90606,LOG,00000,"execute <unnamed>: UPDATE bmsql_stock     SET s_quantity = $1, s_ytd = s_ytd + $2,         s_order_cnt = s_order_cnt + 1,         s_remote_cnt = s_remote_cnt + $3     WHERE s_w_id = $4 AND s_i_id = $5","parameters: $1 = '81', $2 = '2', $3 = '0', $4 = '1', $5 = '1'",,,,,,,,"","client backend"
2024-06-16 14:31:10.714 CST,"raingage","benchmark",15270,"127.0.0.1:45212",666e86a6.3ba6,56,"COMMIT",2024-06-16 14:31:02 CST,6/5,90606,LOG,00000,"execute S_2: COMMIT",,,,,,,,,"","client backend"
2024-06-16 14:31:10.730 CST,"raingage","benchmark",15270,"127.0.0.1:45212",666e86a6.3ba6,57,"BEGIN",2024-06-16 14:31:02 CST,6/6,0,LOG,00000,"execute S_3: BEGIN",,,,,,,,,"","client backend"
2024-06-16 14:31:10.742 CST,"raingage","benchmark",15270,"127.0.0.1:45212",666e86a6.3ba6,58,"SELECT",2024-06-16 14:31:02 CST,6/6,0,LOG,00000,"execute S_4: SELECT d_tax, d_next_o_id     FROM bmsql_district     WHERE d_w_id = $1 AND d_id = $2 ","parameters: $1 = '1', $2 = '2'",,,,,,,,"","client backend"
2024-06-16 14:31:10.784 CST,"raingage","benchmark",15269,"127.0.0.1:45210",666e86a6.3ba5,48,"SELECT",2024-06-16 14:31:02 CST,5/5,90609,LOG,00000,"execute S_1: SELECT c_discount, c_last, c_credit, w_tax     FROM bmsql_customer     JOIN bmsql_warehouse ON (w_id = c_w_id)     WHERE c_w_id = $1 AND c_d_id = $2 AND c_id = $3 FOR UPDATE","parameters: $1 = '1', $2 = '2', $3 = '59'",,,,,,,,"","client backend"
2024-06-16 14:31:10.811 CST,"raingage","benchmark",15270,"127.0.0.1:45212",666e86a6.3ba6,59,"SELECT",2024-06-16 14:31:02 CST,6/6,0,LOG,00000,"execute S_1: SELECT c_discount, c_last, c_credit, w_tax     FROM bmsql_customer     JOIN bmsql_warehouse ON (w_id = c_w_id)     WHERE c_w_id = $1 AND c_d_id = $2 AND c_id = $3 FOR UPDATE","parameters: $1 = '1', $2 = '2', $3 = '8'",,,,,,,,"","client backend"
2024-06-16 14:31:10.851 CST,"raingage","benchmark",15269,"127.0.0.1:45210",666e86a6.3ba5,49,"SELECT",2024-06-16 14:31:02 CST,5/5,90609,LOG,00000,"execute S_1: SELECT c_discount, c_last, c_credit, w_tax     FROM bmsql_customer     JOIN bmsql_warehouse ON (w_id = c_w_id)     WHERE c_w_id = $1 AND c_d_id = $2 AND c_id = $3 FOR UPDATE","parameters: $1 = '1', $2 = '2', $3 = '59'",,,,,,,,"","client backend"
2024-06-16 14:31:10.916 CST,"raingage","benchmark",15269,"127.0.0.1:45210",666e86a6.3ba5,50,"SELECT",2024-06-16 14:31:02 CST,5/5,90609,LOG,00000,"execute S_1: SELECT c_discount, c_last, c_credit, w_tax     FROM bmsql_customer     JOIN bmsql_warehouse ON (w_id = c_w_id)     WHERE c_w_id = $1 AND c_d_id = $2 AND c_id = $3 FOR UPDATE","parameters: $1 = '1', $2 = '2', $3 = '59'",,,,,,,,"","client backend"
2024-06-16 14:31:10.987 CST,"raingage","benchmark",15269,"127.0.0.1:45210",666e86a6.3ba5,51,"SELECT",2024-06-16 14:31:02 CST,5/5,90609,LOG,00000,"execute S_1: SELECT c_discount, c_last, c_credit, w_tax     FROM bmsql_customer     JOIN bmsql_warehouse ON (w_id = c_w_id)     WHERE c_w_id = $1 AND c_d_id = $2 AND c_id = $3 FOR UPDATE","parameters: $1 = '1', $2 = '2', $3 = '59'",,,,,,,,"","client backend"
2024-06-16 14:31:11.057 CST,"raingage","benchmark",15269,"127.0.0.1:45210",666e86a6.3ba5,52,"SELECT",2024-06-16 14:31:02 CST,5/5,90609,LOG,00000,"execute S_1: SELECT c_discount, c_last, c_credit, w_tax     FROM bmsql_customer     JOIN bmsql_warehouse ON (w_id = c_w_id)     WHERE c_w_id = $1 AND c_d_id = $2 AND c_id = $3 FOR UPDATE","parameters: $1 = '1', $2 = '2', $3 = '59'",,,,,,,,"","client backend"
2024-06-16 14:31:11.120 CST,"raingage","benchmark",15269,"127.0.0.1:45210",666e86a6.3ba5,53,"SELECT",2024-06-16 14:31:02 CST,5/5,90609,LOG,00000,"execute S_1: SELECT c_discount, c_last, c_credit, w_tax     FROM bmsql_customer     JOIN bmsql_warehouse ON (w_id = c_w_id)     WHERE c_w_id = $1 AND c_d_id = $2 AND c_id = $3 FOR UPDATE","parameters: $1 = '1', $2 = '2', $3 = '59'",,,,,,,,"","client backend"
2024-06-16 14:31:11.183 CST,"raingage","benchmark",15269,"127.0.0.1:45210",666e86a6.3ba5,54,"SELECT",2024-06-16 14:31:02 CST,5/5,90609,LOG,00000,"execute S_1: SELECT c_discount, c_last, c_credit, w_tax     FROM bmsql_customer     JOIN bmsql_warehouse ON (w_id = c_w_id)     WHERE c_w_id = $1 AND c_d_id = $2 AND c_id = $3 FOR UPDATE","parameters: $1 = '1', $2 = '2', $3 = '59'",,,,,,,,"","client backend"
2024-06-16 14:31:11.195 CST,"raingage","benchmark",15269,"127.0.0.1:45210",666e86a6.3ba5,55,"SELECT",2024-06-16 14:31:02 CST,5/5,90609,LOG,00000,"execute <unnamed>: SELECT i_price, i_name, i_data     FROM bmsql_item     WHERE i_id = $1","parameters: $1 = '1'",,,,,,,,"","client backend"
2024-06-16 14:31:11.209 CST,"raingage","benchmark",15269,"127.0.0.1:45210",666e86a6.3ba5,56,"SELECT",2024-06-16 14:31:02 CST,5/5,90609,LOG,00000,"execute <unnamed>: SELECT s_quantity, s_data,        s_dist_01, s_dist_02, s_dist_03, s_dist_04,        s_dist_05, s_dist_06, s_dist_07, s_dist_08,        s_dist_09, s_dist_10     FROM bmsql_stock     WHERE s_w_id = $1 AND s_i_id = $2  FOR UPDATE","parameters: $1 = '1', $2 = '1'",,,,,,,,"","client backend"
2024-06-16 14:31:11.225 CST,"raingage","benchmark",15269,"127.0.0.1:45210",666e86a6.3ba5,57,"UPDATE",2024-06-16 14:31:02 CST,5/5,90609,LOG,00000,"execute <unnamed>: UPDATE bmsql_stock     SET s_quantity = $1, s_ytd = s_ytd + $2,         s_order_cnt = s_order_cnt + 1,         s_remote_cnt = s_remote_cnt + $3     WHERE s_w_id = $4 AND s_i_id = $5","parameters: $1 = '79', $2 = '2', $3 = '0', $4 = '1', $5 = '1'",,,,,,,,"","client backend"
2024-06-16 14:31:11.237 CST,"raingage","benchmark",15269,"127.0.0.1:45210",666e86a6.3ba5,58,"COMMIT",2024-06-16 14:31:02 CST,5/5,90609,LOG,00000,"execute S_3: COMMIT",,,,,,,,,"","client backend"
2024-06-16 14:31:11.304 CST,"raingage","benchmark",15271,"127.0.0.1:45214",666e86a7.3ba7,36,"SELECT",2024-06-16 14:31:03 CST,7/4,90607,LOG,00000,"execute S_1: SELECT c_discount, c_last, c_credit, w_tax     FROM bmsql_customer     JOIN bmsql_warehouse ON (w_id = c_w_id)     WHERE c_w_id = $1 AND c_d_id = $2 AND c_id = $3 FOR UPDATE","parameters: $1 = '1', $2 = '2', $3 = '72'",,,,,,,,"","client backend"
2024-06-16 14:31:11.368 CST,"raingage","benchmark",15271,"127.0.0.1:45214",666e86a7.3ba7,37,"SELECT",2024-06-16 14:31:03 CST,7/4,90607,LOG,00000,"execute S_1: SELECT c_discount, c_last, c_credit, w_tax     FROM bmsql_customer     JOIN bmsql_warehouse ON (w_id = c_w_id)     WHERE c_w_id = $1 AND c_d_id = $2 AND c_id = $3 FOR UPDATE","parameters: $1 = '1', $2 = '2', $3 = '72'",,,,,,,,"","client backend"
2024-06-16 14:31:11.433 CST,"raingage","benchmark",15271,"127.0.0.1:45214",666e86a7.3ba7,38,"SELECT",2024-06-16 14:31:03 CST,7/4,90607,LOG,00000,"execute S_1: SELECT c_discount, c_last, c_credit, w_tax     FROM bmsql_customer     JOIN bmsql_warehouse ON (w_id = c_w_id)     WHERE c_w_id = $1 AND c_d_id = $2 AND c_id = $3 FOR UPDATE","parameters: $1 = '1', $2 = '2', $3 = '72'",,,,,,,,"","client backend"
2024-06-16 14:31:11.502 CST,"raingage","benchmark",15271,"127.0.0.1:45214",666e86a7.3ba7,39,"SELECT",2024-06-16 14:31:03 CST,7/4,90607,LOG,00000,"execute S_1: SELECT c_discount, c_last, c_credit, w_tax     FROM bmsql_customer     JOIN bmsql_warehouse ON (w_id = c_w_id)     WHERE c_w_id = $1 AND c_d_id = $2 AND c_id = $3 FOR UPDATE","parameters: $1 = '1', $2 = '2', $3 = '72'",,,,,,,,"","client backend"
2024-06-16 14:31:11.567 CST,"raingage","benchmark",15271,"127.0.0.1:45214",666e86a7.3ba7,40,"SELECT",2024-06-16 14:31:03 CST,7/4,90607,LOG,00000,"execute S_1: SELECT c_discount, c_last, c_credit, w_tax     FROM bmsql_customer     JOIN bmsql_warehouse ON (w_id = c_w_id)     WHERE c_w_id = $1 AND c_d_id = $2 AND c_id = $3 FOR UPDATE","parameters: $1 = '1', $2 = '2', $3 = '72'",,,,,,,,"","client backend"
2024-06-16 14:31:11.635 CST,"raingage","benchmark",15271,"127.0.0.1:45214",666e86a7.3ba7,41,"SELECT",2024-06-16 14:31:03 CST,7/4,90607,LOG,00000,"execute S_1: SELECT c_discount, c_last, c_credit, w_tax     FROM bmsql_customer     JOIN bmsql_warehouse ON (w_id = c_w_id)     WHERE c_w_id = $1 AND c_d_id = $2 AND c_id = $3 FOR UPDATE","parameters: $1 = '1', $2 = '2', $3 = '72'",,,,,,,,"","client backend"
2024-06-16 14:31:11.703 CST,"raingage","benchmark",15271,"127.0.0.1:45214",666e86a7.3ba7,42,"SELECT",2024-06-16 14:31:03 CST,7/4,90607,LOG,00000,"execute S_1: SELECT c_discount, c_last, c_credit, w_tax     FROM bmsql_customer     JOIN bmsql_warehouse ON (w_id = c_w_id)     WHERE c_w_id = $1 AND c_d_id = $2 AND c_id = $3 FOR UPDATE","parameters: $1 = '1', $2 = '2', $3 = '72'",,,,,,,,"","client backend"
2024-06-16 14:31:11.717 CST,"raingage","benchmark",15271,"127.0.0.1:45214",666e86a7.3ba7,43,"SELECT",2024-06-16 14:31:03 CST,7/4,90607,LOG,00000,"execute <unnamed>: SELECT i_price, i_name, i_data     FROM bmsql_item     WHERE i_id = $1","parameters: $1 = '30'",,,,,,,,"","client backend"
2024-06-16 14:31:11.738 CST,"raingage","benchmark",15271,"127.0.0.1:45214",666e86a7.3ba7,44,"SELECT",2024-06-16 14:31:03 CST,7/4,90607,LOG,00000,"execute <unnamed>: SELECT s_quantity, s_data,        s_dist_01, s_dist_02, s_dist_03, s_dist_04,        s_dist_05, s_dist_06, s_dist_07, s_dist_08,        s_dist_09, s_dist_10     FROM bmsql_stock     WHERE s_w_id = $1 AND s_i_id = $2  FOR UPDATE","parameters: $1 = '1', $2 = '30'",,,,,,,,"","client backend"
2024-06-16 14:31:11.759 CST,"raingage","benchmark",15271,"127.0.0.1:45214",666e86a7.3ba7,45,"UPDATE",2024-06-16 14:31:03 CST,7/4,90607,LOG,00000,"execute <unnamed>: UPDATE bmsql_stock     SET s_quantity = $1, s_ytd = s_ytd + $2,         s_order_cnt = s_order_cnt + 1,         s_remote_cnt = s_remote_cnt + $3     WHERE s_w_id = $4 AND s_i_id = $5","parameters: $1 = '66', $2 = '1', $3 = '0', $4 = '1', $5 = '30'",,,,,,,,"","client backend"
2024-06-16 14:31:11.777 CST,"raingage","benchmark",15271,"127.0.0.1:45214",666e86a7.3ba7,46,"COMMIT",2024-06-16 14:31:03 CST,7/4,90607,LOG,00000,"execute S_2: COMMIT",,,,,,,,,"","client backend"
2024-06-16 14:31:11.798 CST,"raingage","benchmark",15271,"127.0.0.1:45214",666e86a7.3ba7,47,"BEGIN",2024-06-16 14:31:03 CST,7/5,0,LOG,00000,"execute <unnamed>: BEGIN",,,,,,,,,"","client backend"
2024-06-16 14:31:11.812 CST,"raingage","benchmark",15270,"127.0.0.1:45212",666e86a6.3ba6,60,"SELECT waiting",2024-06-16 14:31:02 CST,6/6,0,LOG,00000,"process 15270 still waiting for ShareLock on transaction 90608 after 1000.705 ms","Process holding the lock: 15268. Wait queue: 15270.",,,,"while locking tuple (0,33) in relation ""bmsql_customer""","SELECT c_discount, c_last, c_credit, w_tax     FROM bmsql_customer     JOIN bmsql_warehouse ON (w_id = c_w_id)     WHERE c_w_id = $1 AND c_d_id = $2 AND c_id = $3 FOR UPDATE",,,"","client backend"
2024-06-16 14:31:11.816 CST,"raingage","benchmark",15271,"127.0.0.1:45214",666e86a7.3ba7,48,"SELECT",2024-06-16 14:31:03 CST,7/5,0,LOG,00000,"execute <unnamed>: SELECT d_tax, d_next_o_id     FROM bmsql_district     WHERE d_w_id = $1 AND d_id = $2 ","parameters: $1 = '1', $2 = '1'",,,,,,,,"","client backend"
2024-06-16 14:31:11.843 CST,"raingage","benchmark",15268,"127.0.0.1:45208",666e86a6.3ba4,62,"SELECT",2024-06-16 14:31:02 CST,4/6,90608,LOG,00000,"execute S_1: SELECT c_discount, c_last, c_credit, w_tax     FROM bmsql_customer     JOIN bmsql_warehouse ON (w_id = c_w_id)     WHERE c_w_id = $1 AND c_d_id = $2 AND c_id = $3 FOR UPDATE","parameters: $1 = '1', $2 = '2', $3 = '8'",,,,,,,,"","client backend"
2024-06-16 14:31:11.887 CST,"raingage","benchmark",15271,"127.0.0.1:45214",666e86a7.3ba7,49,"SELECT",2024-06-16 14:31:03 CST,7/5,0,LOG,00000,"execute S_1: SELECT c_discount, c_last, c_credit, w_tax     FROM bmsql_customer     JOIN bmsql_warehouse ON (w_id = c_w_id)     WHERE c_w_id = $1 AND c_d_id = $2 AND c_id = $3 FOR UPDATE","parameters: $1 = '1', $2 = '1', $3 = '49'",,,,,,,,"","client backend"
2024-06-16 14:31:11.908 CST,"raingage","benchmark",15268,"127.0.0.1:45208",666e86a6.3ba4,63,"SELECT",2024-06-16 14:31:02 CST,4/6,90608,LOG,00000,"execute S_1: SELECT c_discount, c_last, c_credit, w_tax     FROM bmsql_customer     JOIN bmsql_warehouse ON (w_id = c_w_id)     WHERE c_w_id = $1 AND c_d_id = $2 AND c_id = $3 FOR UPDATE","parameters: $1 = '1', $2 = '2', $3 = '8'",,,,,,,,"","client backend"
2024-06-16 14:31:11.979 CST,"raingage","benchmark",15268,"127.0.0.1:45208",666e86a6.3ba4,64,"SELECT",2024-06-16 14:31:02 CST,4/6,90608,LOG,00000,"execute S_1: SELECT c_discount, c_last, c_credit, w_tax     FROM bmsql_customer     JOIN bmsql_warehouse ON (w_id = c_w_id)     WHERE c_w_id = $1 AND c_d_id = $2 AND c_id = $3 FOR UPDATE","parameters: $1 = '1', $2 = '2', $3 = '8'",,,,,,,,"","client backend"
2024-06-16 14:31:12.043 CST,"raingage","benchmark",15268,"127.0.0.1:45208",666e86a6.3ba4,65,"SELECT",2024-06-16 14:31:02 CST,4/6,90608,LOG,00000,"execute S_1: SELECT c_discount, c_last, c_credit, w_tax     FROM bmsql_customer     JOIN bmsql_warehouse ON (w_id = c_w_id)     WHERE c_w_id = $1 AND c_d_id = $2 AND c_id = $3 FOR UPDATE","parameters: $1 = '1', $2 = '2', $3 = '8'",,,,,,,,"","client backend"
2024-06-16 14:31:12.114 CST,"raingage","benchmark",15268,"127.0.0.1:45208",666e86a6.3ba4,66,"SELECT",2024-06-16 14:31:02 CST,4/6,90608,LOG,00000,"execute S_1: SELECT c_discount, c_last, c_credit, w_tax     FROM bmsql_customer     JOIN bmsql_warehouse ON (w_id = c_w_id)     WHERE c_w_id = $1 AND c_d_id = $2 AND c_id = $3 FOR UPDATE","parameters: $1 = '1', $2 = '2', $3 = '8'",,,,,,,,"","client backend"
2024-06-16 14:31:12.182 CST,"raingage","benchmark",15268,"127.0.0.1:45208",666e86a6.3ba4,67,"SELECT",2024-06-16 14:31:02 CST,4/6,90608,LOG,00000,"execute S_1: SELECT c_discount, c_last, c_credit, w_tax     FROM bmsql_customer     JOIN bmsql_warehouse ON (w_id = c_w_id)     WHERE c_w_id = $1 AND c_d_id = $2 AND c_id = $3 FOR UPDATE","parameters: $1 = '1', $2 = '2', $3 = '8'",,,,,,,,"","client backend"
2024-06-16 14:31:12.238 CST,"raingage","benchmark",15268,"127.0.0.1:45208",666e86a6.3ba4,68,"SELECT",2024-06-16 14:31:02 CST,4/6,90608,LOG,00000,"execute S_1: SELECT c_discount, c_last, c_credit, w_tax     FROM bmsql_customer     JOIN bmsql_warehouse ON (w_id = c_w_id)     WHERE c_w_id = $1 AND c_d_id = $2 AND c_id = $3 FOR UPDATE","parameters: $1 = '1', $2 = '2', $3 = '8'",,,,,,,,"","client backend"
2024-06-16 14:31:12.256 CST,"raingage","benchmark",15268,"127.0.0.1:45208",666e86a6.3ba4,69,"SELECT",2024-06-16 14:31:02 CST,4/6,90608,LOG,00000,"execute S_5: SELECT i_price, i_name, i_data     FROM bmsql_item     WHERE i_id = $1","parameters: $1 = '107'",,,,,,,,"","client backend"
2024-06-16 14:31:12.275 CST,"raingage","benchmark",15268,"127.0.0.1:45208",666e86a6.3ba4,70,"SELECT",2024-06-16 14:31:02 CST,4/6,90608,LOG,00000,"execute S_6: SELECT s_quantity, s_data,        s_dist_01, s_dist_02, s_dist_03, s_dist_04,        s_dist_05, s_dist_06, s_dist_07, s_dist_08,        s_dist_09, s_dist_10     FROM bmsql_stock     WHERE s_w_id = $1 AND s_i_id = $2  FOR UPDATE","parameters: $1 = '1', $2 = '107'",,,,,,,,"","client backend"
2024-06-16 14:31:12.294 CST,"raingage","benchmark",15268,"127.0.0.1:45208",666e86a6.3ba4,71,"UPDATE",2024-06-16 14:31:02 CST,4/6,90608,LOG,00000,"execute S_7: UPDATE bmsql_stock     SET s_quantity = $1, s_ytd = s_ytd + $2,         s_order_cnt = s_order_cnt + 1,         s_remote_cnt = s_remote_cnt + $3     WHERE s_w_id = $4 AND s_i_id = $5","parameters: $1 = '87', $2 = '3', $3 = '0', $4 = '1', $5 = '107'",,,,,,,,"","client backend"
2024-06-16 14:31:12.314 CST,"raingage","benchmark",15268,"127.0.0.1:45208",666e86a6.3ba4,72,"COMMIT",2024-06-16 14:31:02 CST,4/6,90608,LOG,00000,"execute S_2: COMMIT",,,,,,,,,"","client backend"
2024-06-16 14:31:12.316 CST,"raingage","benchmark",15270,"127.0.0.1:45212",666e86a6.3ba6,61,"SELECT waiting",2024-06-16 14:31:02 CST,6/6,0,LOG,00000,"process 15270 acquired ShareLock on transaction 90608 after 1504.070 ms",,,,,"while locking tuple (0,33) in relation ""bmsql_customer""","SELECT c_discount, c_last, c_credit, w_tax     FROM bmsql_customer     JOIN bmsql_warehouse ON (w_id = c_w_id)     WHERE c_w_id = $1 AND c_d_id = $2 AND c_id = $3 FOR UPDATE",,,"","client backend"
2024-06-16 14:31:12.337 CST,"raingage","benchmark",15268,"127.0.0.1:45208",666e86a6.3ba4,73,"BEGIN",2024-06-16 14:31:02 CST,4/7,0,LOG,00000,"execute S_3: BEGIN",,,,,,,,,"","client backend"
2024-06-16 14:31:12.354 CST,"raingage","benchmark",15268,"127.0.0.1:45208",666e86a6.3ba4,74,"SELECT",2024-06-16 14:31:02 CST,4/7,0,LOG,00000,"execute S_4: SELECT d_tax, d_next_o_id     FROM bmsql_district     WHERE d_w_id = $1 AND d_id = $2 ","parameters: $1 = '1', $2 = '1'",,,,,,,,"","client backend"
2024-06-16 14:31:12.382 CST,"raingage","benchmark",15271,"127.0.0.1:45214",666e86a7.3ba7,50,"SELECT",2024-06-16 14:31:03 CST,7/5,90610,LOG,00000,"execute S_1: SELECT c_discount, c_last, c_credit, w_tax     FROM bmsql_customer     JOIN bmsql_warehouse ON (w_id = c_w_id)     WHERE c_w_id = $1 AND c_d_id = $2 AND c_id = $3 FOR UPDATE","parameters: $1 = '1', $2 = '1', $3 = '49'",,,,,,,,"","client backend"
2024-06-16 14:31:12.419 CST,"raingage","benchmark",15268,"127.0.0.1:45208",666e86a6.3ba4,75,"SELECT",2024-06-16 14:31:02 CST,4/7,0,LOG,00000,"execute S_1: SELECT c_discount, c_last, c_credit, w_tax     FROM bmsql_customer     JOIN bmsql_warehouse ON (w_id = c_w_id)     WHERE c_w_id = $1 AND c_d_id = $2 AND c_id = $3 FOR UPDATE","parameters: $1 = '1', $2 = '1', $3 = '1'",,,,,,,,"","client backend"
2024-06-16 14:31:12.449 CST,"raingage","benchmark",15271,"127.0.0.1:45214",666e86a7.3ba7,51,"SELECT",2024-06-16 14:31:03 CST,7/5,90610,LOG,00000,"execute S_1: SELECT c_discount, c_last, c_credit, w_tax     FROM bmsql_customer     JOIN bmsql_warehouse ON (w_id = c_w_id)     WHERE c_w_id = $1 AND c_d_id = $2 AND c_id = $3 FOR UPDATE","parameters: $1 = '1', $2 = '1', $3 = '49'",,,,,,,,"","client backend"
2024-06-16 14:31:12.512 CST,"raingage","benchmark",15271,"127.0.0.1:45214",666e86a7.3ba7,52,"SELECT",2024-06-16 14:31:03 CST,7/5,90610,LOG,00000,"execute S_1: SELECT c_discount, c_last, c_credit, w_tax     FROM bmsql_customer     JOIN bmsql_warehouse ON (w_id = c_w_id)     WHERE c_w_id = $1 AND c_d_id = $2 AND c_id = $3 FOR UPDATE","parameters: $1 = '1', $2 = '1', $3 = '49'",,,,,,,,"","client backend"
2024-06-16 14:31:12.585 CST,"raingage","benchmark",15271,"127.0.0.1:45214",666e86a7.3ba7,53,"SELECT",2024-06-16 14:31:03 CST,7/5,90610,LOG,00000,"execute S_1: SELECT c_discount, c_last, c_credit, w_tax     FROM bmsql_customer     JOIN bmsql_warehouse ON (w_id = c_w_id)     WHERE c_w_id = $1 AND c_d_id = $2 AND c_id = $3 FOR UPDATE","parameters: $1 = '1', $2 = '1', $3 = '49'",,,,,,,,"","client backend"
2024-06-16 14:31:12.643 CST,"raingage","benchmark",15272,"127.0.0.1:45216",666e86a7.3ba8,15,"BEGIN",2024-06-16 14:31:03 CST,8/3,0,LOG,00000,"execute <unnamed>: BEGIN",,,,,,,,,"","client backend"
2024-06-16 14:31:12.654 CST,"raingage","benchmark",15271,"127.0.0.1:45214",666e86a7.3ba7,54,"SELECT",2024-06-16 14:31:03 CST,7/5,90610,LOG,00000,"execute S_1: SELECT c_discount, c_last, c_credit, w_tax     FROM bmsql_customer     JOIN bmsql_warehouse ON (w_id = c_w_id)     WHERE c_w_id = $1 AND c_d_id = $2 AND c_id = $3 FOR UPDATE","parameters: $1 = '1', $2 = '1', $3 = '49'",,,,,,,,"","client backend"
2024-06-16 14:31:12.655 CST,"raingage","benchmark",15272,"127.0.0.1:45216",666e86a7.3ba8,16,"SELECT",2024-06-16 14:31:03 CST,8/3,0,LOG,00000,"execute <unnamed>: SELECT d_tax, d_next_o_id     FROM bmsql_district     WHERE d_w_id = $1 AND d_id = $2 ","parameters: $1 = '1', $2 = '2'",,,,,,,,"","client backend"
2024-06-16 14:31:12.720 CST,"raingage","benchmark",15271,"127.0.0.1:45214",666e86a7.3ba7,55,"SELECT",2024-06-16 14:31:03 CST,7/5,90610,LOG,00000,"execute S_1: SELECT c_discount, c_last, c_credit, w_tax     FROM bmsql_customer     JOIN bmsql_warehouse ON (w_id = c_w_id)     WHERE c_w_id = $1 AND c_d_id = $2 AND c_id = $3 FOR UPDATE","parameters: $1 = '1', $2 = '1', $3 = '49'",,,,,,,,"","client backend"
2024-06-16 14:31:12.727 CST,"raingage","benchmark",15272,"127.0.0.1:45216",666e86a7.3ba8,17,"SELECT",2024-06-16 14:31:03 CST,8/3,0,LOG,00000,"execute S_1: SELECT c_discount, c_last, c_credit, w_tax     FROM bmsql_customer     JOIN bmsql_warehouse ON (w_id = c_w_id)     WHERE c_w_id = $1 AND c_d_id = $2 AND c_id = $3 FOR UPDATE","parameters: $1 = '1', $2 = '2', $3 = '97'",,,,,,,,"","client backend"
2024-06-16 14:31:12.789 CST,"raingage","benchmark",15271,"127.0.0.1:45214",666e86a7.3ba7,56,"SELECT",2024-06-16 14:31:03 CST,7/5,90610,LOG,00000,"execute S_1: SELECT c_discount, c_last, c_credit, w_tax     FROM bmsql_customer     JOIN bmsql_warehouse ON (w_id = c_w_id)     WHERE c_w_id = $1 AND c_d_id = $2 AND c_id = $3 FOR UPDATE","parameters: $1 = '1', $2 = '1', $3 = '49'",,,,,,,,"","client backend"
2024-06-16 14:31:12.804 CST,"raingage","benchmark",15271,"127.0.0.1:45214",666e86a7.3ba7,57,"SELECT",2024-06-16 14:31:03 CST,7/5,90610,LOG,00000,"execute <unnamed>: SELECT i_price, i_name, i_data     FROM bmsql_item     WHERE i_id = $1","parameters: $1 = '27'",,,,,,,,"","client backend"
2024-06-16 14:31:12.823 CST,"raingage","benchmark",15271,"127.0.0.1:45214",666e86a7.3ba7,58,"SELECT",2024-06-16 14:31:03 CST,7/5,90610,LOG,00000,"execute <unnamed>: SELECT s_quantity, s_data,        s_dist_01, s_dist_02, s_dist_03, s_dist_04,        s_dist_05, s_dist_06, s_dist_07, s_dist_08,        s_dist_09, s_dist_10     FROM bmsql_stock     WHERE s_w_id = $1 AND s_i_id = $2  FOR UPDATE","parameters: $1 = '1', $2 = '27'",,,,,,,,"","client backend"
2024-06-16 14:31:12.843 CST,"raingage","benchmark",15271,"127.0.0.1:45214",666e86a7.3ba7,59,"UPDATE",2024-06-16 14:31:03 CST,7/5,90610,LOG,00000,"execute <unnamed>: UPDATE bmsql_stock     SET s_quantity = $1, s_ytd = s_ytd + $2,         s_order_cnt = s_order_cnt + 1,         s_remote_cnt = s_remote_cnt + $3     WHERE s_w_id = $4 AND s_i_id = $5","parameters: $1 = '67', $2 = '7', $3 = '0', $4 = '1', $5 = '27'",,,,,,,,"","client backend"
2024-06-16 14:31:12.864 CST,"raingage","benchmark",15271,"127.0.0.1:45214",666e86a7.3ba7,60,"COMMIT",2024-06-16 14:31:03 CST,7/5,90610,LOG,00000,"execute S_2: COMMIT",,,,,,,,,"","client backend"
2024-06-16 14:31:12.884 CST,"raingage","benchmark",15271,"127.0.0.1:45214",666e86a7.3ba7,61,"BEGIN",2024-06-16 14:31:03 CST,7/6,0,LOG,00000,"execute S_3: BEGIN",,,,,,,,,"","client backend"
2024-06-16 14:31:12.889 CST,"raingage","benchmark",15271,"127.0.0.1:45214",666e86a7.3ba7,62,"SELECT",2024-06-16 14:31:03 CST,7/6,0,LOG,00000,"execute S_4: SELECT d_tax, d_next_o_id     FROM bmsql_district     WHERE d_w_id = $1 AND d_id = $2 ","parameters: $1 = '1', $2 = '1'",,,,,,,,"","client backend"
2024-06-16 14:31:12.931 CST,"raingage","benchmark",15270,"127.0.0.1:45212",666e86a6.3ba6,62,"SELECT",2024-06-16 14:31:02 CST,6/6,90611,LOG,00000,"execute S_1: SELECT c_discount, c_last, c_credit, w_tax     FROM bmsql_customer     JOIN bmsql_warehouse ON (w_id = c_w_id)     WHERE c_w_id = $1 AND c_d_id = $2 AND c_id = $3 FOR UPDATE","parameters: $1 = '1', $2 = '2', $3 = '8'",,,,,,,,"","client backend"
2024-06-16 14:31:12.961 CST,"raingage","benchmark",15271,"127.0.0.1:45214",666e86a7.3ba7,63,"SELECT",2024-06-16 14:31:03 CST,7/6,0,LOG,00000,"execute S_1: SELECT c_discount, c_last, c_credit, w_tax     FROM bmsql_customer     JOIN bmsql_warehouse ON (w_id = c_w_id)     WHERE c_w_id = $1 AND c_d_id = $2 AND c_id = $3 FOR UPDATE","parameters: $1 = '1', $2 = '1', $3 = '40'",,,,,,,,"","client backend"
2024-06-16 14:31:13.000 CST,"raingage","benchmark",15270,"127.0.0.1:45212",666e86a6.3ba6,63,"SELECT",2024-06-16 14:31:02 CST,6/6,90611,LOG,00000,"execute S_1: SELECT c_discount, c_last, c_credit, w_tax     FROM bmsql_customer     JOIN bmsql_warehouse ON (w_id = c_w_id)     WHERE c_w_id = $1 AND c_d_id = $2 AND c_id = $3 FOR UPDATE","parameters: $1 = '1', $2 = '2', $3 = '8'",,,,,,,,"","client backend"
2024-06-16 14:31:13.070 CST,"raingage","benchmark",15270,"127.0.0.1:45212",666e86a6.3ba6,64,"SELECT",2024-06-16 14:31:02 CST,6/6,90611,LOG,00000,"execute S_1: SELECT c_discount, c_last, c_credit, w_tax     FROM bmsql_customer     JOIN bmsql_warehouse ON (w_id = c_w_id)     WHERE c_w_id = $1 AND c_d_id = $2 AND c_id = $3 FOR UPDATE","parameters: $1 = '1', $2 = '2', $3 = '8'",,,,,,,,"","client backend"
2024-06-16 14:31:13.136 CST,"raingage","benchmark",15270,"127.0.0.1:45212",666e86a6.3ba6,65,"SELECT",2024-06-16 14:31:02 CST,6/6,90611,LOG,00000,"execute S_1: SELECT c_discount, c_last, c_credit, w_tax     FROM bmsql_customer     JOIN bmsql_warehouse ON (w_id = c_w_id)     WHERE c_w_id = $1 AND c_d_id = $2 AND c_id = $3 FOR UPDATE","parameters: $1 = '1', $2 = '2', $3 = '8'",,,,,,,,"","client backend"
2024-06-16 14:31:13.198 CST,"raingage","benchmark",15270,"127.0.0.1:45212",666e86a6.3ba6,66,"SELECT",2024-06-16 14:31:02 CST,6/6,90611,LOG,00000,"execute S_1: SELECT c_discount, c_last, c_credit, w_tax     FROM bmsql_customer     JOIN bmsql_warehouse ON (w_id = c_w_id)     WHERE c_w_id = $1 AND c_d_id = $2 AND c_id = $3 FOR UPDATE","parameters: $1 = '1', $2 = '2', $3 = '8'",,,,,,,,"","client backend"
2024-06-16 14:31:13.267 CST,"raingage","benchmark",15270,"127.0.0.1:45212",666e86a6.3ba6,67,"SELECT",2024-06-16 14:31:02 CST,6/6,90611,LOG,00000,"execute S_1: SELECT c_discount, c_last, c_credit, w_tax     FROM bmsql_customer     JOIN bmsql_warehouse ON (w_id = c_w_id)     WHERE c_w_id = $1 AND c_d_id = $2 AND c_id = $3 FOR UPDATE","parameters: $1 = '1', $2 = '2', $3 = '8'",,,,,,,,"","client backend"
2024-06-16 14:31:13.329 CST,"raingage","benchmark",15270,"127.0.0.1:45212",666e86a6.3ba6,68,"SELECT",2024-06-16 14:31:02 CST,6/6,90611,LOG,00000,"execute S_1: SELECT c_discount, c_last, c_credit, w_tax     FROM bmsql_customer     JOIN bmsql_warehouse ON (w_id = c_w_id)     WHERE c_w_id = $1 AND c_d_id = $2 AND c_id = $3 FOR UPDATE","parameters: $1 = '1', $2 = '2', $3 = '8'",,,,,,,,"","client backend"
2024-06-16 14:31:13.344 CST,"raingage","benchmark",15270,"127.0.0.1:45212",666e86a6.3ba6,69,"SELECT",2024-06-16 14:31:02 CST,6/6,90611,LOG,00000,"execute S_5: SELECT i_price, i_name, i_data     FROM bmsql_item     WHERE i_id = $1","parameters: $1 = '107'",,,,,,,,"","client backend"
2024-06-16 14:31:13.357 CST,"raingage","benchmark",15270,"127.0.0.1:45212",666e86a6.3ba6,70,"SELECT",2024-06-16 14:31:02 CST,6/6,90611,LOG,00000,"execute S_6: SELECT s_quantity, s_data,        s_dist_01, s_dist_02, s_dist_03, s_dist_04,        s_dist_05, s_dist_06, s_dist_07, s_dist_08,        s_dist_09, s_dist_10     FROM bmsql_stock     WHERE s_w_id = $1 AND s_i_id = $2  FOR UPDATE","parameters: $1 = '1', $2 = '107'",,,,,,,,"","client backend"
2024-06-16 14:31:13.377 CST,"raingage","benchmark",15270,"127.0.0.1:45212",666e86a6.3ba6,71,"UPDATE",2024-06-16 14:31:02 CST,6/6,90611,LOG,00000,"execute S_7: UPDATE bmsql_stock     SET s_quantity = $1, s_ytd = s_ytd + $2,         s_order_cnt = s_order_cnt + 1,         s_remote_cnt = s_remote_cnt + $3     WHERE s_w_id = $4 AND s_i_id = $5","parameters: $1 = '84', $2 = '3', $3 = '0', $4 = '1', $5 = '107'",,,,,,,,"","client backend"
2024-06-16 14:31:13.393 CST,"raingage","benchmark",15270,"127.0.0.1:45212",666e86a6.3ba6,72,"COMMIT",2024-06-16 14:31:02 CST,6/6,90611,LOG,00000,"execute S_2: COMMIT",,,,,,,,,"","client backend"
2024-06-16 14:31:13.411 CST,"raingage","benchmark",15270,"127.0.0.1:45212",666e86a6.3ba6,73,"BEGIN",2024-06-16 14:31:02 CST,6/7,0,LOG,00000,"execute S_3: BEGIN",,,,,,,,,"","client backend"
2024-06-16 14:31:13.426 CST,"raingage","benchmark",15270,"127.0.0.1:45212",666e86a6.3ba6,74,"SELECT",2024-06-16 14:31:02 CST,6/7,0,LOG,00000,"execute S_4: SELECT d_tax, d_next_o_id     FROM bmsql_district     WHERE d_w_id = $1 AND d_id = $2 ","parameters: $1 = '1', $2 = '1'",,,,,,,,"","client backend"
2024-06-16 14:31:13.465 CST,"raingage","benchmark",15268,"127.0.0.1:45208",666e86a6.3ba4,76,"SELECT",2024-06-16 14:31:02 CST,4/7,90612,LOG,00000,"execute S_1: SELECT c_discount, c_last, c_credit, w_tax     FROM bmsql_customer     JOIN bmsql_warehouse ON (w_id = c_w_id)     WHERE c_w_id = $1 AND c_d_id = $2 AND c_id = $3 FOR UPDATE","parameters: $1 = '1', $2 = '1', $3 = '1'",,,,,,,,"","client backend"
2024-06-16 14:31:13.491 CST,"raingage","benchmark",15270,"127.0.0.1:45212",666e86a6.3ba6,75,"SELECT",2024-06-16 14:31:02 CST,6/7,0,LOG,00000,"execute S_1: SELECT c_discount, c_last, c_credit, w_tax     FROM bmsql_customer     JOIN bmsql_warehouse ON (w_id = c_w_id)     WHERE c_w_id = $1 AND c_d_id = $2 AND c_id = $3 FOR UPDATE","parameters: $1 = '1', $2 = '1', $3 = '22'",,,,,,,,"","client backend"
2024-06-16 14:31:13.529 CST,"raingage","benchmark",15268,"127.0.0.1:45208",666e86a6.3ba4,77,"SELECT",2024-06-16 14:31:02 CST,4/7,90612,LOG,00000,"execute S_1: SELECT c_discount, c_last, c_credit, w_tax     FROM bmsql_customer     JOIN bmsql_warehouse ON (w_id = c_w_id)     WHERE c_w_id = $1 AND c_d_id = $2 AND c_id = $3 FOR UPDATE","parameters: $1 = '1', $2 = '1', $3 = '1'",,,,,,,,"","client backend"
2024-06-16 14:31:13.601 CST,"raingage","benchmark",15268,"127.0.0.1:45208",666e86a6.3ba4,78,"SELECT",2024-06-16 14:31:02 CST,4/7,90612,LOG,00000,"execute S_1: SELECT c_discount, c_last, c_credit, w_tax     FROM bmsql_customer     JOIN bmsql_warehouse ON (w_id = c_w_id)     WHERE c_w_id = $1 AND c_d_id = $2 AND c_id = $3 FOR UPDATE","parameters: $1 = '1', $2 = '1', $3 = '1'",,,,,,,,"","client backend"
2024-06-16 14:31:13.670 CST,"raingage","benchmark",15268,"127.0.0.1:45208",666e86a6.3ba4,79,"SELECT",2024-06-16 14:31:02 CST,4/7,90612,LOG,00000,"execute S_1: SELECT c_discount, c_last, c_credit, w_tax     FROM bmsql_customer     JOIN bmsql_warehouse ON (w_id = c_w_id)     WHERE c_w_id = $1 AND c_d_id = $2 AND c_id = $3 FOR UPDATE","parameters: $1 = '1', $2 = '1', $3 = '1'",,,,,,,,"","client backend"
2024-06-16 14:31:13.740 CST,"raingage","benchmark",15268,"127.0.0.1:45208",666e86a6.3ba4,80,"SELECT",2024-06-16 14:31:02 CST,4/7,90612,LOG,00000,"execute S_1: SELECT c_discount, c_last, c_credit, w_tax     FROM bmsql_customer     JOIN bmsql_warehouse ON (w_id = c_w_id)     WHERE c_w_id = $1 AND c_d_id = $2 AND c_id = $3 FOR UPDATE","parameters: $1 = '1', $2 = '1', $3 = '1'",,,,,,,,"","client backend"
2024-06-16 14:31:13.806 CST,"raingage","benchmark",15268,"127.0.0.1:45208",666e86a6.3ba4,81,"SELECT",2024-06-16 14:31:02 CST,4/7,90612,LOG,00000,"execute S_1: SELECT c_discount, c_last, c_credit, w_tax     FROM bmsql_customer     JOIN bmsql_warehouse ON (w_id = c_w_id)     WHERE c_w_id = $1 AND c_d_id = $2 AND c_id = $3 FOR UPDATE","parameters: $1 = '1', $2 = '1', $3 = '1'",,,,,,,,"","client backend"
2024-06-16 14:31:13.867 CST,"raingage","benchmark",15268,"127.0.0.1:45208",666e86a6.3ba4,82,"SELECT",2024-06-16 14:31:02 CST,4/7,90612,LOG,00000,"execute S_1: SELECT c_discount, c_last, c_credit, w_tax     FROM bmsql_customer     JOIN bmsql_warehouse ON (w_id = c_w_id)     WHERE c_w_id = $1 AND c_d_id = $2 AND c_id = $3 FOR UPDATE","parameters: $1 = '1', $2 = '1', $3 = '1'",,,,,,,,"","client backend"
2024-06-16 14:31:13.887 CST,"raingage","benchmark",15268,"127.0.0.1:45208",666e86a6.3ba4,83,"SELECT",2024-06-16 14:31:02 CST,4/7,90612,LOG,00000,"execute S_5: SELECT i_price, i_name, i_data     FROM bmsql_item     WHERE i_id = $1","parameters: $1 = '15'",,,,,,,,"","client backend"
2024-06-16 14:31:13.908 CST,"raingage","benchmark",15268,"127.0.0.1:45208",666e86a6.3ba4,84,"SELECT",2024-06-16 14:31:02 CST,4/7,90612,LOG,00000,"execute S_6: SELECT s_quantity, s_data,        s_dist_01, s_dist_02, s_dist_03, s_dist_04,        s_dist_05, s_dist_06, s_dist_07, s_dist_08,        s_dist_09, s_dist_10     FROM bmsql_stock     WHERE s_w_id = $1 AND s_i_id = $2  FOR UPDATE","parameters: $1 = '1', $2 = '15'",,,,,,,,"","client backend"
2024-06-16 14:31:13.926 CST,"raingage","benchmark",15268,"127.0.0.1:45208",666e86a6.3ba4,85,"UPDATE",2024-06-16 14:31:02 CST,4/7,90612,LOG,00000,"execute S_7: UPDATE bmsql_stock     SET s_quantity = $1, s_ytd = s_ytd + $2,         s_order_cnt = s_order_cnt + 1,         s_remote_cnt = s_remote_cnt + $3     WHERE s_w_id = $4 AND s_i_id = $5","parameters: $1 = '86', $2 = '4', $3 = '0', $4 = '1', $5 = '15'",,,,,,,,"","client backend"
2024-06-16 14:31:13.940 CST,"raingage","benchmark",15268,"127.0.0.1:45208",666e86a6.3ba4,86,"COMMIT",2024-06-16 14:31:02 CST,4/7,90612,LOG,00000,"execute S_2: COMMIT",,,,,,,,,"","client backend"
2024-06-16 14:31:13.961 CST,"raingage","benchmark",15268,"127.0.0.1:45208",666e86a6.3ba4,87,"BEGIN",2024-06-16 14:31:02 CST,4/8,0,LOG,00000,"execute S_3: BEGIN",,,,,,,,,"","client backend"
2024-06-16 14:31:13.977 CST,"raingage","benchmark",15268,"127.0.0.1:45208",666e86a6.3ba4,88,"SELECT",2024-06-16 14:31:02 CST,4/8,0,LOG,00000,"execute S_4: SELECT d_tax, d_next_o_id     FROM bmsql_district     WHERE d_w_id = $1 AND d_id = $2 ","parameters: $1 = '1', $2 = '1'",,,,,,,,"","client backend"
2024-06-16 14:31:14.007 CST,"raingage","benchmark",15272,"127.0.0.1:45216",666e86a7.3ba8,18,"SELECT",2024-06-16 14:31:03 CST,8/3,90613,LOG,00000,"execute S_1: SELECT c_discount, c_last, c_credit, w_tax     FROM bmsql_customer     JOIN bmsql_warehouse ON (w_id = c_w_id)     WHERE c_w_id = $1 AND c_d_id = $2 AND c_id = $3 FOR UPDATE","parameters: $1 = '1', $2 = '2', $3 = '97'",,,,,,,,"","client backend"
2024-06-16 14:31:14.040 CST,"raingage","benchmark",15268,"127.0.0.1:45208",666e86a6.3ba4,89,"SELECT",2024-06-16 14:31:02 CST,4/8,0,LOG,00000,"execute S_1: SELECT c_discount, c_last, c_credit, w_tax     FROM bmsql_customer     JOIN bmsql_warehouse ON (w_id = c_w_id)     WHERE c_w_id = $1 AND c_d_id = $2 AND c_id = $3 FOR UPDATE","parameters: $1 = '1', $2 = '1', $3 = '22'",,,,,,,,"","client backend"
2024-06-16 14:31:14.073 CST,"raingage","benchmark",15272,"127.0.0.1:45216",666e86a7.3ba8,19,"SELECT",2024-06-16 14:31:03 CST,8/3,90613,LOG,00000,"execute S_1: SELECT c_discount, c_last, c_credit, w_tax     FROM bmsql_customer     JOIN bmsql_warehouse ON (w_id = c_w_id)     WHERE c_w_id = $1 AND c_d_id = $2 AND c_id = $3 FOR UPDATE","parameters: $1 = '1', $2 = '2', $3 = '97'",,,,,,,,"","client backend"
2024-06-16 14:31:14.141 CST,"raingage","benchmark",15272,"127.0.0.1:45216",666e86a7.3ba8,20,"SELECT",2024-06-16 14:31:03 CST,8/3,90613,LOG,00000,"execute S_1: SELECT c_discount, c_last, c_credit, w_tax     FROM bmsql_customer     JOIN bmsql_warehouse ON (w_id = c_w_id)     WHERE c_w_id = $1 AND c_d_id = $2 AND c_id = $3 FOR UPDATE","parameters: $1 = '1', $2 = '2', $3 = '97'",,,,,,,,"","client backend"
2024-06-16 14:31:14.206 CST,"raingage","benchmark",15272,"127.0.0.1:45216",666e86a7.3ba8,21,"SELECT",2024-06-16 14:31:03 CST,8/3,90613,LOG,00000,"execute S_1: SELECT c_discount, c_last, c_credit, w_tax     FROM bmsql_customer     JOIN bmsql_warehouse ON (w_id = c_w_id)     WHERE c_w_id = $1 AND c_d_id = $2 AND c_id = $3 FOR UPDATE","parameters: $1 = '1', $2 = '2', $3 = '97'",,,,,,,,"","client backend"
2024-06-16 14:31:14.276 CST,"raingage","benchmark",15272,"127.0.0.1:45216",666e86a7.3ba8,22,"SELECT",2024-06-16 14:31:03 CST,8/3,90613,LOG,00000,"execute S_1: SELECT c_discount, c_last, c_credit, w_tax     FROM bmsql_customer     JOIN bmsql_warehouse ON (w_id = c_w_id)     WHERE c_w_id = $1 AND c_d_id = $2 AND c_id = $3 FOR UPDATE","parameters: $1 = '1', $2 = '2', $3 = '97'",,,,,,,,"","client backend"
2024-06-16 14:31:14.346 CST,"raingage","benchmark",15272,"127.0.0.1:45216",666e86a7.3ba8,23,"SELECT",2024-06-16 14:31:03 CST,8/3,90613,LOG,00000,"execute S_1: SELECT c_discount, c_last, c_credit, w_tax     FROM bmsql_customer     JOIN bmsql_warehouse ON (w_id = c_w_id)     WHERE c_w_id = $1 AND c_d_id = $2 AND c_id = $3 FOR UPDATE","parameters: $1 = '1', $2 = '2', $3 = '97'",,,,,,,,"","client backend"
2024-06-16 14:31:14.409 CST,"raingage","benchmark",15272,"127.0.0.1:45216",666e86a7.3ba8,24,"SELECT",2024-06-16 14:31:03 CST,8/3,90613,LOG,00000,"execute S_1: SELECT c_discount, c_last, c_credit, w_tax     FROM bmsql_customer     JOIN bmsql_warehouse ON (w_id = c_w_id)     WHERE c_w_id = $1 AND c_d_id = $2 AND c_id = $3 FOR UPDATE","parameters: $1 = '1', $2 = '2', $3 = '97'",,,,,,,,"","client backend"
2024-06-16 14:31:14.421 CST,"raingage","benchmark",15272,"127.0.0.1:45216",666e86a7.3ba8,25,"SELECT",2024-06-16 14:31:03 CST,8/3,90613,LOG,00000,"execute <unnamed>: SELECT i_price, i_name, i_data     FROM bmsql_item     WHERE i_id = $1","parameters: $1 = '77'",,,,,,,,"","client backend"
2024-06-16 14:31:14.440 CST,"raingage","benchmark",15272,"127.0.0.1:45216",666e86a7.3ba8,26,"SELECT",2024-06-16 14:31:03 CST,8/3,90613,LOG,00000,"execute <unnamed>: SELECT s_quantity, s_data,        s_dist_01, s_dist_02, s_dist_03, s_dist_04,        s_dist_05, s_dist_06, s_dist_07, s_dist_08,        s_dist_09, s_dist_10     FROM bmsql_stock     WHERE s_w_id = $1 AND s_i_id = $2  FOR UPDATE","parameters: $1 = '1', $2 = '77'",,,,,,,,"","client backend"
2024-06-16 14:31:14.457 CST,"raingage","benchmark",15272,"127.0.0.1:45216",666e86a7.3ba8,27,"UPDATE",2024-06-16 14:31:03 CST,8/3,90613,LOG,00000,"execute <unnamed>: UPDATE bmsql_stock     SET s_quantity = $1, s_ytd = s_ytd + $2,         s_order_cnt = s_order_cnt + 1,         s_remote_cnt = s_remote_cnt + $3     WHERE s_w_id = $4 AND s_i_id = $5","parameters: $1 = '24', $2 = '4', $3 = '0', $4 = '1', $5 = '77'",,,,,,,,"","client backend"
2024-06-16 14:31:14.473 CST,"raingage","benchmark",15272,"127.0.0.1:45216",666e86a7.3ba8,28,"COMMIT",2024-06-16 14:31:03 CST,8/3,90613,LOG,00000,"execute S_2: COMMIT",,,,,,,,,"","client backend"
2024-06-16 14:31:14.494 CST,"raingage","benchmark",15272,"127.0.0.1:45216",666e86a7.3ba8,29,"BEGIN",2024-06-16 14:31:03 CST,8/4,0,LOG,00000,"execute <unnamed>: BEGIN",,,,,,,,,"","client backend"
2024-06-16 14:31:14.508 CST,"raingage","benchmark",15272,"127.0.0.1:45216",666e86a7.3ba8,30,"SELECT",2024-06-16 14:31:03 CST,8/4,0,LOG,00000,"execute <unnamed>: SELECT d_tax, d_next_o_id     FROM bmsql_district     WHERE d_w_id = $1 AND d_id = $2 ","parameters: $1 = '1', $2 = '1'",,,,,,,,"","client backend"
2024-06-16 14:31:14.541 CST,"raingage","benchmark",15271,"127.0.0.1:45214",666e86a7.3ba7,64,"SELECT",2024-06-16 14:31:03 CST,7/6,90614,LOG,00000,"execute S_1: SELECT c_discount, c_last, c_credit, w_tax     FROM bmsql_customer     JOIN bmsql_warehouse ON (w_id = c_w_id)     WHERE c_w_id = $1 AND c_d_id = $2 AND c_id = $3 FOR UPDATE","parameters: $1 = '1', $2 = '1', $3 = '40'",,,,,,,,"","client backend"
2024-06-16 14:31:14.573 CST,"raingage","benchmark",15272,"127.0.0.1:45216",666e86a7.3ba8,31,"SELECT",2024-06-16 14:31:03 CST,8/4,0,LOG,00000,"execute S_1: SELECT c_discount, c_last, c_credit, w_tax     FROM bmsql_customer     JOIN bmsql_warehouse ON (w_id = c_w_id)     WHERE c_w_id = $1 AND c_d_id = $2 AND c_id = $3 FOR UPDATE","parameters: $1 = '1', $2 = '1', $3 = '18'",,,,,,,,"","client backend"
2024-06-16 14:31:14.611 CST,"raingage","benchmark",15271,"127.0.0.1:45214",666e86a7.3ba7,65,"SELECT",2024-06-16 14:31:03 CST,7/6,90614,LOG,00000,"execute S_1: SELECT c_discount, c_last, c_credit, w_tax     FROM bmsql_customer     JOIN bmsql_warehouse ON (w_id = c_w_id)     WHERE c_w_id = $1 AND c_d_id = $2 AND c_id = $3 FOR UPDATE","parameters: $1 = '1', $2 = '1', $3 = '40'",,,,,,,,"","client backend"
2024-06-16 14:31:14.676 CST,"raingage","benchmark",15271,"127.0.0.1:45214",666e86a7.3ba7,66,"SELECT",2024-06-16 14:31:03 CST,7/6,90614,LOG,00000,"execute S_1: SELECT c_discount, c_last, c_credit, w_tax     FROM bmsql_customer     JOIN bmsql_warehouse ON (w_id = c_w_id)     WHERE c_w_id = $1 AND c_d_id = $2 AND c_id = $3 FOR UPDATE","parameters: $1 = '1', $2 = '1', $3 = '40'",,,,,,,,"","client backend"
2024-06-16 14:31:14.744 CST,"raingage","benchmark",15271,"127.0.0.1:45214",666e86a7.3ba7,67,"SELECT",2024-06-16 14:31:03 CST,7/6,90614,LOG,00000,"execute S_1: SELECT c_discount, c_last, c_credit, w_tax     FROM bmsql_customer     JOIN bmsql_warehouse ON (w_id = c_w_id)     WHERE c_w_id = $1 AND c_d_id = $2 AND c_id = $3 FOR UPDATE","parameters: $1 = '1', $2 = '1', $3 = '40'",,,,,,,,"","client backend"
2024-06-16 14:31:14.807 CST,"raingage","benchmark",15271,"127.0.0.1:45214",666e86a7.3ba7,68,"SELECT",2024-06-16 14:31:03 CST,7/6,90614,LOG,00000,"execute S_1: SELECT c_discount, c_last, c_credit, w_tax     FROM bmsql_customer     JOIN bmsql_warehouse ON (w_id = c_w_id)     WHERE c_w_id = $1 AND c_d_id = $2 AND c_id = $3 FOR UPDATE","parameters: $1 = '1', $2 = '1', $3 = '40'",,,,,,,,"","client backend"
2024-06-16 14:31:14.878 CST,"raingage","benchmark",15271,"127.0.0.1:45214",666e86a7.3ba7,69,"SELECT",2024-06-16 14:31:03 CST,7/6,90614,LOG,00000,"execute S_1: SELECT c_discount, c_last, c_credit, w_tax     FROM bmsql_customer     JOIN bmsql_warehouse ON (w_id = c_w_id)     WHERE c_w_id = $1 AND c_d_id = $2 AND c_id = $3 FOR UPDATE","parameters: $1 = '1', $2 = '1', $3 = '40'",,,,,,,,"","client backend"
2024-06-16 14:31:14.944 CST,"raingage","benchmark",15271,"127.0.0.1:45214",666e86a7.3ba7,70,"SELECT",2024-06-16 14:31:03 CST,7/6,90614,LOG,00000,"execute S_1: SELECT c_discount, c_last, c_credit, w_tax     FROM bmsql_customer     JOIN bmsql_warehouse ON (w_id = c_w_id)     WHERE c_w_id = $1 AND c_d_id = $2 AND c_id = $3 FOR UPDATE","parameters: $1 = '1', $2 = '1', $3 = '40'",,,,,,,,"","client backend"
2024-06-16 14:31:14.960 CST,"raingage","benchmark",15271,"127.0.0.1:45214",666e86a7.3ba7,71,"SELECT",2024-06-16 14:31:03 CST,7/6,90614,LOG,00000,"execute S_5: SELECT i_price, i_name, i_data     FROM bmsql_item     WHERE i_id = $1","parameters: $1 = '34'",,,,,,,,"","client backend"
2024-06-16 14:31:14.976 CST,"raingage","benchmark",15271,"127.0.0.1:45214",666e86a7.3ba7,72,"SELECT",2024-06-16 14:31:03 CST,7/6,90614,LOG,00000,"execute S_6: SELECT s_quantity, s_data,        s_dist_01, s_dist_02, s_dist_03, s_dist_04,        s_dist_05, s_dist_06, s_dist_07, s_dist_08,        s_dist_09, s_dist_10     FROM bmsql_stock     WHERE s_w_id = $1 AND s_i_id = $2  FOR UPDATE","parameters: $1 = '1', $2 = '34'",,,,,,,,"","client backend"
2024-06-16 14:31:14.992 CST,"raingage","benchmark",15271,"127.0.0.1:45214",666e86a7.3ba7,73,"UPDATE",2024-06-16 14:31:03 CST,7/6,90614,LOG,00000,"execute S_7: UPDATE bmsql_stock     SET s_quantity = $1, s_ytd = s_ytd + $2,         s_order_cnt = s_order_cnt + 1,         s_remote_cnt = s_remote_cnt + $3     WHERE s_w_id = $4 AND s_i_id = $5","parameters: $1 = '13', $2 = '4', $3 = '0', $4 = '1', $5 = '34'",,,,,,,,"","client backend"
2024-06-16 14:31:15.009 CST,"raingage","benchmark",15271,"127.0.0.1:45214",666e86a7.3ba7,74,"COMMIT",2024-06-16 14:31:03 CST,7/6,90614,LOG,00000,"execute S_2: COMMIT",,,,,,,,,"","client backend"
2024-06-16 14:31:15.026 CST,"raingage","benchmark",15271,"127.0.0.1:45214",666e86a7.3ba7,75,"BEGIN",2024-06-16 14:31:03 CST,7/7,0,LOG,00000,"execute S_3: BEGIN",,,,,,,,,"","client backend"
2024-06-16 14:31:15.041 CST,"raingage","benchmark",15268,"127.0.0.1:45208",666e86a6.3ba4,90,"SELECT waiting",2024-06-16 14:31:02 CST,4/8,0,LOG,00000,"process 15268 still waiting for ShareLock on transaction 90615 after 1000.399 ms","Process holding the lock: 15270. Wait queue: 15268, 15272.",,,,"while locking tuple (1,3) in relation ""bmsql_customer""","SELECT c_discount, c_last, c_credit, w_tax     FROM bmsql_customer     JOIN bmsql_warehouse ON (w_id = c_w_id)     WHERE c_w_id = $1 AND c_d_id = $2 AND c_id = $3 FOR UPDATE",,,"","client backend"
2024-06-16 14:31:15.041 CST,"raingage","benchmark",15271,"127.0.0.1:45214",666e86a7.3ba7,76,"SELECT",2024-06-16 14:31:03 CST,7/7,0,LOG,00000,"execute S_4: SELECT d_tax, d_next_o_id     FROM bmsql_district     WHERE d_w_id = $1 AND d_id = $2 ","parameters: $1 = '1', $2 = '1'",,,,,,,,"","client backend"
2024-06-16 14:31:15.074 CST,"raingage","benchmark",15270,"127.0.0.1:45212",666e86a6.3ba6,76,"SELECT",2024-06-16 14:31:02 CST,6/7,90615,LOG,00000,"execute S_1: SELECT c_discount, c_last, c_credit, w_tax     FROM bmsql_customer     JOIN bmsql_warehouse ON (w_id = c_w_id)     WHERE c_w_id = $1 AND c_d_id = $2 AND c_id = $3 FOR UPDATE","parameters: $1 = '1', $2 = '1', $3 = '22'",,,,,,,,"","client backend"
2024-06-16 14:31:15.107 CST,"raingage","benchmark",15271,"127.0.0.1:45214",666e86a7.3ba7,77,"SELECT",2024-06-16 14:31:03 CST,7/7,0,LOG,00000,"execute S_1: SELECT c_discount, c_last, c_credit, w_tax     FROM bmsql_customer     JOIN bmsql_warehouse ON (w_id = c_w_id)     WHERE c_w_id = $1 AND c_d_id = $2 AND c_id = $3 FOR UPDATE","parameters: $1 = '1', $2 = '1', $3 = '18'",,,,,,,,"","client backend"
2024-06-16 14:31:15.145 CST,"raingage","benchmark",15270,"127.0.0.1:45212",666e86a6.3ba6,77,"SELECT",2024-06-16 14:31:02 CST,6/7,90615,LOG,00000,"execute S_1: SELECT c_discount, c_last, c_credit, w_tax     FROM bmsql_customer     JOIN bmsql_warehouse ON (w_id = c_w_id)     WHERE c_w_id = $1 AND c_d_id = $2 AND c_id = $3 FOR UPDATE","parameters: $1 = '1', $2 = '1', $3 = '22'",,,,,,,,"","client backend"
2024-06-16 14:31:15.208 CST,"raingage","benchmark",15270,"127.0.0.1:45212",666e86a6.3ba6,78,"SELECT",2024-06-16 14:31:02 CST,6/7,90615,LOG,00000,"execute S_1: SELECT c_discount, c_last, c_credit, w_tax     FROM bmsql_customer     JOIN bmsql_warehouse ON (w_id = c_w_id)     WHERE c_w_id = $1 AND c_d_id = $2 AND c_id = $3 FOR UPDATE","parameters: $1 = '1', $2 = '1', $3 = '22'",,,,,,,,"","client backend"
2024-06-16 14:31:15.279 CST,"raingage","benchmark",15270,"127.0.0.1:45212",666e86a6.3ba6,79,"SELECT",2024-06-16 14:31:02 CST,6/7,90615,LOG,00000,"execute S_1: SELECT c_discount, c_last, c_credit, w_tax     FROM bmsql_customer     JOIN bmsql_warehouse ON (w_id = c_w_id)     WHERE c_w_id = $1 AND c_d_id = $2 AND c_id = $3 FOR UPDATE","parameters: $1 = '1', $2 = '1', $3 = '22'",,,,,,,,"","client backend"
2024-06-16 14:31:15.345 CST,"raingage","benchmark",15270,"127.0.0.1:45212",666e86a6.3ba6,80,"SELECT",2024-06-16 14:31:02 CST,6/7,90615,LOG,00000,"execute S_1: SELECT c_discount, c_last, c_credit, w_tax     FROM bmsql_customer     JOIN bmsql_warehouse ON (w_id = c_w_id)     WHERE c_w_id = $1 AND c_d_id = $2 AND c_id = $3 FOR UPDATE","parameters: $1 = '1', $2 = '1', $3 = '22'",,,,,,,,"","client backend"
2024-06-16 14:31:15.413 CST,"raingage","benchmark",15270,"127.0.0.1:45212",666e86a6.3ba6,81,"SELECT",2024-06-16 14:31:02 CST,6/7,90615,LOG,00000,"execute S_1: SELECT c_discount, c_last, c_credit, w_tax     FROM bmsql_customer     JOIN bmsql_warehouse ON (w_id = c_w_id)     WHERE c_w_id = $1 AND c_d_id = $2 AND c_id = $3 FOR UPDATE","parameters: $1 = '1', $2 = '1', $3 = '22'",,,,,,,,"","client backend"
2024-06-16 14:31:15.476 CST,"raingage","benchmark",15270,"127.0.0.1:45212",666e86a6.3ba6,82,"SELECT",2024-06-16 14:31:02 CST,6/7,90615,LOG,00000,"execute S_1: SELECT c_discount, c_last, c_credit, w_tax     FROM bmsql_customer     JOIN bmsql_warehouse ON (w_id = c_w_id)     WHERE c_w_id = $1 AND c_d_id = $2 AND c_id = $3 FOR UPDATE","parameters: $1 = '1', $2 = '1', $3 = '22'",,,,,,,,"","client backend"
2024-06-16 14:31:15.491 CST,"raingage","benchmark",15270,"127.0.0.1:45212",666e86a6.3ba6,83,"SELECT",2024-06-16 14:31:02 CST,6/7,90615,LOG,00000,"execute S_5: SELECT i_price, i_name, i_data     FROM bmsql_item     WHERE i_id = $1","parameters: $1 = '2'",,,,,,,,"","client backend"
2024-06-16 14:31:15.508 CST,"raingage","benchmark",15270,"127.0.0.1:45212",666e86a6.3ba6,84,"SELECT",2024-06-16 14:31:02 CST,6/7,90615,LOG,00000,"execute S_6: SELECT s_quantity, s_data,        s_dist_01, s_dist_02, s_dist_03, s_dist_04,        s_dist_05, s_dist_06, s_dist_07, s_dist_08,        s_dist_09, s_dist_10     FROM bmsql_stock     WHERE s_w_id = $1 AND s_i_id = $2  FOR UPDATE","parameters: $1 = '1', $2 = '2'",,,,,,,,"","client backend"
2024-06-16 14:31:15.524 CST,"raingage","benchmark",15270,"127.0.0.1:45212",666e86a6.3ba6,85,"UPDATE",2024-06-16 14:31:02 CST,6/7,90615,LOG,00000,"execute S_7: UPDATE bmsql_stock     SET s_quantity = $1, s_ytd = s_ytd + $2,         s_order_cnt = s_order_cnt + 1,         s_remote_cnt = s_remote_cnt + $3     WHERE s_w_id = $4 AND s_i_id = $5","parameters: $1 = '37', $2 = '2', $3 = '0', $4 = '1', $5 = '2'",,,,,,,,"","client backend"
2024-06-16 14:31:15.541 CST,"raingage","benchmark",15270,"127.0.0.1:45212",666e86a6.3ba6,86,"COMMIT",2024-06-16 14:31:02 CST,6/7,90615,LOG,00000,"execute S_2: COMMIT",,,,,,,,,"","client backend"
2024-06-16 14:31:15.543 CST,"raingage","benchmark",15268,"127.0.0.1:45208",666e86a6.3ba4,91,"SELECT waiting",2024-06-16 14:31:02 CST,4/8,0,LOG,00000,"process 15268 acquired ShareLock on transaction 90615 after 1502.333 ms",,,,,"while locking tuple (1,3) in relation ""bmsql_customer""","SELECT c_discount, c_last, c_credit, w_tax     FROM bmsql_customer     JOIN bmsql_warehouse ON (w_id = c_w_id)     WHERE c_w_id = $1 AND c_d_id = $2 AND c_id = $3 FOR UPDATE",,,"","client backend"
2024-06-16 14:31:15.614 CST,"raingage","benchmark",15272,"127.0.0.1:45216",666e86a7.3ba8,32,"SELECT",2024-06-16 14:31:03 CST,8/4,90616,LOG,00000,"execute S_1: SELECT c_discount, c_last, c_credit, w_tax     FROM bmsql_customer     JOIN bmsql_warehouse ON (w_id = c_w_id)     WHERE c_w_id = $1 AND c_d_id = $2 AND c_id = $3 FOR UPDATE","parameters: $1 = '1', $2 = '1', $3 = '18'",,,,,,,,"","client backend"
2024-06-16 14:31:15.686 CST,"raingage","benchmark",15272,"127.0.0.1:45216",666e86a7.3ba8,33,"SELECT",2024-06-16 14:31:03 CST,8/4,90616,LOG,00000,"execute S_1: SELECT c_discount, c_last, c_credit, w_tax     FROM bmsql_customer     JOIN bmsql_warehouse ON (w_id = c_w_id)     WHERE c_w_id = $1 AND c_d_id = $2 AND c_id = $3 FOR UPDATE","parameters: $1 = '1', $2 = '1', $3 = '18'",,,,,,,,"","client backend"
2024-06-16 14:31:15.755 CST,"raingage","benchmark",15272,"127.0.0.1:45216",666e86a7.3ba8,34,"SELECT",2024-06-16 14:31:03 CST,8/4,90616,LOG,00000,"execute S_1: SELECT c_discount, c_last, c_credit, w_tax     FROM bmsql_customer     JOIN bmsql_warehouse ON (w_id = c_w_id)     WHERE c_w_id = $1 AND c_d_id = $2 AND c_id = $3 FOR UPDATE","parameters: $1 = '1', $2 = '1', $3 = '18'",,,,,,,,"","client backend"
2024-06-16 14:31:15.819 CST,"raingage","benchmark",15272,"127.0.0.1:45216",666e86a7.3ba8,35,"SELECT",2024-06-16 14:31:03 CST,8/4,90616,LOG,00000,"execute S_1: SELECT c_discount, c_last, c_credit, w_tax     FROM bmsql_customer     JOIN bmsql_warehouse ON (w_id = c_w_id)     WHERE c_w_id = $1 AND c_d_id = $2 AND c_id = $3 FOR UPDATE","parameters: $1 = '1', $2 = '1', $3 = '18'",,,,,,,,"","client backend"
2024-06-16 14:31:15.884 CST,"raingage","benchmark",15272,"127.0.0.1:45216",666e86a7.3ba8,36,"SELECT",2024-06-16 14:31:03 CST,8/4,90616,LOG,00000,"execute S_1: SELECT c_discount, c_last, c_credit, w_tax     FROM bmsql_customer     JOIN bmsql_warehouse ON (w_id = c_w_id)     WHERE c_w_id = $1 AND c_d_id = $2 AND c_id = $3 FOR UPDATE","parameters: $1 = '1', $2 = '1', $3 = '18'",,,,,,,,"","client backend"
2024-06-16 14:31:15.951 CST,"raingage","benchmark",15272,"127.0.0.1:45216",666e86a7.3ba8,37,"SELECT",2024-06-16 14:31:03 CST,8/4,90616,LOG,00000,"execute S_1: SELECT c_discount, c_last, c_credit, w_tax     FROM bmsql_customer     JOIN bmsql_warehouse ON (w_id = c_w_id)     WHERE c_w_id = $1 AND c_d_id = $2 AND c_id = $3 FOR UPDATE","parameters: $1 = '1', $2 = '1', $3 = '18'",,,,,,,,"","client backend"
2024-06-16 14:31:16.011 CST,"raingage","benchmark",15272,"127.0.0.1:45216",666e86a7.3ba8,38,"SELECT",2024-06-16 14:31:03 CST,8/4,90616,LOG,00000,"execute S_1: SELECT c_discount, c_last, c_credit, w_tax     FROM bmsql_customer     JOIN bmsql_warehouse ON (w_id = c_w_id)     WHERE c_w_id = $1 AND c_d_id = $2 AND c_id = $3 FOR UPDATE","parameters: $1 = '1', $2 = '1', $3 = '18'",,,,,,,,"","client backend"
2024-06-16 14:31:16.026 CST,"raingage","benchmark",15272,"127.0.0.1:45216",666e86a7.3ba8,39,"SELECT",2024-06-16 14:31:03 CST,8/4,90616,LOG,00000,"execute <unnamed>: SELECT i_price, i_name, i_data     FROM bmsql_item     WHERE i_id = $1","parameters: $1 = '31'",,,,,,,,"","client backend"
2024-06-16 14:31:16.046 CST,"raingage","benchmark",15272,"127.0.0.1:45216",666e86a7.3ba8,40,"SELECT",2024-06-16 14:31:03 CST,8/4,90616,LOG,00000,"execute <unnamed>: SELECT s_quantity, s_data,        s_dist_01, s_dist_02, s_dist_03, s_dist_04,        s_dist_05, s_dist_06, s_dist_07, s_dist_08,        s_dist_09, s_dist_10     FROM bmsql_stock     WHERE s_w_id = $1 AND s_i_id = $2  FOR UPDATE","parameters: $1 = '1', $2 = '31'",,,,,,,,"","client backend"
2024-06-16 14:31:16.061 CST,"raingage","benchmark",15272,"127.0.0.1:45216",666e86a7.3ba8,41,"UPDATE",2024-06-16 14:31:03 CST,8/4,90616,LOG,00000,"execute <unnamed>: UPDATE bmsql_stock     SET s_quantity = $1, s_ytd = s_ytd + $2,         s_order_cnt = s_order_cnt + 1,         s_remote_cnt = s_remote_cnt + $3     WHERE s_w_id = $4 AND s_i_id = $5","parameters: $1 = '22', $2 = '7', $3 = '0', $4 = '1', $5 = '31'",,,,,,,,"","client backend"
2024-06-16 14:31:16.078 CST,"raingage","benchmark",15272,"127.0.0.1:45216",666e86a7.3ba8,42,"COMMIT",2024-06-16 14:31:03 CST,8/4,90616,LOG,00000,"execute S_2: COMMIT",,,,,,,,,"","client backend"
2024-06-16 14:31:16.100 CST,"raingage","benchmark",15272,"127.0.0.1:45216",666e86a7.3ba8,43,"BEGIN",2024-06-16 14:31:03 CST,8/5,0,LOG,00000,"execute <unnamed>: BEGIN",,,,,,,,,"","client backend"
2024-06-16 14:31:16.118 CST,"raingage","benchmark",15272,"127.0.0.1:45216",666e86a7.3ba8,44,"SELECT",2024-06-16 14:31:03 CST,8/5,0,LOG,00000,"execute <unnamed>: SELECT d_tax, d_next_o_id     FROM bmsql_district     WHERE d_w_id = $1 AND d_id = $2 ","parameters: $1 = '1', $2 = '2'",,,,,,,,"","client backend"
2024-06-16 14:31:16.143 CST,"raingage","benchmark",15268,"127.0.0.1:45208",666e86a6.3ba4,92,"SELECT",2024-06-16 14:31:02 CST,4/8,90617,LOG,00000,"execute S_1: SELECT c_discount, c_last, c_credit, w_tax     FROM bmsql_customer     JOIN bmsql_warehouse ON (w_id = c_w_id)     WHERE c_w_id = $1 AND c_d_id = $2 AND c_id = $3 FOR UPDATE","parameters: $1 = '1', $2 = '1', $3 = '22'",,,,,,,,"","client backend"
2024-06-16 14:31:16.191 CST,"raingage","benchmark",15272,"127.0.0.1:45216",666e86a7.3ba8,45,"SELECT",2024-06-16 14:31:03 CST,8/5,0,LOG,00000,"execute S_1: SELECT c_discount, c_last, c_credit, w_tax     FROM bmsql_customer     JOIN bmsql_warehouse ON (w_id = c_w_id)     WHERE c_w_id = $1 AND c_d_id = $2 AND c_id = $3 FOR UPDATE","parameters: $1 = '1', $2 = '2', $3 = '92'",,,,,,,,"","client backend"
2024-06-16 14:31:16.207 CST,"raingage","benchmark",15268,"127.0.0.1:45208",666e86a6.3ba4,93,"SELECT",2024-06-16 14:31:02 CST,4/8,90617,LOG,00000,"execute S_1: SELECT c_discount, c_last, c_credit, w_tax     FROM bmsql_customer     JOIN bmsql_warehouse ON (w_id = c_w_id)     WHERE c_w_id = $1 AND c_d_id = $2 AND c_id = $3 FOR UPDATE","parameters: $1 = '1', $2 = '1', $3 = '22'",,,,,,,,"","client backend"
2024-06-16 14:31:16.279 CST,"raingage","benchmark",15268,"127.0.0.1:45208",666e86a6.3ba4,94,"SELECT",2024-06-16 14:31:02 CST,4/8,90617,LOG,00000,"execute S_1: SELECT c_discount, c_last, c_credit, w_tax     FROM bmsql_customer     JOIN bmsql_warehouse ON (w_id = c_w_id)     WHERE c_w_id = $1 AND c_d_id = $2 AND c_id = $3 FOR UPDATE","parameters: $1 = '1', $2 = '1', $3 = '22'",,,,,,,,"","client backend"
2024-06-16 14:31:16.345 CST,"raingage","benchmark",15268,"127.0.0.1:45208",666e86a6.3ba4,95,"SELECT",2024-06-16 14:31:02 CST,4/8,90617,LOG,00000,"execute S_1: SELECT c_discount, c_last, c_credit, w_tax     FROM bmsql_customer     JOIN bmsql_warehouse ON (w_id = c_w_id)     WHERE c_w_id = $1 AND c_d_id = $2 AND c_id = $3 FOR UPDATE","parameters: $1 = '1', $2 = '1', $3 = '22'",,,,,,,,"","client backend"
2024-06-16 14:31:16.413 CST,"raingage","benchmark",15268,"127.0.0.1:45208",666e86a6.3ba4,96,"SELECT",2024-06-16 14:31:02 CST,4/8,90617,LOG,00000,"execute S_1: SELECT c_discount, c_last, c_credit, w_tax     FROM bmsql_customer     JOIN bmsql_warehouse ON (w_id = c_w_id)     WHERE c_w_id = $1 AND c_d_id = $2 AND c_id = $3 FOR UPDATE","parameters: $1 = '1', $2 = '1', $3 = '22'",,,,,,,,"","client backend"
2024-06-16 14:31:16.484 CST,"raingage","benchmark",15268,"127.0.0.1:45208",666e86a6.3ba4,97,"SELECT",2024-06-16 14:31:02 CST,4/8,90617,LOG,00000,"execute S_1: SELECT c_discount, c_last, c_credit, w_tax     FROM bmsql_customer     JOIN bmsql_warehouse ON (w_id = c_w_id)     WHERE c_w_id = $1 AND c_d_id = $2 AND c_id = $3 FOR UPDATE","parameters: $1 = '1', $2 = '1', $3 = '22'",,,,,,,,"","client backend"
2024-06-16 14:31:16.544 CST,"raingage","benchmark",15268,"127.0.0.1:45208",666e86a6.3ba4,98,"SELECT",2024-06-16 14:31:02 CST,4/8,90617,LOG,00000,"execute S_1: SELECT c_discount, c_last, c_credit, w_tax     FROM bmsql_customer     JOIN bmsql_warehouse ON (w_id = c_w_id)     WHERE c_w_id = $1 AND c_d_id = $2 AND c_id = $3 FOR UPDATE","parameters: $1 = '1', $2 = '1', $3 = '22'",,,,,,,,"","client backend"
2024-06-16 14:31:16.561 CST,"raingage","benchmark",15268,"127.0.0.1:45208",666e86a6.3ba4,99,"SELECT",2024-06-16 14:31:02 CST,4/8,90617,LOG,00000,"execute S_5: SELECT i_price, i_name, i_data     FROM bmsql_item     WHERE i_id = $1","parameters: $1 = '2'",,,,,,,,"","client backend"
2024-06-16 14:31:16.577 CST,"raingage","benchmark",15268,"127.0.0.1:45208",666e86a6.3ba4,100,"SELECT",2024-06-16 14:31:02 CST,4/8,90617,LOG,00000,"execute S_6: SELECT s_quantity, s_data,        s_dist_01, s_dist_02, s_dist_03, s_dist_04,        s_dist_05, s_dist_06, s_dist_07, s_dist_08,        s_dist_09, s_dist_10     FROM bmsql_stock     WHERE s_w_id = $1 AND s_i_id = $2  FOR UPDATE","parameters: $1 = '1', $2 = '2'",,,,,,,,"","client backend"
2024-06-16 14:31:16.599 CST,"raingage","benchmark",15268,"127.0.0.1:45208",666e86a6.3ba4,101,"UPDATE",2024-06-16 14:31:02 CST,4/8,90617,LOG,00000,"execute S_7: UPDATE bmsql_stock     SET s_quantity = $1, s_ytd = s_ytd + $2,         s_order_cnt = s_order_cnt + 1,         s_remote_cnt = s_remote_cnt + $3     WHERE s_w_id = $4 AND s_i_id = $5","parameters: $1 = '36', $2 = '1', $3 = '0', $4 = '1', $5 = '2'",,,,,,,,"","client backend"
2024-06-16 14:31:16.611 CST,"raingage","benchmark",15268,"127.0.0.1:45208",666e86a6.3ba4,102,"COMMIT",2024-06-16 14:31:02 CST,4/8,90617,LOG,00000,"execute S_2: COMMIT",,,,,,,,,"","client backend"
2024-06-16 14:31:16.626 CST,"raingage","benchmark",15268,"127.0.0.1:45208",666e86a6.3ba4,103,"BEGIN",2024-06-16 14:31:02 CST,4/9,0,LOG,00000,"execute S_3: BEGIN",,,,,,,,,"","client backend"
2024-06-16 14:31:16.644 CST,"raingage","benchmark",15268,"127.0.0.1:45208",666e86a6.3ba4,104,"SELECT",2024-06-16 14:31:02 CST,4/9,0,LOG,00000,"execute S_4: SELECT d_tax, d_next_o_id     FROM bmsql_district     WHERE d_w_id = $1 AND d_id = $2 ","parameters: $1 = '1', $2 = '2'",,,,,,,,"","client backend"
2024-06-16 14:31:16.683 CST,"raingage","benchmark",15271,"127.0.0.1:45214",666e86a7.3ba7,78,"SELECT",2024-06-16 14:31:03 CST,7/7,90618,LOG,00000,"execute S_1: SELECT c_discount, c_last, c_credit, w_tax     FROM bmsql_customer     JOIN bmsql_warehouse ON (w_id = c_w_id)     WHERE c_w_id = $1 AND c_d_id = $2 AND c_id = $3 FOR UPDATE","parameters: $1 = '1', $2 = '1', $3 = '18'",,,,,,,,"","client backend"
2024-06-16 14:31:16.706 CST,"raingage","benchmark",15268,"127.0.0.1:45208",666e86a6.3ba4,105,"SELECT",2024-06-16 14:31:02 CST,4/9,0,LOG,00000,"execute S_1: SELECT c_discount, c_last, c_credit, w_tax     FROM bmsql_customer     JOIN bmsql_warehouse ON (w_id = c_w_id)     WHERE c_w_id = $1 AND c_d_id = $2 AND c_id = $3 FOR UPDATE","parameters: $1 = '1', $2 = '2', $3 = '7'",,,,,,,,"","client backend"
2024-06-16 14:31:16.748 CST,"raingage","benchmark",15271,"127.0.0.1:45214",666e86a7.3ba7,79,"SELECT",2024-06-16 14:31:03 CST,7/7,90618,LOG,00000,"execute S_1: SELECT c_discount, c_last, c_credit, w_tax     FROM bmsql_customer     JOIN bmsql_warehouse ON (w_id = c_w_id)     WHERE c_w_id = $1 AND c_d_id = $2 AND c_id = $3 FOR UPDATE","parameters: $1 = '1', $2 = '1', $3 = '18'",,,,,,,,"","client backend"
2024-06-16 14:31:16.813 CST,"raingage","benchmark",15271,"127.0.0.1:45214",666e86a7.3ba7,80,"SELECT",2024-06-16 14:31:03 CST,7/7,90618,LOG,00000,"execute S_1: SELECT c_discount, c_last, c_credit, w_tax     FROM bmsql_customer     JOIN bmsql_warehouse ON (w_id = c_w_id)     WHERE c_w_id = $1 AND c_d_id = $2 AND c_id = $3 FOR UPDATE","parameters: $1 = '1', $2 = '1', $3 = '18'",,,,,,,,"","client backend"
2024-06-16 14:31:16.880 CST,"raingage","benchmark",15271,"127.0.0.1:45214",666e86a7.3ba7,81,"SELECT",2024-06-16 14:31:03 CST,7/7,90618,LOG,00000,"execute S_1: SELECT c_discount, c_last, c_credit, w_tax     FROM bmsql_customer     JOIN bmsql_warehouse ON (w_id = c_w_id)     WHERE c_w_id = $1 AND c_d_id = $2 AND c_id = $3 FOR UPDATE","parameters: $1 = '1', $2 = '1', $3 = '18'",,,,,,,,"","client backend"
2024-06-16 14:31:16.948 CST,"raingage","benchmark",15271,"127.0.0.1:45214",666e86a7.3ba7,82,"SELECT",2024-06-16 14:31:03 CST,7/7,90618,LOG,00000,"execute S_1: SELECT c_discount, c_last, c_credit, w_tax     FROM bmsql_customer     JOIN bmsql_warehouse ON (w_id = c_w_id)     WHERE c_w_id = $1 AND c_d_id = $2 AND c_id = $3 FOR UPDATE","parameters: $1 = '1', $2 = '1', $3 = '18'",,,,,,,,"","client backend"
2024-06-16 14:31:17.015 CST,"raingage","benchmark",15271,"127.0.0.1:45214",666e86a7.3ba7,83,"SELECT",2024-06-16 14:31:03 CST,7/7,90618,LOG,00000,"execute S_1: SELECT c_discount, c_last, c_credit, w_tax     FROM bmsql_customer     JOIN bmsql_warehouse ON (w_id = c_w_id)     WHERE c_w_id = $1 AND c_d_id = $2 AND c_id = $3 FOR UPDATE","parameters: $1 = '1', $2 = '1', $3 = '18'",,,,,,,,"","client backend"
2024-06-16 14:31:17.080 CST,"raingage","benchmark",15271,"127.0.0.1:45214",666e86a7.3ba7,84,"SELECT",2024-06-16 14:31:03 CST,7/7,90618,LOG,00000,"execute S_1: SELECT c_discount, c_last, c_credit, w_tax     FROM bmsql_customer     JOIN bmsql_warehouse ON (w_id = c_w_id)     WHERE c_w_id = $1 AND c_d_id = $2 AND c_id = $3 FOR UPDATE","parameters: $1 = '1', $2 = '1', $3 = '18'",,,,,,,,"","client backend"
2024-06-16 14:31:17.097 CST,"raingage","benchmark",15271,"127.0.0.1:45214",666e86a7.3ba7,85,"SELECT",2024-06-16 14:31:03 CST,7/7,90618,LOG,00000,"execute S_5: SELECT i_price, i_name, i_data     FROM bmsql_item     WHERE i_id = $1","parameters: $1 = '31'",,,,,,,,"","client backend"
2024-06-16 14:31:17.109 CST,"raingage","benchmark",15271,"127.0.0.1:45214",666e86a7.3ba7,86,"SELECT",2024-06-16 14:31:03 CST,7/7,90618,LOG,00000,"execute S_6: SELECT s_quantity, s_data,        s_dist_01, s_dist_02, s_dist_03, s_dist_04,        s_dist_05, s_dist_06, s_dist_07, s_dist_08,        s_dist_09, s_dist_10     FROM bmsql_stock     WHERE s_w_id = $1 AND s_i_id = $2  FOR UPDATE","parameters: $1 = '1', $2 = '31'",,,,,,,,"","client backend"
2024-06-16 14:31:17.125 CST,"raingage","benchmark",15271,"127.0.0.1:45214",666e86a7.3ba7,87,"UPDATE",2024-06-16 14:31:03 CST,7/7,90618,LOG,00000,"execute S_7: UPDATE bmsql_stock     SET s_quantity = $1, s_ytd = s_ytd + $2,         s_order_cnt = s_order_cnt + 1,         s_remote_cnt = s_remote_cnt + $3     WHERE s_w_id = $4 AND s_i_id = $5","parameters: $1 = '20', $2 = '2', $3 = '0', $4 = '1', $5 = '31'",,,,,,,,"","client backend"
2024-06-16 14:31:17.136 CST,"raingage","benchmark",15271,"127.0.0.1:45214",666e86a7.3ba7,88,"COMMIT",2024-06-16 14:31:03 CST,7/7,90618,LOG,00000,"execute S_2: COMMIT",,,,,,,,,"","client backend"
2024-06-16 14:31:17.159 CST,"raingage","benchmark",15271,"127.0.0.1:45214",666e86a7.3ba7,89,"BEGIN",2024-06-16 14:31:03 CST,7/8,0,LOG,00000,"execute S_3: BEGIN",,,,,,,,,"","client backend"
2024-06-16 14:31:17.172 CST,"raingage","benchmark",15271,"127.0.0.1:45214",666e86a7.3ba7,90,"SELECT",2024-06-16 14:31:03 CST,7/8,0,LOG,00000,"execute S_4: SELECT d_tax, d_next_o_id     FROM bmsql_district     WHERE d_w_id = $1 AND d_id = $2 ","parameters: $1 = '1', $2 = '2'",,,,,,,,"","client backend"
2024-06-16 14:31:17.202 CST,"raingage","benchmark",15272,"127.0.0.1:45216",666e86a7.3ba8,46,"SELECT",2024-06-16 14:31:03 CST,8/5,90619,LOG,00000,"execute S_1: SELECT c_discount, c_last, c_credit, w_tax     FROM bmsql_customer     JOIN bmsql_warehouse ON (w_id = c_w_id)     WHERE c_w_id = $1 AND c_d_id = $2 AND c_id = $3 FOR UPDATE","parameters: $1 = '1', $2 = '2', $3 = '92'",,,,,,,,"","client backend"
2024-06-16 14:31:17.235 CST,"raingage","benchmark",15271,"127.0.0.1:45214",666e86a7.3ba7,91,"SELECT",2024-06-16 14:31:03 CST,7/8,0,LOG,00000,"execute S_1: SELECT c_discount, c_last, c_credit, w_tax     FROM bmsql_customer     JOIN bmsql_warehouse ON (w_id = c_w_id)     WHERE c_w_id = $1 AND c_d_id = $2 AND c_id = $3 FOR UPDATE","parameters: $1 = '1', $2 = '2', $3 = '62'",,,,,,,,"","client backend"
2024-06-16 14:31:17.274 CST,"raingage","benchmark",15272,"127.0.0.1:45216",666e86a7.3ba8,47,"SELECT",2024-06-16 14:31:03 CST,8/5,90619,LOG,00000,"execute S_1: SELECT c_discount, c_last, c_credit, w_tax     FROM bmsql_customer     JOIN bmsql_warehouse ON (w_id = c_w_id)     WHERE c_w_id = $1 AND c_d_id = $2 AND c_id = $3 FOR UPDATE","parameters: $1 = '1', $2 = '2', $3 = '92'",,,,,,,,"","client backend"
2024-06-16 14:31:17.338 CST,"raingage","benchmark",15272,"127.0.0.1:45216",666e86a7.3ba8,48,"SELECT",2024-06-16 14:31:03 CST,8/5,90619,LOG,00000,"execute S_1: SELECT c_discount, c_last, c_credit, w_tax     FROM bmsql_customer     JOIN bmsql_warehouse ON (w_id = c_w_id)     WHERE c_w_id = $1 AND c_d_id = $2 AND c_id = $3 FOR UPDATE","parameters: $1 = '1', $2 = '2', $3 = '92'",,,,,,,,"","client backend"
2024-06-16 14:31:17.403 CST,"raingage","benchmark",15272,"127.0.0.1:45216",666e86a7.3ba8,49,"SELECT",2024-06-16 14:31:03 CST,8/5,90619,LOG,00000,"execute S_1: SELECT c_discount, c_last, c_credit, w_tax     FROM bmsql_customer     JOIN bmsql_warehouse ON (w_id = c_w_id)     WHERE c_w_id = $1 AND c_d_id = $2 AND c_id = $3 FOR UPDATE","parameters: $1 = '1', $2 = '2', $3 = '92'",,,,,,,,"","client backend"
2024-06-16 14:31:17.467 CST,"raingage","benchmark",15272,"127.0.0.1:45216",666e86a7.3ba8,50,"SELECT",2024-06-16 14:31:03 CST,8/5,90619,LOG,00000,"execute S_1: SELECT c_discount, c_last, c_credit, w_tax     FROM bmsql_customer     JOIN bmsql_warehouse ON (w_id = c_w_id)     WHERE c_w_id = $1 AND c_d_id = $2 AND c_id = $3 FOR UPDATE","parameters: $1 = '1', $2 = '2', $3 = '92'",,,,,,,,"","client backend"
2024-06-16 14:31:17.538 CST,"raingage","benchmark",15272,"127.0.0.1:45216",666e86a7.3ba8,51,"SELECT",2024-06-16 14:31:03 CST,8/5,90619,LOG,00000,"execute S_1: SELECT c_discount, c_last, c_credit, w_tax     FROM bmsql_customer     JOIN bmsql_warehouse ON (w_id = c_w_id)     WHERE c_w_id = $1 AND c_d_id = $2 AND c_id = $3 FOR UPDATE","parameters: $1 = '1', $2 = '2', $3 = '92'",,,,,,,,"","client backend"
2024-06-16 14:31:17.606 CST,"raingage","benchmark",15272,"127.0.0.1:45216",666e86a7.3ba8,52,"SELECT",2024-06-16 14:31:03 CST,8/5,90619,LOG,00000,"execute S_1: SELECT c_discount, c_last, c_credit, w_tax     FROM bmsql_customer     JOIN bmsql_warehouse ON (w_id = c_w_id)     WHERE c_w_id = $1 AND c_d_id = $2 AND c_id = $3 FOR UPDATE","parameters: $1 = '1', $2 = '2', $3 = '92'",,,,,,,,"","client backend"
2024-06-16 14:31:17.614 CST,"raingage","benchmark",15272,"127.0.0.1:45216",666e86a7.3ba8,53,"SELECT",2024-06-16 14:31:03 CST,8/5,90619,LOG,00000,"execute <unnamed>: SELECT i_price, i_name, i_data     FROM bmsql_item     WHERE i_id = $1","parameters: $1 = '89'",,,,,,,,"","client backend"
2024-06-16 14:31:17.633 CST,"raingage","benchmark",15272,"127.0.0.1:45216",666e86a7.3ba8,54,"SELECT",2024-06-16 14:31:03 CST,8/5,90619,LOG,00000,"execute <unnamed>: SELECT s_quantity, s_data,        s_dist_01, s_dist_02, s_dist_03, s_dist_04,        s_dist_05, s_dist_06, s_dist_07, s_dist_08,        s_dist_09, s_dist_10     FROM bmsql_stock     WHERE s_w_id = $1 AND s_i_id = $2  FOR UPDATE","parameters: $1 = '1', $2 = '89'",,,,,,,,"","client backend"
2024-06-16 14:31:17.652 CST,"raingage","benchmark",15272,"127.0.0.1:45216",666e86a7.3ba8,55,"UPDATE",2024-06-16 14:31:03 CST,8/5,90619,LOG,00000,"execute <unnamed>: UPDATE bmsql_stock     SET s_quantity = $1, s_ytd = s_ytd + $2,         s_order_cnt = s_order_cnt + 1,         s_remote_cnt = s_remote_cnt + $3     WHERE s_w_id = $4 AND s_i_id = $5","parameters: $1 = '14', $2 = '2', $3 = '0', $4 = '1', $5 = '89'",,,,,,,,"","client backend"
2024-06-16 14:31:17.666 CST,"raingage","benchmark",15272,"127.0.0.1:45216",666e86a7.3ba8,56,"COMMIT",2024-06-16 14:31:03 CST,8/5,90619,LOG,00000,"execute S_2: COMMIT",,,,,,,,,"","client backend"
2024-06-16 14:31:17.684 CST,"raingage","benchmark",15272,"127.0.0.1:45216",666e86a7.3ba8,57,"BEGIN",2024-06-16 14:31:03 CST,8/6,0,LOG,00000,"execute S_3: BEGIN",,,,,,,,,"","client backend"
2024-06-16 14:31:17.700 CST,"raingage","benchmark",15272,"127.0.0.1:45216",666e86a7.3ba8,58,"SELECT",2024-06-16 14:31:03 CST,8/6,0,LOG,00000,"execute S_4: SELECT d_tax, d_next_o_id     FROM bmsql_district     WHERE d_w_id = $1 AND d_id = $2 ","parameters: $1 = '1', $2 = '2'",,,,,,,,"","client backend"
2024-06-16 14:31:17.731 CST,"raingage","benchmark",15268,"127.0.0.1:45208",666e86a6.3ba4,106,"SELECT",2024-06-16 14:31:02 CST,4/9,90620,LOG,00000,"execute S_1: SELECT c_discount, c_last, c_credit, w_tax     FROM bmsql_customer     JOIN bmsql_warehouse ON (w_id = c_w_id)     WHERE c_w_id = $1 AND c_d_id = $2 AND c_id = $3 FOR UPDATE","parameters: $1 = '1', $2 = '2', $3 = '7'",,,,,,,,"","client backend"
2024-06-16 14:31:17.769 CST,"raingage","benchmark",15272,"127.0.0.1:45216",666e86a7.3ba8,59,"SELECT",2024-06-16 14:31:03 CST,8/6,0,LOG,00000,"execute S_1: SELECT c_discount, c_last, c_credit, w_tax     FROM bmsql_customer     JOIN bmsql_warehouse ON (w_id = c_w_id)     WHERE c_w_id = $1 AND c_d_id = $2 AND c_id = $3 FOR UPDATE","parameters: $1 = '1', $2 = '2', $3 = '62'",,,,,,,,"","client backend"
2024-06-16 14:31:17.795 CST,"raingage","benchmark",15268,"127.0.0.1:45208",666e86a6.3ba4,107,"SELECT",2024-06-16 14:31:02 CST,4/9,90620,LOG,00000,"execute S_1: SELECT c_discount, c_last, c_credit, w_tax     FROM bmsql_customer     JOIN bmsql_warehouse ON (w_id = c_w_id)     WHERE c_w_id = $1 AND c_d_id = $2 AND c_id = $3 FOR UPDATE","parameters: $1 = '1', $2 = '2', $3 = '7'",,,,,,,,"","client backend"
2024-06-16 14:31:17.861 CST,"raingage","benchmark",15268,"127.0.0.1:45208",666e86a6.3ba4,108,"SELECT",2024-06-16 14:31:02 CST,4/9,90620,LOG,00000,"execute S_1: SELECT c_discount, c_last, c_credit, w_tax     FROM bmsql_customer     JOIN bmsql_warehouse ON (w_id = c_w_id)     WHERE c_w_id = $1 AND c_d_id = $2 AND c_id = $3 FOR UPDATE","parameters: $1 = '1', $2 = '2', $3 = '7'",,,,,,,,"","client backend"
2024-06-16 14:31:17.933 CST,"raingage","benchmark",15268,"127.0.0.1:45208",666e86a6.3ba4,109,"SELECT",2024-06-16 14:31:02 CST,4/9,90620,LOG,00000,"execute S_1: SELECT c_discount, c_last, c_credit, w_tax     FROM bmsql_customer     JOIN bmsql_warehouse ON (w_id = c_w_id)     WHERE c_w_id = $1 AND c_d_id = $2 AND c_id = $3 FOR UPDATE","parameters: $1 = '1', $2 = '2', $3 = '7'",,,,,,,,"","client backend"
2024-06-16 14:31:18.011 CST,"raingage","benchmark",15268,"127.0.0.1:45208",666e86a6.3ba4,110,"SELECT",2024-06-16 14:31:02 CST,4/9,90620,LOG,00000,"execute S_1: SELECT c_discount, c_last, c_credit, w_tax     FROM bmsql_customer     JOIN bmsql_warehouse ON (w_id = c_w_id)     WHERE c_w_id = $1 AND c_d_id = $2 AND c_id = $3 FOR UPDATE","parameters: $1 = '1', $2 = '2', $3 = '7'",,,,,,,,"","client backend"
2024-06-16 14:31:18.078 CST,"raingage","benchmark",15268,"127.0.0.1:45208",666e86a6.3ba4,111,"SELECT",2024-06-16 14:31:02 CST,4/9,90620,LOG,00000,"execute S_1: SELECT c_discount, c_last, c_credit, w_tax     FROM bmsql_customer     JOIN bmsql_warehouse ON (w_id = c_w_id)     WHERE c_w_id = $1 AND c_d_id = $2 AND c_id = $3 FOR UPDATE","parameters: $1 = '1', $2 = '2', $3 = '7'",,,,,,,,"","client backend"
2024-06-16 14:31:18.140 CST,"raingage","benchmark",15268,"127.0.0.1:45208",666e86a6.3ba4,112,"SELECT",2024-06-16 14:31:02 CST,4/9,90620,LOG,00000,"execute S_1: SELECT c_discount, c_last, c_credit, w_tax     FROM bmsql_customer     JOIN bmsql_warehouse ON (w_id = c_w_id)     WHERE c_w_id = $1 AND c_d_id = $2 AND c_id = $3 FOR UPDATE","parameters: $1 = '1', $2 = '2', $3 = '7'",,,,,,,,"","client backend"
2024-06-16 14:31:18.154 CST,"raingage","benchmark",15268,"127.0.0.1:45208",666e86a6.3ba4,113,"SELECT",2024-06-16 14:31:02 CST,4/9,90620,LOG,00000,"execute S_5: SELECT i_price, i_name, i_data     FROM bmsql_item     WHERE i_id = $1","parameters: $1 = '103'",,,,,,,,"","client backend"
2024-06-16 14:31:18.166 CST,"raingage","benchmark",15268,"127.0.0.1:45208",666e86a6.3ba4,114,"SELECT",2024-06-16 14:31:02 CST,4/9,90620,LOG,00000,"execute S_6: SELECT s_quantity, s_data,        s_dist_01, s_dist_02, s_dist_03, s_dist_04,        s_dist_05, s_dist_06, s_dist_07, s_dist_08,        s_dist_09, s_dist_10     FROM bmsql_stock     WHERE s_w_id = $1 AND s_i_id = $2  FOR UPDATE","parameters: $1 = '1', $2 = '103'",,,,,,,,"","client backend"
2024-06-16 14:31:18.178 CST,"raingage","benchmark",15268,"127.0.0.1:45208",666e86a6.3ba4,115,"UPDATE",2024-06-16 14:31:02 CST,4/9,90620,LOG,00000,"execute S_7: UPDATE bmsql_stock     SET s_quantity = $1, s_ytd = s_ytd + $2,         s_order_cnt = s_order_cnt + 1,         s_remote_cnt = s_remote_cnt + $3     WHERE s_w_id = $4 AND s_i_id = $5","parameters: $1 = '30', $2 = '5', $3 = '0', $4 = '1', $5 = '103'",,,,,,,,"","client backend"
2024-06-16 14:31:18.192 CST,"raingage","benchmark",15268,"127.0.0.1:45208",666e86a6.3ba4,116,"COMMIT",2024-06-16 14:31:02 CST,4/9,90620,LOG,00000,"execute S_2: COMMIT",,,,,,,,,"","client backend"
2024-06-16 14:31:18.216 CST,"raingage","benchmark",15268,"127.0.0.1:45208",666e86a6.3ba4,117,"BEGIN",2024-06-16 14:31:02 CST,4/10,0,LOG,00000,"execute S_3: BEGIN",,,,,,,,,"","client backend"
2024-06-16 14:31:18.235 CST,"raingage","benchmark",15268,"127.0.0.1:45208",666e86a6.3ba4,118,"SELECT",2024-06-16 14:31:02 CST,4/10,0,LOG,00000,"execute S_4: SELECT d_tax, d_next_o_id     FROM bmsql_district     WHERE d_w_id = $1 AND d_id = $2 ","parameters: $1 = '1', $2 = '1'",,,,,,,,"","client backend"
2024-06-16 14:31:18.263 CST,"raingage","benchmark",15271,"127.0.0.1:45214",666e86a7.3ba7,92,"SELECT",2024-06-16 14:31:03 CST,7/8,90621,LOG,00000,"execute S_1: SELECT c_discount, c_last, c_credit, w_tax     FROM bmsql_customer     JOIN bmsql_warehouse ON (w_id = c_w_id)     WHERE c_w_id = $1 AND c_d_id = $2 AND c_id = $3 FOR UPDATE","parameters: $1 = '1', $2 = '2', $3 = '62'",,,,,,,,"","client backend"
2024-06-16 14:31:18.303 CST,"raingage","benchmark",15268,"127.0.0.1:45208",666e86a6.3ba4,119,"SELECT",2024-06-16 14:31:02 CST,4/10,0,LOG,00000,"execute S_1: SELECT c_discount, c_last, c_credit, w_tax     FROM bmsql_customer     JOIN bmsql_warehouse ON (w_id = c_w_id)     WHERE c_w_id = $1 AND c_d_id = $2 AND c_id = $3 FOR UPDATE","parameters: $1 = '1', $2 = '1', $3 = '8'",,,,,,,,"","client backend"
2024-06-16 14:31:18.335 CST,"raingage","benchmark",15271,"127.0.0.1:45214",666e86a7.3ba7,93,"SELECT",2024-06-16 14:31:03 CST,7/8,90621,LOG,00000,"execute S_1: SELECT c_discount, c_last, c_credit, w_tax     FROM bmsql_customer     JOIN bmsql_warehouse ON (w_id = c_w_id)     WHERE c_w_id = $1 AND c_d_id = $2 AND c_id = $3 FOR UPDATE","parameters: $1 = '1', $2 = '2', $3 = '62'",,,,,,,,"","client backend"
2024-06-16 14:31:18.398 CST,"raingage","benchmark",15271,"127.0.0.1:45214",666e86a7.3ba7,94,"SELECT",2024-06-16 14:31:03 CST,7/8,90621,LOG,00000,"execute S_1: SELECT c_discount, c_last, c_credit, w_tax     FROM bmsql_customer     JOIN bmsql_warehouse ON (w_id = c_w_id)     WHERE c_w_id = $1 AND c_d_id = $2 AND c_id = $3 FOR UPDATE","parameters: $1 = '1', $2 = '2', $3 = '62'",,,,,,,,"","client backend"
2024-06-16 14:31:18.468 CST,"raingage","benchmark",15271,"127.0.0.1:45214",666e86a7.3ba7,95,"SELECT",2024-06-16 14:31:03 CST,7/8,90621,LOG,00000,"execute S_1: SELECT c_discount, c_last, c_credit, w_tax     FROM bmsql_customer     JOIN bmsql_warehouse ON (w_id = c_w_id)     WHERE c_w_id = $1 AND c_d_id = $2 AND c_id = $3 FOR UPDATE","parameters: $1 = '1', $2 = '2', $3 = '62'",,,,,,,,"","client backend"
2024-06-16 14:31:18.541 CST,"raingage","benchmark",15271,"127.0.0.1:45214",666e86a7.3ba7,96,"SELECT",2024-06-16 14:31:03 CST,7/8,90621,LOG,00000,"execute S_1: SELECT c_discount, c_last, c_credit, w_tax     FROM bmsql_customer     JOIN bmsql_warehouse ON (w_id = c_w_id)     WHERE c_w_id = $1 AND c_d_id = $2 AND c_id = $3 FOR UPDATE","parameters: $1 = '1', $2 = '2', $3 = '62'",,,,,,,,"","client backend"
2024-06-16 14:31:18.609 CST,"raingage","benchmark",15271,"127.0.0.1:45214",666e86a7.3ba7,97,"SELECT",2024-06-16 14:31:03 CST,7/8,90621,LOG,00000,"execute S_1: SELECT c_discount, c_last, c_credit, w_tax     FROM bmsql_customer     JOIN bmsql_warehouse ON (w_id = c_w_id)     WHERE c_w_id = $1 AND c_d_id = $2 AND c_id = $3 FOR UPDATE","parameters: $1 = '1', $2 = '2', $3 = '62'",,,,,,,,"","client backend"
2024-06-16 14:31:18.668 CST,"raingage","benchmark",15271,"127.0.0.1:45214",666e86a7.3ba7,98,"SELECT",2024-06-16 14:31:03 CST,7/8,90621,LOG,00000,"execute S_1: SELECT c_discount, c_last, c_credit, w_tax     FROM bmsql_customer     JOIN bmsql_warehouse ON (w_id = c_w_id)     WHERE c_w_id = $1 AND c_d_id = $2 AND c_id = $3 FOR UPDATE","parameters: $1 = '1', $2 = '2', $3 = '62'",,,,,,,,"","client backend"
2024-06-16 14:31:18.680 CST,"raingage","benchmark",15271,"127.0.0.1:45214",666e86a7.3ba7,99,"SELECT",2024-06-16 14:31:03 CST,7/8,90621,LOG,00000,"execute S_5: SELECT i_price, i_name, i_data     FROM bmsql_item     WHERE i_id = $1","parameters: $1 = '99'",,,,,,,,"","client backend"
2024-06-16 14:31:18.696 CST,"raingage","benchmark",15271,"127.0.0.1:45214",666e86a7.3ba7,100,"SELECT",2024-06-16 14:31:03 CST,7/8,90621,LOG,00000,"execute S_6: SELECT s_quantity, s_data,        s_dist_01, s_dist_02, s_dist_03, s_dist_04,        s_dist_05, s_dist_06, s_dist_07, s_dist_08,        s_dist_09, s_dist_10     FROM bmsql_stock     WHERE s_w_id = $1 AND s_i_id = $2  FOR UPDATE","parameters: $1 = '1', $2 = '99'",,,,,,,,"","client backend"
2024-06-16 14:31:18.711 CST,"raingage","benchmark",15271,"127.0.0.1:45214",666e86a7.3ba7,101,"UPDATE",2024-06-16 14:31:03 CST,7/8,90621,LOG,00000,"execute S_7: UPDATE bmsql_stock     SET s_quantity = $1, s_ytd = s_ytd + $2,         s_order_cnt = s_order_cnt + 1,         s_remote_cnt = s_remote_cnt + $3     WHERE s_w_id = $4 AND s_i_id = $5","parameters: $1 = '76', $2 = '5', $3 = '0', $4 = '1', $5 = '99'",,,,,,,,"","client backend"
2024-06-16 14:31:18.727 CST,"raingage","benchmark",15271,"127.0.0.1:45214",666e86a7.3ba7,102,"COMMIT",2024-06-16 14:31:03 CST,7/8,90621,LOG,00000,"execute S_2: COMMIT",,,,,,,,,"","client backend"
2024-06-16 14:31:18.741 CST,"raingage","benchmark",15271,"127.0.0.1:45214",666e86a7.3ba7,103,"BEGIN",2024-06-16 14:31:03 CST,7/9,0,LOG,00000,"execute S_3: BEGIN",,,,,,,,,"","client backend"
2024-06-16 14:31:18.753 CST,"raingage","benchmark",15271,"127.0.0.1:45214",666e86a7.3ba7,104,"SELECT",2024-06-16 14:31:03 CST,7/9,0,LOG,00000,"execute S_4: SELECT d_tax, d_next_o_id     FROM bmsql_district     WHERE d_w_id = $1 AND d_id = $2 ","parameters: $1 = '1', $2 = '1'",,,,,,,,"","client backend"
2024-06-16 14:31:18.799 CST,"raingage","benchmark",15268,"127.0.0.1:45208",666e86a6.3ba4,120,"SELECT",2024-06-16 14:31:02 CST,4/10,90622,LOG,00000,"execute S_1: SELECT c_discount, c_last, c_credit, w_tax     FROM bmsql_customer     JOIN bmsql_warehouse ON (w_id = c_w_id)     WHERE c_w_id = $1 AND c_d_id = $2 AND c_id = $3 FOR UPDATE","parameters: $1 = '1', $2 = '1', $3 = '8'",,,,,,,,"","client backend"
2024-06-16 14:31:18.817 CST,"raingage","benchmark",15271,"127.0.0.1:45214",666e86a7.3ba7,105,"SELECT",2024-06-16 14:31:03 CST,7/9,0,LOG,00000,"execute S_1: SELECT c_discount, c_last, c_credit, w_tax     FROM bmsql_customer     JOIN bmsql_warehouse ON (w_id = c_w_id)     WHERE c_w_id = $1 AND c_d_id = $2 AND c_id = $3 FOR UPDATE","parameters: $1 = '1', $2 = '1', $3 = '8'",,,,,,,,"","client backend"
2024-06-16 14:31:18.864 CST,"raingage","benchmark",15268,"127.0.0.1:45208",666e86a6.3ba4,121,"SELECT",2024-06-16 14:31:02 CST,4/10,90622,LOG,00000,"execute S_1: SELECT c_discount, c_last, c_credit, w_tax     FROM bmsql_customer     JOIN bmsql_warehouse ON (w_id = c_w_id)     WHERE c_w_id = $1 AND c_d_id = $2 AND c_id = $3 FOR UPDATE","parameters: $1 = '1', $2 = '1', $3 = '8'",,,,,,,,"","client backend"
2024-06-16 14:31:18.935 CST,"raingage","benchmark",15268,"127.0.0.1:45208",666e86a6.3ba4,122,"SELECT",2024-06-16 14:31:02 CST,4/10,90622,LOG,00000,"execute S_1: SELECT c_discount, c_last, c_credit, w_tax     FROM bmsql_customer     JOIN bmsql_warehouse ON (w_id = c_w_id)     WHERE c_w_id = $1 AND c_d_id = $2 AND c_id = $3 FOR UPDATE","parameters: $1 = '1', $2 = '1', $3 = '8'",,,,,,,,"","client backend"
2024-06-16 14:31:18.997 CST,"raingage","benchmark",15268,"127.0.0.1:45208",666e86a6.3ba4,123,"SELECT",2024-06-16 14:31:02 CST,4/10,90622,LOG,00000,"execute S_1: SELECT c_discount, c_last, c_credit, w_tax     FROM bmsql_customer     JOIN bmsql_warehouse ON (w_id = c_w_id)     WHERE c_w_id = $1 AND c_d_id = $2 AND c_id = $3 FOR UPDATE","parameters: $1 = '1', $2 = '1', $3 = '8'",,,,,,,,"","client backend"
2024-06-16 14:31:19.067 CST,"raingage","benchmark",15268,"127.0.0.1:45208",666e86a6.3ba4,124,"SELECT",2024-06-16 14:31:02 CST,4/10,90622,LOG,00000,"execute S_1: SELECT c_discount, c_last, c_credit, w_tax     FROM bmsql_customer     JOIN bmsql_warehouse ON (w_id = c_w_id)     WHERE c_w_id = $1 AND c_d_id = $2 AND c_id = $3 FOR UPDATE","parameters: $1 = '1', $2 = '1', $3 = '8'",,,,,,,,"","client backend"
2024-06-16 14:31:19.138 CST,"raingage","benchmark",15268,"127.0.0.1:45208",666e86a6.3ba4,125,"SELECT",2024-06-16 14:31:02 CST,4/10,90622,LOG,00000,"execute S_1: SELECT c_discount, c_last, c_credit, w_tax     FROM bmsql_customer     JOIN bmsql_warehouse ON (w_id = c_w_id)     WHERE c_w_id = $1 AND c_d_id = $2 AND c_id = $3 FOR UPDATE","parameters: $1 = '1', $2 = '1', $3 = '8'",,,,,,,,"","client backend"
2024-06-16 14:31:19.203 CST,"raingage","benchmark",15268,"127.0.0.1:45208",666e86a6.3ba4,126,"SELECT",2024-06-16 14:31:02 CST,4/10,90622,LOG,00000,"execute S_1: SELECT c_discount, c_last, c_credit, w_tax     FROM bmsql_customer     JOIN bmsql_warehouse ON (w_id = c_w_id)     WHERE c_w_id = $1 AND c_d_id = $2 AND c_id = $3 FOR UPDATE","parameters: $1 = '1', $2 = '1', $3 = '8'",,,,,,,,"","client backend"
2024-06-16 14:31:19.218 CST,"raingage","benchmark",15268,"127.0.0.1:45208",666e86a6.3ba4,127,"SELECT",2024-06-16 14:31:02 CST,4/10,90622,LOG,00000,"execute S_5: SELECT i_price, i_name, i_data     FROM bmsql_item     WHERE i_id = $1","parameters: $1 = '106'",,,,,,,,"","client backend"
2024-06-16 14:31:19.237 CST,"raingage","benchmark",15268,"127.0.0.1:45208",666e86a6.3ba4,128,"SELECT",2024-06-16 14:31:02 CST,4/10,90622,LOG,00000,"execute S_6: SELECT s_quantity, s_data,        s_dist_01, s_dist_02, s_dist_03, s_dist_04,        s_dist_05, s_dist_06, s_dist_07, s_dist_08,        s_dist_09, s_dist_10     FROM bmsql_stock     WHERE s_w_id = $1 AND s_i_id = $2  FOR UPDATE","parameters: $1 = '1', $2 = '106'",,,,,,,,"","client backend"
2024-06-16 14:31:19.249 CST,"raingage","benchmark",15268,"127.0.0.1:45208",666e86a6.3ba4,129,"UPDATE",2024-06-16 14:31:02 CST,4/10,90622,LOG,00000,"execute S_7: UPDATE bmsql_stock     SET s_quantity = $1, s_ytd = s_ytd + $2,         s_order_cnt = s_order_cnt + 1,         s_remote_cnt = s_remote_cnt + $3     WHERE s_w_id = $4 AND s_i_id = $5","parameters: $1 = '18', $2 = '5', $3 = '0', $4 = '1', $5 = '106'",,,,,,,,"","client backend"
2024-06-16 14:31:19.270 CST,"raingage","benchmark",15268,"127.0.0.1:45208",666e86a6.3ba4,130,"COMMIT",2024-06-16 14:31:02 CST,4/10,90622,LOG,00000,"execute S_2: COMMIT",,,,,,,,,"","client backend"
2024-06-16 14:31:19.287 CST,"raingage","benchmark",15268,"127.0.0.1:45208",666e86a6.3ba4,131,"BEGIN",2024-06-16 14:31:02 CST,4/11,0,LOG,00000,"execute S_3: BEGIN",,,,,,,,,"","client backend"
2024-06-16 14:31:19.299 CST,"raingage","benchmark",15268,"127.0.0.1:45208",666e86a6.3ba4,132,"SELECT",2024-06-16 14:31:02 CST,4/11,0,LOG,00000,"execute S_4: SELECT d_tax, d_next_o_id     FROM bmsql_district     WHERE d_w_id = $1 AND d_id = $2 ","parameters: $1 = '1', $2 = '1'",,,,,,,,"","client backend"
2024-06-16 14:31:19.335 CST,"raingage","benchmark",15272,"127.0.0.1:45216",666e86a7.3ba8,60,"SELECT",2024-06-16 14:31:03 CST,8/6,90623,LOG,00000,"execute S_1: SELECT c_discount, c_last, c_credit, w_tax     FROM bmsql_customer     JOIN bmsql_warehouse ON (w_id = c_w_id)     WHERE c_w_id = $1 AND c_d_id = $2 AND c_id = $3 FOR UPDATE","parameters: $1 = '1', $2 = '2', $3 = '62'",,,,,,,,"","client backend"
2024-06-16 14:31:19.362 CST,"raingage","benchmark",15268,"127.0.0.1:45208",666e86a6.3ba4,133,"SELECT",2024-06-16 14:31:02 CST,4/11,0,LOG,00000,"execute S_1: SELECT c_discount, c_last, c_credit, w_tax     FROM bmsql_customer     JOIN bmsql_warehouse ON (w_id = c_w_id)     WHERE c_w_id = $1 AND c_d_id = $2 AND c_id = $3 FOR UPDATE","parameters: $1 = '1', $2 = '1', $3 = '29'",,,,,,,,"","client backend"
2024-06-16 14:31:19.406 CST,"raingage","benchmark",15272,"127.0.0.1:45216",666e86a7.3ba8,61,"SELECT",2024-06-16 14:31:03 CST,8/6,90623,LOG,00000,"execute S_1: SELECT c_discount, c_last, c_credit, w_tax     FROM bmsql_customer     JOIN bmsql_warehouse ON (w_id = c_w_id)     WHERE c_w_id = $1 AND c_d_id = $2 AND c_id = $3 FOR UPDATE","parameters: $1 = '1', $2 = '2', $3 = '62'",,,,,,,,"","client backend"
2024-06-16 14:31:19.471 CST,"raingage","benchmark",15272,"127.0.0.1:45216",666e86a7.3ba8,62,"SELECT",2024-06-16 14:31:03 CST,8/6,90623,LOG,00000,"execute S_1: SELECT c_discount, c_last, c_credit, w_tax     FROM bmsql_customer     JOIN bmsql_warehouse ON (w_id = c_w_id)     WHERE c_w_id = $1 AND c_d_id = $2 AND c_id = $3 FOR UPDATE","parameters: $1 = '1', $2 = '2', $3 = '62'",,,,,,,,"","client backend"
2024-06-16 14:31:19.537 CST,"raingage","benchmark",15272,"127.0.0.1:45216",666e86a7.3ba8,63,"SELECT",2024-06-16 14:31:03 CST,8/6,90623,LOG,00000,"execute S_1: SELECT c_discount, c_last, c_credit, w_tax     FROM bmsql_customer     JOIN bmsql_warehouse ON (w_id = c_w_id)     WHERE c_w_id = $1 AND c_d_id = $2 AND c_id = $3 FOR UPDATE","parameters: $1 = '1', $2 = '2', $3 = '62'",,,,,,,,"","client backend"
2024-06-16 14:31:19.607 CST,"raingage","benchmark",15272,"127.0.0.1:45216",666e86a7.3ba8,64,"SELECT",2024-06-16 14:31:03 CST,8/6,90623,LOG,00000,"execute S_1: SELECT c_discount, c_last, c_credit, w_tax     FROM bmsql_customer     JOIN bmsql_warehouse ON (w_id = c_w_id)     WHERE c_w_id = $1 AND c_d_id = $2 AND c_id = $3 FOR UPDATE","parameters: $1 = '1', $2 = '2', $3 = '62'",,,,,,,,"","client backend"
2024-06-16 14:31:19.679 CST,"raingage","benchmark",15272,"127.0.0.1:45216",666e86a7.3ba8,65,"SELECT",2024-06-16 14:31:03 CST,8/6,90623,LOG,00000,"execute S_1: SELECT c_discount, c_last, c_credit, w_tax     FROM bmsql_customer     JOIN bmsql_warehouse ON (w_id = c_w_id)     WHERE c_w_id = $1 AND c_d_id = $2 AND c_id = $3 FOR UPDATE","parameters: $1 = '1', $2 = '2', $3 = '62'",,,,,,,,"","client backend"
2024-06-16 14:31:19.746 CST,"raingage","benchmark",15272,"127.0.0.1:45216",666e86a7.3ba8,66,"SELECT",2024-06-16 14:31:03 CST,8/6,90623,LOG,00000,"execute S_1: SELECT c_discount, c_last, c_credit, w_tax     FROM bmsql_customer     JOIN bmsql_warehouse ON (w_id = c_w_id)     WHERE c_w_id = $1 AND c_d_id = $2 AND c_id = $3 FOR UPDATE","parameters: $1 = '1', $2 = '2', $3 = '62'",,,,,,,,"","client backend"
2024-06-16 14:31:19.760 CST,"raingage","benchmark",15272,"127.0.0.1:45216",666e86a7.3ba8,67,"SELECT",2024-06-16 14:31:03 CST,8/6,90623,LOG,00000,"execute S_5: SELECT i_price, i_name, i_data     FROM bmsql_item     WHERE i_id = $1","parameters: $1 = '99'",,,,,,,,"","client backend"
2024-06-16 14:31:19.778 CST,"raingage","benchmark",15272,"127.0.0.1:45216",666e86a7.3ba8,68,"SELECT",2024-06-16 14:31:03 CST,8/6,90623,LOG,00000,"execute S_6: SELECT s_quantity, s_data,        s_dist_01, s_dist_02, s_dist_03, s_dist_04,        s_dist_05, s_dist_06, s_dist_07, s_dist_08,        s_dist_09, s_dist_10     FROM bmsql_stock     WHERE s_w_id = $1 AND s_i_id = $2  FOR UPDATE","parameters: $1 = '1', $2 = '99'",,,,,,,,"","client backend"
2024-06-16 14:31:19.798 CST,"raingage","benchmark",15272,"127.0.0.1:45216",666e86a7.3ba8,69,"UPDATE",2024-06-16 14:31:03 CST,8/6,90623,LOG,00000,"execute S_7: UPDATE bmsql_stock     SET s_quantity = $1, s_ytd = s_ytd + $2,         s_order_cnt = s_order_cnt + 1,         s_remote_cnt = s_remote_cnt + $3     WHERE s_w_id = $4 AND s_i_id = $5","parameters: $1 = '71', $2 = '5', $3 = '0', $4 = '1', $5 = '99'",,,,,,,,"","client backend"
2024-06-16 14:31:19.814 CST,"raingage","benchmark",15272,"127.0.0.1:45216",666e86a7.3ba8,70,"COMMIT",2024-06-16 14:31:03 CST,8/6,90623,LOG,00000,"execute S_2: COMMIT",,,,,,,,,"","client backend"
2024-06-16 14:31:19.883 CST,"raingage","benchmark",15271,"127.0.0.1:45214",666e86a7.3ba7,106,"SELECT",2024-06-16 14:31:03 CST,7/9,90624,LOG,00000,"execute S_1: SELECT c_discount, c_last, c_credit, w_tax     FROM bmsql_customer     JOIN bmsql_warehouse ON (w_id = c_w_id)     WHERE c_w_id = $1 AND c_d_id = $2 AND c_id = $3 FOR UPDATE","parameters: $1 = '1', $2 = '1', $3 = '8'",,,,,,,,"","client backend"
2024-06-16 14:31:19.951 CST,"raingage","benchmark",15271,"127.0.0.1:45214",666e86a7.3ba7,107,"SELECT",2024-06-16 14:31:03 CST,7/9,90624,LOG,00000,"execute S_1: SELECT c_discount, c_last, c_credit, w_tax     FROM bmsql_customer     JOIN bmsql_warehouse ON (w_id = c_w_id)     WHERE c_w_id = $1 AND c_d_id = $2 AND c_id = $3 FOR UPDATE","parameters: $1 = '1', $2 = '1', $3 = '8'",,,,,,,,"","client backend"
2024-06-16 14:31:20.021 CST,"raingage","benchmark",15271,"127.0.0.1:45214",666e86a7.3ba7,108,"SELECT",2024-06-16 14:31:03 CST,7/9,90624,LOG,00000,"execute S_1: SELECT c_discount, c_last, c_credit, w_tax     FROM bmsql_customer     JOIN bmsql_warehouse ON (w_id = c_w_id)     WHERE c_w_id = $1 AND c_d_id = $2 AND c_id = $3 FOR UPDATE","parameters: $1 = '1', $2 = '1', $3 = '8'",,,,,,,,"","client backend"
2024-06-16 14:31:20.088 CST,"raingage","benchmark",15271,"127.0.0.1:45214",666e86a7.3ba7,109,"SELECT",2024-06-16 14:31:03 CST,7/9,90624,LOG,00000,"execute S_1: SELECT c_discount, c_last, c_credit, w_tax     FROM bmsql_customer     JOIN bmsql_warehouse ON (w_id = c_w_id)     WHERE c_w_id = $1 AND c_d_id = $2 AND c_id = $3 FOR UPDATE","parameters: $1 = '1', $2 = '1', $3 = '8'",,,,,,,,"","client backend"
2024-06-16 14:31:20.151 CST,"raingage","benchmark",15271,"127.0.0.1:45214",666e86a7.3ba7,110,"SELECT",2024-06-16 14:31:03 CST,7/9,90624,LOG,00000,"execute S_1: SELECT c_discount, c_last, c_credit, w_tax     FROM bmsql_customer     JOIN bmsql_warehouse ON (w_id = c_w_id)     WHERE c_w_id = $1 AND c_d_id = $2 AND c_id = $3 FOR UPDATE","parameters: $1 = '1', $2 = '1', $3 = '8'",,,,,,,,"","client backend"
2024-06-16 14:31:20.212 CST,"raingage","benchmark",15269,"127.0.0.1:45210",666e86a6.3ba5,59,"BEGIN",2024-06-16 14:31:02 CST,5/6,0,LOG,00000,"execute S_4: BEGIN",,,,,,,,,"","client backend"
2024-06-16 14:31:20.214 CST,"raingage","benchmark",15271,"127.0.0.1:45214",666e86a7.3ba7,111,"SELECT",2024-06-16 14:31:03 CST,7/9,90624,LOG,00000,"execute S_1: SELECT c_discount, c_last, c_credit, w_tax     FROM bmsql_customer     JOIN bmsql_warehouse ON (w_id = c_w_id)     WHERE c_w_id = $1 AND c_d_id = $2 AND c_id = $3 FOR UPDATE","parameters: $1 = '1', $2 = '1', $3 = '8'",,,,,,,,"","client backend"
2024-06-16 14:31:20.229 CST,"raingage","benchmark",15269,"127.0.0.1:45210",666e86a6.3ba5,60,"SELECT",2024-06-16 14:31:02 CST,5/6,0,LOG,00000,"execute S_5: SELECT d_tax, d_next_o_id     FROM bmsql_district     WHERE d_w_id = $1 AND d_id = $2 ","parameters: $1 = '1', $2 = '1'",,,,,,,,"","client backend"
2024-06-16 14:31:20.272 CST,"raingage","benchmark",15271,"127.0.0.1:45214",666e86a7.3ba7,112,"SELECT",2024-06-16 14:31:03 CST,7/9,90624,LOG,00000,"execute S_1: SELECT c_discount, c_last, c_credit, w_tax     FROM bmsql_customer     JOIN bmsql_warehouse ON (w_id = c_w_id)     WHERE c_w_id = $1 AND c_d_id = $2 AND c_id = $3 FOR UPDATE","parameters: $1 = '1', $2 = '1', $3 = '8'",,,,,,,,"","client backend"
2024-06-16 14:31:20.293 CST,"raingage","benchmark",15271,"127.0.0.1:45214",666e86a7.3ba7,113,"SELECT",2024-06-16 14:31:03 CST,7/9,90624,LOG,00000,"execute S_5: SELECT i_price, i_name, i_data     FROM bmsql_item     WHERE i_id = $1","parameters: $1 = '106'",,,,,,,,"","client backend"
2024-06-16 14:31:20.299 CST,"raingage","benchmark",15269,"127.0.0.1:45210",666e86a6.3ba5,61,"SELECT",2024-06-16 14:31:02 CST,5/6,0,LOG,00000,"execute S_1: SELECT c_discount, c_last, c_credit, w_tax     FROM bmsql_customer     JOIN bmsql_warehouse ON (w_id = c_w_id)     WHERE c_w_id = $1 AND c_d_id = $2 AND c_id = $3 FOR UPDATE","parameters: $1 = '1', $2 = '1', $3 = '12'",,,,,,,,"","client backend"
2024-06-16 14:31:20.312 CST,"raingage","benchmark",15271,"127.0.0.1:45214",666e86a7.3ba7,114,"SELECT",2024-06-16 14:31:03 CST,7/9,90624,LOG,00000,"execute S_6: SELECT s_quantity, s_data,        s_dist_01, s_dist_02, s_dist_03, s_dist_04,        s_dist_05, s_dist_06, s_dist_07, s_dist_08,        s_dist_09, s_dist_10     FROM bmsql_stock     WHERE s_w_id = $1 AND s_i_id = $2  FOR UPDATE","parameters: $1 = '1', $2 = '106'",,,,,,,,"","client backend"
2024-06-16 14:31:20.327 CST,"raingage","benchmark",15271,"127.0.0.1:45214",666e86a7.3ba7,115,"UPDATE",2024-06-16 14:31:03 CST,7/9,90624,LOG,00000,"execute S_7: UPDATE bmsql_stock     SET s_quantity = $1, s_ytd = s_ytd + $2,         s_order_cnt = s_order_cnt + 1,         s_remote_cnt = s_remote_cnt + $3     WHERE s_w_id = $4 AND s_i_id = $5","parameters: $1 = '109', $2 = '9', $3 = '0', $4 = '1', $5 = '106'",,,,,,,,"","client backend"
2024-06-16 14:31:20.342 CST,"raingage","benchmark",15271,"127.0.0.1:45214",666e86a7.3ba7,116,"COMMIT",2024-06-16 14:31:03 CST,7/9,90624,LOG,00000,"execute S_2: COMMIT",,,,,,,,,"","client backend"
2024-06-16 14:31:20.364 CST,"raingage","benchmark",15271,"127.0.0.1:45214",666e86a7.3ba7,117,"BEGIN",2024-06-16 14:31:03 CST,7/10,0,LOG,00000,"execute S_3: BEGIN",,,,,,,,,"","client backend"
2024-06-16 14:31:20.382 CST,"raingage","benchmark",15271,"127.0.0.1:45214",666e86a7.3ba7,118,"SELECT",2024-06-16 14:31:03 CST,7/10,0,LOG,00000,"execute S_4: SELECT d_tax, d_next_o_id     FROM bmsql_district     WHERE d_w_id = $1 AND d_id = $2 ","parameters: $1 = '1', $2 = '2'",,,,,,,,"","client backend"
2024-06-16 14:31:20.412 CST,"raingage","benchmark",15268,"127.0.0.1:45208",666e86a6.3ba4,134,"SELECT",2024-06-16 14:31:02 CST,4/11,90625,LOG,00000,"execute S_1: SELECT c_discount, c_last, c_credit, w_tax     FROM bmsql_customer     JOIN bmsql_warehouse ON (w_id = c_w_id)     WHERE c_w_id = $1 AND c_d_id = $2 AND c_id = $3 FOR UPDATE","parameters: $1 = '1', $2 = '1', $3 = '29'",,,,,,,,"","client backend"
2024-06-16 14:31:20.450 CST,"raingage","benchmark",15271,"127.0.0.1:45214",666e86a7.3ba7,119,"SELECT",2024-06-16 14:31:03 CST,7/10,0,LOG,00000,"execute S_1: SELECT c_discount, c_last, c_credit, w_tax     FROM bmsql_customer     JOIN bmsql_warehouse ON (w_id = c_w_id)     WHERE c_w_id = $1 AND c_d_id = $2 AND c_id = $3 FOR UPDATE","parameters: $1 = '1', $2 = '2', $3 = '35'",,,,,,,,"","client backend"
2024-06-16 14:31:20.483 CST,"raingage","benchmark",15268,"127.0.0.1:45208",666e86a6.3ba4,135,"SELECT",2024-06-16 14:31:02 CST,4/11,90625,LOG,00000,"execute S_1: SELECT c_discount, c_last, c_credit, w_tax     FROM bmsql_customer     JOIN bmsql_warehouse ON (w_id = c_w_id)     WHERE c_w_id = $1 AND c_d_id = $2 AND c_id = $3 FOR UPDATE","parameters: $1 = '1', $2 = '1', $3 = '29'",,,,,,,,"","client backend"
2024-06-16 14:31:20.550 CST,"raingage","benchmark",15268,"127.0.0.1:45208",666e86a6.3ba4,136,"SELECT",2024-06-16 14:31:02 CST,4/11,90625,LOG,00000,"execute S_1: SELECT c_discount, c_last, c_credit, w_tax     FROM bmsql_customer     JOIN bmsql_warehouse ON (w_id = c_w_id)     WHERE c_w_id = $1 AND c_d_id = $2 AND c_id = $3 FOR UPDATE","parameters: $1 = '1', $2 = '1', $3 = '29'",,,,,,,,"","client backend"
2024-06-16 14:31:20.619 CST,"raingage","benchmark",15268,"127.0.0.1:45208",666e86a6.3ba4,137,"SELECT",2024-06-16 14:31:02 CST,4/11,90625,LOG,00000,"execute S_1: SELECT c_discount, c_last, c_credit, w_tax     FROM bmsql_customer     JOIN bmsql_warehouse ON (w_id = c_w_id)     WHERE c_w_id = $1 AND c_d_id = $2 AND c_id = $3 FOR UPDATE","parameters: $1 = '1', $2 = '1', $3 = '29'",,,,,,,,"","client backend"
2024-06-16 14:31:20.684 CST,"raingage","benchmark",15268,"127.0.0.1:45208",666e86a6.3ba4,138,"SELECT",2024-06-16 14:31:02 CST,4/11,90625,LOG,00000,"execute S_1: SELECT c_discount, c_last, c_credit, w_tax     FROM bmsql_customer     JOIN bmsql_warehouse ON (w_id = c_w_id)     WHERE c_w_id = $1 AND c_d_id = $2 AND c_id = $3 FOR UPDATE","parameters: $1 = '1', $2 = '1', $3 = '29'",,,,,,,,"","client backend"
2024-06-16 14:31:20.757 CST,"raingage","benchmark",15268,"127.0.0.1:45208",666e86a6.3ba4,139,"SELECT",2024-06-16 14:31:02 CST,4/11,90625,LOG,00000,"execute S_1: SELECT c_discount, c_last, c_credit, w_tax     FROM bmsql_customer     JOIN bmsql_warehouse ON (w_id = c_w_id)     WHERE c_w_id = $1 AND c_d_id = $2 AND c_id = $3 FOR UPDATE","parameters: $1 = '1', $2 = '1', $3 = '29'",,,,,,,,"","client backend"
2024-06-16 14:31:20.817 CST,"raingage","benchmark",15268,"127.0.0.1:45208",666e86a6.3ba4,140,"SELECT",2024-06-16 14:31:02 CST,4/11,90625,LOG,00000,"execute S_1: SELECT c_discount, c_last, c_credit, w_tax     FROM bmsql_customer     JOIN bmsql_warehouse ON (w_id = c_w_id)     WHERE c_w_id = $1 AND c_d_id = $2 AND c_id = $3 FOR UPDATE","parameters: $1 = '1', $2 = '1', $3 = '29'",,,,,,,,"","client backend"
2024-06-16 14:31:20.838 CST,"raingage","benchmark",15268,"127.0.0.1:45208",666e86a6.3ba4,141,"SELECT",2024-06-16 14:31:02 CST,4/11,90625,LOG,00000,"execute S_5: SELECT i_price, i_name, i_data     FROM bmsql_item     WHERE i_id = $1","parameters: $1 = '63'",,,,,,,,"","client backend"
2024-06-16 14:31:20.854 CST,"raingage","benchmark",15268,"127.0.0.1:45208",666e86a6.3ba4,142,"SELECT",2024-06-16 14:31:02 CST,4/11,90625,LOG,00000,"execute S_6: SELECT s_quantity, s_data,        s_dist_01, s_dist_02, s_dist_03, s_dist_04,        s_dist_05, s_dist_06, s_dist_07, s_dist_08,        s_dist_09, s_dist_10     FROM bmsql_stock     WHERE s_w_id = $1 AND s_i_id = $2  FOR UPDATE","parameters: $1 = '1', $2 = '63'",,,,,,,,"","client backend"
2024-06-16 14:31:20.868 CST,"raingage","benchmark",15268,"127.0.0.1:45208",666e86a6.3ba4,143,"UPDATE",2024-06-16 14:31:02 CST,4/11,90625,LOG,00000,"execute S_7: UPDATE bmsql_stock     SET s_quantity = $1, s_ytd = s_ytd + $2,         s_order_cnt = s_order_cnt + 1,         s_remote_cnt = s_remote_cnt + $3     WHERE s_w_id = $4 AND s_i_id = $5","parameters: $1 = '65', $2 = '3', $3 = '0', $4 = '1', $5 = '63'",,,,,,,,"","client backend"
2024-06-16 14:31:20.885 CST,"raingage","benchmark",15268,"127.0.0.1:45208",666e86a6.3ba4,144,"COMMIT",2024-06-16 14:31:02 CST,4/11,90625,LOG,00000,"execute S_2: COMMIT",,,,,,,,,"","client backend"
2024-06-16 14:31:20.902 CST,"raingage","benchmark",15268,"127.0.0.1:45208",666e86a6.3ba4,145,"BEGIN",2024-06-16 14:31:02 CST,4/12,0,LOG,00000,"execute S_3: BEGIN",,,,,,,,,"","client backend"
2024-06-16 14:31:20.917 CST,"raingage","benchmark",15268,"127.0.0.1:45208",666e86a6.3ba4,146,"SELECT",2024-06-16 14:31:02 CST,4/12,0,LOG,00000,"execute S_4: SELECT d_tax, d_next_o_id     FROM bmsql_district     WHERE d_w_id = $1 AND d_id = $2 ","parameters: $1 = '1', $2 = '2'",,,,,,,,"","client backend"
2024-06-16 14:31:20.953 CST,"raingage","benchmark",15269,"127.0.0.1:45210",666e86a6.3ba5,62,"SELECT",2024-06-16 14:31:02 CST,5/6,90626,LOG,00000,"execute S_1: SELECT c_discount, c_last, c_credit, w_tax     FROM bmsql_customer     JOIN bmsql_warehouse ON (w_id = c_w_id)     WHERE c_w_id = $1 AND c_d_id = $2 AND c_id = $3 FOR UPDATE","parameters: $1 = '1', $2 = '1', $3 = '12'",,,,,,,,"","client backend"
2024-06-16 14:31:20.987 CST,"raingage","benchmark",15268,"127.0.0.1:45208",666e86a6.3ba4,147,"SELECT",2024-06-16 14:31:02 CST,4/12,0,LOG,00000,"execute S_1: SELECT c_discount, c_last, c_credit, w_tax     FROM bmsql_customer     JOIN bmsql_warehouse ON (w_id = c_w_id)     WHERE c_w_id = $1 AND c_d_id = $2 AND c_id = $3 FOR UPDATE","parameters: $1 = '1', $2 = '2', $3 = '35'",,,,,,,,"","client backend"
2024-06-16 14:31:21.020 CST,"raingage","benchmark",15269,"127.0.0.1:45210",666e86a6.3ba5,63,"SELECT",2024-06-16 14:31:02 CST,5/6,90626,LOG,00000,"execute S_1: SELECT c_discount, c_last, c_credit, w_tax     FROM bmsql_customer     JOIN bmsql_warehouse ON (w_id = c_w_id)     WHERE c_w_id = $1 AND c_d_id = $2 AND c_id = $3 FOR UPDATE","parameters: $1 = '1', $2 = '1', $3 = '12'",,,,,,,,"","client backend"
2024-06-16 14:31:21.088 CST,"raingage","benchmark",15269,"127.0.0.1:45210",666e86a6.3ba5,64,"SELECT",2024-06-16 14:31:02 CST,5/6,90626,LOG,00000,"execute S_1: SELECT c_discount, c_last, c_credit, w_tax     FROM bmsql_customer     JOIN bmsql_warehouse ON (w_id = c_w_id)     WHERE c_w_id = $1 AND c_d_id = $2 AND c_id = $3 FOR UPDATE","parameters: $1 = '1', $2 = '1', $3 = '12'",,,,,,,,"","client backend"
2024-06-16 14:31:21.157 CST,"raingage","benchmark",15269,"127.0.0.1:45210",666e86a6.3ba5,65,"SELECT",2024-06-16 14:31:02 CST,5/6,90626,LOG,00000,"execute S_1: SELECT c_discount, c_last, c_credit, w_tax     FROM bmsql_customer     JOIN bmsql_warehouse ON (w_id = c_w_id)     WHERE c_w_id = $1 AND c_d_id = $2 AND c_id = $3 FOR UPDATE","parameters: $1 = '1', $2 = '1', $3 = '12'",,,,,,,,"","client backend"
2024-06-16 14:31:21.226 CST,"raingage","benchmark",15269,"127.0.0.1:45210",666e86a6.3ba5,66,"SELECT",2024-06-16 14:31:02 CST,5/6,90626,LOG,00000,"execute S_1: SELECT c_discount, c_last, c_credit, w_tax     FROM bmsql_customer     JOIN bmsql_warehouse ON (w_id = c_w_id)     WHERE c_w_id = $1 AND c_d_id = $2 AND c_id = $3 FOR UPDATE","parameters: $1 = '1', $2 = '1', $3 = '12'",,,,,,,,"","client backend"
2024-06-16 14:31:21.290 CST,"raingage","benchmark",15269,"127.0.0.1:45210",666e86a6.3ba5,67,"SELECT",2024-06-16 14:31:02 CST,5/6,90626,LOG,00000,"execute S_1: SELECT c_discount, c_last, c_credit, w_tax     FROM bmsql_customer     JOIN bmsql_warehouse ON (w_id = c_w_id)     WHERE c_w_id = $1 AND c_d_id = $2 AND c_id = $3 FOR UPDATE","parameters: $1 = '1', $2 = '1', $3 = '12'",,,,,,,,"","client backend"
2024-06-16 14:31:21.345 CST,"raingage","benchmark",15269,"127.0.0.1:45210",666e86a6.3ba5,68,"SELECT",2024-06-16 14:31:02 CST,5/6,90626,LOG,00000,"execute S_1: SELECT c_discount, c_last, c_credit, w_tax     FROM bmsql_customer     JOIN bmsql_warehouse ON (w_id = c_w_id)     WHERE c_w_id = $1 AND c_d_id = $2 AND c_id = $3 FOR UPDATE","parameters: $1 = '1', $2 = '1', $3 = '12'",,,,,,,,"","client backend"
2024-06-16 14:31:21.361 CST,"raingage","benchmark",15269,"127.0.0.1:45210",666e86a6.3ba5,69,"SELECT",2024-06-16 14:31:02 CST,5/6,90626,LOG,00000,"execute S_6: SELECT i_price, i_name, i_data     FROM bmsql_item     WHERE i_id = $1","parameters: $1 = '22'",,,,,,,,"","client backend"
2024-06-16 14:31:21.381 CST,"raingage","benchmark",15269,"127.0.0.1:45210",666e86a6.3ba5,70,"SELECT",2024-06-16 14:31:02 CST,5/6,90626,LOG,00000,"execute <unnamed>: SELECT s_quantity, s_data,        s_dist_01, s_dist_02, s_dist_03, s_dist_04,        s_dist_05, s_dist_06, s_dist_07, s_dist_08,        s_dist_09, s_dist_10     FROM bmsql_stock     WHERE s_w_id = $1 AND s_i_id = $2  FOR UPDATE","parameters: $1 = '1', $2 = '22'",,,,,,,,"","client backend"
2024-06-16 14:31:21.402 CST,"raingage","benchmark",15269,"127.0.0.1:45210",666e86a6.3ba5,71,"UPDATE",2024-06-16 14:31:02 CST,5/6,90626,LOG,00000,"execute <unnamed>: UPDATE bmsql_stock     SET s_quantity = $1, s_ytd = s_ytd + $2,         s_order_cnt = s_order_cnt + 1,         s_remote_cnt = s_remote_cnt + $3     WHERE s_w_id = $4 AND s_i_id = $5","parameters: $1 = '72', $2 = '3', $3 = '0', $4 = '1', $5 = '22'",,,,,,,,"","client backend"
2024-06-16 14:31:21.419 CST,"raingage","benchmark",15269,"127.0.0.1:45210",666e86a6.3ba5,72,"COMMIT",2024-06-16 14:31:02 CST,5/6,90626,LOG,00000,"execute S_3: COMMIT",,,,,,,,,"","client backend"
2024-06-16 14:31:21.434 CST,"raingage","benchmark",15269,"127.0.0.1:45210",666e86a6.3ba5,73,"BEGIN",2024-06-16 14:31:02 CST,5/7,0,LOG,00000,"execute S_4: BEGIN",,,,,,,,,"","client backend"
2024-06-16 14:31:21.449 CST,"raingage","benchmark",15269,"127.0.0.1:45210",666e86a6.3ba5,74,"SELECT",2024-06-16 14:31:02 CST,5/7,0,LOG,00000,"execute S_5: SELECT d_tax, d_next_o_id     FROM bmsql_district     WHERE d_w_id = $1 AND d_id = $2 ","parameters: $1 = '1', $2 = '3'",,,,,,,,"","client backend"
2024-06-16 14:31:21.491 CST,"raingage","benchmark",15271,"127.0.0.1:45214",666e86a7.3ba7,120,"SELECT",2024-06-16 14:31:03 CST,7/10,90627,LOG,00000,"execute S_1: SELECT c_discount, c_last, c_credit, w_tax     FROM bmsql_customer     JOIN bmsql_warehouse ON (w_id = c_w_id)     WHERE c_w_id = $1 AND c_d_id = $2 AND c_id = $3 FOR UPDATE","parameters: $1 = '1', $2 = '2', $3 = '35'",,,,,,,,"","client backend"
2024-06-16 14:31:21.519 CST,"raingage","benchmark",15269,"127.0.0.1:45210",666e86a6.3ba5,75,"SELECT",2024-06-16 14:31:02 CST,5/7,0,LOG,00000,"execute S_1: SELECT c_discount, c_last, c_credit, w_tax     FROM bmsql_customer     JOIN bmsql_warehouse ON (w_id = c_w_id)     WHERE c_w_id = $1 AND c_d_id = $2 AND c_id = $3 FOR UPDATE","parameters: $1 = '1', $2 = '3', $3 = '72'",,,,,,,,"","client backend"
2024-06-16 14:31:21.563 CST,"raingage","benchmark",15271,"127.0.0.1:45214",666e86a7.3ba7,121,"SELECT",2024-06-16 14:31:03 CST,7/10,90627,LOG,00000,"execute S_1: SELECT c_discount, c_last, c_credit, w_tax     FROM bmsql_customer     JOIN bmsql_warehouse ON (w_id = c_w_id)     WHERE c_w_id = $1 AND c_d_id = $2 AND c_id = $3 FOR UPDATE","parameters: $1 = '1', $2 = '2', $3 = '35'",,,,,,,,"","client backend"
2024-06-16 14:31:21.634 CST,"raingage","benchmark",15271,"127.0.0.1:45214",666e86a7.3ba7,122,"SELECT",2024-06-16 14:31:03 CST,7/10,90627,LOG,00000,"execute S_1: SELECT c_discount, c_last, c_credit, w_tax     FROM bmsql_customer     JOIN bmsql_warehouse ON (w_id = c_w_id)     WHERE c_w_id = $1 AND c_d_id = $2 AND c_id = $3 FOR UPDATE","parameters: $1 = '1', $2 = '2', $3 = '35'",,,,,,,,"","client backend"
2024-06-16 14:31:21.700 CST,"raingage","benchmark",15271,"127.0.0.1:45214",666e86a7.3ba7,123,"SELECT",2024-06-16 14:31:03 CST,7/10,90627,LOG,00000,"execute S_1: SELECT c_discount, c_last, c_credit, w_tax     FROM bmsql_customer     JOIN bmsql_warehouse ON (w_id = c_w_id)     WHERE c_w_id = $1 AND c_d_id = $2 AND c_id = $3 FOR UPDATE","parameters: $1 = '1', $2 = '2', $3 = '35'",,,,,,,,"","client backend"
2024-06-16 14:31:21.771 CST,"raingage","benchmark",15271,"127.0.0.1:45214",666e86a7.3ba7,124,"SELECT",2024-06-16 14:31:03 CST,7/10,90627,LOG,00000,"execute S_1: SELECT c_discount, c_last, c_credit, w_tax     FROM bmsql_customer     JOIN bmsql_warehouse ON (w_id = c_w_id)     WHERE c_w_id = $1 AND c_d_id = $2 AND c_id = $3 FOR UPDATE","parameters: $1 = '1', $2 = '2', $3 = '35'",,,,,,,,"","client backend"
2024-06-16 14:31:21.833 CST,"raingage","benchmark",15271,"127.0.0.1:45214",666e86a7.3ba7,125,"SELECT",2024-06-16 14:31:03 CST,7/10,90627,LOG,00000,"execute S_1: SELECT c_discount, c_last, c_credit, w_tax     FROM bmsql_customer     JOIN bmsql_warehouse ON (w_id = c_w_id)     WHERE c_w_id = $1 AND c_d_id = $2 AND c_id = $3 FOR UPDATE","parameters: $1 = '1', $2 = '2', $3 = '35'",,,,,,,,"","client backend"
2024-06-16 14:31:21.887 CST,"raingage","benchmark",15271,"127.0.0.1:45214",666e86a7.3ba7,126,"SELECT",2024-06-16 14:31:03 CST,7/10,90627,LOG,00000,"execute S_1: SELECT c_discount, c_last, c_credit, w_tax     FROM bmsql_customer     JOIN bmsql_warehouse ON (w_id = c_w_id)     WHERE c_w_id = $1 AND c_d_id = $2 AND c_id = $3 FOR UPDATE","parameters: $1 = '1', $2 = '2', $3 = '35'",,,,,,,,"","client backend"
2024-06-16 14:31:21.906 CST,"raingage","benchmark",15271,"127.0.0.1:45214",666e86a7.3ba7,127,"SELECT",2024-06-16 14:31:03 CST,7/10,90627,LOG,00000,"execute S_5: SELECT i_price, i_name, i_data     FROM bmsql_item     WHERE i_id = $1","parameters: $1 = '11'",,,,,,,,"","client backend"
2024-06-16 14:31:21.924 CST,"raingage","benchmark",15271,"127.0.0.1:45214",666e86a7.3ba7,128,"SELECT",2024-06-16 14:31:03 CST,7/10,90627,LOG,00000,"execute S_6: SELECT s_quantity, s_data,        s_dist_01, s_dist_02, s_dist_03, s_dist_04,        s_dist_05, s_dist_06, s_dist_07, s_dist_08,        s_dist_09, s_dist_10     FROM bmsql_stock     WHERE s_w_id = $1 AND s_i_id = $2  FOR UPDATE","parameters: $1 = '1', $2 = '11'",,,,,,,,"","client backend"
2024-06-16 14:31:21.937 CST,"raingage","benchmark",15271,"127.0.0.1:45214",666e86a7.3ba7,129,"UPDATE",2024-06-16 14:31:03 CST,7/10,90627,LOG,00000,"execute S_7: UPDATE bmsql_stock     SET s_quantity = $1, s_ytd = s_ytd + $2,         s_order_cnt = s_order_cnt + 1,         s_remote_cnt = s_remote_cnt + $3     WHERE s_w_id = $4 AND s_i_id = $5","parameters: $1 = '18', $2 = '14', $3 = '0', $4 = '1', $5 = '11'",,,,,,,,"","client backend"
2024-06-16 14:31:21.949 CST,"raingage","benchmark",15271,"127.0.0.1:45214",666e86a7.3ba7,130,"COMMIT",2024-06-16 14:31:03 CST,7/10,90627,LOG,00000,"execute S_2: COMMIT",,,,,,,,,"","client backend"
2024-06-16 14:31:21.963 CST,"raingage","benchmark",15271,"127.0.0.1:45214",666e86a7.3ba7,131,"BEGIN",2024-06-16 14:31:03 CST,7/11,0,LOG,00000,"execute S_3: BEGIN",,,,,,,,,"","client backend"
2024-06-16 14:31:21.977 CST,"raingage","benchmark",15271,"127.0.0.1:45214",666e86a7.3ba7,132,"SELECT",2024-06-16 14:31:03 CST,7/11,0,LOG,00000,"execute S_4: SELECT d_tax, d_next_o_id     FROM bmsql_district     WHERE d_w_id = $1 AND d_id = $2 ","parameters: $1 = '1', $2 = '3'",,,,,,,,"","client backend"
2024-06-16 14:31:22.018 CST,"raingage","benchmark",15269,"127.0.0.1:45210",666e86a6.3ba5,76,"SELECT",2024-06-16 14:31:02 CST,5/7,90628,LOG,00000,"execute S_1: SELECT c_discount, c_last, c_credit, w_tax     FROM bmsql_customer     JOIN bmsql_warehouse ON (w_id = c_w_id)     WHERE c_w_id = $1 AND c_d_id = $2 AND c_id = $3 FOR UPDATE","parameters: $1 = '1', $2 = '3', $3 = '72'",,,,,,,,"","client backend"
2024-06-16 14:31:22.044 CST,"raingage","benchmark",15271,"127.0.0.1:45214",666e86a7.3ba7,133,"SELECT",2024-06-16 14:31:03 CST,7/11,0,LOG,00000,"execute S_1: SELECT c_discount, c_last, c_credit, w_tax     FROM bmsql_customer     JOIN bmsql_warehouse ON (w_id = c_w_id)     WHERE c_w_id = $1 AND c_d_id = $2 AND c_id = $3 FOR UPDATE","parameters: $1 = '1', $2 = '3', $3 = '70'",,,,,,,,"","client backend"
2024-06-16 14:31:22.090 CST,"raingage","benchmark",15269,"127.0.0.1:45210",666e86a6.3ba5,77,"SELECT",2024-06-16 14:31:02 CST,5/7,90628,LOG,00000,"execute S_1: SELECT c_discount, c_last, c_credit, w_tax     FROM bmsql_customer     JOIN bmsql_warehouse ON (w_id = c_w_id)     WHERE c_w_id = $1 AND c_d_id = $2 AND c_id = $3 FOR UPDATE","parameters: $1 = '1', $2 = '3', $3 = '72'",,,,,,,,"","client backend"
2024-06-16 14:31:22.155 CST,"raingage","benchmark",15269,"127.0.0.1:45210",666e86a6.3ba5,78,"SELECT",2024-06-16 14:31:02 CST,5/7,90628,LOG,00000,"execute S_1: SELECT c_discount, c_last, c_credit, w_tax     FROM bmsql_customer     JOIN bmsql_warehouse ON (w_id = c_w_id)     WHERE c_w_id = $1 AND c_d_id = $2 AND c_id = $3 FOR UPDATE","parameters: $1 = '1', $2 = '3', $3 = '72'",,,,,,,,"","client backend"
2024-06-16 14:31:22.224 CST,"raingage","benchmark",15269,"127.0.0.1:45210",666e86a6.3ba5,79,"SELECT",2024-06-16 14:31:02 CST,5/7,90628,LOG,00000,"execute S_1: SELECT c_discount, c_last, c_credit, w_tax     FROM bmsql_customer     JOIN bmsql_warehouse ON (w_id = c_w_id)     WHERE c_w_id = $1 AND c_d_id = $2 AND c_id = $3 FOR UPDATE","parameters: $1 = '1', $2 = '3', $3 = '72'",,,,,,,,"","client backend"
2024-06-16 14:31:22.290 CST,"raingage","benchmark",15269,"127.0.0.1:45210",666e86a6.3ba5,80,"SELECT",2024-06-16 14:31:02 CST,5/7,90628,LOG,00000,"execute S_1: SELECT c_discount, c_last, c_credit, w_tax     FROM bmsql_customer     JOIN bmsql_warehouse ON (w_id = c_w_id)     WHERE c_w_id = $1 AND c_d_id = $2 AND c_id = $3 FOR UPDATE","parameters: $1 = '1', $2 = '3', $3 = '72'",,,,,,,,"","client backend"
2024-06-16 14:31:22.360 CST,"raingage","benchmark",15269,"127.0.0.1:45210",666e86a6.3ba5,81,"SELECT",2024-06-16 14:31:02 CST,5/7,90628,LOG,00000,"execute S_1: SELECT c_discount, c_last, c_credit, w_tax     FROM bmsql_customer     JOIN bmsql_warehouse ON (w_id = c_w_id)     WHERE c_w_id = $1 AND c_d_id = $2 AND c_id = $3 FOR UPDATE","parameters: $1 = '1', $2 = '3', $3 = '72'",,,,,,,,"","client backend"
2024-06-16 14:31:22.431 CST,"raingage","benchmark",15269,"127.0.0.1:45210",666e86a6.3ba5,82,"SELECT",2024-06-16 14:31:02 CST,5/7,90628,LOG,00000,"execute S_1: SELECT c_discount, c_last, c_credit, w_tax     FROM bmsql_customer     JOIN bmsql_warehouse ON (w_id = c_w_id)     WHERE c_w_id = $1 AND c_d_id = $2 AND c_id = $3 FOR UPDATE","parameters: $1 = '1', $2 = '3', $3 = '72'",,,,,,,,"","client backend"
2024-06-16 14:31:22.445 CST,"raingage","benchmark",15269,"127.0.0.1:45210",666e86a6.3ba5,83,"SELECT",2024-06-16 14:31:02 CST,5/7,90628,LOG,00000,"execute S_6: SELECT i_price, i_name, i_data     FROM bmsql_item     WHERE i_id = $1","parameters: $1 = '30'",,,,,,,,"","client backend"
2024-06-16 14:31:22.458 CST,"raingage","benchmark",15269,"127.0.0.1:45210",666e86a6.3ba5,84,"SELECT",2024-06-16 14:31:02 CST,5/7,90628,LOG,00000,"execute S_7: SELECT s_quantity, s_data,        s_dist_01, s_dist_02, s_dist_03, s_dist_04,        s_dist_05, s_dist_06, s_dist_07, s_dist_08,        s_dist_09, s_dist_10     FROM bmsql_stock     WHERE s_w_id = $1 AND s_i_id = $2  FOR UPDATE","parameters: $1 = '1', $2 = '30'",,,,,,,,"","client backend"
2024-06-16 14:31:22.479 CST,"raingage","benchmark",15269,"127.0.0.1:45210",666e86a6.3ba5,85,"UPDATE",2024-06-16 14:31:02 CST,5/7,90628,LOG,00000,"execute S_8: UPDATE bmsql_stock     SET s_quantity = $1, s_ytd = s_ytd + $2,         s_order_cnt = s_order_cnt + 1,         s_remote_cnt = s_remote_cnt + $3     WHERE s_w_id = $4 AND s_i_id = $5","parameters: $1 = '64', $2 = '2', $3 = '0', $4 = '1', $5 = '30'",,,,,,,,"","client backend"
2024-06-16 14:31:22.494 CST,"raingage","benchmark",15269,"127.0.0.1:45210",666e86a6.3ba5,86,"COMMIT",2024-06-16 14:31:02 CST,5/7,90628,LOG,00000,"execute S_3: COMMIT",,,,,,,,,"","client backend"
2024-06-16 14:31:22.516 CST,"raingage","benchmark",15269,"127.0.0.1:45210",666e86a6.3ba5,87,"BEGIN",2024-06-16 14:31:02 CST,5/8,0,LOG,00000,"execute S_4: BEGIN",,,,,,,,,"","client backend"
2024-06-16 14:31:22.520 CST,"raingage","benchmark",15269,"127.0.0.1:45210",666e86a6.3ba5,88,"SELECT",2024-06-16 14:31:02 CST,5/8,0,LOG,00000,"execute S_5: SELECT d_tax, d_next_o_id     FROM bmsql_district     WHERE d_w_id = $1 AND d_id = $2 ","parameters: $1 = '1', $2 = '3'",,,,,,,,"","client backend"
2024-06-16 14:31:22.563 CST,"raingage","benchmark",15268,"127.0.0.1:45208",666e86a6.3ba4,148,"SELECT",2024-06-16 14:31:02 CST,4/12,90629,LOG,00000,"execute S_1: SELECT c_discount, c_last, c_credit, w_tax     FROM bmsql_customer     JOIN bmsql_warehouse ON (w_id = c_w_id)     WHERE c_w_id = $1 AND c_d_id = $2 AND c_id = $3 FOR UPDATE","parameters: $1 = '1', $2 = '2', $3 = '35'",,,,,,,,"","client backend"
2024-06-16 14:31:22.586 CST,"raingage","benchmark",15269,"127.0.0.1:45210",666e86a6.3ba5,89,"SELECT",2024-06-16 14:31:02 CST,5/8,0,LOG,00000,"execute S_1: SELECT c_discount, c_last, c_credit, w_tax     FROM bmsql_customer     JOIN bmsql_warehouse ON (w_id = c_w_id)     WHERE c_w_id = $1 AND c_d_id = $2 AND c_id = $3 FOR UPDATE","parameters: $1 = '1', $2 = '3', $3 = '70'",,,,,,,,"","client backend"
2024-06-16 14:31:22.631 CST,"raingage","benchmark",15268,"127.0.0.1:45208",666e86a6.3ba4,149,"SELECT",2024-06-16 14:31:02 CST,4/12,90629,LOG,00000,"execute S_1: SELECT c_discount, c_last, c_credit, w_tax     FROM bmsql_customer     JOIN bmsql_warehouse ON (w_id = c_w_id)     WHERE c_w_id = $1 AND c_d_id = $2 AND c_id = $3 FOR UPDATE","parameters: $1 = '1', $2 = '2', $3 = '35'",,,,,,,,"","client backend"
2024-06-16 14:31:22.700 CST,"raingage","benchmark",15268,"127.0.0.1:45208",666e86a6.3ba4,150,"SELECT",2024-06-16 14:31:02 CST,4/12,90629,LOG,00000,"execute S_1: SELECT c_discount, c_last, c_credit, w_tax     FROM bmsql_customer     JOIN bmsql_warehouse ON (w_id = c_w_id)     WHERE c_w_id = $1 AND c_d_id = $2 AND c_id = $3 FOR UPDATE","parameters: $1 = '1', $2 = '2', $3 = '35'",,,,,,,,"","client backend"
2024-06-16 14:31:22.765 CST,"raingage","benchmark",15268,"127.0.0.1:45208",666e86a6.3ba4,151,"SELECT",2024-06-16 14:31:02 CST,4/12,90629,LOG,00000,"execute S_1: SELECT c_discount, c_last, c_credit, w_tax     FROM bmsql_customer     JOIN bmsql_warehouse ON (w_id = c_w_id)     WHERE c_w_id = $1 AND c_d_id = $2 AND c_id = $3 FOR UPDATE","parameters: $1 = '1', $2 = '2', $3 = '35'",,,,,,,,"","client backend"
2024-06-16 14:31:22.836 CST,"raingage","benchmark",15268,"127.0.0.1:45208",666e86a6.3ba4,152,"SELECT",2024-06-16 14:31:02 CST,4/12,90629,LOG,00000,"execute S_1: SELECT c_discount, c_last, c_credit, w_tax     FROM bmsql_customer     JOIN bmsql_warehouse ON (w_id = c_w_id)     WHERE c_w_id = $1 AND c_d_id = $2 AND c_id = $3 FOR UPDATE","parameters: $1 = '1', $2 = '2', $3 = '35'",,,,,,,,"","client backend"
2024-06-16 14:31:22.902 CST,"raingage","benchmark",15268,"127.0.0.1:45208",666e86a6.3ba4,153,"SELECT",2024-06-16 14:31:02 CST,4/12,90629,LOG,00000,"execute S_1: SELECT c_discount, c_last, c_credit, w_tax     FROM bmsql_customer     JOIN bmsql_warehouse ON (w_id = c_w_id)     WHERE c_w_id = $1 AND c_d_id = $2 AND c_id = $3 FOR UPDATE","parameters: $1 = '1', $2 = '2', $3 = '35'",,,,,,,,"","client backend"
2024-06-16 14:31:22.970 CST,"raingage","benchmark",15268,"127.0.0.1:45208",666e86a6.3ba4,154,"SELECT",2024-06-16 14:31:02 CST,4/12,90629,LOG,00000,"execute S_1: SELECT c_discount, c_last, c_credit, w_tax     FROM bmsql_customer     JOIN bmsql_warehouse ON (w_id = c_w_id)     WHERE c_w_id = $1 AND c_d_id = $2 AND c_id = $3 FOR UPDATE","parameters: $1 = '1', $2 = '2', $3 = '35'",,,,,,,,"","client backend"
2024-06-16 14:31:22.987 CST,"raingage","benchmark",15268,"127.0.0.1:45208",666e86a6.3ba4,155,"SELECT",2024-06-16 14:31:02 CST,4/12,90629,LOG,00000,"execute S_5: SELECT i_price, i_name, i_data     FROM bmsql_item     WHERE i_id = $1","parameters: $1 = '11'",,,,,,,,"","client backend"
2024-06-16 14:31:23.002 CST,"raingage","benchmark",15268,"127.0.0.1:45208",666e86a6.3ba4,156,"SELECT",2024-06-16 14:31:02 CST,4/12,90629,LOG,00000,"execute S_6: SELECT s_quantity, s_data,        s_dist_01, s_dist_02, s_dist_03, s_dist_04,        s_dist_05, s_dist_06, s_dist_07, s_dist_08,        s_dist_09, s_dist_10     FROM bmsql_stock     WHERE s_w_id = $1 AND s_i_id = $2  FOR UPDATE","parameters: $1 = '1', $2 = '11'",,,,,,,,"","client backend"
2024-06-16 14:31:23.014 CST,"raingage","benchmark",15268,"127.0.0.1:45208",666e86a6.3ba4,157,"UPDATE",2024-06-16 14:31:02 CST,4/12,90629,LOG,00000,"execute S_7: UPDATE bmsql_stock     SET s_quantity = $1, s_ytd = s_ytd + $2,         s_order_cnt = s_order_cnt + 1,         s_remote_cnt = s_remote_cnt + $3     WHERE s_w_id = $4 AND s_i_id = $5","parameters: $1 = '109', $2 = '14', $3 = '0', $4 = '1', $5 = '11'",,,,,,,,"","client backend"
2024-06-16 14:31:23.035 CST,"raingage","benchmark",15268,"127.0.0.1:45208",666e86a6.3ba4,158,"COMMIT",2024-06-16 14:31:02 CST,4/12,90629,LOG,00000,"execute S_2: COMMIT",,,,,,,,,"","client backend"
2024-06-16 14:31:23.051 CST,"raingage","benchmark",15268,"127.0.0.1:45208",666e86a6.3ba4,159,"BEGIN",2024-06-16 14:31:02 CST,4/13,0,LOG,00000,"execute S_3: BEGIN",,,,,,,,,"","client backend"
2024-06-16 14:31:23.064 CST,"raingage","benchmark",15268,"127.0.0.1:45208",666e86a6.3ba4,160,"SELECT",2024-06-16 14:31:02 CST,4/13,0,LOG,00000,"execute S_4: SELECT d_tax, d_next_o_id     FROM bmsql_district     WHERE d_w_id = $1 AND d_id = $2 ","parameters: $1 = '1', $2 = '3'",,,,,,,,"","client backend"
2024-06-16 14:31:23.102 CST,"raingage","benchmark",15271,"127.0.0.1:45214",666e86a7.3ba7,134,"SELECT",2024-06-16 14:31:03 CST,7/11,90630,LOG,00000,"execute S_1: SELECT c_discount, c_last, c_credit, w_tax     FROM bmsql_customer     JOIN bmsql_warehouse ON (w_id = c_w_id)     WHERE c_w_id = $1 AND c_d_id = $2 AND c_id = $3 FOR UPDATE","parameters: $1 = '1', $2 = '3', $3 = '70'",,,,,,,,"","client backend"
2024-06-16 14:31:23.136 CST,"raingage","benchmark",15268,"127.0.0.1:45208",666e86a6.3ba4,161,"SELECT",2024-06-16 14:31:02 CST,4/13,0,LOG,00000,"execute S_1: SELECT c_discount, c_last, c_credit, w_tax     FROM bmsql_customer     JOIN bmsql_warehouse ON (w_id = c_w_id)     WHERE c_w_id = $1 AND c_d_id = $2 AND c_id = $3 FOR UPDATE","parameters: $1 = '1', $2 = '3', $3 = '83'",,,,,,,,"","client backend"
2024-06-16 14:31:23.169 CST,"raingage","benchmark",15271,"127.0.0.1:45214",666e86a7.3ba7,135,"SELECT",2024-06-16 14:31:03 CST,7/11,90630,LOG,00000,"execute S_1: SELECT c_discount, c_last, c_credit, w_tax     FROM bmsql_customer     JOIN bmsql_warehouse ON (w_id = c_w_id)     WHERE c_w_id = $1 AND c_d_id = $2 AND c_id = $3 FOR UPDATE","parameters: $1 = '1', $2 = '3', $3 = '70'",,,,,,,,"","client backend"
2024-06-16 14:31:23.240 CST,"raingage","benchmark",15271,"127.0.0.1:45214",666e86a7.3ba7,136,"SELECT",2024-06-16 14:31:03 CST,7/11,90630,LOG,00000,"execute S_1: SELECT c_discount, c_last, c_credit, w_tax     FROM bmsql_customer     JOIN bmsql_warehouse ON (w_id = c_w_id)     WHERE c_w_id = $1 AND c_d_id = $2 AND c_id = $3 FOR UPDATE","parameters: $1 = '1', $2 = '3', $3 = '70'",,,,,,,,"","client backend"
2024-06-16 14:31:23.311 CST,"raingage","benchmark",15271,"127.0.0.1:45214",666e86a7.3ba7,137,"SELECT",2024-06-16 14:31:03 CST,7/11,90630,LOG,00000,"execute S_1: SELECT c_discount, c_last, c_credit, w_tax     FROM bmsql_customer     JOIN bmsql_warehouse ON (w_id = c_w_id)     WHERE c_w_id = $1 AND c_d_id = $2 AND c_id = $3 FOR UPDATE","parameters: $1 = '1', $2 = '3', $3 = '70'",,,,,,,,"","client backend"
2024-06-16 14:31:23.376 CST,"raingage","benchmark",15271,"127.0.0.1:45214",666e86a7.3ba7,138,"SELECT",2024-06-16 14:31:03 CST,7/11,90630,LOG,00000,"execute S_1: SELECT c_discount, c_last, c_credit, w_tax     FROM bmsql_customer     JOIN bmsql_warehouse ON (w_id = c_w_id)     WHERE c_w_id = $1 AND c_d_id = $2 AND c_id = $3 FOR UPDATE","parameters: $1 = '1', $2 = '3', $3 = '70'",,,,,,,,"","client backend"
2024-06-16 14:31:23.444 CST,"raingage","benchmark",15271,"127.0.0.1:45214",666e86a7.3ba7,139,"SELECT",2024-06-16 14:31:03 CST,7/11,90630,LOG,00000,"execute S_1: SELECT c_discount, c_last, c_credit, w_tax     FROM bmsql_customer     JOIN bmsql_warehouse ON (w_id = c_w_id)     WHERE c_w_id = $1 AND c_d_id = $2 AND c_id = $3 FOR UPDATE","parameters: $1 = '1', $2 = '3', $3 = '70'",,,,,,,,"","client backend"
2024-06-16 14:31:23.497 CST,"raingage","benchmark",15271,"127.0.0.1:45214",666e86a7.3ba7,140,"SELECT",2024-06-16 14:31:03 CST,7/11,90630,LOG,00000,"execute S_1: SELECT c_discount, c_last, c_credit, w_tax     FROM bmsql_customer     JOIN bmsql_warehouse ON (w_id = c_w_id)     WHERE c_w_id = $1 AND c_d_id = $2 AND c_id = $3 FOR UPDATE","parameters: $1 = '1', $2 = '3', $3 = '70'",,,,,,,,"","client backend"
2024-06-16 14:31:23.512 CST,"raingage","benchmark",15271,"127.0.0.1:45214",666e86a7.3ba7,141,"SELECT",2024-06-16 14:31:03 CST,7/11,90630,LOG,00000,"execute S_5: SELECT i_price, i_name, i_data     FROM bmsql_item     WHERE i_id = $1","parameters: $1 = '51'",,,,,,,,"","client backend"
2024-06-16 14:31:23.531 CST,"raingage","benchmark",15271,"127.0.0.1:45214",666e86a7.3ba7,142,"SELECT",2024-06-16 14:31:03 CST,7/11,90630,LOG,00000,"execute S_6: SELECT s_quantity, s_data,        s_dist_01, s_dist_02, s_dist_03, s_dist_04,        s_dist_05, s_dist_06, s_dist_07, s_dist_08,        s_dist_09, s_dist_10     FROM bmsql_stock     WHERE s_w_id = $1 AND s_i_id = $2  FOR UPDATE","parameters: $1 = '1', $2 = '51'",,,,,,,,"","client backend"
2024-06-16 14:31:23.548 CST,"raingage","benchmark",15271,"127.0.0.1:45214",666e86a7.3ba7,143,"UPDATE",2024-06-16 14:31:03 CST,7/11,90630,LOG,00000,"execute S_7: UPDATE bmsql_stock     SET s_quantity = $1, s_ytd = s_ytd + $2,         s_order_cnt = s_order_cnt + 1,         s_remote_cnt = s_remote_cnt + $3     WHERE s_w_id = $4 AND s_i_id = $5","parameters: $1 = '37', $2 = '5', $3 = '0', $4 = '1', $5 = '51'",,,,,,,,"","client backend"
2024-06-16 14:31:23.563 CST,"raingage","benchmark",15271,"127.0.0.1:45214",666e86a7.3ba7,144,"COMMIT",2024-06-16 14:31:03 CST,7/11,90630,LOG,00000,"execute S_2: COMMIT",,,,,,,,,"","client backend"
2024-06-16 14:31:23.580 CST,"raingage","benchmark",15271,"127.0.0.1:45214",666e86a7.3ba7,145,"BEGIN",2024-06-16 14:31:03 CST,7/12,0,LOG,00000,"execute S_3: BEGIN",,,,,,,,,"","client backend"
2024-06-16 14:31:23.592 CST,"raingage","benchmark",15271,"127.0.0.1:45214",666e86a7.3ba7,146,"SELECT",2024-06-16 14:31:03 CST,7/12,0,LOG,00000,"execute S_4: SELECT d_tax, d_next_o_id     FROM bmsql_district     WHERE d_w_id = $1 AND d_id = $2 ","parameters: $1 = '1', $2 = '3'",,,,,,,,"","client backend"
2024-06-16 14:31:23.632 CST,"raingage","benchmark",15268,"127.0.0.1:45208",666e86a6.3ba4,162,"SELECT",2024-06-16 14:31:02 CST,4/13,90631,LOG,00000,"execute S_1: SELECT c_discount, c_last, c_credit, w_tax     FROM bmsql_customer     JOIN bmsql_warehouse ON (w_id = c_w_id)     WHERE c_w_id = $1 AND c_d_id = $2 AND c_id = $3 FOR UPDATE","parameters: $1 = '1', $2 = '3', $3 = '83'",,,,,,,,"","client backend"
2024-06-16 14:31:23.664 CST,"raingage","benchmark",15271,"127.0.0.1:45214",666e86a7.3ba7,147,"SELECT",2024-06-16 14:31:03 CST,7/12,0,LOG,00000,"execute S_1: SELECT c_discount, c_last, c_credit, w_tax     FROM bmsql_customer     JOIN bmsql_warehouse ON (w_id = c_w_id)     WHERE c_w_id = $1 AND c_d_id = $2 AND c_id = $3 FOR UPDATE","parameters: $1 = '1', $2 = '3', $3 = '83'",,,,,,,,"","client backend"
2024-06-16 14:31:23.699 CST,"raingage","benchmark",15268,"127.0.0.1:45208",666e86a6.3ba4,163,"SELECT",2024-06-16 14:31:02 CST,4/13,90631,LOG,00000,"execute S_1: SELECT c_discount, c_last, c_credit, w_tax     FROM bmsql_customer     JOIN bmsql_warehouse ON (w_id = c_w_id)     WHERE c_w_id = $1 AND c_d_id = $2 AND c_id = $3 FOR UPDATE","parameters: $1 = '1', $2 = '3', $3 = '83'",,,,,,,,"","client backend"
2024-06-16 14:31:23.764 CST,"raingage","benchmark",15268,"127.0.0.1:45208",666e86a6.3ba4,164,"SELECT",2024-06-16 14:31:02 CST,4/13,90631,LOG,00000,"execute S_1: SELECT c_discount, c_last, c_credit, w_tax     FROM bmsql_customer     JOIN bmsql_warehouse ON (w_id = c_w_id)     WHERE c_w_id = $1 AND c_d_id = $2 AND c_id = $3 FOR UPDATE","parameters: $1 = '1', $2 = '3', $3 = '83'",,,,,,,,"","client backend"
2024-06-16 14:31:23.829 CST,"raingage","benchmark",15268,"127.0.0.1:45208",666e86a6.3ba4,165,"SELECT",2024-06-16 14:31:02 CST,4/13,90631,LOG,00000,"execute S_1: SELECT c_discount, c_last, c_credit, w_tax     FROM bmsql_customer     JOIN bmsql_warehouse ON (w_id = c_w_id)     WHERE c_w_id = $1 AND c_d_id = $2 AND c_id = $3 FOR UPDATE","parameters: $1 = '1', $2 = '3', $3 = '83'",,,,,,,,"","client backend"
2024-06-16 14:31:23.896 CST,"raingage","benchmark",15268,"127.0.0.1:45208",666e86a6.3ba4,166,"SELECT",2024-06-16 14:31:02 CST,4/13,90631,LOG,00000,"execute S_1: SELECT c_discount, c_last, c_credit, w_tax     FROM bmsql_customer     JOIN bmsql_warehouse ON (w_id = c_w_id)     WHERE c_w_id = $1 AND c_d_id = $2 AND c_id = $3 FOR UPDATE","parameters: $1 = '1', $2 = '3', $3 = '83'",,,,,,,,"","client backend"
2024-06-16 14:31:23.964 CST,"raingage","benchmark",15268,"127.0.0.1:45208",666e86a6.3ba4,167,"SELECT",2024-06-16 14:31:02 CST,4/13,90631,LOG,00000,"execute S_1: SELECT c_discount, c_last, c_credit, w_tax     FROM bmsql_customer     JOIN bmsql_warehouse ON (w_id = c_w_id)     WHERE c_w_id = $1 AND c_d_id = $2 AND c_id = $3 FOR UPDATE","parameters: $1 = '1', $2 = '3', $3 = '83'",,,,,,,,"","client backend"
2024-06-16 14:31:24.035 CST,"raingage","benchmark",15268,"127.0.0.1:45208",666e86a6.3ba4,168,"SELECT",2024-06-16 14:31:02 CST,4/13,90631,LOG,00000,"execute S_1: SELECT c_discount, c_last, c_credit, w_tax     FROM bmsql_customer     JOIN bmsql_warehouse ON (w_id = c_w_id)     WHERE c_w_id = $1 AND c_d_id = $2 AND c_id = $3 FOR UPDATE","parameters: $1 = '1', $2 = '3', $3 = '83'",,,,,,,,"","client backend"
2024-06-16 14:31:24.057 CST,"raingage","benchmark",15268,"127.0.0.1:45208",666e86a6.3ba4,169,"SELECT",2024-06-16 14:31:02 CST,4/13,90631,LOG,00000,"execute S_5: SELECT i_price, i_name, i_data     FROM bmsql_item     WHERE i_id = $1","parameters: $1 = '59'",,,,,,,,"","client backend"
2024-06-16 14:31:24.073 CST,"raingage","benchmark",15268,"127.0.0.1:45208",666e86a6.3ba4,170,"SELECT",2024-06-16 14:31:02 CST,4/13,90631,LOG,00000,"execute S_6: SELECT s_quantity, s_data,        s_dist_01, s_dist_02, s_dist_03, s_dist_04,        s_dist_05, s_dist_06, s_dist_07, s_dist_08,        s_dist_09, s_dist_10     FROM bmsql_stock     WHERE s_w_id = $1 AND s_i_id = $2  FOR UPDATE","parameters: $1 = '1', $2 = '59'",,,,,,,,"","client backend"
2024-06-16 14:31:24.093 CST,"raingage","benchmark",15268,"127.0.0.1:45208",666e86a6.3ba4,171,"UPDATE",2024-06-16 14:31:02 CST,4/13,90631,LOG,00000,"execute S_7: UPDATE bmsql_stock     SET s_quantity = $1, s_ytd = s_ytd + $2,         s_order_cnt = s_order_cnt + 1,         s_remote_cnt = s_remote_cnt + $3     WHERE s_w_id = $4 AND s_i_id = $5","parameters: $1 = '66', $2 = '3', $3 = '0', $4 = '1', $5 = '59'",,,,,,,,"","client backend"
2024-06-16 14:31:24.115 CST,"raingage","benchmark",15268,"127.0.0.1:45208",666e86a6.3ba4,172,"COMMIT",2024-06-16 14:31:02 CST,4/13,90631,LOG,00000,"execute S_2: COMMIT",,,,,,,,,"","client backend"
2024-06-16 14:31:24.130 CST,"raingage","benchmark",15268,"127.0.0.1:45208",666e86a6.3ba4,173,"BEGIN",2024-06-16 14:31:02 CST,4/14,0,LOG,00000,"execute S_3: BEGIN",,,,,,,,,"","client backend"
2024-06-16 14:31:24.137 CST,"raingage","benchmark",15268,"127.0.0.1:45208",666e86a6.3ba4,174,"SELECT",2024-06-16 14:31:02 CST,4/14,0,LOG,00000,"execute S_4: SELECT d_tax, d_next_o_id     FROM bmsql_district     WHERE d_w_id = $1 AND d_id = $2 ","parameters: $1 = '1', $2 = '2'",,,,,,,,"","client backend"
2024-06-16 14:31:24.181 CST,"raingage","benchmark",15271,"127.0.0.1:45214",666e86a7.3ba7,148,"SELECT",2024-06-16 14:31:03 CST,7/12,90633,LOG,00000,"execute S_1: SELECT c_discount, c_last, c_credit, w_tax     FROM bmsql_customer     JOIN bmsql_warehouse ON (w_id = c_w_id)     WHERE c_w_id = $1 AND c_d_id = $2 AND c_id = $3 FOR UPDATE","parameters: $1 = '1', $2 = '3', $3 = '83'",,,,,,,,"","client backend"
2024-06-16 14:31:24.204 CST,"raingage","benchmark",15268,"127.0.0.1:45208",666e86a6.3ba4,175,"SELECT",2024-06-16 14:31:02 CST,4/14,0,LOG,00000,"execute S_1: SELECT c_discount, c_last, c_credit, w_tax     FROM bmsql_customer     JOIN bmsql_warehouse ON (w_id = c_w_id)     WHERE c_w_id = $1 AND c_d_id = $2 AND c_id = $3 FOR UPDATE","parameters: $1 = '1', $2 = '2', $3 = '3'",,,,,,,,"","client backend"
2024-06-16 14:31:24.250 CST,"raingage","benchmark",15271,"127.0.0.1:45214",666e86a7.3ba7,149,"SELECT",2024-06-16 14:31:03 CST,7/12,90633,LOG,00000,"execute S_1: SELECT c_discount, c_last, c_credit, w_tax     FROM bmsql_customer     JOIN bmsql_warehouse ON (w_id = c_w_id)     WHERE c_w_id = $1 AND c_d_id = $2 AND c_id = $3 FOR UPDATE","parameters: $1 = '1', $2 = '3', $3 = '83'",,,,,,,,"","client backend"
2024-06-16 14:31:24.317 CST,"raingage","benchmark",15271,"127.0.0.1:45214",666e86a7.3ba7,150,"SELECT",2024-06-16 14:31:03 CST,7/12,90633,LOG,00000,"execute S_1: SELECT c_discount, c_last, c_credit, w_tax     FROM bmsql_customer     JOIN bmsql_warehouse ON (w_id = c_w_id)     WHERE c_w_id = $1 AND c_d_id = $2 AND c_id = $3 FOR UPDATE","parameters: $1 = '1', $2 = '3', $3 = '83'",,,,,,,,"","client backend"
2024-06-16 14:31:24.381 CST,"raingage","benchmark",15271,"127.0.0.1:45214",666e86a7.3ba7,151,"SELECT",2024-06-16 14:31:03 CST,7/12,90633,LOG,00000,"execute S_1: SELECT c_discount, c_last, c_credit, w_tax     FROM bmsql_customer     JOIN bmsql_warehouse ON (w_id = c_w_id)     WHERE c_w_id = $1 AND c_d_id = $2 AND c_id = $3 FOR UPDATE","parameters: $1 = '1', $2 = '3', $3 = '83'",,,,,,,,"","client backend"
2024-06-16 14:31:24.453 CST,"raingage","benchmark",15271,"127.0.0.1:45214",666e86a7.3ba7,152,"SELECT",2024-06-16 14:31:03 CST,7/12,90633,LOG,00000,"execute S_1: SELECT c_discount, c_last, c_credit, w_tax     FROM bmsql_customer     JOIN bmsql_warehouse ON (w_id = c_w_id)     WHERE c_w_id = $1 AND c_d_id = $2 AND c_id = $3 FOR UPDATE","parameters: $1 = '1', $2 = '3', $3 = '83'",,,,,,,,"","client backend"
2024-06-16 14:31:24.520 CST,"raingage","benchmark",15271,"127.0.0.1:45214",666e86a7.3ba7,153,"SELECT",2024-06-16 14:31:03 CST,7/12,90633,LOG,00000,"execute S_1: SELECT c_discount, c_last, c_credit, w_tax     FROM bmsql_customer     JOIN bmsql_warehouse ON (w_id = c_w_id)     WHERE c_w_id = $1 AND c_d_id = $2 AND c_id = $3 FOR UPDATE","parameters: $1 = '1', $2 = '3', $3 = '83'",,,,,,,,"","client backend"
2024-06-16 14:31:24.521 CST,"raingage","benchmark",15270,"127.0.0.1:45212",666e86a6.3ba6,87,"BEGIN",2024-06-16 14:31:02 CST,6/8,0,LOG,00000,"execute S_3: BEGIN",,,,,,,,,"","client backend"
2024-06-16 14:31:24.539 CST,"raingage","benchmark",15270,"127.0.0.1:45212",666e86a6.3ba6,88,"SELECT",2024-06-16 14:31:02 CST,6/8,0,LOG,00000,"execute S_4: SELECT d_tax, d_next_o_id     FROM bmsql_district     WHERE d_w_id = $1 AND d_id = $2 ","parameters: $1 = '1', $2 = '2'",,,,,,,,"","client backend"
2024-06-16 14:31:24.588 CST,"raingage","benchmark",15271,"127.0.0.1:45214",666e86a7.3ba7,154,"SELECT",2024-06-16 14:31:03 CST,7/12,90633,LOG,00000,"execute S_1: SELECT c_discount, c_last, c_credit, w_tax     FROM bmsql_customer     JOIN bmsql_warehouse ON (w_id = c_w_id)     WHERE c_w_id = $1 AND c_d_id = $2 AND c_id = $3 FOR UPDATE","parameters: $1 = '1', $2 = '3', $3 = '83'",,,,,,,,"","client backend"
2024-06-16 14:31:24.606 CST,"raingage","benchmark",15271,"127.0.0.1:45214",666e86a7.3ba7,155,"SELECT",2024-06-16 14:31:03 CST,7/12,90633,LOG,00000,"execute S_5: SELECT i_price, i_name, i_data     FROM bmsql_item     WHERE i_id = $1","parameters: $1 = '59'",,,,,,,,"","client backend"
2024-06-16 14:31:24.606 CST,"raingage","benchmark",15270,"127.0.0.1:45212",666e86a6.3ba6,89,"SELECT",2024-06-16 14:31:02 CST,6/8,0,LOG,00000,"execute S_1: SELECT c_discount, c_last, c_credit, w_tax     FROM bmsql_customer     JOIN bmsql_warehouse ON (w_id = c_w_id)     WHERE c_w_id = $1 AND c_d_id = $2 AND c_id = $3 FOR UPDATE","parameters: $1 = '1', $2 = '2', $3 = '92'",,,,,,,,"","client backend"
2024-06-16 14:31:24.623 CST,"raingage","benchmark",15271,"127.0.0.1:45214",666e86a7.3ba7,156,"SELECT",2024-06-16 14:31:03 CST,7/12,90633,LOG,00000,"execute S_6: SELECT s_quantity, s_data,        s_dist_01, s_dist_02, s_dist_03, s_dist_04,        s_dist_05, s_dist_06, s_dist_07, s_dist_08,        s_dist_09, s_dist_10     FROM bmsql_stock     WHERE s_w_id = $1 AND s_i_id = $2  FOR UPDATE","parameters: $1 = '1', $2 = '59'",,,,,,,,"","client backend"
2024-06-16 14:31:24.636 CST,"raingage","benchmark",15271,"127.0.0.1:45214",666e86a7.3ba7,157,"UPDATE",2024-06-16 14:31:03 CST,7/12,90633,LOG,00000,"execute S_7: UPDATE bmsql_stock     SET s_quantity = $1, s_ytd = s_ytd + $2,         s_order_cnt = s_order_cnt + 1,         s_remote_cnt = s_remote_cnt + $3     WHERE s_w_id = $4 AND s_i_id = $5","parameters: $1 = '59', $2 = '7', $3 = '0', $4 = '1', $5 = '59'",,,,,,,,"","client backend"
2024-06-16 14:31:24.655 CST,"raingage","benchmark",15271,"127.0.0.1:45214",666e86a7.3ba7,158,"COMMIT",2024-06-16 14:31:03 CST,7/12,90633,LOG,00000,"execute S_2: COMMIT",,,,,,,,,"","client backend"
2024-06-16 14:31:24.664 CST,"raingage","benchmark",15271,"127.0.0.1:45214",666e86a7.3ba7,159,"BEGIN",2024-06-16 14:31:03 CST,7/13,0,LOG,00000,"execute S_3: BEGIN",,,,,,,,,"","client backend"
2024-06-16 14:31:24.676 CST,"raingage","benchmark",15271,"127.0.0.1:45214",666e86a7.3ba7,160,"SELECT",2024-06-16 14:31:03 CST,7/13,0,LOG,00000,"execute S_4: SELECT d_tax, d_next_o_id     FROM bmsql_district     WHERE d_w_id = $1 AND d_id = $2 ","parameters: $1 = '1', $2 = '2'",,,,,,,,"","client backend"
2024-06-16 14:31:24.721 CST,"raingage","benchmark",15269,"127.0.0.1:45210",666e86a6.3ba5,90,"SELECT",2024-06-16 14:31:02 CST,5/8,90632,LOG,00000,"execute S_1: SELECT c_discount, c_last, c_credit, w_tax     FROM bmsql_customer     JOIN bmsql_warehouse ON (w_id = c_w_id)     WHERE c_w_id = $1 AND c_d_id = $2 AND c_id = $3 FOR UPDATE","parameters: $1 = '1', $2 = '3', $3 = '70'",,,,,,,,"","client backend"
2024-06-16 14:31:24.745 CST,"raingage","benchmark",15271,"127.0.0.1:45214",666e86a7.3ba7,161,"SELECT",2024-06-16 14:31:03 CST,7/13,0,LOG,00000,"execute S_1: SELECT c_discount, c_last, c_credit, w_tax     FROM bmsql_customer     JOIN bmsql_warehouse ON (w_id = c_w_id)     WHERE c_w_id = $1 AND c_d_id = $2 AND c_id = $3 FOR UPDATE","parameters: $1 = '1', $2 = '2', $3 = '3'",,,,,,,,"","client backend"
2024-06-16 14:31:24.792 CST,"raingage","benchmark",15269,"127.0.0.1:45210",666e86a6.3ba5,91,"SELECT",2024-06-16 14:31:02 CST,5/8,90632,LOG,00000,"execute S_1: SELECT c_discount, c_last, c_credit, w_tax     FROM bmsql_customer     JOIN bmsql_warehouse ON (w_id = c_w_id)     WHERE c_w_id = $1 AND c_d_id = $2 AND c_id = $3 FOR UPDATE","parameters: $1 = '1', $2 = '3', $3 = '70'",,,,,,,,"","client backend"
2024-06-16 14:31:24.857 CST,"raingage","benchmark",15269,"127.0.0.1:45210",666e86a6.3ba5,92,"SELECT",2024-06-16 14:31:02 CST,5/8,90632,LOG,00000,"execute S_1: SELECT c_discount, c_last, c_credit, w_tax     FROM bmsql_customer     JOIN bmsql_warehouse ON (w_id = c_w_id)     WHERE c_w_id = $1 AND c_d_id = $2 AND c_id = $3 FOR UPDATE","parameters: $1 = '1', $2 = '3', $3 = '70'",,,,,,,,"","client backend"
2024-06-16 14:31:24.930 CST,"raingage","benchmark",15269,"127.0.0.1:45210",666e86a6.3ba5,93,"SELECT",2024-06-16 14:31:02 CST,5/8,90632,LOG,00000,"execute S_1: SELECT c_discount, c_last, c_credit, w_tax     FROM bmsql_customer     JOIN bmsql_warehouse ON (w_id = c_w_id)     WHERE c_w_id = $1 AND c_d_id = $2 AND c_id = $3 FOR UPDATE","parameters: $1 = '1', $2 = '3', $3 = '70'",,,,,,,,"","client backend"
2024-06-16 14:31:24.997 CST,"raingage","benchmark",15269,"127.0.0.1:45210",666e86a6.3ba5,94,"SELECT",2024-06-16 14:31:02 CST,5/8,90632,LOG,00000,"execute S_1: SELECT c_discount, c_last, c_credit, w_tax     FROM bmsql_customer     JOIN bmsql_warehouse ON (w_id = c_w_id)     WHERE c_w_id = $1 AND c_d_id = $2 AND c_id = $3 FOR UPDATE","parameters: $1 = '1', $2 = '3', $3 = '70'",,,,,,,,"","client backend"
2024-06-16 14:31:25.067 CST,"raingage","benchmark",15269,"127.0.0.1:45210",666e86a6.3ba5,95,"SELECT",2024-06-16 14:31:02 CST,5/8,90632,LOG,00000,"execute S_1: SELECT c_discount, c_last, c_credit, w_tax     FROM bmsql_customer     JOIN bmsql_warehouse ON (w_id = c_w_id)     WHERE c_w_id = $1 AND c_d_id = $2 AND c_id = $3 FOR UPDATE","parameters: $1 = '1', $2 = '3', $3 = '70'",,,,,,,,"","client backend"
2024-06-16 14:31:25.136 CST,"raingage","benchmark",15269,"127.0.0.1:45210",666e86a6.3ba5,96,"SELECT",2024-06-16 14:31:02 CST,5/8,90632,LOG,00000,"execute S_1: SELECT c_discount, c_last, c_credit, w_tax     FROM bmsql_customer     JOIN bmsql_warehouse ON (w_id = c_w_id)     WHERE c_w_id = $1 AND c_d_id = $2 AND c_id = $3 FOR UPDATE","parameters: $1 = '1', $2 = '3', $3 = '70'",,,,,,,,"","client backend"
2024-06-16 14:31:25.150 CST,"raingage","benchmark",15269,"127.0.0.1:45210",666e86a6.3ba5,97,"SELECT",2024-06-16 14:31:02 CST,5/8,90632,LOG,00000,"execute S_6: SELECT i_price, i_name, i_data     FROM bmsql_item     WHERE i_id = $1","parameters: $1 = '51'",,,,,,,,"","client backend"
2024-06-16 14:31:25.162 CST,"raingage","benchmark",15269,"127.0.0.1:45210",666e86a6.3ba5,98,"SELECT",2024-06-16 14:31:02 CST,5/8,90632,LOG,00000,"execute S_7: SELECT s_quantity, s_data,        s_dist_01, s_dist_02, s_dist_03, s_dist_04,        s_dist_05, s_dist_06, s_dist_07, s_dist_08,        s_dist_09, s_dist_10     FROM bmsql_stock     WHERE s_w_id = $1 AND s_i_id = $2  FOR UPDATE","parameters: $1 = '1', $2 = '51'",,,,,,,,"","client backend"
2024-06-16 14:31:25.177 CST,"raingage","benchmark",15269,"127.0.0.1:45210",666e86a6.3ba5,99,"UPDATE",2024-06-16 14:31:02 CST,5/8,90632,LOG,00000,"execute S_8: UPDATE bmsql_stock     SET s_quantity = $1, s_ytd = s_ytd + $2,         s_order_cnt = s_order_cnt + 1,         s_remote_cnt = s_remote_cnt + $3     WHERE s_w_id = $4 AND s_i_id = $5","parameters: $1 = '34', $2 = '3', $3 = '0', $4 = '1', $5 = '51'",,,,,,,,"","client backend"
2024-06-16 14:31:25.195 CST,"raingage","benchmark",15269,"127.0.0.1:45210",666e86a6.3ba5,100,"COMMIT",2024-06-16 14:31:02 CST,5/8,90632,LOG,00000,"execute S_3: COMMIT",,,,,,,,,"","client backend"
2024-06-16 14:31:25.266 CST,"raingage","benchmark",15268,"127.0.0.1:45208",666e86a6.3ba4,176,"SELECT",2024-06-16 14:31:02 CST,4/14,90634,LOG,00000,"execute S_1: SELECT c_discount, c_last, c_credit, w_tax     FROM bmsql_customer     JOIN bmsql_warehouse ON (w_id = c_w_id)     WHERE c_w_id = $1 AND c_d_id = $2 AND c_id = $3 FOR UPDATE","parameters: $1 = '1', $2 = '2', $3 = '3'",,,,,,,,"","client backend"
2024-06-16 14:31:25.332 CST,"raingage","benchmark",15268,"127.0.0.1:45208",666e86a6.3ba4,177,"SELECT",2024-06-16 14:31:02 CST,4/14,90634,LOG,00000,"execute S_1: SELECT c_discount, c_last, c_credit, w_tax     FROM bmsql_customer     JOIN bmsql_warehouse ON (w_id = c_w_id)     WHERE c_w_id = $1 AND c_d_id = $2 AND c_id = $3 FOR UPDATE","parameters: $1 = '1', $2 = '2', $3 = '3'",,,,,,,,"","client backend"
2024-06-16 14:31:25.400 CST,"raingage","benchmark",15268,"127.0.0.1:45208",666e86a6.3ba4,178,"SELECT",2024-06-16 14:31:02 CST,4/14,90634,LOG,00000,"execute S_1: SELECT c_discount, c_last, c_credit, w_tax     FROM bmsql_customer     JOIN bmsql_warehouse ON (w_id = c_w_id)     WHERE c_w_id = $1 AND c_d_id = $2 AND c_id = $3 FOR UPDATE","parameters: $1 = '1', $2 = '2', $3 = '3'",,,,,,,,"","client backend"
2024-06-16 14:31:25.466 CST,"raingage","benchmark",15268,"127.0.0.1:45208",666e86a6.3ba4,179,"SELECT",2024-06-16 14:31:02 CST,4/14,90634,LOG,00000,"execute S_1: SELECT c_discount, c_last, c_credit, w_tax     FROM bmsql_customer     JOIN bmsql_warehouse ON (w_id = c_w_id)     WHERE c_w_id = $1 AND c_d_id = $2 AND c_id = $3 FOR UPDATE","parameters: $1 = '1', $2 = '2', $3 = '3'",,,,,,,,"","client backend"
2024-06-16 14:31:25.539 CST,"raingage","benchmark",15268,"127.0.0.1:45208",666e86a6.3ba4,180,"SELECT",2024-06-16 14:31:02 CST,4/14,90634,LOG,00000,"execute S_1: SELECT c_discount, c_last, c_credit, w_tax     FROM bmsql_customer     JOIN bmsql_warehouse ON (w_id = c_w_id)     WHERE c_w_id = $1 AND c_d_id = $2 AND c_id = $3 FOR UPDATE","parameters: $1 = '1', $2 = '2', $3 = '3'",,,,,,,,"","client backend"
2024-06-16 14:31:25.602 CST,"raingage","benchmark",15268,"127.0.0.1:45208",666e86a6.3ba4,181,"SELECT",2024-06-16 14:31:02 CST,4/14,90634,LOG,00000,"execute S_1: SELECT c_discount, c_last, c_credit, w_tax     FROM bmsql_customer     JOIN bmsql_warehouse ON (w_id = c_w_id)     WHERE c_w_id = $1 AND c_d_id = $2 AND c_id = $3 FOR UPDATE","parameters: $1 = '1', $2 = '2', $3 = '3'",,,,,,,,"","client backend"
2024-06-16 14:31:25.659 CST,"raingage","benchmark",15268,"127.0.0.1:45208",666e86a6.3ba4,182,"SELECT",2024-06-16 14:31:02 CST,4/14,90634,LOG,00000,"execute S_1: SELECT c_discount, c_last, c_credit, w_tax     FROM bmsql_customer     JOIN bmsql_warehouse ON (w_id = c_w_id)     WHERE c_w_id = $1 AND c_d_id = $2 AND c_id = $3 FOR UPDATE","parameters: $1 = '1', $2 = '2', $3 = '3'",,,,,,,,"","client backend"
2024-06-16 14:31:25.677 CST,"raingage","benchmark",15268,"127.0.0.1:45208",666e86a6.3ba4,183,"SELECT",2024-06-16 14:31:02 CST,4/14,90634,LOG,00000,"execute S_5: SELECT i_price, i_name, i_data     FROM bmsql_item     WHERE i_id = $1","parameters: $1 = '23'",,,,,,,,"","client backend"
2024-06-16 14:31:25.694 CST,"raingage","benchmark",15268,"127.0.0.1:45208",666e86a6.3ba4,184,"SELECT",2024-06-16 14:31:02 CST,4/14,90634,LOG,00000,"execute S_6: SELECT s_quantity, s_data,        s_dist_01, s_dist_02, s_dist_03, s_dist_04,        s_dist_05, s_dist_06, s_dist_07, s_dist_08,        s_dist_09, s_dist_10     FROM bmsql_stock     WHERE s_w_id = $1 AND s_i_id = $2  FOR UPDATE","parameters: $1 = '1', $2 = '23'",,,,,,,,"","client backend"
2024-06-16 14:31:25.709 CST,"raingage","benchmark",15268,"127.0.0.1:45208",666e86a6.3ba4,185,"UPDATE",2024-06-16 14:31:02 CST,4/14,90634,LOG,00000,"execute S_7: UPDATE bmsql_stock     SET s_quantity = $1, s_ytd = s_ytd + $2,         s_order_cnt = s_order_cnt + 1,         s_remote_cnt = s_remote_cnt + $3     WHERE s_w_id = $4 AND s_i_id = $5","parameters: $1 = '63', $2 = '5', $3 = '0', $4 = '1', $5 = '23'",,,,,,,,"","client backend"
2024-06-16 14:31:25.725 CST,"raingage","benchmark",15268,"127.0.0.1:45208",666e86a6.3ba4,186,"COMMIT",2024-06-16 14:31:02 CST,4/14,90634,LOG,00000,"execute S_2: COMMIT",,,,,,,,,"","client backend"
2024-06-16 14:31:25.739 CST,"raingage","benchmark",15268,"127.0.0.1:45208",666e86a6.3ba4,187,"BEGIN",2024-06-16 14:31:02 CST,4/15,0,LOG,00000,"execute S_3: BEGIN",,,,,,,,,"","client backend"
2024-06-16 14:31:25.754 CST,"raingage","benchmark",15268,"127.0.0.1:45208",666e86a6.3ba4,188,"SELECT",2024-06-16 14:31:02 CST,4/15,0,LOG,00000,"execute S_4: SELECT d_tax, d_next_o_id     FROM bmsql_district     WHERE d_w_id = $1 AND d_id = $2 ","parameters: $1 = '1', $2 = '1'",,,,,,,,"","client backend"
2024-06-16 14:31:25.792 CST,"raingage","benchmark",15270,"127.0.0.1:45212",666e86a6.3ba6,90,"SELECT",2024-06-16 14:31:02 CST,6/8,90635,LOG,00000,"execute S_1: SELECT c_discount, c_last, c_credit, w_tax     FROM bmsql_customer     JOIN bmsql_warehouse ON (w_id = c_w_id)     WHERE c_w_id = $1 AND c_d_id = $2 AND c_id = $3 FOR UPDATE","parameters: $1 = '1', $2 = '2', $3 = '92'",,,,,,,,"","client backend"
2024-06-16 14:31:25.821 CST,"raingage","benchmark",15268,"127.0.0.1:45208",666e86a6.3ba4,189,"SELECT",2024-06-16 14:31:02 CST,4/15,0,LOG,00000,"execute S_1: SELECT c_discount, c_last, c_credit, w_tax     FROM bmsql_customer     JOIN bmsql_warehouse ON (w_id = c_w_id)     WHERE c_w_id = $1 AND c_d_id = $2 AND c_id = $3 FOR UPDATE","parameters: $1 = '1', $2 = '1', $3 = '34'",,,,,,,,"","client backend"
2024-06-16 14:31:25.856 CST,"raingage","benchmark",15270,"127.0.0.1:45212",666e86a6.3ba6,91,"SELECT",2024-06-16 14:31:02 CST,6/8,90635,LOG,00000,"execute S_1: SELECT c_discount, c_last, c_credit, w_tax     FROM bmsql_customer     JOIN bmsql_warehouse ON (w_id = c_w_id)     WHERE c_w_id = $1 AND c_d_id = $2 AND c_id = $3 FOR UPDATE","parameters: $1 = '1', $2 = '2', $3 = '92'",,,,,,,,"","client backend"
2024-06-16 14:31:25.920 CST,"raingage","benchmark",15270,"127.0.0.1:45212",666e86a6.3ba6,92,"SELECT",2024-06-16 14:31:02 CST,6/8,90635,LOG,00000,"execute S_1: SELECT c_discount, c_last, c_credit, w_tax     FROM bmsql_customer     JOIN bmsql_warehouse ON (w_id = c_w_id)     WHERE c_w_id = $1 AND c_d_id = $2 AND c_id = $3 FOR UPDATE","parameters: $1 = '1', $2 = '2', $3 = '92'",,,,,,,,"","client backend"
2024-06-16 14:31:25.989 CST,"raingage","benchmark",15270,"127.0.0.1:45212",666e86a6.3ba6,93,"SELECT",2024-06-16 14:31:02 CST,6/8,90635,LOG,00000,"execute S_1: SELECT c_discount, c_last, c_credit, w_tax     FROM bmsql_customer     JOIN bmsql_warehouse ON (w_id = c_w_id)     WHERE c_w_id = $1 AND c_d_id = $2 AND c_id = $3 FOR UPDATE","parameters: $1 = '1', $2 = '2', $3 = '92'",,,,,,,,"","client backend"
2024-06-16 14:31:26.058 CST,"raingage","benchmark",15270,"127.0.0.1:45212",666e86a6.3ba6,94,"SELECT",2024-06-16 14:31:02 CST,6/8,90635,LOG,00000,"execute S_1: SELECT c_discount, c_last, c_credit, w_tax     FROM bmsql_customer     JOIN bmsql_warehouse ON (w_id = c_w_id)     WHERE c_w_id = $1 AND c_d_id = $2 AND c_id = $3 FOR UPDATE","parameters: $1 = '1', $2 = '2', $3 = '92'",,,,,,,,"","client backend"
2024-06-16 14:31:26.131 CST,"raingage","benchmark",15270,"127.0.0.1:45212",666e86a6.3ba6,95,"SELECT",2024-06-16 14:31:02 CST,6/8,90635,LOG,00000,"execute S_1: SELECT c_discount, c_last, c_credit, w_tax     FROM bmsql_customer     JOIN bmsql_warehouse ON (w_id = c_w_id)     WHERE c_w_id = $1 AND c_d_id = $2 AND c_id = $3 FOR UPDATE","parameters: $1 = '1', $2 = '2', $3 = '92'",,,,,,,,"","client backend"
2024-06-16 14:31:26.195 CST,"raingage","benchmark",15270,"127.0.0.1:45212",666e86a6.3ba6,96,"SELECT",2024-06-16 14:31:02 CST,6/8,90635,LOG,00000,"execute S_1: SELECT c_discount, c_last, c_credit, w_tax     FROM bmsql_customer     JOIN bmsql_warehouse ON (w_id = c_w_id)     WHERE c_w_id = $1 AND c_d_id = $2 AND c_id = $3 FOR UPDATE","parameters: $1 = '1', $2 = '2', $3 = '92'",,,,,,,,"","client backend"
2024-06-16 14:31:26.197 CST,"raingage","benchmark",15270,"127.0.0.1:45212",666e86a6.3ba6,97,"SELECT",2024-06-16 14:31:02 CST,6/8,90635,LOG,00000,"execute S_5: SELECT i_price, i_name, i_data     FROM bmsql_item     WHERE i_id = $1","parameters: $1 = '89'",,,,,,,,"","client backend"
2024-06-16 14:31:26.215 CST,"raingage","benchmark",15270,"127.0.0.1:45212",666e86a6.3ba6,98,"SELECT",2024-06-16 14:31:02 CST,6/8,90635,LOG,00000,"execute S_6: SELECT s_quantity, s_data,        s_dist_01, s_dist_02, s_dist_03, s_dist_04,        s_dist_05, s_dist_06, s_dist_07, s_dist_08,        s_dist_09, s_dist_10     FROM bmsql_stock     WHERE s_w_id = $1 AND s_i_id = $2  FOR UPDATE","parameters: $1 = '1', $2 = '89'",,,,,,,,"","client backend"
2024-06-16 14:31:26.229 CST,"raingage","benchmark",15270,"127.0.0.1:45212",666e86a6.3ba6,99,"UPDATE",2024-06-16 14:31:02 CST,6/8,90635,LOG,00000,"execute S_7: UPDATE bmsql_stock     SET s_quantity = $1, s_ytd = s_ytd + $2,         s_order_cnt = s_order_cnt + 1,         s_remote_cnt = s_remote_cnt + $3     WHERE s_w_id = $4 AND s_i_id = $5","parameters: $1 = '105', $2 = '5', $3 = '0', $4 = '1', $5 = '89'",,,,,,,,"","client backend"
2024-06-16 14:31:26.244 CST,"raingage","benchmark",15270,"127.0.0.1:45212",666e86a6.3ba6,100,"COMMIT",2024-06-16 14:31:02 CST,6/8,90635,LOG,00000,"execute S_2: COMMIT",,,,,,,,,"","client backend"
2024-06-16 14:31:26.270 CST,"raingage","benchmark",15270,"127.0.0.1:45212",666e86a6.3ba6,101,"BEGIN",2024-06-16 14:31:02 CST,6/9,0,LOG,00000,"execute S_3: BEGIN",,,,,,,,,"","client backend"
2024-06-16 14:31:26.282 CST,"raingage","benchmark",15270,"127.0.0.1:45212",666e86a6.3ba6,102,"SELECT",2024-06-16 14:31:02 CST,6/9,0,LOG,00000,"execute S_4: SELECT d_tax, d_next_o_id     FROM bmsql_district     WHERE d_w_id = $1 AND d_id = $2 ","parameters: $1 = '1', $2 = '1'",,,,,,,,"","client backend"
2024-06-16 14:31:26.312 CST,"raingage","benchmark",15271,"127.0.0.1:45214",666e86a7.3ba7,162,"SELECT",2024-06-16 14:31:03 CST,7/13,90636,LOG,00000,"execute S_1: SELECT c_discount, c_last, c_credit, w_tax     FROM bmsql_customer     JOIN bmsql_warehouse ON (w_id = c_w_id)     WHERE c_w_id = $1 AND c_d_id = $2 AND c_id = $3 FOR UPDATE","parameters: $1 = '1', $2 = '2', $3 = '3'",,,,,,,,"","client backend"
2024-06-16 14:31:26.352 CST,"raingage","benchmark",15270,"127.0.0.1:45212",666e86a6.3ba6,103,"SELECT",2024-06-16 14:31:02 CST,6/9,0,LOG,00000,"execute S_1: SELECT c_discount, c_last, c_credit, w_tax     FROM bmsql_customer     JOIN bmsql_warehouse ON (w_id = c_w_id)     WHERE c_w_id = $1 AND c_d_id = $2 AND c_id = $3 FOR UPDATE","parameters: $1 = '1', $2 = '1', $3 = '79'",,,,,,,,"","client backend"
2024-06-16 14:31:26.381 CST,"raingage","benchmark",15271,"127.0.0.1:45214",666e86a7.3ba7,163,"SELECT",2024-06-16 14:31:03 CST,7/13,90636,LOG,00000,"execute S_1: SELECT c_discount, c_last, c_credit, w_tax     FROM bmsql_customer     JOIN bmsql_warehouse ON (w_id = c_w_id)     WHERE c_w_id = $1 AND c_d_id = $2 AND c_id = $3 FOR UPDATE","parameters: $1 = '1', $2 = '2', $3 = '3'",,,,,,,,"","client backend"
2024-06-16 14:31:26.447 CST,"raingage","benchmark",15271,"127.0.0.1:45214",666e86a7.3ba7,164,"SELECT",2024-06-16 14:31:03 CST,7/13,90636,LOG,00000,"execute S_1: SELECT c_discount, c_last, c_credit, w_tax     FROM bmsql_customer     JOIN bmsql_warehouse ON (w_id = c_w_id)     WHERE c_w_id = $1 AND c_d_id = $2 AND c_id = $3 FOR UPDATE","parameters: $1 = '1', $2 = '2', $3 = '3'",,,,,,,,"","client backend"
2024-06-16 14:31:26.518 CST,"raingage","benchmark",15271,"127.0.0.1:45214",666e86a7.3ba7,165,"SELECT",2024-06-16 14:31:03 CST,7/13,90636,LOG,00000,"execute S_1: SELECT c_discount, c_last, c_credit, w_tax     FROM bmsql_customer     JOIN bmsql_warehouse ON (w_id = c_w_id)     WHERE c_w_id = $1 AND c_d_id = $2 AND c_id = $3 FOR UPDATE","parameters: $1 = '1', $2 = '2', $3 = '3'",,,,,,,,"","client backend"
2024-06-16 14:31:26.585 CST,"raingage","benchmark",15271,"127.0.0.1:45214",666e86a7.3ba7,166,"SELECT",2024-06-16 14:31:03 CST,7/13,90636,LOG,00000,"execute S_1: SELECT c_discount, c_last, c_credit, w_tax     FROM bmsql_customer     JOIN bmsql_warehouse ON (w_id = c_w_id)     WHERE c_w_id = $1 AND c_d_id = $2 AND c_id = $3 FOR UPDATE","parameters: $1 = '1', $2 = '2', $3 = '3'",,,,,,,,"","client backend"
2024-06-16 14:31:26.650 CST,"raingage","benchmark",15271,"127.0.0.1:45214",666e86a7.3ba7,167,"SELECT",2024-06-16 14:31:03 CST,7/13,90636,LOG,00000,"execute S_1: SELECT c_discount, c_last, c_credit, w_tax     FROM bmsql_customer     JOIN bmsql_warehouse ON (w_id = c_w_id)     WHERE c_w_id = $1 AND c_d_id = $2 AND c_id = $3 FOR UPDATE","parameters: $1 = '1', $2 = '2', $3 = '3'",,,,,,,,"","client backend"
2024-06-16 14:31:26.721 CST,"raingage","benchmark",15271,"127.0.0.1:45214",666e86a7.3ba7,168,"SELECT",2024-06-16 14:31:03 CST,7/13,90636,LOG,00000,"execute S_1: SELECT c_discount, c_last, c_credit, w_tax     FROM bmsql_customer     JOIN bmsql_warehouse ON (w_id = c_w_id)     WHERE c_w_id = $1 AND c_d_id = $2 AND c_id = $3 FOR UPDATE","parameters: $1 = '1', $2 = '2', $3 = '3'",,,,,,,,"","client backend"
2024-06-16 14:31:26.729 CST,"raingage","benchmark",15271,"127.0.0.1:45214",666e86a7.3ba7,169,"SELECT",2024-06-16 14:31:03 CST,7/13,90636,LOG,00000,"execute S_5: SELECT i_price, i_name, i_data     FROM bmsql_item     WHERE i_id = $1","parameters: $1 = '23'",,,,,,,,"","client backend"
2024-06-16 14:31:26.749 CST,"raingage","benchmark",15271,"127.0.0.1:45214",666e86a7.3ba7,170,"SELECT",2024-06-16 14:31:03 CST,7/13,90636,LOG,00000,"execute S_6: SELECT s_quantity, s_data,        s_dist_01, s_dist_02, s_dist_03, s_dist_04,        s_dist_05, s_dist_06, s_dist_07, s_dist_08,        s_dist_09, s_dist_10     FROM bmsql_stock     WHERE s_w_id = $1 AND s_i_id = $2  FOR UPDATE","parameters: $1 = '1', $2 = '23'",,,,,,,,"","client backend"
2024-06-16 14:31:26.766 CST,"raingage","benchmark",15271,"127.0.0.1:45214",666e86a7.3ba7,171,"UPDATE",2024-06-16 14:31:03 CST,7/13,90636,LOG,00000,"execute S_7: UPDATE bmsql_stock     SET s_quantity = $1, s_ytd = s_ytd + $2,         s_order_cnt = s_order_cnt + 1,         s_remote_cnt = s_remote_cnt + $3     WHERE s_w_id = $4 AND s_i_id = $5","parameters: $1 = '58', $2 = '5', $3 = '0', $4 = '1', $5 = '23'",,,,,,,,"","client backend"
2024-06-16 14:31:26.780 CST,"raingage","benchmark",15271,"127.0.0.1:45214",666e86a7.3ba7,172,"COMMIT",2024-06-16 14:31:03 CST,7/13,90636,LOG,00000,"execute S_2: COMMIT",,,,,,,,,"","client backend"
2024-06-16 14:31:26.801 CST,"raingage","benchmark",15271,"127.0.0.1:45214",666e86a7.3ba7,173,"BEGIN",2024-06-16 14:31:03 CST,7/14,0,LOG,00000,"execute S_3: BEGIN",,,,,,,,,"","client backend"
2024-06-16 14:31:26.812 CST,"raingage","benchmark",15271,"127.0.0.1:45214",666e86a7.3ba7,174,"SELECT",2024-06-16 14:31:03 CST,7/14,0,LOG,00000,"execute S_4: SELECT d_tax, d_next_o_id     FROM bmsql_district     WHERE d_w_id = $1 AND d_id = $2 ","parameters: $1 = '1', $2 = '1'",,,,,,,,"","client backend"
2024-06-16 14:31:26.848 CST,"raingage","benchmark",15268,"127.0.0.1:45208",666e86a6.3ba4,190,"SELECT",2024-06-16 14:31:02 CST,4/15,90637,LOG,00000,"execute S_1: SELECT c_discount, c_last, c_credit, w_tax     FROM bmsql_customer     JOIN bmsql_warehouse ON (w_id = c_w_id)     WHERE c_w_id = $1 AND c_d_id = $2 AND c_id = $3 FOR UPDATE","parameters: $1 = '1', $2 = '1', $3 = '34'",,,,,,,,"","client backend"
2024-06-16 14:31:26.880 CST,"raingage","benchmark",15271,"127.0.0.1:45214",666e86a7.3ba7,175,"SELECT",2024-06-16 14:31:03 CST,7/14,0,LOG,00000,"execute S_1: SELECT c_discount, c_last, c_credit, w_tax     FROM bmsql_customer     JOIN bmsql_warehouse ON (w_id = c_w_id)     WHERE c_w_id = $1 AND c_d_id = $2 AND c_id = $3 FOR UPDATE","parameters: $1 = '1', $2 = '1', $3 = '79'",,,,,,,,"","client backend"
2024-06-16 14:31:26.917 CST,"raingage","benchmark",15268,"127.0.0.1:45208",666e86a6.3ba4,191,"SELECT",2024-06-16 14:31:02 CST,4/15,90637,LOG,00000,"execute S_1: SELECT c_discount, c_last, c_credit, w_tax     FROM bmsql_customer     JOIN bmsql_warehouse ON (w_id = c_w_id)     WHERE c_w_id = $1 AND c_d_id = $2 AND c_id = $3 FOR UPDATE","parameters: $1 = '1', $2 = '1', $3 = '34'",,,,,,,,"","client backend"
2024-06-16 14:31:26.983 CST,"raingage","benchmark",15268,"127.0.0.1:45208",666e86a6.3ba4,192,"SELECT",2024-06-16 14:31:02 CST,4/15,90637,LOG,00000,"execute S_1: SELECT c_discount, c_last, c_credit, w_tax     FROM bmsql_customer     JOIN bmsql_warehouse ON (w_id = c_w_id)     WHERE c_w_id = $1 AND c_d_id = $2 AND c_id = $3 FOR UPDATE","parameters: $1 = '1', $2 = '1', $3 = '34'",,,,,,,,"","client backend"
2024-06-16 14:31:27.055 CST,"raingage","benchmark",15268,"127.0.0.1:45208",666e86a6.3ba4,193,"SELECT",2024-06-16 14:31:02 CST,4/15,90637,LOG,00000,"execute S_1: SELECT c_discount, c_last, c_credit, w_tax     FROM bmsql_customer     JOIN bmsql_warehouse ON (w_id = c_w_id)     WHERE c_w_id = $1 AND c_d_id = $2 AND c_id = $3 FOR UPDATE","parameters: $1 = '1', $2 = '1', $3 = '34'",,,,,,,,"","client backend"
2024-06-16 14:31:27.118 CST,"raingage","benchmark",15268,"127.0.0.1:45208",666e86a6.3ba4,194,"SELECT",2024-06-16 14:31:02 CST,4/15,90637,LOG,00000,"execute S_1: SELECT c_discount, c_last, c_credit, w_tax     FROM bmsql_customer     JOIN bmsql_warehouse ON (w_id = c_w_id)     WHERE c_w_id = $1 AND c_d_id = $2 AND c_id = $3 FOR UPDATE","parameters: $1 = '1', $2 = '1', $3 = '34'",,,,,,,,"","client backend"
2024-06-16 14:31:27.190 CST,"raingage","benchmark",15268,"127.0.0.1:45208",666e86a6.3ba4,195,"SELECT",2024-06-16 14:31:02 CST,4/15,90637,LOG,00000,"execute S_1: SELECT c_discount, c_last, c_credit, w_tax     FROM bmsql_customer     JOIN bmsql_warehouse ON (w_id = c_w_id)     WHERE c_w_id = $1 AND c_d_id = $2 AND c_id = $3 FOR UPDATE","parameters: $1 = '1', $2 = '1', $3 = '34'",,,,,,,,"","client backend"
2024-06-16 14:31:27.247 CST,"raingage","benchmark",15268,"127.0.0.1:45208",666e86a6.3ba4,196,"SELECT",2024-06-16 14:31:02 CST,4/15,90637,LOG,00000,"execute S_1: SELECT c_discount, c_last, c_credit, w_tax     FROM bmsql_customer     JOIN bmsql_warehouse ON (w_id = c_w_id)     WHERE c_w_id = $1 AND c_d_id = $2 AND c_id = $3 FOR UPDATE","parameters: $1 = '1', $2 = '1', $3 = '34'",,,,,,,,"","client backend"
2024-06-16 14:31:27.263 CST,"raingage","benchmark",15268,"127.0.0.1:45208",666e86a6.3ba4,197,"SELECT",2024-06-16 14:31:02 CST,4/15,90637,LOG,00000,"execute S_5: SELECT i_price, i_name, i_data     FROM bmsql_item     WHERE i_id = $1","parameters: $1 = '69'",,,,,,,,"","client backend"
2024-06-16 14:31:27.281 CST,"raingage","benchmark",15268,"127.0.0.1:45208",666e86a6.3ba4,198,"SELECT",2024-06-16 14:31:02 CST,4/15,90637,LOG,00000,"execute S_6: SELECT s_quantity, s_data,        s_dist_01, s_dist_02, s_dist_03, s_dist_04,        s_dist_05, s_dist_06, s_dist_07, s_dist_08,        s_dist_09, s_dist_10     FROM bmsql_stock     WHERE s_w_id = $1 AND s_i_id = $2  FOR UPDATE","parameters: $1 = '1', $2 = '69'",,,,,,,,"","client backend"
2024-06-16 14:31:27.295 CST,"raingage","benchmark",15268,"127.0.0.1:45208",666e86a6.3ba4,199,"UPDATE",2024-06-16 14:31:02 CST,4/15,90637,LOG,00000,"execute S_7: UPDATE bmsql_stock     SET s_quantity = $1, s_ytd = s_ytd + $2,         s_order_cnt = s_order_cnt + 1,         s_remote_cnt = s_remote_cnt + $3     WHERE s_w_id = $4 AND s_i_id = $5","parameters: $1 = '103', $2 = '4', $3 = '0', $4 = '1', $5 = '69'",,,,,,,,"","client backend"
2024-06-16 14:31:27.313 CST,"raingage","benchmark",15268,"127.0.0.1:45208",666e86a6.3ba4,200,"COMMIT",2024-06-16 14:31:02 CST,4/15,90637,LOG,00000,"execute S_2: COMMIT",,,,,,,,,"","client backend"
2024-06-16 14:31:27.379 CST,"raingage","benchmark",15270,"127.0.0.1:45212",666e86a6.3ba6,104,"SELECT",2024-06-16 14:31:02 CST,6/9,90638,LOG,00000,"execute S_1: SELECT c_discount, c_last, c_credit, w_tax     FROM bmsql_customer     JOIN bmsql_warehouse ON (w_id = c_w_id)     WHERE c_w_id = $1 AND c_d_id = $2 AND c_id = $3 FOR UPDATE","parameters: $1 = '1', $2 = '1', $3 = '79'",,,,,,,,"","client backend"
2024-06-16 14:31:27.445 CST,"raingage","benchmark",15270,"127.0.0.1:45212",666e86a6.3ba6,105,"SELECT",2024-06-16 14:31:02 CST,6/9,90638,LOG,00000,"execute S_1: SELECT c_discount, c_last, c_credit, w_tax     FROM bmsql_customer     JOIN bmsql_warehouse ON (w_id = c_w_id)     WHERE c_w_id = $1 AND c_d_id = $2 AND c_id = $3 FOR UPDATE","parameters: $1 = '1', $2 = '1', $3 = '79'",,,,,,,,"","client backend"
2024-06-16 14:31:27.510 CST,"raingage","benchmark",15270,"127.0.0.1:45212",666e86a6.3ba6,106,"SELECT",2024-06-16 14:31:02 CST,6/9,90638,LOG,00000,"execute S_1: SELECT c_discount, c_last, c_credit, w_tax     FROM bmsql_customer     JOIN bmsql_warehouse ON (w_id = c_w_id)     WHERE c_w_id = $1 AND c_d_id = $2 AND c_id = $3 FOR UPDATE","parameters: $1 = '1', $2 = '1', $3 = '79'",,,,,,,,"","client backend"
2024-06-16 14:31:27.579 CST,"raingage","benchmark",15270,"127.0.0.1:45212",666e86a6.3ba6,107,"SELECT",2024-06-16 14:31:02 CST,6/9,90638,LOG,00000,"execute S_1: SELECT c_discount, c_last, c_credit, w_tax     FROM bmsql_customer     JOIN bmsql_warehouse ON (w_id = c_w_id)     WHERE c_w_id = $1 AND c_d_id = $2 AND c_id = $3 FOR UPDATE","parameters: $1 = '1', $2 = '1', $3 = '79'",,,,,,,,"","client backend"
2024-06-16 14:31:27.645 CST,"raingage","benchmark",15270,"127.0.0.1:45212",666e86a6.3ba6,108,"SELECT",2024-06-16 14:31:02 CST,6/9,90638,LOG,00000,"execute S_1: SELECT c_discount, c_last, c_credit, w_tax     FROM bmsql_customer     JOIN bmsql_warehouse ON (w_id = c_w_id)     WHERE c_w_id = $1 AND c_d_id = $2 AND c_id = $3 FOR UPDATE","parameters: $1 = '1', $2 = '1', $3 = '79'",,,,,,,,"","client backend"
2024-06-16 14:31:27.712 CST,"raingage","benchmark",15270,"127.0.0.1:45212",666e86a6.3ba6,109,"SELECT",2024-06-16 14:31:02 CST,6/9,90638,LOG,00000,"execute S_1: SELECT c_discount, c_last, c_credit, w_tax     FROM bmsql_customer     JOIN bmsql_warehouse ON (w_id = c_w_id)     WHERE c_w_id = $1 AND c_d_id = $2 AND c_id = $3 FOR UPDATE","parameters: $1 = '1', $2 = '1', $3 = '79'",,,,,,,,"","client backend"
2024-06-16 14:31:27.781 CST,"raingage","benchmark",15270,"127.0.0.1:45212",666e86a6.3ba6,110,"SELECT",2024-06-16 14:31:02 CST,6/9,90638,LOG,00000,"execute S_1: SELECT c_discount, c_last, c_credit, w_tax     FROM bmsql_customer     JOIN bmsql_warehouse ON (w_id = c_w_id)     WHERE c_w_id = $1 AND c_d_id = $2 AND c_id = $3 FOR UPDATE","parameters: $1 = '1', $2 = '1', $3 = '79'",,,,,,,,"","client backend"
2024-06-16 14:31:27.783 CST,"raingage","benchmark",15270,"127.0.0.1:45212",666e86a6.3ba6,111,"SELECT",2024-06-16 14:31:02 CST,6/9,90638,LOG,00000,"execute S_5: SELECT i_price, i_name, i_data     FROM bmsql_item     WHERE i_id = $1","parameters: $1 = '53'",,,,,,,,"","client backend"
2024-06-16 14:31:27.797 CST,"raingage","benchmark",15270,"127.0.0.1:45212",666e86a6.3ba6,112,"SELECT",2024-06-16 14:31:02 CST,6/9,90638,LOG,00000,"execute S_6: SELECT s_quantity, s_data,        s_dist_01, s_dist_02, s_dist_03, s_dist_04,        s_dist_05, s_dist_06, s_dist_07, s_dist_08,        s_dist_09, s_dist_10     FROM bmsql_stock     WHERE s_w_id = $1 AND s_i_id = $2  FOR UPDATE","parameters: $1 = '1', $2 = '53'",,,,,,,,"","client backend"
2024-06-16 14:31:27.817 CST,"raingage","benchmark",15270,"127.0.0.1:45212",666e86a6.3ba6,113,"UPDATE",2024-06-16 14:31:02 CST,6/9,90638,LOG,00000,"execute S_7: UPDATE bmsql_stock     SET s_quantity = $1, s_ytd = s_ytd + $2,         s_order_cnt = s_order_cnt + 1,         s_remote_cnt = s_remote_cnt + $3     WHERE s_w_id = $4 AND s_i_id = $5","parameters: $1 = '21', $2 = '6', $3 = '0', $4 = '1', $5 = '53'",,,,,,,,"","client backend"
2024-06-16 14:31:27.831 CST,"raingage","benchmark",15270,"127.0.0.1:45212",666e86a6.3ba6,114,"COMMIT",2024-06-16 14:31:02 CST,6/9,90638,LOG,00000,"execute S_2: COMMIT",,,,,,,,,"","client backend"
2024-06-16 14:31:27.850 CST,"raingage","benchmark",15270,"127.0.0.1:45212",666e86a6.3ba6,115,"BEGIN",2024-06-16 14:31:02 CST,6/10,0,LOG,00000,"execute S_3: BEGIN",,,,,,,,,"","client backend"
2024-06-16 14:31:27.865 CST,"raingage","benchmark",15270,"127.0.0.1:45212",666e86a6.3ba6,116,"SELECT",2024-06-16 14:31:02 CST,6/10,0,LOG,00000,"execute S_4: SELECT d_tax, d_next_o_id     FROM bmsql_district     WHERE d_w_id = $1 AND d_id = $2 ","parameters: $1 = '1', $2 = '1'",,,,,,,,"","client backend"
2024-06-16 14:31:27.899 CST,"raingage","benchmark",15271,"127.0.0.1:45214",666e86a7.3ba7,176,"SELECT",2024-06-16 14:31:03 CST,7/14,90639,LOG,00000,"execute S_1: SELECT c_discount, c_last, c_credit, w_tax     FROM bmsql_customer     JOIN bmsql_warehouse ON (w_id = c_w_id)     WHERE c_w_id = $1 AND c_d_id = $2 AND c_id = $3 FOR UPDATE","parameters: $1 = '1', $2 = '1', $3 = '79'",,,,,,,,"","client backend"
2024-06-16 14:31:27.935 CST,"raingage","benchmark",15270,"127.0.0.1:45212",666e86a6.3ba6,117,"SELECT",2024-06-16 14:31:02 CST,6/10,0,LOG,00000,"execute S_1: SELECT c_discount, c_last, c_credit, w_tax     FROM bmsql_customer     JOIN bmsql_warehouse ON (w_id = c_w_id)     WHERE c_w_id = $1 AND c_d_id = $2 AND c_id = $3 FOR UPDATE","parameters: $1 = '1', $2 = '1', $3 = '17'",,,,,,,,"","client backend"
2024-06-16 14:31:27.964 CST,"raingage","benchmark",15271,"127.0.0.1:45214",666e86a7.3ba7,177,"SELECT",2024-06-16 14:31:03 CST,7/14,90639,LOG,00000,"execute S_1: SELECT c_discount, c_last, c_credit, w_tax     FROM bmsql_customer     JOIN bmsql_warehouse ON (w_id = c_w_id)     WHERE c_w_id = $1 AND c_d_id = $2 AND c_id = $3 FOR UPDATE","parameters: $1 = '1', $2 = '1', $3 = '79'",,,,,,,,"","client backend"
2024-06-16 14:31:28.031 CST,"raingage","benchmark",15271,"127.0.0.1:45214",666e86a7.3ba7,178,"SELECT",2024-06-16 14:31:03 CST,7/14,90639,LOG,00000,"execute S_1: SELECT c_discount, c_last, c_credit, w_tax     FROM bmsql_customer     JOIN bmsql_warehouse ON (w_id = c_w_id)     WHERE c_w_id = $1 AND c_d_id = $2 AND c_id = $3 FOR UPDATE","parameters: $1 = '1', $2 = '1', $3 = '79'",,,,,,,,"","client backend"
2024-06-16 14:31:28.099 CST,"raingage","benchmark",15271,"127.0.0.1:45214",666e86a7.3ba7,179,"SELECT",2024-06-16 14:31:03 CST,7/14,90639,LOG,00000,"execute S_1: SELECT c_discount, c_last, c_credit, w_tax     FROM bmsql_customer     JOIN bmsql_warehouse ON (w_id = c_w_id)     WHERE c_w_id = $1 AND c_d_id = $2 AND c_id = $3 FOR UPDATE","parameters: $1 = '1', $2 = '1', $3 = '79'",,,,,,,,"","client backend"
2024-06-16 14:31:28.163 CST,"raingage","benchmark",15271,"127.0.0.1:45214",666e86a7.3ba7,180,"SELECT",2024-06-16 14:31:03 CST,7/14,90639,LOG,00000,"execute S_1: SELECT c_discount, c_last, c_credit, w_tax     FROM bmsql_customer     JOIN bmsql_warehouse ON (w_id = c_w_id)     WHERE c_w_id = $1 AND c_d_id = $2 AND c_id = $3 FOR UPDATE","parameters: $1 = '1', $2 = '1', $3 = '79'",,,,,,,,"","client backend"
2024-06-16 14:31:28.229 CST,"raingage","benchmark",15271,"127.0.0.1:45214",666e86a7.3ba7,181,"SELECT",2024-06-16 14:31:03 CST,7/14,90639,LOG,00000,"execute S_1: SELECT c_discount, c_last, c_credit, w_tax     FROM bmsql_customer     JOIN bmsql_warehouse ON (w_id = c_w_id)     WHERE c_w_id = $1 AND c_d_id = $2 AND c_id = $3 FOR UPDATE","parameters: $1 = '1', $2 = '1', $3 = '79'",,,,,,,,"","client backend"
2024-06-16 14:31:28.297 CST,"raingage","benchmark",15271,"127.0.0.1:45214",666e86a7.3ba7,182,"SELECT",2024-06-16 14:31:03 CST,7/14,90639,LOG,00000,"execute S_1: SELECT c_discount, c_last, c_credit, w_tax     FROM bmsql_customer     JOIN bmsql_warehouse ON (w_id = c_w_id)     WHERE c_w_id = $1 AND c_d_id = $2 AND c_id = $3 FOR UPDATE","parameters: $1 = '1', $2 = '1', $3 = '79'",,,,,,,,"","client backend"
2024-06-16 14:31:28.308 CST,"raingage","benchmark",15271,"127.0.0.1:45214",666e86a7.3ba7,183,"SELECT",2024-06-16 14:31:03 CST,7/14,90639,LOG,00000,"execute S_5: SELECT i_price, i_name, i_data     FROM bmsql_item     WHERE i_id = $1","parameters: $1 = '53'",,,,,,,,"","client backend"
2024-06-16 14:31:28.320 CST,"raingage","benchmark",15271,"127.0.0.1:45214",666e86a7.3ba7,184,"SELECT",2024-06-16 14:31:03 CST,7/14,90639,LOG,00000,"execute S_6: SELECT s_quantity, s_data,        s_dist_01, s_dist_02, s_dist_03, s_dist_04,        s_dist_05, s_dist_06, s_dist_07, s_dist_08,        s_dist_09, s_dist_10     FROM bmsql_stock     WHERE s_w_id = $1 AND s_i_id = $2  FOR UPDATE","parameters: $1 = '1', $2 = '53'",,,,,,,,"","client backend"
2024-06-16 14:31:28.335 CST,"raingage","benchmark",15271,"127.0.0.1:45214",666e86a7.3ba7,185,"UPDATE",2024-06-16 14:31:03 CST,7/14,90639,LOG,00000,"execute S_7: UPDATE bmsql_stock     SET s_quantity = $1, s_ytd = s_ytd + $2,         s_order_cnt = s_order_cnt + 1,         s_remote_cnt = s_remote_cnt + $3     WHERE s_w_id = $4 AND s_i_id = $5","parameters: $1 = '15', $2 = '6', $3 = '0', $4 = '1', $5 = '53'",,,,,,,,"","client backend"
2024-06-16 14:31:28.347 CST,"raingage","benchmark",15271,"127.0.0.1:45214",666e86a7.3ba7,186,"COMMIT",2024-06-16 14:31:03 CST,7/14,90639,LOG,00000,"execute S_2: COMMIT",,,,,,,,,"","client backend"
2024-06-16 14:31:28.367 CST,"raingage","benchmark",15271,"127.0.0.1:45214",666e86a7.3ba7,187,"BEGIN",2024-06-16 14:31:03 CST,7/15,0,LOG,00000,"execute S_3: BEGIN",,,,,,,,,"","client backend"
2024-06-16 14:31:28.385 CST,"raingage","benchmark",15271,"127.0.0.1:45214",666e86a7.3ba7,188,"SELECT",2024-06-16 14:31:03 CST,7/15,0,LOG,00000,"execute S_4: SELECT d_tax, d_next_o_id     FROM bmsql_district     WHERE d_w_id = $1 AND d_id = $2 ","parameters: $1 = '1', $2 = '1'",,,,,,,,"","client backend"
2024-06-16 14:31:28.418 CST,"raingage","benchmark",15270,"127.0.0.1:45212",666e86a6.3ba6,118,"SELECT",2024-06-16 14:31:02 CST,6/10,90640,LOG,00000,"execute S_1: SELECT c_discount, c_last, c_credit, w_tax     FROM bmsql_customer     JOIN bmsql_warehouse ON (w_id = c_w_id)     WHERE c_w_id = $1 AND c_d_id = $2 AND c_id = $3 FOR UPDATE","parameters: $1 = '1', $2 = '1', $3 = '17'",,,,,,,,"","client backend"
2024-06-16 14:31:28.457 CST,"raingage","benchmark",15271,"127.0.0.1:45214",666e86a7.3ba7,189,"SELECT",2024-06-16 14:31:03 CST,7/15,0,LOG,00000,"execute S_1: SELECT c_discount, c_last, c_credit, w_tax     FROM bmsql_customer     JOIN bmsql_warehouse ON (w_id = c_w_id)     WHERE c_w_id = $1 AND c_d_id = $2 AND c_id = $3 FOR UPDATE","parameters: $1 = '1', $2 = '1', $3 = '36'",,,,,,,,"","client backend"
2024-06-16 14:31:28.483 CST,"raingage","benchmark",15270,"127.0.0.1:45212",666e86a6.3ba6,119,"SELECT",2024-06-16 14:31:02 CST,6/10,90640,LOG,00000,"execute S_1: SELECT c_discount, c_last, c_credit, w_tax     FROM bmsql_customer     JOIN bmsql_warehouse ON (w_id = c_w_id)     WHERE c_w_id = $1 AND c_d_id = $2 AND c_id = $3 FOR UPDATE","parameters: $1 = '1', $2 = '1', $3 = '17'",,,,,,,,"","client backend"
2024-06-16 14:31:28.551 CST,"raingage","benchmark",15270,"127.0.0.1:45212",666e86a6.3ba6,120,"SELECT",2024-06-16 14:31:02 CST,6/10,90640,LOG,00000,"execute S_1: SELECT c_discount, c_last, c_credit, w_tax     FROM bmsql_customer     JOIN bmsql_warehouse ON (w_id = c_w_id)     WHERE c_w_id = $1 AND c_d_id = $2 AND c_id = $3 FOR UPDATE","parameters: $1 = '1', $2 = '1', $3 = '17'",,,,,,,,"","client backend"
2024-06-16 14:31:28.623 CST,"raingage","benchmark",15270,"127.0.0.1:45212",666e86a6.3ba6,121,"SELECT",2024-06-16 14:31:02 CST,6/10,90640,LOG,00000,"execute S_1: SELECT c_discount, c_last, c_credit, w_tax     FROM bmsql_customer     JOIN bmsql_warehouse ON (w_id = c_w_id)     WHERE c_w_id = $1 AND c_d_id = $2 AND c_id = $3 FOR UPDATE","parameters: $1 = '1', $2 = '1', $3 = '17'",,,,,,,,"","client backend"
2024-06-16 14:31:28.689 CST,"raingage","benchmark",15270,"127.0.0.1:45212",666e86a6.3ba6,122,"SELECT",2024-06-16 14:31:02 CST,6/10,90640,LOG,00000,"execute S_1: SELECT c_discount, c_last, c_credit, w_tax     FROM bmsql_customer     JOIN bmsql_warehouse ON (w_id = c_w_id)     WHERE c_w_id = $1 AND c_d_id = $2 AND c_id = $3 FOR UPDATE","parameters: $1 = '1', $2 = '1', $3 = '17'",,,,,,,,"","client backend"
2024-06-16 14:31:28.762 CST,"raingage","benchmark",15270,"127.0.0.1:45212",666e86a6.3ba6,123,"SELECT",2024-06-16 14:31:02 CST,6/10,90640,LOG,00000,"execute S_1: SELECT c_discount, c_last, c_credit, w_tax     FROM bmsql_customer     JOIN bmsql_warehouse ON (w_id = c_w_id)     WHERE c_w_id = $1 AND c_d_id = $2 AND c_id = $3 FOR UPDATE","parameters: $1 = '1', $2 = '1', $3 = '17'",,,,,,,,"","client backend"
2024-06-16 14:31:28.790 CST,"raingage","benchmark",15272,"127.0.0.1:45216",666e86a7.3ba8,71,"BEGIN",2024-06-16 14:31:03 CST,8/7,0,LOG,00000,"execute S_3: BEGIN",,,,,,,,,"","client backend"
2024-06-16 14:31:28.804 CST,"raingage","benchmark",15272,"127.0.0.1:45216",666e86a7.3ba8,72,"SELECT",2024-06-16 14:31:03 CST,8/7,0,LOG,00000,"execute S_4: SELECT d_tax, d_next_o_id     FROM bmsql_district     WHERE d_w_id = $1 AND d_id = $2 ","parameters: $1 = '1', $2 = '1'",,,,,,,,"","client backend"
2024-06-16 14:31:28.832 CST,"raingage","benchmark",15270,"127.0.0.1:45212",666e86a6.3ba6,124,"SELECT",2024-06-16 14:31:02 CST,6/10,90640,LOG,00000,"execute S_1: SELECT c_discount, c_last, c_credit, w_tax     FROM bmsql_customer     JOIN bmsql_warehouse ON (w_id = c_w_id)     WHERE c_w_id = $1 AND c_d_id = $2 AND c_id = $3 FOR UPDATE","parameters: $1 = '1', $2 = '1', $3 = '17'",,,,,,,,"","client backend"
2024-06-16 14:31:28.847 CST,"raingage","benchmark",15270,"127.0.0.1:45212",666e86a6.3ba6,125,"SELECT",2024-06-16 14:31:02 CST,6/10,90640,LOG,00000,"execute S_5: SELECT i_price, i_name, i_data     FROM bmsql_item     WHERE i_id = $1","parameters: $1 = '18'",,,,,,,,"","client backend"
2024-06-16 14:31:28.869 CST,"raingage","benchmark",15270,"127.0.0.1:45212",666e86a6.3ba6,126,"SELECT",2024-06-16 14:31:02 CST,6/10,90640,LOG,00000,"execute S_6: SELECT s_quantity, s_data,        s_dist_01, s_dist_02, s_dist_03, s_dist_04,        s_dist_05, s_dist_06, s_dist_07, s_dist_08,        s_dist_09, s_dist_10     FROM bmsql_stock     WHERE s_w_id = $1 AND s_i_id = $2  FOR UPDATE","parameters: $1 = '1', $2 = '18'",,,,,,,,"","client backend"
2024-06-16 14:31:28.875 CST,"raingage","benchmark",15272,"127.0.0.1:45216",666e86a7.3ba8,73,"SELECT",2024-06-16 14:31:03 CST,8/7,0,LOG,00000,"execute S_1: SELECT c_discount, c_last, c_credit, w_tax     FROM bmsql_customer     JOIN bmsql_warehouse ON (w_id = c_w_id)     WHERE c_w_id = $1 AND c_d_id = $2 AND c_id = $3 FOR UPDATE","parameters: $1 = '1', $2 = '1', $3 = '63'",,,,,,,,"","client backend"
2024-06-16 14:31:28.883 CST,"raingage","benchmark",15270,"127.0.0.1:45212",666e86a6.3ba6,127,"UPDATE",2024-06-16 14:31:02 CST,6/10,90640,LOG,00000,"execute S_7: UPDATE bmsql_stock     SET s_quantity = $1, s_ytd = s_ytd + $2,         s_order_cnt = s_order_cnt + 1,         s_remote_cnt = s_remote_cnt + $3     WHERE s_w_id = $4 AND s_i_id = $5","parameters: $1 = '69', $2 = '2', $3 = '0', $4 = '1', $5 = '18'",,,,,,,,"","client backend"
2024-06-16 14:31:28.898 CST,"raingage","benchmark",15270,"127.0.0.1:45212",666e86a6.3ba6,128,"COMMIT",2024-06-16 14:31:02 CST,6/10,90640,LOG,00000,"execute S_2: COMMIT",,,,,,,,,"","client backend"
2024-06-16 14:31:28.919 CST,"raingage","benchmark",15270,"127.0.0.1:45212",666e86a6.3ba6,129,"BEGIN",2024-06-16 14:31:02 CST,6/11,0,LOG,00000,"execute S_3: BEGIN",,,,,,,,,"","client backend"
2024-06-16 14:31:28.932 CST,"raingage","benchmark",15270,"127.0.0.1:45212",666e86a6.3ba6,130,"SELECT",2024-06-16 14:31:02 CST,6/11,0,LOG,00000,"execute S_4: SELECT d_tax, d_next_o_id     FROM bmsql_district     WHERE d_w_id = $1 AND d_id = $2 ","parameters: $1 = '1', $2 = '1'",,,,,,,,"","client backend"
2024-06-16 14:31:28.971 CST,"raingage","benchmark",15271,"127.0.0.1:45214",666e86a7.3ba7,190,"SELECT",2024-06-16 14:31:03 CST,7/15,90641,LOG,00000,"execute S_1: SELECT c_discount, c_last, c_credit, w_tax     FROM bmsql_customer     JOIN bmsql_warehouse ON (w_id = c_w_id)     WHERE c_w_id = $1 AND c_d_id = $2 AND c_id = $3 FOR UPDATE","parameters: $1 = '1', $2 = '1', $3 = '36'",,,,,,,,"","client backend"
2024-06-16 14:31:29.003 CST,"raingage","benchmark",15270,"127.0.0.1:45212",666e86a6.3ba6,131,"SELECT",2024-06-16 14:31:02 CST,6/11,0,LOG,00000,"execute S_1: SELECT c_discount, c_last, c_credit, w_tax     FROM bmsql_customer     JOIN bmsql_warehouse ON (w_id = c_w_id)     WHERE c_w_id = $1 AND c_d_id = $2 AND c_id = $3 FOR UPDATE","parameters: $1 = '1', $2 = '1', $3 = '84'",,,,,,,,"","client backend"
2024-06-16 14:31:29.045 CST,"raingage","benchmark",15271,"127.0.0.1:45214",666e86a7.3ba7,191,"SELECT",2024-06-16 14:31:03 CST,7/15,90641,LOG,00000,"execute S_1: SELECT c_discount, c_last, c_credit, w_tax     FROM bmsql_customer     JOIN bmsql_warehouse ON (w_id = c_w_id)     WHERE c_w_id = $1 AND c_d_id = $2 AND c_id = $3 FOR UPDATE","parameters: $1 = '1', $2 = '1', $3 = '36'",,,,,,,,"","client backend"
2024-06-16 14:31:29.116 CST,"raingage","benchmark",15271,"127.0.0.1:45214",666e86a7.3ba7,192,"SELECT",2024-06-16 14:31:03 CST,7/15,90641,LOG,00000,"execute S_1: SELECT c_discount, c_last, c_credit, w_tax     FROM bmsql_customer     JOIN bmsql_warehouse ON (w_id = c_w_id)     WHERE c_w_id = $1 AND c_d_id = $2 AND c_id = $3 FOR UPDATE","parameters: $1 = '1', $2 = '1', $3 = '36'",,,,,,,,"","client backend"
2024-06-16 14:31:29.182 CST,"raingage","benchmark",15271,"127.0.0.1:45214",666e86a7.3ba7,193,"SELECT",2024-06-16 14:31:03 CST,7/15,90641,LOG,00000,"execute S_1: SELECT c_discount, c_last, c_credit, w_tax     FROM bmsql_customer     JOIN bmsql_warehouse ON (w_id = c_w_id)     WHERE c_w_id = $1 AND c_d_id = $2 AND c_id = $3 FOR UPDATE","parameters: $1 = '1', $2 = '1', $3 = '36'",,,,,,,,"","client backend"
2024-06-16 14:31:29.251 CST,"raingage","benchmark",15271,"127.0.0.1:45214",666e86a7.3ba7,194,"SELECT",2024-06-16 14:31:03 CST,7/15,90641,LOG,00000,"execute S_1: SELECT c_discount, c_last, c_credit, w_tax     FROM bmsql_customer     JOIN bmsql_warehouse ON (w_id = c_w_id)     WHERE c_w_id = $1 AND c_d_id = $2 AND c_id = $3 FOR UPDATE","parameters: $1 = '1', $2 = '1', $3 = '36'",,,,,,,,"","client backend"
2024-06-16 14:31:29.316 CST,"raingage","benchmark",15271,"127.0.0.1:45214",666e86a7.3ba7,195,"SELECT",2024-06-16 14:31:03 CST,7/15,90641,LOG,00000,"execute S_1: SELECT c_discount, c_last, c_credit, w_tax     FROM bmsql_customer     JOIN bmsql_warehouse ON (w_id = c_w_id)     WHERE c_w_id = $1 AND c_d_id = $2 AND c_id = $3 FOR UPDATE","parameters: $1 = '1', $2 = '1', $3 = '36'",,,,,,,,"","client backend"
2024-06-16 14:31:29.380 CST,"raingage","benchmark",15271,"127.0.0.1:45214",666e86a7.3ba7,196,"SELECT",2024-06-16 14:31:03 CST,7/15,90641,LOG,00000,"execute S_1: SELECT c_discount, c_last, c_credit, w_tax     FROM bmsql_customer     JOIN bmsql_warehouse ON (w_id = c_w_id)     WHERE c_w_id = $1 AND c_d_id = $2 AND c_id = $3 FOR UPDATE","parameters: $1 = '1', $2 = '1', $3 = '36'",,,,,,,,"","client backend"
2024-06-16 14:31:29.393 CST,"raingage","benchmark",15271,"127.0.0.1:45214",666e86a7.3ba7,197,"SELECT",2024-06-16 14:31:03 CST,7/15,90641,LOG,00000,"execute S_5: SELECT i_price, i_name, i_data     FROM bmsql_item     WHERE i_id = $1","parameters: $1 = '12'",,,,,,,,"","client backend"
2024-06-16 14:31:29.411 CST,"raingage","benchmark",15271,"127.0.0.1:45214",666e86a7.3ba7,198,"SELECT",2024-06-16 14:31:03 CST,7/15,90641,LOG,00000,"execute S_6: SELECT s_quantity, s_data,        s_dist_01, s_dist_02, s_dist_03, s_dist_04,        s_dist_05, s_dist_06, s_dist_07, s_dist_08,        s_dist_09, s_dist_10     FROM bmsql_stock     WHERE s_w_id = $1 AND s_i_id = $2  FOR UPDATE","parameters: $1 = '1', $2 = '12'",,,,,,,,"","client backend"
2024-06-16 14:31:29.426 CST,"raingage","benchmark",15271,"127.0.0.1:45214",666e86a7.3ba7,199,"UPDATE",2024-06-16 14:31:03 CST,7/15,90641,LOG,00000,"execute S_7: UPDATE bmsql_stock     SET s_quantity = $1, s_ytd = s_ytd + $2,         s_order_cnt = s_order_cnt + 1,         s_remote_cnt = s_remote_cnt + $3     WHERE s_w_id = $4 AND s_i_id = $5","parameters: $1 = '21', $2 = '2', $3 = '0', $4 = '1', $5 = '12'",,,,,,,,"","client backend"
2024-06-16 14:31:29.439 CST,"raingage","benchmark",15271,"127.0.0.1:45214",666e86a7.3ba7,200,"COMMIT",2024-06-16 14:31:03 CST,7/15,90641,LOG,00000,"execute S_2: COMMIT",,,,,,,,,"","client backend"
2024-06-16 14:31:29.457 CST,"raingage","benchmark",15271,"127.0.0.1:45214",666e86a7.3ba7,201,"BEGIN",2024-06-16 14:31:03 CST,7/16,0,LOG,00000,"execute S_3: BEGIN",,,,,,,,,"","client backend"
2024-06-16 14:31:29.476 CST,"raingage","benchmark",15271,"127.0.0.1:45214",666e86a7.3ba7,202,"SELECT",2024-06-16 14:31:03 CST,7/16,0,LOG,00000,"execute S_4: SELECT d_tax, d_next_o_id     FROM bmsql_district     WHERE d_w_id = $1 AND d_id = $2 ","parameters: $1 = '1', $2 = '1'",,,,,,,,"","client backend"
2024-06-16 14:31:29.507 CST,"raingage","benchmark",15272,"127.0.0.1:45216",666e86a7.3ba8,74,"SELECT",2024-06-16 14:31:03 CST,8/7,90642,LOG,00000,"execute S_1: SELECT c_discount, c_last, c_credit, w_tax     FROM bmsql_customer     JOIN bmsql_warehouse ON (w_id = c_w_id)     WHERE c_w_id = $1 AND c_d_id = $2 AND c_id = $3 FOR UPDATE","parameters: $1 = '1', $2 = '1', $3 = '63'",,,,,,,,"","client backend"
2024-06-16 14:31:29.540 CST,"raingage","benchmark",15271,"127.0.0.1:45214",666e86a7.3ba7,203,"SELECT",2024-06-16 14:31:03 CST,7/16,0,LOG,00000,"execute S_1: SELECT c_discount, c_last, c_credit, w_tax     FROM bmsql_customer     JOIN bmsql_warehouse ON (w_id = c_w_id)     WHERE c_w_id = $1 AND c_d_id = $2 AND c_id = $3 FOR UPDATE","parameters: $1 = '1', $2 = '1', $3 = '84'",,,,,,,,"","client backend"
2024-06-16 14:31:29.572 CST,"raingage","benchmark",15272,"127.0.0.1:45216",666e86a7.3ba8,75,"SELECT",2024-06-16 14:31:03 CST,8/7,90642,LOG,00000,"execute S_1: SELECT c_discount, c_last, c_credit, w_tax     FROM bmsql_customer     JOIN bmsql_warehouse ON (w_id = c_w_id)     WHERE c_w_id = $1 AND c_d_id = $2 AND c_id = $3 FOR UPDATE","parameters: $1 = '1', $2 = '1', $3 = '63'",,,,,,,,"","client backend"
2024-06-16 14:31:29.636 CST,"raingage","benchmark",15272,"127.0.0.1:45216",666e86a7.3ba8,76,"SELECT",2024-06-16 14:31:03 CST,8/7,90642,LOG,00000,"execute S_1: SELECT c_discount, c_last, c_credit, w_tax     FROM bmsql_customer     JOIN bmsql_warehouse ON (w_id = c_w_id)     WHERE c_w_id = $1 AND c_d_id = $2 AND c_id = $3 FOR UPDATE","parameters: $1 = '1', $2 = '1', $3 = '63'",,,,,,,,"","client backend"
2024-06-16 14:31:29.704 CST,"raingage","benchmark",15272,"127.0.0.1:45216",666e86a7.3ba8,77,"SELECT",2024-06-16 14:31:03 CST,8/7,90642,LOG,00000,"execute S_1: SELECT c_discount, c_last, c_credit, w_tax     FROM bmsql_customer     JOIN bmsql_warehouse ON (w_id = c_w_id)     WHERE c_w_id = $1 AND c_d_id = $2 AND c_id = $3 FOR UPDATE","parameters: $1 = '1', $2 = '1', $3 = '63'",,,,,,,,"","client backend"
2024-06-16 14:31:29.766 CST,"raingage","benchmark",15272,"127.0.0.1:45216",666e86a7.3ba8,78,"SELECT",2024-06-16 14:31:03 CST,8/7,90642,LOG,00000,"execute S_1: SELECT c_discount, c_last, c_credit, w_tax     FROM bmsql_customer     JOIN bmsql_warehouse ON (w_id = c_w_id)     WHERE c_w_id = $1 AND c_d_id = $2 AND c_id = $3 FOR UPDATE","parameters: $1 = '1', $2 = '1', $3 = '63'",,,,,,,,"","client backend"
2024-06-16 14:31:29.831 CST,"raingage","benchmark",15272,"127.0.0.1:45216",666e86a7.3ba8,79,"SELECT",2024-06-16 14:31:03 CST,8/7,90642,LOG,00000,"execute S_1: SELECT c_discount, c_last, c_credit, w_tax     FROM bmsql_customer     JOIN bmsql_warehouse ON (w_id = c_w_id)     WHERE c_w_id = $1 AND c_d_id = $2 AND c_id = $3 FOR UPDATE","parameters: $1 = '1', $2 = '1', $3 = '63'",,,,,,,,"","client backend"
2024-06-16 14:31:29.894 CST,"raingage","benchmark",15272,"127.0.0.1:45216",666e86a7.3ba8,80,"SELECT",2024-06-16 14:31:03 CST,8/7,90642,LOG,00000,"execute S_1: SELECT c_discount, c_last, c_credit, w_tax     FROM bmsql_customer     JOIN bmsql_warehouse ON (w_id = c_w_id)     WHERE c_w_id = $1 AND c_d_id = $2 AND c_id = $3 FOR UPDATE","parameters: $1 = '1', $2 = '1', $3 = '63'",,,,,,,,"","client backend"
2024-06-16 14:31:29.902 CST,"raingage","benchmark",15272,"127.0.0.1:45216",666e86a7.3ba8,81,"SELECT",2024-06-16 14:31:03 CST,8/7,90642,LOG,00000,"execute S_5: SELECT i_price, i_name, i_data     FROM bmsql_item     WHERE i_id = $1","parameters: $1 = '92'",,,,,,,,"","client backend"
2024-06-16 14:31:29.917 CST,"raingage","benchmark",15272,"127.0.0.1:45216",666e86a7.3ba8,82,"SELECT",2024-06-16 14:31:03 CST,8/7,90642,LOG,00000,"execute S_6: SELECT s_quantity, s_data,        s_dist_01, s_dist_02, s_dist_03, s_dist_04,        s_dist_05, s_dist_06, s_dist_07, s_dist_08,        s_dist_09, s_dist_10     FROM bmsql_stock     WHERE s_w_id = $1 AND s_i_id = $2  FOR UPDATE","parameters: $1 = '1', $2 = '92'",,,,,,,,"","client backend"
2024-06-16 14:31:29.937 CST,"raingage","benchmark",15272,"127.0.0.1:45216",666e86a7.3ba8,83,"UPDATE",2024-06-16 14:31:03 CST,8/7,90642,LOG,00000,"execute S_7: UPDATE bmsql_stock     SET s_quantity = $1, s_ytd = s_ytd + $2,         s_order_cnt = s_order_cnt + 1,         s_remote_cnt = s_remote_cnt + $3     WHERE s_w_id = $4 AND s_i_id = $5","parameters: $1 = '68', $2 = '2', $3 = '0', $4 = '1', $5 = '92'",,,,,,,,"","client backend"
2024-06-16 14:31:29.956 CST,"raingage","benchmark",15272,"127.0.0.1:45216",666e86a7.3ba8,84,"COMMIT",2024-06-16 14:31:03 CST,8/7,90642,LOG,00000,"execute S_2: COMMIT",,,,,,,,,"","client backend"
2024-06-16 14:31:29.969 CST,"raingage","benchmark",15272,"127.0.0.1:45216",666e86a7.3ba8,85,"BEGIN",2024-06-16 14:31:03 CST,8/8,0,LOG,00000,"execute S_3: BEGIN",,,,,,,,,"","client backend"
2024-06-16 14:31:29.988 CST,"raingage","benchmark",15272,"127.0.0.1:45216",666e86a7.3ba8,86,"SELECT",2024-06-16 14:31:03 CST,8/8,0,LOG,00000,"execute S_4: SELECT d_tax, d_next_o_id     FROM bmsql_district     WHERE d_w_id = $1 AND d_id = $2 ","parameters: $1 = '1', $2 = '1'",,,,,,,,"","client backend"
2024-06-16 14:31:30.027 CST,"raingage","benchmark",15270,"127.0.0.1:45212",666e86a6.3ba6,132,"SELECT",2024-06-16 14:31:02 CST,6/11,90643,LOG,00000,"execute S_1: SELECT c_discount, c_last, c_credit, w_tax     FROM bmsql_customer     JOIN bmsql_warehouse ON (w_id = c_w_id)     WHERE c_w_id = $1 AND c_d_id = $2 AND c_id = $3 FOR UPDATE","parameters: $1 = '1', $2 = '1', $3 = '84'",,,,,,,,"","client backend"
2024-06-16 14:31:30.059 CST,"raingage","benchmark",15272,"127.0.0.1:45216",666e86a7.3ba8,87,"SELECT",2024-06-16 14:31:03 CST,8/8,0,LOG,00000,"execute S_1: SELECT c_discount, c_last, c_credit, w_tax     FROM bmsql_customer     JOIN bmsql_warehouse ON (w_id = c_w_id)     WHERE c_w_id = $1 AND c_d_id = $2 AND c_id = $3 FOR UPDATE","parameters: $1 = '1', $2 = '1', $3 = '90'",,,,,,,,"","client backend"
2024-06-16 14:31:30.095 CST,"raingage","benchmark",15270,"127.0.0.1:45212",666e86a6.3ba6,133,"SELECT",2024-06-16 14:31:02 CST,6/11,90643,LOG,00000,"execute S_1: SELECT c_discount, c_last, c_credit, w_tax     FROM bmsql_customer     JOIN bmsql_warehouse ON (w_id = c_w_id)     WHERE c_w_id = $1 AND c_d_id = $2 AND c_id = $3 FOR UPDATE","parameters: $1 = '1', $2 = '1', $3 = '84'",,,,,,,,"","client backend"
2024-06-16 14:31:30.166 CST,"raingage","benchmark",15270,"127.0.0.1:45212",666e86a6.3ba6,134,"SELECT",2024-06-16 14:31:02 CST,6/11,90643,LOG,00000,"execute S_1: SELECT c_discount, c_last, c_credit, w_tax     FROM bmsql_customer     JOIN bmsql_warehouse ON (w_id = c_w_id)     WHERE c_w_id = $1 AND c_d_id = $2 AND c_id = $3 FOR UPDATE","parameters: $1 = '1', $2 = '1', $3 = '84'",,,,,,,,"","client backend"
2024-06-16 14:31:30.231 CST,"raingage","benchmark",15270,"127.0.0.1:45212",666e86a6.3ba6,135,"SELECT",2024-06-16 14:31:02 CST,6/11,90643,LOG,00000,"execute S_1: SELECT c_discount, c_last, c_credit, w_tax     FROM bmsql_customer     JOIN bmsql_warehouse ON (w_id = c_w_id)     WHERE c_w_id = $1 AND c_d_id = $2 AND c_id = $3 FOR UPDATE","parameters: $1 = '1', $2 = '1', $3 = '84'",,,,,,,,"","client backend"
2024-06-16 14:31:30.294 CST,"raingage","benchmark",15270,"127.0.0.1:45212",666e86a6.3ba6,136,"SELECT",2024-06-16 14:31:02 CST,6/11,90643,LOG,00000,"execute S_1: SELECT c_discount, c_last, c_credit, w_tax     FROM bmsql_customer     JOIN bmsql_warehouse ON (w_id = c_w_id)     WHERE c_w_id = $1 AND c_d_id = $2 AND c_id = $3 FOR UPDATE","parameters: $1 = '1', $2 = '1', $3 = '84'",,,,,,,,"","client backend"
2024-06-16 14:31:30.357 CST,"raingage","benchmark",15270,"127.0.0.1:45212",666e86a6.3ba6,137,"SELECT",2024-06-16 14:31:02 CST,6/11,90643,LOG,00000,"execute S_1: SELECT c_discount, c_last, c_credit, w_tax     FROM bmsql_customer     JOIN bmsql_warehouse ON (w_id = c_w_id)     WHERE c_w_id = $1 AND c_d_id = $2 AND c_id = $3 FOR UPDATE","parameters: $1 = '1', $2 = '1', $3 = '84'",,,,,,,,"","client backend"
2024-06-16 14:31:30.430 CST,"raingage","benchmark",15270,"127.0.0.1:45212",666e86a6.3ba6,138,"SELECT",2024-06-16 14:31:02 CST,6/11,90643,LOG,00000,"execute S_1: SELECT c_discount, c_last, c_credit, w_tax     FROM bmsql_customer     JOIN bmsql_warehouse ON (w_id = c_w_id)     WHERE c_w_id = $1 AND c_d_id = $2 AND c_id = $3 FOR UPDATE","parameters: $1 = '1', $2 = '1', $3 = '84'",,,,,,,,"","client backend"
2024-06-16 14:31:30.441 CST,"raingage","benchmark",15270,"127.0.0.1:45212",666e86a6.3ba6,139,"SELECT",2024-06-16 14:31:02 CST,6/11,90643,LOG,00000,"execute S_5: SELECT i_price, i_name, i_data     FROM bmsql_item     WHERE i_id = $1","parameters: $1 = '75'",,,,,,,,"","client backend"
2024-06-16 14:31:30.457 CST,"raingage","benchmark",15270,"127.0.0.1:45212",666e86a6.3ba6,140,"SELECT",2024-06-16 14:31:02 CST,6/11,90643,LOG,00000,"execute S_6: SELECT s_quantity, s_data,        s_dist_01, s_dist_02, s_dist_03, s_dist_04,        s_dist_05, s_dist_06, s_dist_07, s_dist_08,        s_dist_09, s_dist_10     FROM bmsql_stock     WHERE s_w_id = $1 AND s_i_id = $2  FOR UPDATE","parameters: $1 = '1', $2 = '75'",,,,,,,,"","client backend"
2024-06-16 14:31:30.473 CST,"raingage","benchmark",15270,"127.0.0.1:45212",666e86a6.3ba6,141,"UPDATE",2024-06-16 14:31:02 CST,6/11,90643,LOG,00000,"execute S_7: UPDATE bmsql_stock     SET s_quantity = $1, s_ytd = s_ytd + $2,         s_order_cnt = s_order_cnt + 1,         s_remote_cnt = s_remote_cnt + $3     WHERE s_w_id = $4 AND s_i_id = $5","parameters: $1 = '78', $2 = '2', $3 = '0', $4 = '1', $5 = '75'",,,,,,,,"","client backend"
2024-06-16 14:31:30.488 CST,"raingage","benchmark",15270,"127.0.0.1:45212",666e86a6.3ba6,142,"COMMIT",2024-06-16 14:31:02 CST,6/11,90643,LOG,00000,"execute S_2: COMMIT",,,,,,,,,"","client backend"
2024-06-16 14:31:30.516 CST,"raingage","benchmark",15270,"127.0.0.1:45212",666e86a6.3ba6,143,"BEGIN",2024-06-16 14:31:02 CST,6/12,0,LOG,00000,"execute S_3: BEGIN",,,,,,,,,"","client backend"
2024-06-16 14:31:30.532 CST,"raingage","benchmark",15270,"127.0.0.1:45212",666e86a6.3ba6,144,"SELECT",2024-06-16 14:31:02 CST,6/12,0,LOG,00000,"execute S_4: SELECT d_tax, d_next_o_id     FROM bmsql_district     WHERE d_w_id = $1 AND d_id = $2 ","parameters: $1 = '1', $2 = '1'",,,,,,,,"","client backend"
2024-06-16 14:31:30.557 CST,"raingage","benchmark",15272,"127.0.0.1:45216",666e86a7.3ba8,88,"SELECT",2024-06-16 14:31:03 CST,8/8,90644,LOG,00000,"execute S_1: SELECT c_discount, c_last, c_credit, w_tax     FROM bmsql_customer     JOIN bmsql_warehouse ON (w_id = c_w_id)     WHERE c_w_id = $1 AND c_d_id = $2 AND c_id = $3 FOR UPDATE","parameters: $1 = '1', $2 = '1', $3 = '90'",,,,,,,,"","client backend"
2024-06-16 14:31:30.601 CST,"raingage","benchmark",15270,"127.0.0.1:45212",666e86a6.3ba6,145,"SELECT",2024-06-16 14:31:02 CST,6/12,0,LOG,00000,"execute S_1: SELECT c_discount, c_last, c_credit, w_tax     FROM bmsql_customer     JOIN bmsql_warehouse ON (w_id = c_w_id)     WHERE c_w_id = $1 AND c_d_id = $2 AND c_id = $3 FOR UPDATE","parameters: $1 = '1', $2 = '1', $3 = '10'",,,,,,,,"","client backend"
2024-06-16 14:31:30.621 CST,"raingage","benchmark",15272,"127.0.0.1:45216",666e86a7.3ba8,89,"SELECT",2024-06-16 14:31:03 CST,8/8,90644,LOG,00000,"execute S_1: SELECT c_discount, c_last, c_credit, w_tax     FROM bmsql_customer     JOIN bmsql_warehouse ON (w_id = c_w_id)     WHERE c_w_id = $1 AND c_d_id = $2 AND c_id = $3 FOR UPDATE","parameters: $1 = '1', $2 = '1', $3 = '90'",,,,,,,,"","client backend"
2024-06-16 14:31:30.691 CST,"raingage","benchmark",15272,"127.0.0.1:45216",666e86a7.3ba8,90,"SELECT",2024-06-16 14:31:03 CST,8/8,90644,LOG,00000,"execute S_1: SELECT c_discount, c_last, c_credit, w_tax     FROM bmsql_customer     JOIN bmsql_warehouse ON (w_id = c_w_id)     WHERE c_w_id = $1 AND c_d_id = $2 AND c_id = $3 FOR UPDATE","parameters: $1 = '1', $2 = '1', $3 = '90'",,,,,,,,"","client backend"
2024-06-16 14:31:30.761 CST,"raingage","benchmark",15272,"127.0.0.1:45216",666e86a7.3ba8,91,"SELECT",2024-06-16 14:31:03 CST,8/8,90644,LOG,00000,"execute S_1: SELECT c_discount, c_last, c_credit, w_tax     FROM bmsql_customer     JOIN bmsql_warehouse ON (w_id = c_w_id)     WHERE c_w_id = $1 AND c_d_id = $2 AND c_id = $3 FOR UPDATE","parameters: $1 = '1', $2 = '1', $3 = '90'",,,,,,,,"","client backend"
2024-06-16 14:31:30.825 CST,"raingage","benchmark",15272,"127.0.0.1:45216",666e86a7.3ba8,92,"SELECT",2024-06-16 14:31:03 CST,8/8,90644,LOG,00000,"execute S_1: SELECT c_discount, c_last, c_credit, w_tax     FROM bmsql_customer     JOIN bmsql_warehouse ON (w_id = c_w_id)     WHERE c_w_id = $1 AND c_d_id = $2 AND c_id = $3 FOR UPDATE","parameters: $1 = '1', $2 = '1', $3 = '90'",,,,,,,,"","client backend"
2024-06-16 14:31:30.889 CST,"raingage","benchmark",15272,"127.0.0.1:45216",666e86a7.3ba8,93,"SELECT",2024-06-16 14:31:03 CST,8/8,90644,LOG,00000,"execute S_1: SELECT c_discount, c_last, c_credit, w_tax     FROM bmsql_customer     JOIN bmsql_warehouse ON (w_id = c_w_id)     WHERE c_w_id = $1 AND c_d_id = $2 AND c_id = $3 FOR UPDATE","parameters: $1 = '1', $2 = '1', $3 = '90'",,,,,,,,"","client backend"
2024-06-16 14:31:30.953 CST,"raingage","benchmark",15272,"127.0.0.1:45216",666e86a7.3ba8,94,"SELECT",2024-06-16 14:31:03 CST,8/8,90644,LOG,00000,"execute S_1: SELECT c_discount, c_last, c_credit, w_tax     FROM bmsql_customer     JOIN bmsql_warehouse ON (w_id = c_w_id)     WHERE c_w_id = $1 AND c_d_id = $2 AND c_id = $3 FOR UPDATE","parameters: $1 = '1', $2 = '1', $3 = '90'",,,,,,,,"","client backend"
2024-06-16 14:31:30.965 CST,"raingage","benchmark",15272,"127.0.0.1:45216",666e86a7.3ba8,95,"SELECT",2024-06-16 14:31:03 CST,8/8,90644,LOG,00000,"execute S_5: SELECT i_price, i_name, i_data     FROM bmsql_item     WHERE i_id = $1","parameters: $1 = '56'",,,,,,,,"","client backend"
2024-06-16 14:31:30.978 CST,"raingage","benchmark",15272,"127.0.0.1:45216",666e86a7.3ba8,96,"SELECT",2024-06-16 14:31:03 CST,8/8,90644,LOG,00000,"execute S_6: SELECT s_quantity, s_data,        s_dist_01, s_dist_02, s_dist_03, s_dist_04,        s_dist_05, s_dist_06, s_dist_07, s_dist_08,        s_dist_09, s_dist_10     FROM bmsql_stock     WHERE s_w_id = $1 AND s_i_id = $2  FOR UPDATE","parameters: $1 = '1', $2 = '56'",,,,,,,,"","client backend"
2024-06-16 14:31:30.996 CST,"raingage","benchmark",15272,"127.0.0.1:45216",666e86a7.3ba8,97,"UPDATE",2024-06-16 14:31:03 CST,8/8,90644,LOG,00000,"execute S_7: UPDATE bmsql_stock     SET s_quantity = $1, s_ytd = s_ytd + $2,         s_order_cnt = s_order_cnt + 1,         s_remote_cnt = s_remote_cnt + $3     WHERE s_w_id = $4 AND s_i_id = $5","parameters: $1 = '67', $2 = '4', $3 = '0', $4 = '1', $5 = '56'",,,,,,,,"","client backend"
2024-06-16 14:31:31.012 CST,"raingage","benchmark",15272,"127.0.0.1:45216",666e86a7.3ba8,98,"COMMIT",2024-06-16 14:31:03 CST,8/8,90644,LOG,00000,"execute S_2: COMMIT",,,,,,,,,"","client backend"
2024-06-16 14:31:31.082 CST,"raingage","benchmark",15271,"127.0.0.1:45214",666e86a7.3ba7,204,"SELECT",2024-06-16 14:31:03 CST,7/16,90645,LOG,00000,"execute S_1: SELECT c_discount, c_last, c_credit, w_tax     FROM bmsql_customer     JOIN bmsql_warehouse ON (w_id = c_w_id)     WHERE c_w_id = $1 AND c_d_id = $2 AND c_id = $3 FOR UPDATE","parameters: $1 = '1', $2 = '1', $3 = '84'",,,,,,,,"","client backend"
2024-06-16 14:31:31.153 CST,"raingage","benchmark",15271,"127.0.0.1:45214",666e86a7.3ba7,205,"SELECT",2024-06-16 14:31:03 CST,7/16,90645,LOG,00000,"execute S_1: SELECT c_discount, c_last, c_credit, w_tax     FROM bmsql_customer     JOIN bmsql_warehouse ON (w_id = c_w_id)     WHERE c_w_id = $1 AND c_d_id = $2 AND c_id = $3 FOR UPDATE","parameters: $1 = '1', $2 = '1', $3 = '84'",,,,,,,,"","client backend"
2024-06-16 14:31:31.216 CST,"raingage","benchmark",15271,"127.0.0.1:45214",666e86a7.3ba7,206,"SELECT",2024-06-16 14:31:03 CST,7/16,90645,LOG,00000,"execute S_1: SELECT c_discount, c_last, c_credit, w_tax     FROM bmsql_customer     JOIN bmsql_warehouse ON (w_id = c_w_id)     WHERE c_w_id = $1 AND c_d_id = $2 AND c_id = $3 FOR UPDATE","parameters: $1 = '1', $2 = '1', $3 = '84'",,,,,,,,"","client backend"
2024-06-16 14:31:31.288 CST,"raingage","benchmark",15271,"127.0.0.1:45214",666e86a7.3ba7,207,"SELECT",2024-06-16 14:31:03 CST,7/16,90645,LOG,00000,"execute S_1: SELECT c_discount, c_last, c_credit, w_tax     FROM bmsql_customer     JOIN bmsql_warehouse ON (w_id = c_w_id)     WHERE c_w_id = $1 AND c_d_id = $2 AND c_id = $3 FOR UPDATE","parameters: $1 = '1', $2 = '1', $3 = '84'",,,,,,,,"","client backend"
2024-06-16 14:31:31.354 CST,"raingage","benchmark",15271,"127.0.0.1:45214",666e86a7.3ba7,208,"SELECT",2024-06-16 14:31:03 CST,7/16,90645,LOG,00000,"execute S_1: SELECT c_discount, c_last, c_credit, w_tax     FROM bmsql_customer     JOIN bmsql_warehouse ON (w_id = c_w_id)     WHERE c_w_id = $1 AND c_d_id = $2 AND c_id = $3 FOR UPDATE","parameters: $1 = '1', $2 = '1', $3 = '84'",,,,,,,,"","client backend"
2024-06-16 14:31:31.424 CST,"raingage","benchmark",15271,"127.0.0.1:45214",666e86a7.3ba7,209,"SELECT",2024-06-16 14:31:03 CST,7/16,90645,LOG,00000,"execute S_1: SELECT c_discount, c_last, c_credit, w_tax     FROM bmsql_customer     JOIN bmsql_warehouse ON (w_id = c_w_id)     WHERE c_w_id = $1 AND c_d_id = $2 AND c_id = $3 FOR UPDATE","parameters: $1 = '1', $2 = '1', $3 = '84'",,,,,,,,"","client backend"
2024-06-16 14:31:31.492 CST,"raingage","benchmark",15271,"127.0.0.1:45214",666e86a7.3ba7,210,"SELECT",2024-06-16 14:31:03 CST,7/16,90645,LOG,00000,"execute S_1: SELECT c_discount, c_last, c_credit, w_tax     FROM bmsql_customer     JOIN bmsql_warehouse ON (w_id = c_w_id)     WHERE c_w_id = $1 AND c_d_id = $2 AND c_id = $3 FOR UPDATE","parameters: $1 = '1', $2 = '1', $3 = '84'",,,,,,,,"","client backend"
2024-06-16 14:31:31.507 CST,"raingage","benchmark",15271,"127.0.0.1:45214",666e86a7.3ba7,211,"SELECT",2024-06-16 14:31:03 CST,7/16,90645,LOG,00000,"execute S_5: SELECT i_price, i_name, i_data     FROM bmsql_item     WHERE i_id = $1","parameters: $1 = '75'",,,,,,,,"","client backend"
2024-06-16 14:31:31.522 CST,"raingage","benchmark",15271,"127.0.0.1:45214",666e86a7.3ba7,212,"SELECT",2024-06-16 14:31:03 CST,7/16,90645,LOG,00000,"execute S_6: SELECT s_quantity, s_data,        s_dist_01, s_dist_02, s_dist_03, s_dist_04,        s_dist_05, s_dist_06, s_dist_07, s_dist_08,        s_dist_09, s_dist_10     FROM bmsql_stock     WHERE s_w_id = $1 AND s_i_id = $2  FOR UPDATE","parameters: $1 = '1', $2 = '75'",,,,,,,,"","client backend"
2024-06-16 14:31:31.538 CST,"raingage","benchmark",15271,"127.0.0.1:45214",666e86a7.3ba7,213,"UPDATE",2024-06-16 14:31:03 CST,7/16,90645,LOG,00000,"execute S_7: UPDATE bmsql_stock     SET s_quantity = $1, s_ytd = s_ytd + $2,         s_order_cnt = s_order_cnt + 1,         s_remote_cnt = s_remote_cnt + $3     WHERE s_w_id = $4 AND s_i_id = $5","parameters: $1 = '74', $2 = '4', $3 = '0', $4 = '1', $5 = '75'",,,,,,,,"","client backend"
2024-06-16 14:31:31.557 CST,"raingage","benchmark",15271,"127.0.0.1:45214",666e86a7.3ba7,214,"COMMIT",2024-06-16 14:31:03 CST,7/16,90645,LOG,00000,"execute S_2: COMMIT",,,,,,,,,"","client backend"
2024-06-16 14:31:31.576 CST,"raingage","benchmark",15271,"127.0.0.1:45214",666e86a7.3ba7,215,"BEGIN",2024-06-16 14:31:03 CST,7/17,0,LOG,00000,"execute S_3: BEGIN",,,,,,,,,"","client backend"
2024-06-16 14:31:31.586 CST,"raingage","benchmark",15271,"127.0.0.1:45214",666e86a7.3ba7,216,"SELECT",2024-06-16 14:31:03 CST,7/17,0,LOG,00000,"execute S_4: SELECT d_tax, d_next_o_id     FROM bmsql_district     WHERE d_w_id = $1 AND d_id = $2 ","parameters: $1 = '1', $2 = '1'",,,,,,,,"","client backend"
2024-06-16 14:31:31.626 CST,"raingage","benchmark",15270,"127.0.0.1:45212",666e86a6.3ba6,146,"SELECT",2024-06-16 14:31:02 CST,6/12,90646,LOG,00000,"execute S_1: SELECT c_discount, c_last, c_credit, w_tax     FROM bmsql_customer     JOIN bmsql_warehouse ON (w_id = c_w_id)     WHERE c_w_id = $1 AND c_d_id = $2 AND c_id = $3 FOR UPDATE","parameters: $1 = '1', $2 = '1', $3 = '10'",,,,,,,,"","client backend"
2024-06-16 14:31:31.656 CST,"raingage","benchmark",15271,"127.0.0.1:45214",666e86a7.3ba7,217,"SELECT",2024-06-16 14:31:03 CST,7/17,0,LOG,00000,"execute S_1: SELECT c_discount, c_last, c_credit, w_tax     FROM bmsql_customer     JOIN bmsql_warehouse ON (w_id = c_w_id)     WHERE c_w_id = $1 AND c_d_id = $2 AND c_id = $3 FOR UPDATE","parameters: $1 = '1', $2 = '1', $3 = '43'",,,,,,,,"","client backend"
2024-06-16 14:31:31.689 CST,"raingage","benchmark",15270,"127.0.0.1:45212",666e86a6.3ba6,147,"SELECT",2024-06-16 14:31:02 CST,6/12,90646,LOG,00000,"execute S_1: SELECT c_discount, c_last, c_credit, w_tax     FROM bmsql_customer     JOIN bmsql_warehouse ON (w_id = c_w_id)     WHERE c_w_id = $1 AND c_d_id = $2 AND c_id = $3 FOR UPDATE","parameters: $1 = '1', $2 = '1', $3 = '10'",,,,,,,,"","client backend"
2024-06-16 14:31:31.757 CST,"raingage","benchmark",15270,"127.0.0.1:45212",666e86a6.3ba6,148,"SELECT",2024-06-16 14:31:02 CST,6/12,90646,LOG,00000,"execute S_1: SELECT c_discount, c_last, c_credit, w_tax     FROM bmsql_customer     JOIN bmsql_warehouse ON (w_id = c_w_id)     WHERE c_w_id = $1 AND c_d_id = $2 AND c_id = $3 FOR UPDATE","parameters: $1 = '1', $2 = '1', $3 = '10'",,,,,,,,"","client backend"
2024-06-16 14:31:31.821 CST,"raingage","benchmark",15270,"127.0.0.1:45212",666e86a6.3ba6,149,"SELECT",2024-06-16 14:31:02 CST,6/12,90646,LOG,00000,"execute S_1: SELECT c_discount, c_last, c_credit, w_tax     FROM bmsql_customer     JOIN bmsql_warehouse ON (w_id = c_w_id)     WHERE c_w_id = $1 AND c_d_id = $2 AND c_id = $3 FOR UPDATE","parameters: $1 = '1', $2 = '1', $3 = '10'",,,,,,,,"","client backend"
2024-06-16 14:31:31.888 CST,"raingage","benchmark",15270,"127.0.0.1:45212",666e86a6.3ba6,150,"SELECT",2024-06-16 14:31:02 CST,6/12,90646,LOG,00000,"execute S_1: SELECT c_discount, c_last, c_credit, w_tax     FROM bmsql_customer     JOIN bmsql_warehouse ON (w_id = c_w_id)     WHERE c_w_id = $1 AND c_d_id = $2 AND c_id = $3 FOR UPDATE","parameters: $1 = '1', $2 = '1', $3 = '10'",,,,,,,,"","client backend"
2024-06-16 14:31:31.953 CST,"raingage","benchmark",15270,"127.0.0.1:45212",666e86a6.3ba6,151,"SELECT",2024-06-16 14:31:02 CST,6/12,90646,LOG,00000,"execute S_1: SELECT c_discount, c_last, c_credit, w_tax     FROM bmsql_customer     JOIN bmsql_warehouse ON (w_id = c_w_id)     WHERE c_w_id = $1 AND c_d_id = $2 AND c_id = $3 FOR UPDATE","parameters: $1 = '1', $2 = '1', $3 = '10'",,,,,,,,"","client backend"
2024-06-16 14:31:32.016 CST,"raingage","benchmark",15270,"127.0.0.1:45212",666e86a6.3ba6,152,"SELECT",2024-06-16 14:31:02 CST,6/12,90646,LOG,00000,"execute S_1: SELECT c_discount, c_last, c_credit, w_tax     FROM bmsql_customer     JOIN bmsql_warehouse ON (w_id = c_w_id)     WHERE c_w_id = $1 AND c_d_id = $2 AND c_id = $3 FOR UPDATE","parameters: $1 = '1', $2 = '1', $3 = '10'",,,,,,,,"","client backend"
2024-06-16 14:31:32.037 CST,"raingage","benchmark",15270,"127.0.0.1:45212",666e86a6.3ba6,153,"SELECT",2024-06-16 14:31:02 CST,6/12,90646,LOG,00000,"execute S_5: SELECT i_price, i_name, i_data     FROM bmsql_item     WHERE i_id = $1","parameters: $1 = '43'",,,,,,,,"","client backend"
2024-06-16 14:31:32.051 CST,"raingage","benchmark",15270,"127.0.0.1:45212",666e86a6.3ba6,154,"SELECT",2024-06-16 14:31:02 CST,6/12,90646,LOG,00000,"execute S_6: SELECT s_quantity, s_data,        s_dist_01, s_dist_02, s_dist_03, s_dist_04,        s_dist_05, s_dist_06, s_dist_07, s_dist_08,        s_dist_09, s_dist_10     FROM bmsql_stock     WHERE s_w_id = $1 AND s_i_id = $2  FOR UPDATE","parameters: $1 = '1', $2 = '43'",,,,,,,,"","client backend"
2024-06-16 14:31:32.066 CST,"raingage","benchmark",15270,"127.0.0.1:45212",666e86a6.3ba6,155,"UPDATE",2024-06-16 14:31:02 CST,6/12,90646,LOG,00000,"execute S_7: UPDATE bmsql_stock     SET s_quantity = $1, s_ytd = s_ytd + $2,         s_order_cnt = s_order_cnt + 1,         s_remote_cnt = s_remote_cnt + $3     WHERE s_w_id = $4 AND s_i_id = $5","parameters: $1 = '86', $2 = '3', $3 = '0', $4 = '1', $5 = '43'",,,,,,,,"","client backend"
2024-06-16 14:31:32.080 CST,"raingage","benchmark",15270,"127.0.0.1:45212",666e86a6.3ba6,156,"COMMIT",2024-06-16 14:31:02 CST,6/12,90646,LOG,00000,"execute S_2: COMMIT",,,,,,,,,"","client backend"
2024-06-16 14:31:32.097 CST,"raingage","benchmark",15270,"127.0.0.1:45212",666e86a6.3ba6,157,"BEGIN",2024-06-16 14:31:02 CST,6/13,0,LOG,00000,"execute S_3: BEGIN",,,,,,,,,"","client backend"
2024-06-16 14:31:32.111 CST,"raingage","benchmark",15270,"127.0.0.1:45212",666e86a6.3ba6,158,"SELECT",2024-06-16 14:31:02 CST,6/13,0,LOG,00000,"execute S_4: SELECT d_tax, d_next_o_id     FROM bmsql_district     WHERE d_w_id = $1 AND d_id = $2 ","parameters: $1 = '1', $2 = '1'",,,,,,,,"","client backend"
2024-06-16 14:31:32.144 CST,"raingage","benchmark",15271,"127.0.0.1:45214",666e86a7.3ba7,218,"SELECT",2024-06-16 14:31:03 CST,7/17,90647,LOG,00000,"execute S_1: SELECT c_discount, c_last, c_credit, w_tax     FROM bmsql_customer     JOIN bmsql_warehouse ON (w_id = c_w_id)     WHERE c_w_id = $1 AND c_d_id = $2 AND c_id = $3 FOR UPDATE","parameters: $1 = '1', $2 = '1', $3 = '43'",,,,,,,,"","client backend"
2024-06-16 14:31:32.181 CST,"raingage","benchmark",15270,"127.0.0.1:45212",666e86a6.3ba6,159,"SELECT",2024-06-16 14:31:02 CST,6/13,0,LOG,00000,"execute S_1: SELECT c_discount, c_last, c_credit, w_tax     FROM bmsql_customer     JOIN bmsql_warehouse ON (w_id = c_w_id)     WHERE c_w_id = $1 AND c_d_id = $2 AND c_id = $3 FOR UPDATE","parameters: $1 = '1', $2 = '1', $3 = '43'",,,,,,,,"","client backend"
2024-06-16 14:31:32.217 CST,"raingage","benchmark",15271,"127.0.0.1:45214",666e86a7.3ba7,219,"SELECT",2024-06-16 14:31:03 CST,7/17,90647,LOG,00000,"execute S_1: SELECT c_discount, c_last, c_credit, w_tax     FROM bmsql_customer     JOIN bmsql_warehouse ON (w_id = c_w_id)     WHERE c_w_id = $1 AND c_d_id = $2 AND c_id = $3 FOR UPDATE","parameters: $1 = '1', $2 = '1', $3 = '43'",,,,,,,,"","client backend"
2024-06-16 14:31:32.288 CST,"raingage","benchmark",15271,"127.0.0.1:45214",666e86a7.3ba7,220,"SELECT",2024-06-16 14:31:03 CST,7/17,90647,LOG,00000,"execute S_1: SELECT c_discount, c_last, c_credit, w_tax     FROM bmsql_customer     JOIN bmsql_warehouse ON (w_id = c_w_id)     WHERE c_w_id = $1 AND c_d_id = $2 AND c_id = $3 FOR UPDATE","parameters: $1 = '1', $2 = '1', $3 = '43'",,,,,,,,"","client backend"
2024-06-16 14:31:32.359 CST,"raingage","benchmark",15271,"127.0.0.1:45214",666e86a7.3ba7,221,"SELECT",2024-06-16 14:31:03 CST,7/17,90647,LOG,00000,"execute S_1: SELECT c_discount, c_last, c_credit, w_tax     FROM bmsql_customer     JOIN bmsql_warehouse ON (w_id = c_w_id)     WHERE c_w_id = $1 AND c_d_id = $2 AND c_id = $3 FOR UPDATE","parameters: $1 = '1', $2 = '1', $3 = '43'",,,,,,,,"","client backend"
2024-06-16 14:31:32.430 CST,"raingage","benchmark",15271,"127.0.0.1:45214",666e86a7.3ba7,222,"SELECT",2024-06-16 14:31:03 CST,7/17,90647,LOG,00000,"execute S_1: SELECT c_discount, c_last, c_credit, w_tax     FROM bmsql_customer     JOIN bmsql_warehouse ON (w_id = c_w_id)     WHERE c_w_id = $1 AND c_d_id = $2 AND c_id = $3 FOR UPDATE","parameters: $1 = '1', $2 = '1', $3 = '43'",,,,,,,,"","client backend"
2024-06-16 14:31:32.499 CST,"raingage","benchmark",15271,"127.0.0.1:45214",666e86a7.3ba7,223,"SELECT",2024-06-16 14:31:03 CST,7/17,90647,LOG,00000,"execute S_1: SELECT c_discount, c_last, c_credit, w_tax     FROM bmsql_customer     JOIN bmsql_warehouse ON (w_id = c_w_id)     WHERE c_w_id = $1 AND c_d_id = $2 AND c_id = $3 FOR UPDATE","parameters: $1 = '1', $2 = '1', $3 = '43'",,,,,,,,"","client backend"
2024-06-16 14:31:32.564 CST,"raingage","benchmark",15271,"127.0.0.1:45214",666e86a7.3ba7,224,"SELECT",2024-06-16 14:31:03 CST,7/17,90647,LOG,00000,"execute S_1: SELECT c_discount, c_last, c_credit, w_tax     FROM bmsql_customer     JOIN bmsql_warehouse ON (w_id = c_w_id)     WHERE c_w_id = $1 AND c_d_id = $2 AND c_id = $3 FOR UPDATE","parameters: $1 = '1', $2 = '1', $3 = '43'",,,,,,,,"","client backend"
2024-06-16 14:31:32.582 CST,"raingage","benchmark",15271,"127.0.0.1:45214",666e86a7.3ba7,225,"SELECT",2024-06-16 14:31:03 CST,7/17,90647,LOG,00000,"execute S_5: SELECT i_price, i_name, i_data     FROM bmsql_item     WHERE i_id = $1","parameters: $1 = '98'",,,,,,,,"","client backend"
2024-06-16 14:31:32.603 CST,"raingage","benchmark",15271,"127.0.0.1:45214",666e86a7.3ba7,226,"SELECT",2024-06-16 14:31:03 CST,7/17,90647,LOG,00000,"execute S_6: SELECT s_quantity, s_data,        s_dist_01, s_dist_02, s_dist_03, s_dist_04,        s_dist_05, s_dist_06, s_dist_07, s_dist_08,        s_dist_09, s_dist_10     FROM bmsql_stock     WHERE s_w_id = $1 AND s_i_id = $2  FOR UPDATE","parameters: $1 = '1', $2 = '98'",,,,,,,,"","client backend"
2024-06-16 14:31:32.621 CST,"raingage","benchmark",15271,"127.0.0.1:45214",666e86a7.3ba7,227,"UPDATE",2024-06-16 14:31:03 CST,7/17,90647,LOG,00000,"execute S_7: UPDATE bmsql_stock     SET s_quantity = $1, s_ytd = s_ytd + $2,         s_order_cnt = s_order_cnt + 1,         s_remote_cnt = s_remote_cnt + $3     WHERE s_w_id = $4 AND s_i_id = $5","parameters: $1 = '50', $2 = '4', $3 = '0', $4 = '1', $5 = '98'",,,,,,,,"","client backend"
2024-06-16 14:31:32.641 CST,"raingage","benchmark",15271,"127.0.0.1:45214",666e86a7.3ba7,228,"COMMIT",2024-06-16 14:31:03 CST,7/17,90647,LOG,00000,"execute S_2: COMMIT",,,,,,,,,"","client backend"
2024-06-16 14:31:32.656 CST,"raingage","benchmark",15271,"127.0.0.1:45214",666e86a7.3ba7,229,"BEGIN",2024-06-16 14:31:03 CST,7/18,0,LOG,00000,"execute S_3: BEGIN",,,,,,,,,"","client backend"
2024-06-16 14:31:32.675 CST,"raingage","benchmark",15271,"127.0.0.1:45214",666e86a7.3ba7,230,"SELECT",2024-06-16 14:31:03 CST,7/18,0,LOG,00000,"execute S_4: SELECT d_tax, d_next_o_id     FROM bmsql_district     WHERE d_w_id = $1 AND d_id = $2 ","parameters: $1 = '1', $2 = '1'",,,,,,,,"","client backend"
2024-06-16 14:31:32.705 CST,"raingage","benchmark",15270,"127.0.0.1:45212",666e86a6.3ba6,160,"SELECT",2024-06-16 14:31:02 CST,6/13,90648,LOG,00000,"execute S_1: SELECT c_discount, c_last, c_credit, w_tax     FROM bmsql_customer     JOIN bmsql_warehouse ON (w_id = c_w_id)     WHERE c_w_id = $1 AND c_d_id = $2 AND c_id = $3 FOR UPDATE","parameters: $1 = '1', $2 = '1', $3 = '43'",,,,,,,,"","client backend"
2024-06-16 14:31:32.739 CST,"raingage","benchmark",15271,"127.0.0.1:45214",666e86a7.3ba7,231,"SELECT",2024-06-16 14:31:03 CST,7/18,0,LOG,00000,"execute S_1: SELECT c_discount, c_last, c_credit, w_tax     FROM bmsql_customer     JOIN bmsql_warehouse ON (w_id = c_w_id)     WHERE c_w_id = $1 AND c_d_id = $2 AND c_id = $3 FOR UPDATE","parameters: $1 = '1', $2 = '1', $3 = '61'",,,,,,,,"","client backend"
2024-06-16 14:31:32.777 CST,"raingage","benchmark",15270,"127.0.0.1:45212",666e86a6.3ba6,161,"SELECT",2024-06-16 14:31:02 CST,6/13,90648,LOG,00000,"execute S_1: SELECT c_discount, c_last, c_credit, w_tax     FROM bmsql_customer     JOIN bmsql_warehouse ON (w_id = c_w_id)     WHERE c_w_id = $1 AND c_d_id = $2 AND c_id = $3 FOR UPDATE","parameters: $1 = '1', $2 = '1', $3 = '43'",,,,,,,,"","client backend"
2024-06-16 14:31:32.845 CST,"raingage","benchmark",15270,"127.0.0.1:45212",666e86a6.3ba6,162,"SELECT",2024-06-16 14:31:02 CST,6/13,90648,LOG,00000,"execute S_1: SELECT c_discount, c_last, c_credit, w_tax     FROM bmsql_customer     JOIN bmsql_warehouse ON (w_id = c_w_id)     WHERE c_w_id = $1 AND c_d_id = $2 AND c_id = $3 FOR UPDATE","parameters: $1 = '1', $2 = '1', $3 = '43'",,,,,,,,"","client backend"
2024-06-16 14:31:32.918 CST,"raingage","benchmark",15270,"127.0.0.1:45212",666e86a6.3ba6,163,"SELECT",2024-06-16 14:31:02 CST,6/13,90648,LOG,00000,"execute S_1: SELECT c_discount, c_last, c_credit, w_tax     FROM bmsql_customer     JOIN bmsql_warehouse ON (w_id = c_w_id)     WHERE c_w_id = $1 AND c_d_id = $2 AND c_id = $3 FOR UPDATE","parameters: $1 = '1', $2 = '1', $3 = '43'",,,,,,,,"","client backend"
2024-06-16 14:31:32.984 CST,"raingage","benchmark",15270,"127.0.0.1:45212",666e86a6.3ba6,164,"SELECT",2024-06-16 14:31:02 CST,6/13,90648,LOG,00000,"execute S_1: SELECT c_discount, c_last, c_credit, w_tax     FROM bmsql_customer     JOIN bmsql_warehouse ON (w_id = c_w_id)     WHERE c_w_id = $1 AND c_d_id = $2 AND c_id = $3 FOR UPDATE","parameters: $1 = '1', $2 = '1', $3 = '43'",,,,,,,,"","client backend"
2024-06-16 14:31:33.049 CST,"raingage","benchmark",15270,"127.0.0.1:45212",666e86a6.3ba6,165,"SELECT",2024-06-16 14:31:02 CST,6/13,90648,LOG,00000,"execute S_1: SELECT c_discount, c_last, c_credit, w_tax     FROM bmsql_customer     JOIN bmsql_warehouse ON (w_id = c_w_id)     WHERE c_w_id = $1 AND c_d_id = $2 AND c_id = $3 FOR UPDATE","parameters: $1 = '1', $2 = '1', $3 = '43'",,,,,,,,"","client backend"
2024-06-16 14:31:33.114 CST,"raingage","benchmark",15270,"127.0.0.1:45212",666e86a6.3ba6,166,"SELECT",2024-06-16 14:31:02 CST,6/13,90648,LOG,00000,"execute S_1: SELECT c_discount, c_last, c_credit, w_tax     FROM bmsql_customer     JOIN bmsql_warehouse ON (w_id = c_w_id)     WHERE c_w_id = $1 AND c_d_id = $2 AND c_id = $3 FOR UPDATE","parameters: $1 = '1', $2 = '1', $3 = '43'",,,,,,,,"","client backend"
2024-06-16 14:31:33.130 CST,"raingage","benchmark",15270,"127.0.0.1:45212",666e86a6.3ba6,167,"SELECT",2024-06-16 14:31:02 CST,6/13,90648,LOG,00000,"execute S_5: SELECT i_price, i_name, i_data     FROM bmsql_item     WHERE i_id = $1","parameters: $1 = '98'",,,,,,,,"","client backend"
2024-06-16 14:31:33.148 CST,"raingage","benchmark",15270,"127.0.0.1:45212",666e86a6.3ba6,168,"SELECT",2024-06-16 14:31:02 CST,6/13,90648,LOG,00000,"execute S_6: SELECT s_quantity, s_data,        s_dist_01, s_dist_02, s_dist_03, s_dist_04,        s_dist_05, s_dist_06, s_dist_07, s_dist_08,        s_dist_09, s_dist_10     FROM bmsql_stock     WHERE s_w_id = $1 AND s_i_id = $2  FOR UPDATE","parameters: $1 = '1', $2 = '98'",,,,,,,,"","client backend"
2024-06-16 14:31:33.161 CST,"raingage","benchmark",15270,"127.0.0.1:45212",666e86a6.3ba6,169,"UPDATE",2024-06-16 14:31:02 CST,6/13,90648,LOG,00000,"execute S_7: UPDATE bmsql_stock     SET s_quantity = $1, s_ytd = s_ytd + $2,         s_order_cnt = s_order_cnt + 1,         s_remote_cnt = s_remote_cnt + $3     WHERE s_w_id = $4 AND s_i_id = $5","parameters: $1 = '42', $2 = '8', $3 = '0', $4 = '1', $5 = '98'",,,,,,,,"","client backend"
2024-06-16 14:31:33.181 CST,"raingage","benchmark",15270,"127.0.0.1:45212",666e86a6.3ba6,170,"COMMIT",2024-06-16 14:31:02 CST,6/13,90648,LOG,00000,"execute S_2: COMMIT",,,,,,,,,"","client backend"
2024-06-16 14:31:33.198 CST,"raingage","benchmark",15270,"127.0.0.1:45212",666e86a6.3ba6,171,"BEGIN",2024-06-16 14:31:02 CST,6/14,0,LOG,00000,"execute S_3: BEGIN",,,,,,,,,"","client backend"
2024-06-16 14:31:33.214 CST,"raingage","benchmark",15270,"127.0.0.1:45212",666e86a6.3ba6,172,"SELECT",2024-06-16 14:31:02 CST,6/14,0,LOG,00000,"execute S_4: SELECT d_tax, d_next_o_id     FROM bmsql_district     WHERE d_w_id = $1 AND d_id = $2 ","parameters: $1 = '1', $2 = '1'",,,,,,,,"","client backend"
2024-06-16 14:31:33.248 CST,"raingage","benchmark",15271,"127.0.0.1:45214",666e86a7.3ba7,232,"SELECT",2024-06-16 14:31:03 CST,7/18,90649,LOG,00000,"execute S_1: SELECT c_discount, c_last, c_credit, w_tax     FROM bmsql_customer     JOIN bmsql_warehouse ON (w_id = c_w_id)     WHERE c_w_id = $1 AND c_d_id = $2 AND c_id = $3 FOR UPDATE","parameters: $1 = '1', $2 = '1', $3 = '61'",,,,,,,,"","client backend"
2024-06-16 14:31:33.280 CST,"raingage","benchmark",15270,"127.0.0.1:45212",666e86a6.3ba6,173,"SELECT",2024-06-16 14:31:02 CST,6/14,0,LOG,00000,"execute S_1: SELECT c_discount, c_last, c_credit, w_tax     FROM bmsql_customer     JOIN bmsql_warehouse ON (w_id = c_w_id)     WHERE c_w_id = $1 AND c_d_id = $2 AND c_id = $3 FOR UPDATE","parameters: $1 = '1', $2 = '1', $3 = '61'",,,,,,,,"","client backend"
2024-06-16 14:31:33.319 CST,"raingage","benchmark",15271,"127.0.0.1:45214",666e86a7.3ba7,233,"SELECT",2024-06-16 14:31:03 CST,7/18,90649,LOG,00000,"execute S_1: SELECT c_discount, c_last, c_credit, w_tax     FROM bmsql_customer     JOIN bmsql_warehouse ON (w_id = c_w_id)     WHERE c_w_id = $1 AND c_d_id = $2 AND c_id = $3 FOR UPDATE","parameters: $1 = '1', $2 = '1', $3 = '61'",,,,,,,,"","client backend"
2024-06-16 14:31:33.383 CST,"raingage","benchmark",15271,"127.0.0.1:45214",666e86a7.3ba7,234,"SELECT",2024-06-16 14:31:03 CST,7/18,90649,LOG,00000,"execute S_1: SELECT c_discount, c_last, c_credit, w_tax     FROM bmsql_customer     JOIN bmsql_warehouse ON (w_id = c_w_id)     WHERE c_w_id = $1 AND c_d_id = $2 AND c_id = $3 FOR UPDATE","parameters: $1 = '1', $2 = '1', $3 = '61'",,,,,,,,"","client backend"
2024-06-16 14:31:33.453 CST,"raingage","benchmark",15271,"127.0.0.1:45214",666e86a7.3ba7,235,"SELECT",2024-06-16 14:31:03 CST,7/18,90649,LOG,00000,"execute S_1: SELECT c_discount, c_last, c_credit, w_tax     FROM bmsql_customer     JOIN bmsql_warehouse ON (w_id = c_w_id)     WHERE c_w_id = $1 AND c_d_id = $2 AND c_id = $3 FOR UPDATE","parameters: $1 = '1', $2 = '1', $3 = '61'",,,,,,,,"","client backend"
2024-06-16 14:31:33.526 CST,"raingage","benchmark",15271,"127.0.0.1:45214",666e86a7.3ba7,236,"SELECT",2024-06-16 14:31:03 CST,7/18,90649,LOG,00000,"execute S_1: SELECT c_discount, c_last, c_credit, w_tax     FROM bmsql_customer     JOIN bmsql_warehouse ON (w_id = c_w_id)     WHERE c_w_id = $1 AND c_d_id = $2 AND c_id = $3 FOR UPDATE","parameters: $1 = '1', $2 = '1', $3 = '61'",,,,,,,,"","client backend"
2024-06-16 14:31:33.594 CST,"raingage","benchmark",15271,"127.0.0.1:45214",666e86a7.3ba7,237,"SELECT",2024-06-16 14:31:03 CST,7/18,90649,LOG,00000,"execute S_1: SELECT c_discount, c_last, c_credit, w_tax     FROM bmsql_customer     JOIN bmsql_warehouse ON (w_id = c_w_id)     WHERE c_w_id = $1 AND c_d_id = $2 AND c_id = $3 FOR UPDATE","parameters: $1 = '1', $2 = '1', $3 = '61'",,,,,,,,"","client backend"
2024-06-16 14:31:33.665 CST,"raingage","benchmark",15271,"127.0.0.1:45214",666e86a7.3ba7,238,"SELECT",2024-06-16 14:31:03 CST,7/18,90649,LOG,00000,"execute S_1: SELECT c_discount, c_last, c_credit, w_tax     FROM bmsql_customer     JOIN bmsql_warehouse ON (w_id = c_w_id)     WHERE c_w_id = $1 AND c_d_id = $2 AND c_id = $3 FOR UPDATE","parameters: $1 = '1', $2 = '1', $3 = '61'",,,,,,,,"","client backend"
2024-06-16 14:31:33.678 CST,"raingage","benchmark",15271,"127.0.0.1:45214",666e86a7.3ba7,239,"SELECT",2024-06-16 14:31:03 CST,7/18,90649,LOG,00000,"execute S_5: SELECT i_price, i_name, i_data     FROM bmsql_item     WHERE i_id = $1","parameters: $1 = '4'",,,,,,,,"","client backend"
2024-06-16 14:31:33.693 CST,"raingage","benchmark",15271,"127.0.0.1:45214",666e86a7.3ba7,240,"SELECT",2024-06-16 14:31:03 CST,7/18,90649,LOG,00000,"execute S_6: SELECT s_quantity, s_data,        s_dist_01, s_dist_02, s_dist_03, s_dist_04,        s_dist_05, s_dist_06, s_dist_07, s_dist_08,        s_dist_09, s_dist_10     FROM bmsql_stock     WHERE s_w_id = $1 AND s_i_id = $2  FOR UPDATE","parameters: $1 = '1', $2 = '4'",,,,,,,,"","client backend"
2024-06-16 14:31:33.710 CST,"raingage","benchmark",15271,"127.0.0.1:45214",666e86a7.3ba7,241,"UPDATE",2024-06-16 14:31:03 CST,7/18,90649,LOG,00000,"execute S_7: UPDATE bmsql_stock     SET s_quantity = $1, s_ytd = s_ytd + $2,         s_order_cnt = s_order_cnt + 1,         s_remote_cnt = s_remote_cnt + $3     WHERE s_w_id = $4 AND s_i_id = $5","parameters: $1 = '91', $2 = '4', $3 = '0', $4 = '1', $5 = '4'",,,,,,,,"","client backend"
2024-06-16 14:31:33.731 CST,"raingage","benchmark",15271,"127.0.0.1:45214",666e86a7.3ba7,242,"COMMIT",2024-06-16 14:31:03 CST,7/18,90649,LOG,00000,"execute S_2: COMMIT",,,,,,,,,"","client backend"
2024-06-16 14:31:33.740 CST,"raingage","benchmark",15271,"127.0.0.1:45214",666e86a7.3ba7,243,"BEGIN",2024-06-16 14:31:03 CST,7/19,0,LOG,00000,"execute S_3: BEGIN",,,,,,,,,"","client backend"
2024-06-16 14:31:33.751 CST,"raingage","benchmark",15271,"127.0.0.1:45214",666e86a7.3ba7,244,"SELECT",2024-06-16 14:31:03 CST,7/19,0,LOG,00000,"execute S_4: SELECT d_tax, d_next_o_id     FROM bmsql_district     WHERE d_w_id = $1 AND d_id = $2 ","parameters: $1 = '1', $2 = '1'",,,,,,,,"","client backend"
2024-06-16 14:31:33.796 CST,"raingage","benchmark",15270,"127.0.0.1:45212",666e86a6.3ba6,174,"SELECT",2024-06-16 14:31:02 CST,6/14,90650,LOG,00000,"execute S_1: SELECT c_discount, c_last, c_credit, w_tax     FROM bmsql_customer     JOIN bmsql_warehouse ON (w_id = c_w_id)     WHERE c_w_id = $1 AND c_d_id = $2 AND c_id = $3 FOR UPDATE","parameters: $1 = '1', $2 = '1', $3 = '61'",,,,,,,,"","client backend"
2024-06-16 14:31:33.821 CST,"raingage","benchmark",15271,"127.0.0.1:45214",666e86a7.3ba7,245,"SELECT",2024-06-16 14:31:03 CST,7/19,0,LOG,00000,"execute S_1: SELECT c_discount, c_last, c_credit, w_tax     FROM bmsql_customer     JOIN bmsql_warehouse ON (w_id = c_w_id)     WHERE c_w_id = $1 AND c_d_id = $2 AND c_id = $3 FOR UPDATE","parameters: $1 = '1', $2 = '1', $3 = '93'",,,,,,,,"","client backend"
2024-06-16 14:31:33.860 CST,"raingage","benchmark",15270,"127.0.0.1:45212",666e86a6.3ba6,175,"SELECT",2024-06-16 14:31:02 CST,6/14,90650,LOG,00000,"execute S_1: SELECT c_discount, c_last, c_credit, w_tax     FROM bmsql_customer     JOIN bmsql_warehouse ON (w_id = c_w_id)     WHERE c_w_id = $1 AND c_d_id = $2 AND c_id = $3 FOR UPDATE","parameters: $1 = '1', $2 = '1', $3 = '61'",,,,,,,,"","client backend"
2024-06-16 14:31:33.932 CST,"raingage","benchmark",15270,"127.0.0.1:45212",666e86a6.3ba6,176,"SELECT",2024-06-16 14:31:02 CST,6/14,90650,LOG,00000,"execute S_1: SELECT c_discount, c_last, c_credit, w_tax     FROM bmsql_customer     JOIN bmsql_warehouse ON (w_id = c_w_id)     WHERE c_w_id = $1 AND c_d_id = $2 AND c_id = $3 FOR UPDATE","parameters: $1 = '1', $2 = '1', $3 = '61'",,,,,,,,"","client backend"
2024-06-16 14:31:34.001 CST,"raingage","benchmark",15270,"127.0.0.1:45212",666e86a6.3ba6,177,"SELECT",2024-06-16 14:31:02 CST,6/14,90650,LOG,00000,"execute S_1: SELECT c_discount, c_last, c_credit, w_tax     FROM bmsql_customer     JOIN bmsql_warehouse ON (w_id = c_w_id)     WHERE c_w_id = $1 AND c_d_id = $2 AND c_id = $3 FOR UPDATE","parameters: $1 = '1', $2 = '1', $3 = '61'",,,,,,,,"","client backend"
2024-06-16 14:31:34.066 CST,"raingage","benchmark",15270,"127.0.0.1:45212",666e86a6.3ba6,178,"SELECT",2024-06-16 14:31:02 CST,6/14,90650,LOG,00000,"execute S_1: SELECT c_discount, c_last, c_credit, w_tax     FROM bmsql_customer     JOIN bmsql_warehouse ON (w_id = c_w_id)     WHERE c_w_id = $1 AND c_d_id = $2 AND c_id = $3 FOR UPDATE","parameters: $1 = '1', $2 = '1', $3 = '61'",,,,,,,,"","client backend"
2024-06-16 14:31:34.136 CST,"raingage","benchmark",15270,"127.0.0.1:45212",666e86a6.3ba6,179,"SELECT",2024-06-16 14:31:02 CST,6/14,90650,LOG,00000,"execute S_1: SELECT c_discount, c_last, c_credit, w_tax     FROM bmsql_customer     JOIN bmsql_warehouse ON (w_id = c_w_id)     WHERE c_w_id = $1 AND c_d_id = $2 AND c_id = $3 FOR UPDATE","parameters: $1 = '1', $2 = '1', $3 = '61'",,,,,,,,"","client backend"
2024-06-16 14:31:34.165 CST,"raingage","benchmark",15269,"127.0.0.1:45210",666e86a6.3ba5,101,"BEGIN",2024-06-16 14:31:02 CST,5/9,0,LOG,00000,"execute S_4: BEGIN",,,,,,,,,"","client backend"
2024-06-16 14:31:34.177 CST,"raingage","benchmark",15269,"127.0.0.1:45210",666e86a6.3ba5,102,"SELECT",2024-06-16 14:31:02 CST,5/9,0,LOG,00000,"execute S_5: SELECT d_tax, d_next_o_id     FROM bmsql_district     WHERE d_w_id = $1 AND d_id = $2 ","parameters: $1 = '1', $2 = '1'",,,,,,,,"","client backend"
2024-06-16 14:31:34.199 CST,"raingage","benchmark",15270,"127.0.0.1:45212",666e86a6.3ba6,180,"SELECT",2024-06-16 14:31:02 CST,6/14,90650,LOG,00000,"execute S_1: SELECT c_discount, c_last, c_credit, w_tax     FROM bmsql_customer     JOIN bmsql_warehouse ON (w_id = c_w_id)     WHERE c_w_id = $1 AND c_d_id = $2 AND c_id = $3 FOR UPDATE","parameters: $1 = '1', $2 = '1', $3 = '61'",,,,,,,,"","client backend"
2024-06-16 14:31:34.218 CST,"raingage","benchmark",15270,"127.0.0.1:45212",666e86a6.3ba6,181,"SELECT",2024-06-16 14:31:02 CST,6/14,90650,LOG,00000,"execute S_5: SELECT i_price, i_name, i_data     FROM bmsql_item     WHERE i_id = $1","parameters: $1 = '4'",,,,,,,,"","client backend"
2024-06-16 14:31:34.238 CST,"raingage","benchmark",15270,"127.0.0.1:45212",666e86a6.3ba6,182,"SELECT",2024-06-16 14:31:02 CST,6/14,90650,LOG,00000,"execute S_6: SELECT s_quantity, s_data,        s_dist_01, s_dist_02, s_dist_03, s_dist_04,        s_dist_05, s_dist_06, s_dist_07, s_dist_08,        s_dist_09, s_dist_10     FROM bmsql_stock     WHERE s_w_id = $1 AND s_i_id = $2  FOR UPDATE","parameters: $1 = '1', $2 = '4'",,,,,,,,"","client backend"
2024-06-16 14:31:34.243 CST,"raingage","benchmark",15269,"127.0.0.1:45210",666e86a6.3ba5,103,"SELECT",2024-06-16 14:31:02 CST,5/9,0,LOG,00000,"execute S_1: SELECT c_discount, c_last, c_credit, w_tax     FROM bmsql_customer     JOIN bmsql_warehouse ON (w_id = c_w_id)     WHERE c_w_id = $1 AND c_d_id = $2 AND c_id = $3 FOR UPDATE","parameters: $1 = '1', $2 = '1', $3 = '34'",,,,,,,,"","client backend"
2024-06-16 14:31:34.254 CST,"raingage","benchmark",15270,"127.0.0.1:45212",666e86a6.3ba6,183,"UPDATE",2024-06-16 14:31:02 CST,6/14,90650,LOG,00000,"execute S_7: UPDATE bmsql_stock     SET s_quantity = $1, s_ytd = s_ytd + $2,         s_order_cnt = s_order_cnt + 1,         s_remote_cnt = s_remote_cnt + $3     WHERE s_w_id = $4 AND s_i_id = $5","parameters: $1 = '86', $2 = '5', $3 = '0', $4 = '1', $5 = '4'",,,,,,,,"","client backend"
2024-06-16 14:31:34.271 CST,"raingage","benchmark",15270,"127.0.0.1:45212",666e86a6.3ba6,184,"COMMIT",2024-06-16 14:31:02 CST,6/14,90650,LOG,00000,"execute S_2: COMMIT",,,,,,,,,"","client backend"
2024-06-16 14:31:34.280 CST,"raingage","benchmark",15270,"127.0.0.1:45212",666e86a6.3ba6,185,"BEGIN",2024-06-16 14:31:02 CST,6/15,0,LOG,00000,"execute S_3: BEGIN",,,,,,,,,"","client backend"
2024-06-16 14:31:34.299 CST,"raingage","benchmark",15270,"127.0.0.1:45212",666e86a6.3ba6,186,"SELECT",2024-06-16 14:31:02 CST,6/15,0,LOG,00000,"execute S_4: SELECT d_tax, d_next_o_id     FROM bmsql_district     WHERE d_w_id = $1 AND d_id = $2 ","parameters: $1 = '1', $2 = '1'",,,,,,,,"","client backend"
2024-06-16 14:31:34.336 CST,"raingage","benchmark",15271,"127.0.0.1:45214",666e86a7.3ba7,246,"SELECT",2024-06-16 14:31:03 CST,7/19,90651,LOG,00000,"execute S_1: SELECT c_discount, c_last, c_credit, w_tax     FROM bmsql_customer     JOIN bmsql_warehouse ON (w_id = c_w_id)     WHERE c_w_id = $1 AND c_d_id = $2 AND c_id = $3 FOR UPDATE","parameters: $1 = '1', $2 = '1', $3 = '93'",,,,,,,,"","client backend"
2024-06-16 14:31:34.369 CST,"raingage","benchmark",15270,"127.0.0.1:45212",666e86a6.3ba6,187,"SELECT",2024-06-16 14:31:02 CST,6/15,0,LOG,00000,"execute S_1: SELECT c_discount, c_last, c_credit, w_tax     FROM bmsql_customer     JOIN bmsql_warehouse ON (w_id = c_w_id)     WHERE c_w_id = $1 AND c_d_id = $2 AND c_id = $3 FOR UPDATE","parameters: $1 = '1', $2 = '1', $3 = '93'",,,,,,,,"","client backend"
2024-06-16 14:31:34.398 CST,"raingage","benchmark",15271,"127.0.0.1:45214",666e86a7.3ba7,247,"SELECT",2024-06-16 14:31:03 CST,7/19,90651,LOG,00000,"execute S_1: SELECT c_discount, c_last, c_credit, w_tax     FROM bmsql_customer     JOIN bmsql_warehouse ON (w_id = c_w_id)     WHERE c_w_id = $1 AND c_d_id = $2 AND c_id = $3 FOR UPDATE","parameters: $1 = '1', $2 = '1', $3 = '93'",,,,,,,,"","client backend"
2024-06-16 14:31:34.469 CST,"raingage","benchmark",15271,"127.0.0.1:45214",666e86a7.3ba7,248,"SELECT",2024-06-16 14:31:03 CST,7/19,90651,LOG,00000,"execute S_1: SELECT c_discount, c_last, c_credit, w_tax     FROM bmsql_customer     JOIN bmsql_warehouse ON (w_id = c_w_id)     WHERE c_w_id = $1 AND c_d_id = $2 AND c_id = $3 FOR UPDATE","parameters: $1 = '1', $2 = '1', $3 = '93'",,,,,,,,"","client backend"
2024-06-16 14:31:34.533 CST,"raingage","benchmark",15271,"127.0.0.1:45214",666e86a7.3ba7,249,"SELECT",2024-06-16 14:31:03 CST,7/19,90651,LOG,00000,"execute S_1: SELECT c_discount, c_last, c_credit, w_tax     FROM bmsql_customer     JOIN bmsql_warehouse ON (w_id = c_w_id)     WHERE c_w_id = $1 AND c_d_id = $2 AND c_id = $3 FOR UPDATE","parameters: $1 = '1', $2 = '1', $3 = '93'",,,,,,,,"","client backend"
2024-06-16 14:31:34.597 CST,"raingage","benchmark",15271,"127.0.0.1:45214",666e86a7.3ba7,250,"SELECT",2024-06-16 14:31:03 CST,7/19,90651,LOG,00000,"execute S_1: SELECT c_discount, c_last, c_credit, w_tax     FROM bmsql_customer     JOIN bmsql_warehouse ON (w_id = c_w_id)     WHERE c_w_id = $1 AND c_d_id = $2 AND c_id = $3 FOR UPDATE","parameters: $1 = '1', $2 = '1', $3 = '93'",,,,,,,,"","client backend"
2024-06-16 14:31:34.664 CST,"raingage","benchmark",15271,"127.0.0.1:45214",666e86a7.3ba7,251,"SELECT",2024-06-16 14:31:03 CST,7/19,90651,LOG,00000,"execute S_1: SELECT c_discount, c_last, c_credit, w_tax     FROM bmsql_customer     JOIN bmsql_warehouse ON (w_id = c_w_id)     WHERE c_w_id = $1 AND c_d_id = $2 AND c_id = $3 FOR UPDATE","parameters: $1 = '1', $2 = '1', $3 = '93'",,,,,,,,"","client backend"
2024-06-16 14:31:34.728 CST,"raingage","benchmark",15271,"127.0.0.1:45214",666e86a7.3ba7,252,"SELECT",2024-06-16 14:31:03 CST,7/19,90651,LOG,00000,"execute S_1: SELECT c_discount, c_last, c_credit, w_tax     FROM bmsql_customer     JOIN bmsql_warehouse ON (w_id = c_w_id)     WHERE c_w_id = $1 AND c_d_id = $2 AND c_id = $3 FOR UPDATE","parameters: $1 = '1', $2 = '1', $3 = '93'",,,,,,,,"","client backend"
2024-06-16 14:31:34.749 CST,"raingage","benchmark",15271,"127.0.0.1:45214",666e86a7.3ba7,253,"SELECT",2024-06-16 14:31:03 CST,7/19,90651,LOG,00000,"execute S_5: SELECT i_price, i_name, i_data     FROM bmsql_item     WHERE i_id = $1","parameters: $1 = '73'",,,,,,,,"","client backend"
2024-06-16 14:31:34.762 CST,"raingage","benchmark",15271,"127.0.0.1:45214",666e86a7.3ba7,254,"SELECT",2024-06-16 14:31:03 CST,7/19,90651,LOG,00000,"execute S_6: SELECT s_quantity, s_data,        s_dist_01, s_dist_02, s_dist_03, s_dist_04,        s_dist_05, s_dist_06, s_dist_07, s_dist_08,        s_dist_09, s_dist_10     FROM bmsql_stock     WHERE s_w_id = $1 AND s_i_id = $2  FOR UPDATE","parameters: $1 = '1', $2 = '73'",,,,,,,,"","client backend"
2024-06-16 14:31:34.778 CST,"raingage","benchmark",15271,"127.0.0.1:45214",666e86a7.3ba7,255,"UPDATE",2024-06-16 14:31:03 CST,7/19,90651,LOG,00000,"execute S_7: UPDATE bmsql_stock     SET s_quantity = $1, s_ytd = s_ytd + $2,         s_order_cnt = s_order_cnt + 1,         s_remote_cnt = s_remote_cnt + $3     WHERE s_w_id = $4 AND s_i_id = $5","parameters: $1 = '78', $2 = '3', $3 = '0', $4 = '1', $5 = '73'",,,,,,,,"","client backend"
2024-06-16 14:31:34.798 CST,"raingage","benchmark",15271,"127.0.0.1:45214",666e86a7.3ba7,256,"COMMIT",2024-06-16 14:31:03 CST,7/19,90651,LOG,00000,"execute S_2: COMMIT",,,,,,,,,"","client backend"
2024-06-16 14:31:34.813 CST,"raingage","benchmark",15271,"127.0.0.1:45214",666e86a7.3ba7,257,"BEGIN",2024-06-16 14:31:03 CST,7/20,0,LOG,00000,"execute S_3: BEGIN",,,,,,,,,"","client backend"
2024-06-16 14:31:34.822 CST,"raingage","benchmark",15271,"127.0.0.1:45214",666e86a7.3ba7,258,"SELECT",2024-06-16 14:31:03 CST,7/20,0,LOG,00000,"execute S_4: SELECT d_tax, d_next_o_id     FROM bmsql_district     WHERE d_w_id = $1 AND d_id = $2 ","parameters: $1 = '1', $2 = '1'",,,,,,,,"","client backend"
2024-06-16 14:31:34.862 CST,"raingage","benchmark",15269,"127.0.0.1:45210",666e86a6.3ba5,104,"SELECT",2024-06-16 14:31:02 CST,5/9,90652,LOG,00000,"execute S_1: SELECT c_discount, c_last, c_credit, w_tax     FROM bmsql_customer     JOIN bmsql_warehouse ON (w_id = c_w_id)     WHERE c_w_id = $1 AND c_d_id = $2 AND c_id = $3 FOR UPDATE","parameters: $1 = '1', $2 = '1', $3 = '34'",,,,,,,,"","client backend"
2024-06-16 14:31:34.889 CST,"raingage","benchmark",15271,"127.0.0.1:45214",666e86a7.3ba7,259,"SELECT",2024-06-16 14:31:03 CST,7/20,0,LOG,00000,"execute S_1: SELECT c_discount, c_last, c_credit, w_tax     FROM bmsql_customer     JOIN bmsql_warehouse ON (w_id = c_w_id)     WHERE c_w_id = $1 AND c_d_id = $2 AND c_id = $3 FOR UPDATE","parameters: $1 = '1', $2 = '1', $3 = '38'",,,,,,,,"","client backend"
2024-06-16 14:31:34.932 CST,"raingage","benchmark",15269,"127.0.0.1:45210",666e86a6.3ba5,105,"SELECT",2024-06-16 14:31:02 CST,5/9,90652,LOG,00000,"execute S_1: SELECT c_discount, c_last, c_credit, w_tax     FROM bmsql_customer     JOIN bmsql_warehouse ON (w_id = c_w_id)     WHERE c_w_id = $1 AND c_d_id = $2 AND c_id = $3 FOR UPDATE","parameters: $1 = '1', $2 = '1', $3 = '34'",,,,,,,,"","client backend"
2024-06-16 14:31:34.996 CST,"raingage","benchmark",15269,"127.0.0.1:45210",666e86a6.3ba5,106,"SELECT",2024-06-16 14:31:02 CST,5/9,90652,LOG,00000,"execute S_1: SELECT c_discount, c_last, c_credit, w_tax     FROM bmsql_customer     JOIN bmsql_warehouse ON (w_id = c_w_id)     WHERE c_w_id = $1 AND c_d_id = $2 AND c_id = $3 FOR UPDATE","parameters: $1 = '1', $2 = '1', $3 = '34'",,,,,,,,"","client backend"
2024-06-16 14:31:35.066 CST,"raingage","benchmark",15269,"127.0.0.1:45210",666e86a6.3ba5,107,"SELECT",2024-06-16 14:31:02 CST,5/9,90652,LOG,00000,"execute S_1: SELECT c_discount, c_last, c_credit, w_tax     FROM bmsql_customer     JOIN bmsql_warehouse ON (w_id = c_w_id)     WHERE c_w_id = $1 AND c_d_id = $2 AND c_id = $3 FOR UPDATE","parameters: $1 = '1', $2 = '1', $3 = '34'",,,,,,,,"","client backend"
2024-06-16 14:31:35.133 CST,"raingage","benchmark",15269,"127.0.0.1:45210",666e86a6.3ba5,108,"SELECT",2024-06-16 14:31:02 CST,5/9,90652,LOG,00000,"execute S_1: SELECT c_discount, c_last, c_credit, w_tax     FROM bmsql_customer     JOIN bmsql_warehouse ON (w_id = c_w_id)     WHERE c_w_id = $1 AND c_d_id = $2 AND c_id = $3 FOR UPDATE","parameters: $1 = '1', $2 = '1', $3 = '34'",,,,,,,,"","client backend"
2024-06-16 14:31:35.204 CST,"raingage","benchmark",15269,"127.0.0.1:45210",666e86a6.3ba5,109,"SELECT",2024-06-16 14:31:02 CST,5/9,90652,LOG,00000,"execute S_1: SELECT c_discount, c_last, c_credit, w_tax     FROM bmsql_customer     JOIN bmsql_warehouse ON (w_id = c_w_id)     WHERE c_w_id = $1 AND c_d_id = $2 AND c_id = $3 FOR UPDATE","parameters: $1 = '1', $2 = '1', $3 = '34'",,,,,,,,"","client backend"
2024-06-16 14:31:35.271 CST,"raingage","benchmark",15269,"127.0.0.1:45210",666e86a6.3ba5,110,"SELECT",2024-06-16 14:31:02 CST,5/9,90652,LOG,00000,"execute S_1: SELECT c_discount, c_last, c_credit, w_tax     FROM bmsql_customer     JOIN bmsql_warehouse ON (w_id = c_w_id)     WHERE c_w_id = $1 AND c_d_id = $2 AND c_id = $3 FOR UPDATE","parameters: $1 = '1', $2 = '1', $3 = '34'",,,,,,,,"","client backend"
2024-06-16 14:31:35.273 CST,"raingage","benchmark",15269,"127.0.0.1:45210",666e86a6.3ba5,111,"SELECT",2024-06-16 14:31:02 CST,5/9,90652,LOG,00000,"execute S_6: SELECT i_price, i_name, i_data     FROM bmsql_item     WHERE i_id = $1","parameters: $1 = '69'",,,,,,,,"","client backend"
2024-06-16 14:31:35.290 CST,"raingage","benchmark",15269,"127.0.0.1:45210",666e86a6.3ba5,112,"SELECT",2024-06-16 14:31:02 CST,5/9,90652,LOG,00000,"execute S_7: SELECT s_quantity, s_data,        s_dist_01, s_dist_02, s_dist_03, s_dist_04,        s_dist_05, s_dist_06, s_dist_07, s_dist_08,        s_dist_09, s_dist_10     FROM bmsql_stock     WHERE s_w_id = $1 AND s_i_id = $2  FOR UPDATE","parameters: $1 = '1', $2 = '69'",,,,,,,,"","client backend"
2024-06-16 14:31:35.305 CST,"raingage","benchmark",15269,"127.0.0.1:45210",666e86a6.3ba5,113,"UPDATE",2024-06-16 14:31:02 CST,5/9,90652,LOG,00000,"execute S_8: UPDATE bmsql_stock     SET s_quantity = $1, s_ytd = s_ytd + $2,         s_order_cnt = s_order_cnt + 1,         s_remote_cnt = s_remote_cnt + $3     WHERE s_w_id = $4 AND s_i_id = $5","parameters: $1 = '100', $2 = '3', $3 = '0', $4 = '1', $5 = '69'",,,,,,,,"","client backend"
2024-06-16 14:31:35.322 CST,"raingage","benchmark",15269,"127.0.0.1:45210",666e86a6.3ba5,114,"COMMIT",2024-06-16 14:31:02 CST,5/9,90652,LOG,00000,"execute S_3: COMMIT",,,,,,,,,"","client backend"
2024-06-16 14:31:35.343 CST,"raingage","benchmark",15269,"127.0.0.1:45210",666e86a6.3ba5,115,"BEGIN",2024-06-16 14:31:02 CST,5/10,0,LOG,00000,"execute S_4: BEGIN",,,,,,,,,"","client backend"
2024-06-16 14:31:35.357 CST,"raingage","benchmark",15269,"127.0.0.1:45210",666e86a6.3ba5,116,"SELECT",2024-06-16 14:31:02 CST,5/10,0,LOG,00000,"execute S_5: SELECT d_tax, d_next_o_id     FROM bmsql_district     WHERE d_w_id = $1 AND d_id = $2 ","parameters: $1 = '1', $2 = '1'",,,,,,,,"","client backend"
2024-06-16 14:31:35.392 CST,"raingage","benchmark",15270,"127.0.0.1:45212",666e86a6.3ba6,188,"SELECT",2024-06-16 14:31:02 CST,6/15,90653,LOG,00000,"execute S_1: SELECT c_discount, c_last, c_credit, w_tax     FROM bmsql_customer     JOIN bmsql_warehouse ON (w_id = c_w_id)     WHERE c_w_id = $1 AND c_d_id = $2 AND c_id = $3 FOR UPDATE","parameters: $1 = '1', $2 = '1', $3 = '93'",,,,,,,,"","client backend"
2024-06-16 14:31:35.431 CST,"raingage","benchmark",15269,"127.0.0.1:45210",666e86a6.3ba5,117,"SELECT",2024-06-16 14:31:02 CST,5/10,0,LOG,00000,"execute S_1: SELECT c_discount, c_last, c_credit, w_tax     FROM bmsql_customer     JOIN bmsql_warehouse ON (w_id = c_w_id)     WHERE c_w_id = $1 AND c_d_id = $2 AND c_id = $3 FOR UPDATE","parameters: $1 = '1', $2 = '1', $3 = '38'",,,,,,,,"","client backend"
2024-06-16 14:31:35.455 CST,"raingage","benchmark",15270,"127.0.0.1:45212",666e86a6.3ba6,189,"SELECT",2024-06-16 14:31:02 CST,6/15,90653,LOG,00000,"execute S_1: SELECT c_discount, c_last, c_credit, w_tax     FROM bmsql_customer     JOIN bmsql_warehouse ON (w_id = c_w_id)     WHERE c_w_id = $1 AND c_d_id = $2 AND c_id = $3 FOR UPDATE","parameters: $1 = '1', $2 = '1', $3 = '93'",,,,,,,,"","client backend"
2024-06-16 14:31:35.523 CST,"raingage","benchmark",15270,"127.0.0.1:45212",666e86a6.3ba6,190,"SELECT",2024-06-16 14:31:02 CST,6/15,90653,LOG,00000,"execute S_1: SELECT c_discount, c_last, c_credit, w_tax     FROM bmsql_customer     JOIN bmsql_warehouse ON (w_id = c_w_id)     WHERE c_w_id = $1 AND c_d_id = $2 AND c_id = $3 FOR UPDATE","parameters: $1 = '1', $2 = '1', $3 = '93'",,,,,,,,"","client backend"
2024-06-16 14:31:35.591 CST,"raingage","benchmark",15270,"127.0.0.1:45212",666e86a6.3ba6,191,"SELECT",2024-06-16 14:31:02 CST,6/15,90653,LOG,00000,"execute S_1: SELECT c_discount, c_last, c_credit, w_tax     FROM bmsql_customer     JOIN bmsql_warehouse ON (w_id = c_w_id)     WHERE c_w_id = $1 AND c_d_id = $2 AND c_id = $3 FOR UPDATE","parameters: $1 = '1', $2 = '1', $3 = '93'",,,,,,,,"","client backend"
2024-06-16 14:31:35.662 CST,"raingage","benchmark",15270,"127.0.0.1:45212",666e86a6.3ba6,192,"SELECT",2024-06-16 14:31:02 CST,6/15,90653,LOG,00000,"execute S_1: SELECT c_discount, c_last, c_credit, w_tax     FROM bmsql_customer     JOIN bmsql_warehouse ON (w_id = c_w_id)     WHERE c_w_id = $1 AND c_d_id = $2 AND c_id = $3 FOR UPDATE","parameters: $1 = '1', $2 = '1', $3 = '93'",,,,,,,,"","client backend"
2024-06-16 14:31:35.726 CST,"raingage","benchmark",15270,"127.0.0.1:45212",666e86a6.3ba6,193,"SELECT",2024-06-16 14:31:02 CST,6/15,90653,LOG,00000,"execute S_1: SELECT c_discount, c_last, c_credit, w_tax     FROM bmsql_customer     JOIN bmsql_warehouse ON (w_id = c_w_id)     WHERE c_w_id = $1 AND c_d_id = $2 AND c_id = $3 FOR UPDATE","parameters: $1 = '1', $2 = '1', $3 = '93'",,,,,,,,"","client backend"
2024-06-16 14:31:35.797 CST,"raingage","benchmark",15270,"127.0.0.1:45212",666e86a6.3ba6,194,"SELECT",2024-06-16 14:31:02 CST,6/15,90653,LOG,00000,"execute S_1: SELECT c_discount, c_last, c_credit, w_tax     FROM bmsql_customer     JOIN bmsql_warehouse ON (w_id = c_w_id)     WHERE c_w_id = $1 AND c_d_id = $2 AND c_id = $3 FOR UPDATE","parameters: $1 = '1', $2 = '1', $3 = '93'",,,,,,,,"","client backend"
2024-06-16 14:31:35.800 CST,"raingage","benchmark",15270,"127.0.0.1:45212",666e86a6.3ba6,195,"SELECT",2024-06-16 14:31:02 CST,6/15,90653,LOG,00000,"execute S_5: SELECT i_price, i_name, i_data     FROM bmsql_item     WHERE i_id = $1","parameters: $1 = '73'",,,,,,,,"","client backend"
2024-06-16 14:31:35.820 CST,"raingage","benchmark",15270,"127.0.0.1:45212",666e86a6.3ba6,196,"SELECT",2024-06-16 14:31:02 CST,6/15,90653,LOG,00000,"execute S_6: SELECT s_quantity, s_data,        s_dist_01, s_dist_02, s_dist_03, s_dist_04,        s_dist_05, s_dist_06, s_dist_07, s_dist_08,        s_dist_09, s_dist_10     FROM bmsql_stock     WHERE s_w_id = $1 AND s_i_id = $2  FOR UPDATE","parameters: $1 = '1', $2 = '73'",,,,,,,,"","client backend"
2024-06-16 14:31:35.842 CST,"raingage","benchmark",15270,"127.0.0.1:45212",666e86a6.3ba6,197,"UPDATE",2024-06-16 14:31:02 CST,6/15,90653,LOG,00000,"execute S_7: UPDATE bmsql_stock     SET s_quantity = $1, s_ytd = s_ytd + $2,         s_order_cnt = s_order_cnt + 1,         s_remote_cnt = s_remote_cnt + $3     WHERE s_w_id = $4 AND s_i_id = $5","parameters: $1 = '75', $2 = '3', $3 = '0', $4 = '1', $5 = '73'",,,,,,,,"","client backend"
2024-06-16 14:31:35.862 CST,"raingage","benchmark",15270,"127.0.0.1:45212",666e86a6.3ba6,198,"COMMIT",2024-06-16 14:31:02 CST,6/15,90653,LOG,00000,"execute S_2: COMMIT",,,,,,,,,"","client backend"
2024-06-16 14:31:35.934 CST,"raingage","benchmark",15271,"127.0.0.1:45214",666e86a7.3ba7,260,"SELECT",2024-06-16 14:31:03 CST,7/20,90654,LOG,00000,"execute S_1: SELECT c_discount, c_last, c_credit, w_tax     FROM bmsql_customer     JOIN bmsql_warehouse ON (w_id = c_w_id)     WHERE c_w_id = $1 AND c_d_id = $2 AND c_id = $3 FOR UPDATE","parameters: $1 = '1', $2 = '1', $3 = '38'",,,,,,,,"","client backend"
2024-06-16 14:31:35.999 CST,"raingage","benchmark",15271,"127.0.0.1:45214",666e86a7.3ba7,261,"SELECT",2024-06-16 14:31:03 CST,7/20,90654,LOG,00000,"execute S_1: SELECT c_discount, c_last, c_credit, w_tax     FROM bmsql_customer     JOIN bmsql_warehouse ON (w_id = c_w_id)     WHERE c_w_id = $1 AND c_d_id = $2 AND c_id = $3 FOR UPDATE","parameters: $1 = '1', $2 = '1', $3 = '38'",,,,,,,,"","client backend"
2024-06-16 14:31:36.067 CST,"raingage","benchmark",15271,"127.0.0.1:45214",666e86a7.3ba7,262,"SELECT",2024-06-16 14:31:03 CST,7/20,90654,LOG,00000,"execute S_1: SELECT c_discount, c_last, c_credit, w_tax     FROM bmsql_customer     JOIN bmsql_warehouse ON (w_id = c_w_id)     WHERE c_w_id = $1 AND c_d_id = $2 AND c_id = $3 FOR UPDATE","parameters: $1 = '1', $2 = '1', $3 = '38'",,,,,,,,"","client backend"
2024-06-16 14:31:36.131 CST,"raingage","benchmark",15271,"127.0.0.1:45214",666e86a7.3ba7,263,"SELECT",2024-06-16 14:31:03 CST,7/20,90654,LOG,00000,"execute S_1: SELECT c_discount, c_last, c_credit, w_tax     FROM bmsql_customer     JOIN bmsql_warehouse ON (w_id = c_w_id)     WHERE c_w_id = $1 AND c_d_id = $2 AND c_id = $3 FOR UPDATE","parameters: $1 = '1', $2 = '1', $3 = '38'",,,,,,,,"","client backend"
2024-06-16 14:31:36.194 CST,"raingage","benchmark",15271,"127.0.0.1:45214",666e86a7.3ba7,264,"SELECT",2024-06-16 14:31:03 CST,7/20,90654,LOG,00000,"execute S_1: SELECT c_discount, c_last, c_credit, w_tax     FROM bmsql_customer     JOIN bmsql_warehouse ON (w_id = c_w_id)     WHERE c_w_id = $1 AND c_d_id = $2 AND c_id = $3 FOR UPDATE","parameters: $1 = '1', $2 = '1', $3 = '38'",,,,,,,,"","client backend"
2024-06-16 14:31:36.267 CST,"raingage","benchmark",15271,"127.0.0.1:45214",666e86a7.3ba7,265,"SELECT",2024-06-16 14:31:03 CST,7/20,90654,LOG,00000,"execute S_1: SELECT c_discount, c_last, c_credit, w_tax     FROM bmsql_customer     JOIN bmsql_warehouse ON (w_id = c_w_id)     WHERE c_w_id = $1 AND c_d_id = $2 AND c_id = $3 FOR UPDATE","parameters: $1 = '1', $2 = '1', $3 = '38'",,,,,,,,"","client backend"
2024-06-16 14:31:36.287 CST,"raingage","benchmark",15268,"127.0.0.1:45208",666e86a6.3ba4,201,"BEGIN",2024-06-16 14:31:02 CST,4/16,0,LOG,00000,"execute S_3: BEGIN",,,,,,,,,"","client backend"
2024-06-16 14:31:36.299 CST,"raingage","benchmark",15268,"127.0.0.1:45208",666e86a6.3ba4,202,"SELECT",2024-06-16 14:31:02 CST,4/16,0,LOG,00000,"execute S_4: SELECT d_tax, d_next_o_id     FROM bmsql_district     WHERE d_w_id = $1 AND d_id = $2 ","parameters: $1 = '1', $2 = '1'",,,,,,,,"","client backend"
2024-06-16 14:31:36.325 CST,"raingage","benchmark",15271,"127.0.0.1:45214",666e86a7.3ba7,266,"SELECT",2024-06-16 14:31:03 CST,7/20,90654,LOG,00000,"execute S_1: SELECT c_discount, c_last, c_credit, w_tax     FROM bmsql_customer     JOIN bmsql_warehouse ON (w_id = c_w_id)     WHERE c_w_id = $1 AND c_d_id = $2 AND c_id = $3 FOR UPDATE","parameters: $1 = '1', $2 = '1', $3 = '38'",,,,,,,,"","client backend"
2024-06-16 14:31:36.339 CST,"raingage","benchmark",15271,"127.0.0.1:45214",666e86a7.3ba7,267,"SELECT",2024-06-16 14:31:03 CST,7/20,90654,LOG,00000,"execute S_5: SELECT i_price, i_name, i_data     FROM bmsql_item     WHERE i_id = $1","parameters: $1 = '44'",,,,,,,,"","client backend"
2024-06-16 14:31:36.355 CST,"raingage","benchmark",15271,"127.0.0.1:45214",666e86a7.3ba7,268,"SELECT",2024-06-16 14:31:03 CST,7/20,90654,LOG,00000,"execute S_6: SELECT s_quantity, s_data,        s_dist_01, s_dist_02, s_dist_03, s_dist_04,        s_dist_05, s_dist_06, s_dist_07, s_dist_08,        s_dist_09, s_dist_10     FROM bmsql_stock     WHERE s_w_id = $1 AND s_i_id = $2  FOR UPDATE","parameters: $1 = '1', $2 = '44'",,,,,,,,"","client backend"
2024-06-16 14:31:36.367 CST,"raingage","benchmark",15268,"127.0.0.1:45208",666e86a6.3ba4,203,"SELECT",2024-06-16 14:31:02 CST,4/16,0,LOG,00000,"execute S_1: SELECT c_discount, c_last, c_credit, w_tax     FROM bmsql_customer     JOIN bmsql_warehouse ON (w_id = c_w_id)     WHERE c_w_id = $1 AND c_d_id = $2 AND c_id = $3 FOR UPDATE","parameters: $1 = '1', $2 = '1', $3 = '17'",,,,,,,,"","client backend"
2024-06-16 14:31:36.376 CST,"raingage","benchmark",15271,"127.0.0.1:45214",666e86a7.3ba7,269,"UPDATE",2024-06-16 14:31:03 CST,7/20,90654,LOG,00000,"execute S_7: UPDATE bmsql_stock     SET s_quantity = $1, s_ytd = s_ytd + $2,         s_order_cnt = s_order_cnt + 1,         s_remote_cnt = s_remote_cnt + $3     WHERE s_w_id = $4 AND s_i_id = $5","parameters: $1 = '31', $2 = '3', $3 = '0', $4 = '1', $5 = '44'",,,,,,,,"","client backend"
2024-06-16 14:31:36.393 CST,"raingage","benchmark",15271,"127.0.0.1:45214",666e86a7.3ba7,270,"COMMIT",2024-06-16 14:31:03 CST,7/20,90654,LOG,00000,"execute S_2: COMMIT",,,,,,,,,"","client backend"
2024-06-16 14:31:36.416 CST,"raingage","benchmark",15271,"127.0.0.1:45214",666e86a7.3ba7,271,"BEGIN",2024-06-16 14:31:03 CST,7/21,0,LOG,00000,"execute S_3: BEGIN",,,,,,,,,"","client backend"
2024-06-16 14:31:36.431 CST,"raingage","benchmark",15271,"127.0.0.1:45214",666e86a7.3ba7,272,"SELECT",2024-06-16 14:31:03 CST,7/21,0,LOG,00000,"execute S_4: SELECT d_tax, d_next_o_id     FROM bmsql_district     WHERE d_w_id = $1 AND d_id = $2 ","parameters: $1 = '1', $2 = '1'",,,,,,,,"","client backend"
2024-06-16 14:31:36.465 CST,"raingage","benchmark",15268,"127.0.0.1:45208",666e86a6.3ba4,204,"SELECT",2024-06-16 14:31:02 CST,4/16,90655,LOG,00000,"execute S_1: SELECT c_discount, c_last, c_credit, w_tax     FROM bmsql_customer     JOIN bmsql_warehouse ON (w_id = c_w_id)     WHERE c_w_id = $1 AND c_d_id = $2 AND c_id = $3 FOR UPDATE","parameters: $1 = '1', $2 = '1', $3 = '17'",,,,,,,,"","client backend"
2024-06-16 14:31:36.497 CST,"raingage","benchmark",15271,"127.0.0.1:45214",666e86a7.3ba7,273,"SELECT",2024-06-16 14:31:03 CST,7/21,0,LOG,00000,"execute S_1: SELECT c_discount, c_last, c_credit, w_tax     FROM bmsql_customer     JOIN bmsql_warehouse ON (w_id = c_w_id)     WHERE c_w_id = $1 AND c_d_id = $2 AND c_id = $3 FOR UPDATE","parameters: $1 = '1', $2 = '1', $3 = '10'",,,,,,,,"","client backend"
2024-06-16 14:31:36.530 CST,"raingage","benchmark",15268,"127.0.0.1:45208",666e86a6.3ba4,205,"SELECT",2024-06-16 14:31:02 CST,4/16,90655,LOG,00000,"execute S_1: SELECT c_discount, c_last, c_credit, w_tax     FROM bmsql_customer     JOIN bmsql_warehouse ON (w_id = c_w_id)     WHERE c_w_id = $1 AND c_d_id = $2 AND c_id = $3 FOR UPDATE","parameters: $1 = '1', $2 = '1', $3 = '17'",,,,,,,,"","client backend"
2024-06-16 14:31:36.595 CST,"raingage","benchmark",15268,"127.0.0.1:45208",666e86a6.3ba4,206,"SELECT",2024-06-16 14:31:02 CST,4/16,90655,LOG,00000,"execute S_1: SELECT c_discount, c_last, c_credit, w_tax     FROM bmsql_customer     JOIN bmsql_warehouse ON (w_id = c_w_id)     WHERE c_w_id = $1 AND c_d_id = $2 AND c_id = $3 FOR UPDATE","parameters: $1 = '1', $2 = '1', $3 = '17'",,,,,,,,"","client backend"
2024-06-16 14:31:36.662 CST,"raingage","benchmark",15268,"127.0.0.1:45208",666e86a6.3ba4,207,"SELECT",2024-06-16 14:31:02 CST,4/16,90655,LOG,00000,"execute S_1: SELECT c_discount, c_last, c_credit, w_tax     FROM bmsql_customer     JOIN bmsql_warehouse ON (w_id = c_w_id)     WHERE c_w_id = $1 AND c_d_id = $2 AND c_id = $3 FOR UPDATE","parameters: $1 = '1', $2 = '1', $3 = '17'",,,,,,,,"","client backend"
2024-06-16 14:31:36.735 CST,"raingage","benchmark",15268,"127.0.0.1:45208",666e86a6.3ba4,208,"SELECT",2024-06-16 14:31:02 CST,4/16,90655,LOG,00000,"execute S_1: SELECT c_discount, c_last, c_credit, w_tax     FROM bmsql_customer     JOIN bmsql_warehouse ON (w_id = c_w_id)     WHERE c_w_id = $1 AND c_d_id = $2 AND c_id = $3 FOR UPDATE","parameters: $1 = '1', $2 = '1', $3 = '17'",,,,,,,,"","client backend"
2024-06-16 14:31:36.802 CST,"raingage","benchmark",15268,"127.0.0.1:45208",666e86a6.3ba4,209,"SELECT",2024-06-16 14:31:02 CST,4/16,90655,LOG,00000,"execute S_1: SELECT c_discount, c_last, c_credit, w_tax     FROM bmsql_customer     JOIN bmsql_warehouse ON (w_id = c_w_id)     WHERE c_w_id = $1 AND c_d_id = $2 AND c_id = $3 FOR UPDATE","parameters: $1 = '1', $2 = '1', $3 = '17'",,,,,,,,"","client backend"
2024-06-16 14:31:36.867 CST,"raingage","benchmark",15268,"127.0.0.1:45208",666e86a6.3ba4,210,"SELECT",2024-06-16 14:31:02 CST,4/16,90655,LOG,00000,"execute S_1: SELECT c_discount, c_last, c_credit, w_tax     FROM bmsql_customer     JOIN bmsql_warehouse ON (w_id = c_w_id)     WHERE c_w_id = $1 AND c_d_id = $2 AND c_id = $3 FOR UPDATE","parameters: $1 = '1', $2 = '1', $3 = '17'",,,,,,,,"","client backend"
2024-06-16 14:31:36.887 CST,"raingage","benchmark",15268,"127.0.0.1:45208",666e86a6.3ba4,211,"SELECT",2024-06-16 14:31:02 CST,4/16,90655,LOG,00000,"execute S_5: SELECT i_price, i_name, i_data     FROM bmsql_item     WHERE i_id = $1","parameters: $1 = '18'",,,,,,,,"","client backend"
2024-06-16 14:31:36.904 CST,"raingage","benchmark",15268,"127.0.0.1:45208",666e86a6.3ba4,212,"SELECT",2024-06-16 14:31:02 CST,4/16,90655,LOG,00000,"execute S_6: SELECT s_quantity, s_data,        s_dist_01, s_dist_02, s_dist_03, s_dist_04,        s_dist_05, s_dist_06, s_dist_07, s_dist_08,        s_dist_09, s_dist_10     FROM bmsql_stock     WHERE s_w_id = $1 AND s_i_id = $2  FOR UPDATE","parameters: $1 = '1', $2 = '18'",,,,,,,,"","client backend"
2024-06-16 14:31:36.916 CST,"raingage","benchmark",15268,"127.0.0.1:45208",666e86a6.3ba4,213,"UPDATE",2024-06-16 14:31:02 CST,4/16,90655,LOG,00000,"execute S_7: UPDATE bmsql_stock     SET s_quantity = $1, s_ytd = s_ytd + $2,         s_order_cnt = s_order_cnt + 1,         s_remote_cnt = s_remote_cnt + $3     WHERE s_w_id = $4 AND s_i_id = $5","parameters: $1 = '67', $2 = '2', $3 = '0', $4 = '1', $5 = '18'",,,,,,,,"","client backend"
2024-06-16 14:31:36.935 CST,"raingage","benchmark",15268,"127.0.0.1:45208",666e86a6.3ba4,214,"COMMIT",2024-06-16 14:31:02 CST,4/16,90655,LOG,00000,"execute S_2: COMMIT",,,,,,,,,"","client backend"
2024-06-16 14:31:36.950 CST,"raingage","benchmark",15268,"127.0.0.1:45208",666e86a6.3ba4,215,"BEGIN",2024-06-16 14:31:02 CST,4/17,0,LOG,00000,"execute S_3: BEGIN",,,,,,,,,"","client backend"
2024-06-16 14:31:36.964 CST,"raingage","benchmark",15268,"127.0.0.1:45208",666e86a6.3ba4,216,"SELECT",2024-06-16 14:31:02 CST,4/17,0,LOG,00000,"execute S_4: SELECT d_tax, d_next_o_id     FROM bmsql_district     WHERE d_w_id = $1 AND d_id = $2 ","parameters: $1 = '1', $2 = '1'",,,,,,,,"","client backend"
2024-06-16 14:31:37.005 CST,"raingage","benchmark",15269,"127.0.0.1:45210",666e86a6.3ba5,118,"SELECT",2024-06-16 14:31:02 CST,5/10,90656,LOG,00000,"execute S_1: SELECT c_discount, c_last, c_credit, w_tax     FROM bmsql_customer     JOIN bmsql_warehouse ON (w_id = c_w_id)     WHERE c_w_id = $1 AND c_d_id = $2 AND c_id = $3 FOR UPDATE","parameters: $1 = '1', $2 = '1', $3 = '38'",,,,,,,,"","client backend"
2024-06-16 14:31:37.030 CST,"raingage","benchmark",15268,"127.0.0.1:45208",666e86a6.3ba4,217,"SELECT",2024-06-16 14:31:02 CST,4/17,0,LOG,00000,"execute S_1: SELECT c_discount, c_last, c_credit, w_tax     FROM bmsql_customer     JOIN bmsql_warehouse ON (w_id = c_w_id)     WHERE c_w_id = $1 AND c_d_id = $2 AND c_id = $3 FOR UPDATE","parameters: $1 = '1', $2 = '1', $3 = '71'",,,,,,,,"","client backend"
2024-06-16 14:31:37.074 CST,"raingage","benchmark",15269,"127.0.0.1:45210",666e86a6.3ba5,119,"SELECT",2024-06-16 14:31:02 CST,5/10,90656,LOG,00000,"execute S_1: SELECT c_discount, c_last, c_credit, w_tax     FROM bmsql_customer     JOIN bmsql_warehouse ON (w_id = c_w_id)     WHERE c_w_id = $1 AND c_d_id = $2 AND c_id = $3 FOR UPDATE","parameters: $1 = '1', $2 = '1', $3 = '38'",,,,,,,,"","client backend"
2024-06-16 14:31:37.142 CST,"raingage","benchmark",15269,"127.0.0.1:45210",666e86a6.3ba5,120,"SELECT",2024-06-16 14:31:02 CST,5/10,90656,LOG,00000,"execute S_1: SELECT c_discount, c_last, c_credit, w_tax     FROM bmsql_customer     JOIN bmsql_warehouse ON (w_id = c_w_id)     WHERE c_w_id = $1 AND c_d_id = $2 AND c_id = $3 FOR UPDATE","parameters: $1 = '1', $2 = '1', $3 = '38'",,,,,,,,"","client backend"
2024-06-16 14:31:37.212 CST,"raingage","benchmark",15269,"127.0.0.1:45210",666e86a6.3ba5,121,"SELECT",2024-06-16 14:31:02 CST,5/10,90656,LOG,00000,"execute S_1: SELECT c_discount, c_last, c_credit, w_tax     FROM bmsql_customer     JOIN bmsql_warehouse ON (w_id = c_w_id)     WHERE c_w_id = $1 AND c_d_id = $2 AND c_id = $3 FOR UPDATE","parameters: $1 = '1', $2 = '1', $3 = '38'",,,,,,,,"","client backend"
2024-06-16 14:31:37.282 CST,"raingage","benchmark",15269,"127.0.0.1:45210",666e86a6.3ba5,122,"SELECT",2024-06-16 14:31:02 CST,5/10,90656,LOG,00000,"execute S_1: SELECT c_discount, c_last, c_credit, w_tax     FROM bmsql_customer     JOIN bmsql_warehouse ON (w_id = c_w_id)     WHERE c_w_id = $1 AND c_d_id = $2 AND c_id = $3 FOR UPDATE","parameters: $1 = '1', $2 = '1', $3 = '38'",,,,,,,,"","client backend"
2024-06-16 14:31:37.344 CST,"raingage","benchmark",15269,"127.0.0.1:45210",666e86a6.3ba5,123,"SELECT",2024-06-16 14:31:02 CST,5/10,90656,LOG,00000,"execute S_1: SELECT c_discount, c_last, c_credit, w_tax     FROM bmsql_customer     JOIN bmsql_warehouse ON (w_id = c_w_id)     WHERE c_w_id = $1 AND c_d_id = $2 AND c_id = $3 FOR UPDATE","parameters: $1 = '1', $2 = '1', $3 = '38'",,,,,,,,"","client backend"
2024-06-16 14:31:37.415 CST,"raingage","benchmark",15269,"127.0.0.1:45210",666e86a6.3ba5,124,"SELECT",2024-06-16 14:31:02 CST,5/10,90656,LOG,00000,"execute S_1: SELECT c_discount, c_last, c_credit, w_tax     FROM bmsql_customer     JOIN bmsql_warehouse ON (w_id = c_w_id)     WHERE c_w_id = $1 AND c_d_id = $2 AND c_id = $3 FOR UPDATE","parameters: $1 = '1', $2 = '1', $3 = '38'",,,,,,,,"","client backend"
2024-06-16 14:31:37.430 CST,"raingage","benchmark",15269,"127.0.0.1:45210",666e86a6.3ba5,125,"SELECT",2024-06-16 14:31:02 CST,5/10,90656,LOG,00000,"execute S_6: SELECT i_price, i_name, i_data     FROM bmsql_item     WHERE i_id = $1","parameters: $1 = '44'",,,,,,,,"","client backend"
2024-06-16 14:31:37.450 CST,"raingage","benchmark",15269,"127.0.0.1:45210",666e86a6.3ba5,126,"SELECT",2024-06-16 14:31:02 CST,5/10,90656,LOG,00000,"execute S_7: SELECT s_quantity, s_data,        s_dist_01, s_dist_02, s_dist_03, s_dist_04,        s_dist_05, s_dist_06, s_dist_07, s_dist_08,        s_dist_09, s_dist_10     FROM bmsql_stock     WHERE s_w_id = $1 AND s_i_id = $2  FOR UPDATE","parameters: $1 = '1', $2 = '44'",,,,,,,,"","client backend"
2024-06-16 14:31:37.468 CST,"raingage","benchmark",15269,"127.0.0.1:45210",666e86a6.3ba5,127,"UPDATE",2024-06-16 14:31:02 CST,5/10,90656,LOG,00000,"execute S_8: UPDATE bmsql_stock     SET s_quantity = $1, s_ytd = s_ytd + $2,         s_order_cnt = s_order_cnt + 1,         s_remote_cnt = s_remote_cnt + $3     WHERE s_w_id = $4 AND s_i_id = $5","parameters: $1 = '28', $2 = '3', $3 = '0', $4 = '1', $5 = '44'",,,,,,,,"","client backend"
2024-06-16 14:31:37.484 CST,"raingage","benchmark",15269,"127.0.0.1:45210",666e86a6.3ba5,128,"COMMIT",2024-06-16 14:31:02 CST,5/10,90656,LOG,00000,"execute S_3: COMMIT",,,,,,,,,"","client backend"
2024-06-16 14:31:37.498 CST,"raingage","benchmark",15269,"127.0.0.1:45210",666e86a6.3ba5,129,"BEGIN",2024-06-16 14:31:02 CST,5/11,0,LOG,00000,"execute S_4: BEGIN",,,,,,,,,"","client backend"
2024-06-16 14:31:37.517 CST,"raingage","benchmark",15269,"127.0.0.1:45210",666e86a6.3ba5,130,"SELECT",2024-06-16 14:31:02 CST,5/11,0,LOG,00000,"execute S_5: SELECT d_tax, d_next_o_id     FROM bmsql_district     WHERE d_w_id = $1 AND d_id = $2 ","parameters: $1 = '1', $2 = '1'",,,,,,,,"","client backend"
2024-06-16 14:31:37.553 CST,"raingage","benchmark",15271,"127.0.0.1:45214",666e86a7.3ba7,274,"SELECT",2024-06-16 14:31:03 CST,7/21,90657,LOG,00000,"execute S_1: SELECT c_discount, c_last, c_credit, w_tax     FROM bmsql_customer     JOIN bmsql_warehouse ON (w_id = c_w_id)     WHERE c_w_id = $1 AND c_d_id = $2 AND c_id = $3 FOR UPDATE","parameters: $1 = '1', $2 = '1', $3 = '10'",,,,,,,,"","client backend"
2024-06-16 14:31:37.581 CST,"raingage","benchmark",15269,"127.0.0.1:45210",666e86a6.3ba5,131,"SELECT",2024-06-16 14:31:02 CST,5/11,0,LOG,00000,"execute S_1: SELECT c_discount, c_last, c_credit, w_tax     FROM bmsql_customer     JOIN bmsql_warehouse ON (w_id = c_w_id)     WHERE c_w_id = $1 AND c_d_id = $2 AND c_id = $3 FOR UPDATE","parameters: $1 = '1', $2 = '1', $3 = '71'",,,,,,,,"","client backend"
2024-06-16 14:31:37.622 CST,"raingage","benchmark",15271,"127.0.0.1:45214",666e86a7.3ba7,275,"SELECT",2024-06-16 14:31:03 CST,7/21,90657,LOG,00000,"execute S_1: SELECT c_discount, c_last, c_credit, w_tax     FROM bmsql_customer     JOIN bmsql_warehouse ON (w_id = c_w_id)     WHERE c_w_id = $1 AND c_d_id = $2 AND c_id = $3 FOR UPDATE","parameters: $1 = '1', $2 = '1', $3 = '10'",,,,,,,,"","client backend"
2024-06-16 14:31:37.687 CST,"raingage","benchmark",15271,"127.0.0.1:45214",666e86a7.3ba7,276,"SELECT",2024-06-16 14:31:03 CST,7/21,90657,LOG,00000,"execute S_1: SELECT c_discount, c_last, c_credit, w_tax     FROM bmsql_customer     JOIN bmsql_warehouse ON (w_id = c_w_id)     WHERE c_w_id = $1 AND c_d_id = $2 AND c_id = $3 FOR UPDATE","parameters: $1 = '1', $2 = '1', $3 = '10'",,,,,,,,"","client backend"
2024-06-16 14:31:37.759 CST,"raingage","benchmark",15271,"127.0.0.1:45214",666e86a7.3ba7,277,"SELECT",2024-06-16 14:31:03 CST,7/21,90657,LOG,00000,"execute S_1: SELECT c_discount, c_last, c_credit, w_tax     FROM bmsql_customer     JOIN bmsql_warehouse ON (w_id = c_w_id)     WHERE c_w_id = $1 AND c_d_id = $2 AND c_id = $3 FOR UPDATE","parameters: $1 = '1', $2 = '1', $3 = '10'",,,,,,,,"","client backend"
2024-06-16 14:31:37.830 CST,"raingage","benchmark",15271,"127.0.0.1:45214",666e86a7.3ba7,278,"SELECT",2024-06-16 14:31:03 CST,7/21,90657,LOG,00000,"execute S_1: SELECT c_discount, c_last, c_credit, w_tax     FROM bmsql_customer     JOIN bmsql_warehouse ON (w_id = c_w_id)     WHERE c_w_id = $1 AND c_d_id = $2 AND c_id = $3 FOR UPDATE","parameters: $1 = '1', $2 = '1', $3 = '10'",,,,,,,,"","client backend"
2024-06-16 14:31:37.903 CST,"raingage","benchmark",15271,"127.0.0.1:45214",666e86a7.3ba7,279,"SELECT",2024-06-16 14:31:03 CST,7/21,90657,LOG,00000,"execute S_1: SELECT c_discount, c_last, c_credit, w_tax     FROM bmsql_customer     JOIN bmsql_warehouse ON (w_id = c_w_id)     WHERE c_w_id = $1 AND c_d_id = $2 AND c_id = $3 FOR UPDATE","parameters: $1 = '1', $2 = '1', $3 = '10'",,,,,,,,"","client backend"
2024-06-16 14:31:37.975 CST,"raingage","benchmark",15271,"127.0.0.1:45214",666e86a7.3ba7,280,"SELECT",2024-06-16 14:31:03 CST,7/21,90657,LOG,00000,"execute S_1: SELECT c_discount, c_last, c_credit, w_tax     FROM bmsql_customer     JOIN bmsql_warehouse ON (w_id = c_w_id)     WHERE c_w_id = $1 AND c_d_id = $2 AND c_id = $3 FOR UPDATE","parameters: $1 = '1', $2 = '1', $3 = '10'",,,,,,,,"","client backend"
2024-06-16 14:31:37.996 CST,"raingage","benchmark",15271,"127.0.0.1:45214",666e86a7.3ba7,281,"SELECT",2024-06-16 14:31:03 CST,7/21,90657,LOG,00000,"execute S_5: SELECT i_price, i_name, i_data     FROM bmsql_item     WHERE i_id = $1","parameters: $1 = '43'",,,,,,,,"","client backend"
2024-06-16 14:31:38.013 CST,"raingage","benchmark",15271,"127.0.0.1:45214",666e86a7.3ba7,282,"SELECT",2024-06-16 14:31:03 CST,7/21,90657,LOG,00000,"execute S_6: SELECT s_quantity, s_data,        s_dist_01, s_dist_02, s_dist_03, s_dist_04,        s_dist_05, s_dist_06, s_dist_07, s_dist_08,        s_dist_09, s_dist_10     FROM bmsql_stock     WHERE s_w_id = $1 AND s_i_id = $2  FOR UPDATE","parameters: $1 = '1', $2 = '43'",,,,,,,,"","client backend"
2024-06-16 14:31:38.024 CST,"raingage","benchmark",15271,"127.0.0.1:45214",666e86a7.3ba7,283,"UPDATE",2024-06-16 14:31:03 CST,7/21,90657,LOG,00000,"execute S_7: UPDATE bmsql_stock     SET s_quantity = $1, s_ytd = s_ytd + $2,         s_order_cnt = s_order_cnt + 1,         s_remote_cnt = s_remote_cnt + $3     WHERE s_w_id = $4 AND s_i_id = $5","parameters: $1 = '84', $2 = '2', $3 = '0', $4 = '1', $5 = '43'",,,,,,,,"","client backend"
2024-06-16 14:31:38.036 CST,"raingage","benchmark",15271,"127.0.0.1:45214",666e86a7.3ba7,284,"COMMIT",2024-06-16 14:31:03 CST,7/21,90657,LOG,00000,"execute S_2: COMMIT",,,,,,,,,"","client backend"
2024-06-16 14:31:38.056 CST,"raingage","benchmark",15271,"127.0.0.1:45214",666e86a7.3ba7,285,"BEGIN",2024-06-16 14:31:03 CST,7/22,0,LOG,00000,"execute S_3: BEGIN",,,,,,,,,"","client backend"
2024-06-16 14:31:38.074 CST,"raingage","benchmark",15271,"127.0.0.1:45214",666e86a7.3ba7,286,"SELECT",2024-06-16 14:31:03 CST,7/22,0,LOG,00000,"execute S_4: SELECT d_tax, d_next_o_id     FROM bmsql_district     WHERE d_w_id = $1 AND d_id = $2 ","parameters: $1 = '1', $2 = '1'",,,,,,,,"","client backend"
2024-06-16 14:31:38.105 CST,"raingage","benchmark",15268,"127.0.0.1:45208",666e86a6.3ba4,218,"SELECT",2024-06-16 14:31:02 CST,4/17,90658,LOG,00000,"execute S_1: SELECT c_discount, c_last, c_credit, w_tax     FROM bmsql_customer     JOIN bmsql_warehouse ON (w_id = c_w_id)     WHERE c_w_id = $1 AND c_d_id = $2 AND c_id = $3 FOR UPDATE","parameters: $1 = '1', $2 = '1', $3 = '71'",,,,,,,,"","client backend"
2024-06-16 14:31:38.144 CST,"raingage","benchmark",15271,"127.0.0.1:45214",666e86a7.3ba7,287,"SELECT",2024-06-16 14:31:03 CST,7/22,0,LOG,00000,"execute S_1: SELECT c_discount, c_last, c_credit, w_tax     FROM bmsql_customer     JOIN bmsql_warehouse ON (w_id = c_w_id)     WHERE c_w_id = $1 AND c_d_id = $2 AND c_id = $3 FOR UPDATE","parameters: $1 = '1', $2 = '1', $3 = '15'",,,,,,,,"","client backend"
2024-06-16 14:31:38.175 CST,"raingage","benchmark",15268,"127.0.0.1:45208",666e86a6.3ba4,219,"SELECT",2024-06-16 14:31:02 CST,4/17,90658,LOG,00000,"execute S_1: SELECT c_discount, c_last, c_credit, w_tax     FROM bmsql_customer     JOIN bmsql_warehouse ON (w_id = c_w_id)     WHERE c_w_id = $1 AND c_d_id = $2 AND c_id = $3 FOR UPDATE","parameters: $1 = '1', $2 = '1', $3 = '71'",,,,,,,,"","client backend"
2024-06-16 14:31:38.247 CST,"raingage","benchmark",15268,"127.0.0.1:45208",666e86a6.3ba4,220,"SELECT",2024-06-16 14:31:02 CST,4/17,90658,LOG,00000,"execute S_1: SELECT c_discount, c_last, c_credit, w_tax     FROM bmsql_customer     JOIN bmsql_warehouse ON (w_id = c_w_id)     WHERE c_w_id = $1 AND c_d_id = $2 AND c_id = $3 FOR UPDATE","parameters: $1 = '1', $2 = '1', $3 = '71'",,,,,,,,"","client backend"
2024-06-16 14:31:38.318 CST,"raingage","benchmark",15268,"127.0.0.1:45208",666e86a6.3ba4,221,"SELECT",2024-06-16 14:31:02 CST,4/17,90658,LOG,00000,"execute S_1: SELECT c_discount, c_last, c_credit, w_tax     FROM bmsql_customer     JOIN bmsql_warehouse ON (w_id = c_w_id)     WHERE c_w_id = $1 AND c_d_id = $2 AND c_id = $3 FOR UPDATE","parameters: $1 = '1', $2 = '1', $3 = '71'",,,,,,,,"","client backend"
2024-06-16 14:31:38.385 CST,"raingage","benchmark",15268,"127.0.0.1:45208",666e86a6.3ba4,222,"SELECT",2024-06-16 14:31:02 CST,4/17,90658,LOG,00000,"execute S_1: SELECT c_discount, c_last, c_credit, w_tax     FROM bmsql_customer     JOIN bmsql_warehouse ON (w_id = c_w_id)     WHERE c_w_id = $1 AND c_d_id = $2 AND c_id = $3 FOR UPDATE","parameters: $1 = '1', $2 = '1', $3 = '71'",,,,,,,,"","client backend"
2024-06-16 14:31:38.455 CST,"raingage","benchmark",15268,"127.0.0.1:45208",666e86a6.3ba4,223,"SELECT",2024-06-16 14:31:02 CST,4/17,90658,LOG,00000,"execute S_1: SELECT c_discount, c_last, c_credit, w_tax     FROM bmsql_customer     JOIN bmsql_warehouse ON (w_id = c_w_id)     WHERE c_w_id = $1 AND c_d_id = $2 AND c_id = $3 FOR UPDATE","parameters: $1 = '1', $2 = '1', $3 = '71'",,,,,,,,"","client backend"
2024-06-16 14:31:38.526 CST,"raingage","benchmark",15268,"127.0.0.1:45208",666e86a6.3ba4,224,"SELECT",2024-06-16 14:31:02 CST,4/17,90658,LOG,00000,"execute S_1: SELECT c_discount, c_last, c_credit, w_tax     FROM bmsql_customer     JOIN bmsql_warehouse ON (w_id = c_w_id)     WHERE c_w_id = $1 AND c_d_id = $2 AND c_id = $3 FOR UPDATE","parameters: $1 = '1', $2 = '1', $3 = '71'",,,,,,,,"","client backend"
2024-06-16 14:31:38.542 CST,"raingage","benchmark",15268,"127.0.0.1:45208",666e86a6.3ba4,225,"SELECT",2024-06-16 14:31:02 CST,4/17,90658,LOG,00000,"execute S_5: SELECT i_price, i_name, i_data     FROM bmsql_item     WHERE i_id = $1","parameters: $1 = '78'",,,,,,,,"","client backend"
2024-06-16 14:31:38.559 CST,"raingage","benchmark",15268,"127.0.0.1:45208",666e86a6.3ba4,226,"SELECT",2024-06-16 14:31:02 CST,4/17,90658,LOG,00000,"execute S_6: SELECT s_quantity, s_data,        s_dist_01, s_dist_02, s_dist_03, s_dist_04,        s_dist_05, s_dist_06, s_dist_07, s_dist_08,        s_dist_09, s_dist_10     FROM bmsql_stock     WHERE s_w_id = $1 AND s_i_id = $2  FOR UPDATE","parameters: $1 = '1', $2 = '78'",,,,,,,,"","client backend"
2024-06-16 14:31:38.572 CST,"raingage","benchmark",15268,"127.0.0.1:45208",666e86a6.3ba4,227,"UPDATE",2024-06-16 14:31:02 CST,4/17,90658,LOG,00000,"execute S_7: UPDATE bmsql_stock     SET s_quantity = $1, s_ytd = s_ytd + $2,         s_order_cnt = s_order_cnt + 1,         s_remote_cnt = s_remote_cnt + $3     WHERE s_w_id = $4 AND s_i_id = $5","parameters: $1 = '48', $2 = '2', $3 = '0', $4 = '1', $5 = '78'",,,,,,,,"","client backend"
2024-06-16 14:31:38.583 CST,"raingage","benchmark",15269,"127.0.0.1:45210",666e86a6.3ba5,132,"SELECT waiting",2024-06-16 14:31:02 CST,5/11,0,LOG,00000,"process 15269 still waiting for ShareLock on transaction 90658 after 1001.354 ms","Process holding the lock: 15268. Wait queue: 15269, 15271.",,,,"while locking tuple (1,27) in relation ""bmsql_customer""","SELECT c_discount, c_last, c_credit, w_tax     FROM bmsql_customer     JOIN bmsql_warehouse ON (w_id = c_w_id)     WHERE c_w_id = $1 AND c_d_id = $2 AND c_id = $3 FOR UPDATE",,,"","client backend"
2024-06-16 14:31:38.586 CST,"raingage","benchmark",15268,"127.0.0.1:45208",666e86a6.3ba4,228,"COMMIT",2024-06-16 14:31:02 CST,4/17,90658,LOG,00000,"execute S_2: COMMIT",,,,,,,,,"","client backend"
2024-06-16 14:31:38.588 CST,"raingage","benchmark",15269,"127.0.0.1:45210",666e86a6.3ba5,133,"SELECT waiting",2024-06-16 14:31:02 CST,5/11,0,LOG,00000,"process 15269 acquired ShareLock on transaction 90658 after 1005.898 ms",,,,,"while locking tuple (1,27) in relation ""bmsql_customer""","SELECT c_discount, c_last, c_credit, w_tax     FROM bmsql_customer     JOIN bmsql_warehouse ON (w_id = c_w_id)     WHERE c_w_id = $1 AND c_d_id = $2 AND c_id = $3 FOR UPDATE",,,"","client backend"
2024-06-16 14:31:38.602 CST,"raingage","benchmark",15268,"127.0.0.1:45208",666e86a6.3ba4,229,"BEGIN",2024-06-16 14:31:02 CST,4/18,0,LOG,00000,"execute S_3: BEGIN",,,,,,,,,"","client backend"
2024-06-16 14:31:38.618 CST,"raingage","benchmark",15268,"127.0.0.1:45208",666e86a6.3ba4,230,"SELECT",2024-06-16 14:31:02 CST,4/18,0,LOG,00000,"execute S_4: SELECT d_tax, d_next_o_id     FROM bmsql_district     WHERE d_w_id = $1 AND d_id = $2 ","parameters: $1 = '1', $2 = '1'",,,,,,,,"","client backend"
2024-06-16 14:31:38.659 CST,"raingage","benchmark",15271,"127.0.0.1:45214",666e86a7.3ba7,288,"SELECT",2024-06-16 14:31:03 CST,7/22,90659,LOG,00000,"execute S_1: SELECT c_discount, c_last, c_credit, w_tax     FROM bmsql_customer     JOIN bmsql_warehouse ON (w_id = c_w_id)     WHERE c_w_id = $1 AND c_d_id = $2 AND c_id = $3 FOR UPDATE","parameters: $1 = '1', $2 = '1', $3 = '15'",,,,,,,,"","client backend"
2024-06-16 14:31:38.687 CST,"raingage","benchmark",15268,"127.0.0.1:45208",666e86a6.3ba4,231,"SELECT",2024-06-16 14:31:02 CST,4/18,0,LOG,00000,"execute S_1: SELECT c_discount, c_last, c_credit, w_tax     FROM bmsql_customer     JOIN bmsql_warehouse ON (w_id = c_w_id)     WHERE c_w_id = $1 AND c_d_id = $2 AND c_id = $3 FOR UPDATE","parameters: $1 = '1', $2 = '1', $3 = '92'",,,,,,,,"","client backend"
2024-06-16 14:31:38.723 CST,"raingage","benchmark",15271,"127.0.0.1:45214",666e86a7.3ba7,289,"SELECT",2024-06-16 14:31:03 CST,7/22,90659,LOG,00000,"execute S_1: SELECT c_discount, c_last, c_credit, w_tax     FROM bmsql_customer     JOIN bmsql_warehouse ON (w_id = c_w_id)     WHERE c_w_id = $1 AND c_d_id = $2 AND c_id = $3 FOR UPDATE","parameters: $1 = '1', $2 = '1', $3 = '15'",,,,,,,,"","client backend"
2024-06-16 14:31:38.790 CST,"raingage","benchmark",15271,"127.0.0.1:45214",666e86a7.3ba7,290,"SELECT",2024-06-16 14:31:03 CST,7/22,90659,LOG,00000,"execute S_1: SELECT c_discount, c_last, c_credit, w_tax     FROM bmsql_customer     JOIN bmsql_warehouse ON (w_id = c_w_id)     WHERE c_w_id = $1 AND c_d_id = $2 AND c_id = $3 FOR UPDATE","parameters: $1 = '1', $2 = '1', $3 = '15'",,,,,,,,"","client backend"
2024-06-16 14:31:38.860 CST,"raingage","benchmark",15271,"127.0.0.1:45214",666e86a7.3ba7,291,"SELECT",2024-06-16 14:31:03 CST,7/22,90659,LOG,00000,"execute S_1: SELECT c_discount, c_last, c_credit, w_tax     FROM bmsql_customer     JOIN bmsql_warehouse ON (w_id = c_w_id)     WHERE c_w_id = $1 AND c_d_id = $2 AND c_id = $3 FOR UPDATE","parameters: $1 = '1', $2 = '1', $3 = '15'",,,,,,,,"","client backend"
2024-06-16 14:31:38.927 CST,"raingage","benchmark",15271,"127.0.0.1:45214",666e86a7.3ba7,292,"SELECT",2024-06-16 14:31:03 CST,7/22,90659,LOG,00000,"execute S_1: SELECT c_discount, c_last, c_credit, w_tax     FROM bmsql_customer     JOIN bmsql_warehouse ON (w_id = c_w_id)     WHERE c_w_id = $1 AND c_d_id = $2 AND c_id = $3 FOR UPDATE","parameters: $1 = '1', $2 = '1', $3 = '15'",,,,,,,,"","client backend"
2024-06-16 14:31:38.991 CST,"raingage","benchmark",15271,"127.0.0.1:45214",666e86a7.3ba7,293,"SELECT",2024-06-16 14:31:03 CST,7/22,90659,LOG,00000,"execute S_1: SELECT c_discount, c_last, c_credit, w_tax     FROM bmsql_customer     JOIN bmsql_warehouse ON (w_id = c_w_id)     WHERE c_w_id = $1 AND c_d_id = $2 AND c_id = $3 FOR UPDATE","parameters: $1 = '1', $2 = '1', $3 = '15'",,,,,,,,"","client backend"
2024-06-16 14:31:39.061 CST,"raingage","benchmark",15271,"127.0.0.1:45214",666e86a7.3ba7,294,"SELECT",2024-06-16 14:31:03 CST,7/22,90659,LOG,00000,"execute S_1: SELECT c_discount, c_last, c_credit, w_tax     FROM bmsql_customer     JOIN bmsql_warehouse ON (w_id = c_w_id)     WHERE c_w_id = $1 AND c_d_id = $2 AND c_id = $3 FOR UPDATE","parameters: $1 = '1', $2 = '1', $3 = '15'",,,,,,,,"","client backend"
2024-06-16 14:31:39.081 CST,"raingage","benchmark",15271,"127.0.0.1:45214",666e86a7.3ba7,295,"SELECT",2024-06-16 14:31:03 CST,7/22,90659,LOG,00000,"execute S_5: SELECT i_price, i_name, i_data     FROM bmsql_item     WHERE i_id = $1","parameters: $1 = '14'",,,,,,,,"","client backend"
2024-06-16 14:31:39.094 CST,"raingage","benchmark",15271,"127.0.0.1:45214",666e86a7.3ba7,296,"SELECT",2024-06-16 14:31:03 CST,7/22,90659,LOG,00000,"execute S_6: SELECT s_quantity, s_data,        s_dist_01, s_dist_02, s_dist_03, s_dist_04,        s_dist_05, s_dist_06, s_dist_07, s_dist_08,        s_dist_09, s_dist_10     FROM bmsql_stock     WHERE s_w_id = $1 AND s_i_id = $2  FOR UPDATE","parameters: $1 = '1', $2 = '14'",,,,,,,,"","client backend"
2024-06-16 14:31:39.114 CST,"raingage","benchmark",15271,"127.0.0.1:45214",666e86a7.3ba7,297,"UPDATE",2024-06-16 14:31:03 CST,7/22,90659,LOG,00000,"execute S_7: UPDATE bmsql_stock     SET s_quantity = $1, s_ytd = s_ytd + $2,         s_order_cnt = s_order_cnt + 1,         s_remote_cnt = s_remote_cnt + $3     WHERE s_w_id = $4 AND s_i_id = $5","parameters: $1 = '38', $2 = '7', $3 = '0', $4 = '1', $5 = '14'",,,,,,,,"","client backend"
2024-06-16 14:31:39.136 CST,"raingage","benchmark",15271,"127.0.0.1:45214",666e86a7.3ba7,298,"COMMIT",2024-06-16 14:31:03 CST,7/22,90659,LOG,00000,"execute S_2: COMMIT",,,,,,,,,"","client backend"
2024-06-16 14:31:39.144 CST,"raingage","benchmark",15271,"127.0.0.1:45214",666e86a7.3ba7,299,"BEGIN",2024-06-16 14:31:03 CST,7/23,0,LOG,00000,"execute S_3: BEGIN",,,,,,,,,"","client backend"
2024-06-16 14:31:39.164 CST,"raingage","benchmark",15271,"127.0.0.1:45214",666e86a7.3ba7,300,"SELECT",2024-06-16 14:31:03 CST,7/23,0,LOG,00000,"execute S_4: SELECT d_tax, d_next_o_id     FROM bmsql_district     WHERE d_w_id = $1 AND d_id = $2 ","parameters: $1 = '1', $2 = '4'",,,,,,,,"","client backend"
2024-06-16 14:31:39.200 CST,"raingage","benchmark",15269,"127.0.0.1:45210",666e86a6.3ba5,134,"SELECT",2024-06-16 14:31:02 CST,5/11,90660,LOG,00000,"execute S_1: SELECT c_discount, c_last, c_credit, w_tax     FROM bmsql_customer     JOIN bmsql_warehouse ON (w_id = c_w_id)     WHERE c_w_id = $1 AND c_d_id = $2 AND c_id = $3 FOR UPDATE","parameters: $1 = '1', $2 = '1', $3 = '71'",,,,,,,,"","client backend"
2024-06-16 14:31:39.234 CST,"raingage","benchmark",15271,"127.0.0.1:45214",666e86a7.3ba7,301,"SELECT",2024-06-16 14:31:03 CST,7/23,0,LOG,00000,"execute S_1: SELECT c_discount, c_last, c_credit, w_tax     FROM bmsql_customer     JOIN bmsql_warehouse ON (w_id = c_w_id)     WHERE c_w_id = $1 AND c_d_id = $2 AND c_id = $3 FOR UPDATE","parameters: $1 = '1', $2 = '4', $3 = '24'",,,,,,,,"","client backend"
2024-06-16 14:31:39.263 CST,"raingage","benchmark",15269,"127.0.0.1:45210",666e86a6.3ba5,135,"SELECT",2024-06-16 14:31:02 CST,5/11,90660,LOG,00000,"execute S_1: SELECT c_discount, c_last, c_credit, w_tax     FROM bmsql_customer     JOIN bmsql_warehouse ON (w_id = c_w_id)     WHERE c_w_id = $1 AND c_d_id = $2 AND c_id = $3 FOR UPDATE","parameters: $1 = '1', $2 = '1', $3 = '71'",,,,,,,,"","client backend"
2024-06-16 14:31:39.332 CST,"raingage","benchmark",15269,"127.0.0.1:45210",666e86a6.3ba5,136,"SELECT",2024-06-16 14:31:02 CST,5/11,90660,LOG,00000,"execute S_1: SELECT c_discount, c_last, c_credit, w_tax     FROM bmsql_customer     JOIN bmsql_warehouse ON (w_id = c_w_id)     WHERE c_w_id = $1 AND c_d_id = $2 AND c_id = $3 FOR UPDATE","parameters: $1 = '1', $2 = '1', $3 = '71'",,,,,,,,"","client backend"
2024-06-16 14:31:39.396 CST,"raingage","benchmark",15269,"127.0.0.1:45210",666e86a6.3ba5,137,"SELECT",2024-06-16 14:31:02 CST,5/11,90660,LOG,00000,"execute S_1: SELECT c_discount, c_last, c_credit, w_tax     FROM bmsql_customer     JOIN bmsql_warehouse ON (w_id = c_w_id)     WHERE c_w_id = $1 AND c_d_id = $2 AND c_id = $3 FOR UPDATE","parameters: $1 = '1', $2 = '1', $3 = '71'",,,,,,,,"","client backend"
2024-06-16 14:31:39.466 CST,"raingage","benchmark",15269,"127.0.0.1:45210",666e86a6.3ba5,138,"SELECT",2024-06-16 14:31:02 CST,5/11,90660,LOG,00000,"execute S_1: SELECT c_discount, c_last, c_credit, w_tax     FROM bmsql_customer     JOIN bmsql_warehouse ON (w_id = c_w_id)     WHERE c_w_id = $1 AND c_d_id = $2 AND c_id = $3 FOR UPDATE","parameters: $1 = '1', $2 = '1', $3 = '71'",,,,,,,,"","client backend"
2024-06-16 14:31:39.537 CST,"raingage","benchmark",15269,"127.0.0.1:45210",666e86a6.3ba5,139,"SELECT",2024-06-16 14:31:02 CST,5/11,90660,LOG,00000,"execute S_1: SELECT c_discount, c_last, c_credit, w_tax     FROM bmsql_customer     JOIN bmsql_warehouse ON (w_id = c_w_id)     WHERE c_w_id = $1 AND c_d_id = $2 AND c_id = $3 FOR UPDATE","parameters: $1 = '1', $2 = '1', $3 = '71'",,,,,,,,"","client backend"
2024-06-16 14:31:39.608 CST,"raingage","benchmark",15269,"127.0.0.1:45210",666e86a6.3ba5,140,"SELECT",2024-06-16 14:31:02 CST,5/11,90660,LOG,00000,"execute S_1: SELECT c_discount, c_last, c_credit, w_tax     FROM bmsql_customer     JOIN bmsql_warehouse ON (w_id = c_w_id)     WHERE c_w_id = $1 AND c_d_id = $2 AND c_id = $3 FOR UPDATE","parameters: $1 = '1', $2 = '1', $3 = '71'",,,,,,,,"","client backend"
2024-06-16 14:31:39.626 CST,"raingage","benchmark",15269,"127.0.0.1:45210",666e86a6.3ba5,141,"SELECT",2024-06-16 14:31:02 CST,5/11,90660,LOG,00000,"execute S_6: SELECT i_price, i_name, i_data     FROM bmsql_item     WHERE i_id = $1","parameters: $1 = '78'",,,,,,,,"","client backend"
2024-06-16 14:31:39.644 CST,"raingage","benchmark",15269,"127.0.0.1:45210",666e86a6.3ba5,142,"SELECT",2024-06-16 14:31:02 CST,5/11,90660,LOG,00000,"execute S_7: SELECT s_quantity, s_data,        s_dist_01, s_dist_02, s_dist_03, s_dist_04,        s_dist_05, s_dist_06, s_dist_07, s_dist_08,        s_dist_09, s_dist_10     FROM bmsql_stock     WHERE s_w_id = $1 AND s_i_id = $2  FOR UPDATE","parameters: $1 = '1', $2 = '78'",,,,,,,,"","client backend"
2024-06-16 14:31:39.659 CST,"raingage","benchmark",15269,"127.0.0.1:45210",666e86a6.3ba5,143,"UPDATE",2024-06-16 14:31:02 CST,5/11,90660,LOG,00000,"execute S_8: UPDATE bmsql_stock     SET s_quantity = $1, s_ytd = s_ytd + $2,         s_order_cnt = s_order_cnt + 1,         s_remote_cnt = s_remote_cnt + $3     WHERE s_w_id = $4 AND s_i_id = $5","parameters: $1 = '46', $2 = '2', $3 = '0', $4 = '1', $5 = '78'",,,,,,,,"","client backend"
2024-06-16 14:31:39.678 CST,"raingage","benchmark",15269,"127.0.0.1:45210",666e86a6.3ba5,144,"COMMIT",2024-06-16 14:31:02 CST,5/11,90660,LOG,00000,"execute S_3: COMMIT",,,,,,,,,"","client backend"
2024-06-16 14:31:39.692 CST,"raingage","benchmark",15269,"127.0.0.1:45210",666e86a6.3ba5,145,"BEGIN",2024-06-16 14:31:02 CST,5/12,0,LOG,00000,"execute S_4: BEGIN",,,,,,,,,"","client backend"
2024-06-16 14:31:39.712 CST,"raingage","benchmark",15269,"127.0.0.1:45210",666e86a6.3ba5,146,"SELECT",2024-06-16 14:31:02 CST,5/12,0,LOG,00000,"execute S_5: SELECT d_tax, d_next_o_id     FROM bmsql_district     WHERE d_w_id = $1 AND d_id = $2 ","parameters: $1 = '1', $2 = '4'",,,,,,,,"","client backend"
2024-06-16 14:31:39.750 CST,"raingage","benchmark",15268,"127.0.0.1:45208",666e86a6.3ba4,232,"SELECT",2024-06-16 14:31:02 CST,4/18,90661,LOG,00000,"execute S_1: SELECT c_discount, c_last, c_credit, w_tax     FROM bmsql_customer     JOIN bmsql_warehouse ON (w_id = c_w_id)     WHERE c_w_id = $1 AND c_d_id = $2 AND c_id = $3 FOR UPDATE","parameters: $1 = '1', $2 = '1', $3 = '92'",,,,,,,,"","client backend"
2024-06-16 14:31:39.780 CST,"raingage","benchmark",15269,"127.0.0.1:45210",666e86a6.3ba5,147,"SELECT",2024-06-16 14:31:02 CST,5/12,0,LOG,00000,"execute S_1: SELECT c_discount, c_last, c_credit, w_tax     FROM bmsql_customer     JOIN bmsql_warehouse ON (w_id = c_w_id)     WHERE c_w_id = $1 AND c_d_id = $2 AND c_id = $3 FOR UPDATE","parameters: $1 = '1', $2 = '4', $3 = '24'",,,,,,,,"","client backend"
2024-06-16 14:31:39.819 CST,"raingage","benchmark",15268,"127.0.0.1:45208",666e86a6.3ba4,233,"SELECT",2024-06-16 14:31:02 CST,4/18,90661,LOG,00000,"execute S_1: SELECT c_discount, c_last, c_credit, w_tax     FROM bmsql_customer     JOIN bmsql_warehouse ON (w_id = c_w_id)     WHERE c_w_id = $1 AND c_d_id = $2 AND c_id = $3 FOR UPDATE","parameters: $1 = '1', $2 = '1', $3 = '92'",,,,,,,,"","client backend"
2024-06-16 14:31:39.884 CST,"raingage","benchmark",15268,"127.0.0.1:45208",666e86a6.3ba4,234,"SELECT",2024-06-16 14:31:02 CST,4/18,90661,LOG,00000,"execute S_1: SELECT c_discount, c_last, c_credit, w_tax     FROM bmsql_customer     JOIN bmsql_warehouse ON (w_id = c_w_id)     WHERE c_w_id = $1 AND c_d_id = $2 AND c_id = $3 FOR UPDATE","parameters: $1 = '1', $2 = '1', $3 = '92'",,,,,,,,"","client backend"
2024-06-16 14:31:39.953 CST,"raingage","benchmark",15268,"127.0.0.1:45208",666e86a6.3ba4,235,"SELECT",2024-06-16 14:31:02 CST,4/18,90661,LOG,00000,"execute S_1: SELECT c_discount, c_last, c_credit, w_tax     FROM bmsql_customer     JOIN bmsql_warehouse ON (w_id = c_w_id)     WHERE c_w_id = $1 AND c_d_id = $2 AND c_id = $3 FOR UPDATE","parameters: $1 = '1', $2 = '1', $3 = '92'",,,,,,,,"","client backend"
2024-06-16 14:31:39.989 CST,"raingage","benchmark",15272,"127.0.0.1:45216",666e86a7.3ba8,99,"BEGIN",2024-06-16 14:31:03 CST,8/9,0,LOG,00000,"execute S_3: BEGIN",,,,,,,,,"","client backend"
2024-06-16 14:31:40.005 CST,"raingage","benchmark",15272,"127.0.0.1:45216",666e86a7.3ba8,100,"SELECT",2024-06-16 14:31:03 CST,8/9,0,LOG,00000,"execute S_4: SELECT d_tax, d_next_o_id     FROM bmsql_district     WHERE d_w_id = $1 AND d_id = $2 ","parameters: $1 = '1', $2 = '1'",,,,,,,,"","client backend"
2024-06-16 14:31:40.017 CST,"raingage","benchmark",15268,"127.0.0.1:45208",666e86a6.3ba4,236,"SELECT",2024-06-16 14:31:02 CST,4/18,90661,LOG,00000,"execute S_1: SELECT c_discount, c_last, c_credit, w_tax     FROM bmsql_customer     JOIN bmsql_warehouse ON (w_id = c_w_id)     WHERE c_w_id = $1 AND c_d_id = $2 AND c_id = $3 FOR UPDATE","parameters: $1 = '1', $2 = '1', $3 = '92'",,,,,,,,"","client backend"
2024-06-16 14:31:40.068 CST,"raingage","benchmark",15272,"127.0.0.1:45216",666e86a7.3ba8,101,"SELECT",2024-06-16 14:31:03 CST,8/9,0,LOG,00000,"execute S_1: SELECT c_discount, c_last, c_credit, w_tax     FROM bmsql_customer     JOIN bmsql_warehouse ON (w_id = c_w_id)     WHERE c_w_id = $1 AND c_d_id = $2 AND c_id = $3 FOR UPDATE","parameters: $1 = '1', $2 = '1', $3 = '9'",,,,,,,,"","client backend"
2024-06-16 14:31:40.085 CST,"raingage","benchmark",15268,"127.0.0.1:45208",666e86a6.3ba4,237,"SELECT",2024-06-16 14:31:02 CST,4/18,90661,LOG,00000,"execute S_1: SELECT c_discount, c_last, c_credit, w_tax     FROM bmsql_customer     JOIN bmsql_warehouse ON (w_id = c_w_id)     WHERE c_w_id = $1 AND c_d_id = $2 AND c_id = $3 FOR UPDATE","parameters: $1 = '1', $2 = '1', $3 = '92'",,,,,,,,"","client backend"
2024-06-16 14:31:40.138 CST,"raingage","benchmark",15268,"127.0.0.1:45208",666e86a6.3ba4,238,"SELECT",2024-06-16 14:31:02 CST,4/18,90661,LOG,00000,"execute S_1: SELECT c_discount, c_last, c_credit, w_tax     FROM bmsql_customer     JOIN bmsql_warehouse ON (w_id = c_w_id)     WHERE c_w_id = $1 AND c_d_id = $2 AND c_id = $3 FOR UPDATE","parameters: $1 = '1', $2 = '1', $3 = '92'",,,,,,,,"","client backend"
2024-06-16 14:31:40.160 CST,"raingage","benchmark",15268,"127.0.0.1:45208",666e86a6.3ba4,239,"SELECT",2024-06-16 14:31:02 CST,4/18,90661,LOG,00000,"execute S_5: SELECT i_price, i_name, i_data     FROM bmsql_item     WHERE i_id = $1","parameters: $1 = '90'",,,,,,,,"","client backend"
2024-06-16 14:31:40.172 CST,"raingage","benchmark",15268,"127.0.0.1:45208",666e86a6.3ba4,240,"SELECT",2024-06-16 14:31:02 CST,4/18,90661,LOG,00000,"execute S_6: SELECT s_quantity, s_data,        s_dist_01, s_dist_02, s_dist_03, s_dist_04,        s_dist_05, s_dist_06, s_dist_07, s_dist_08,        s_dist_09, s_dist_10     FROM bmsql_stock     WHERE s_w_id = $1 AND s_i_id = $2  FOR UPDATE","parameters: $1 = '1', $2 = '90'",,,,,,,,"","client backend"
2024-06-16 14:31:40.188 CST,"raingage","benchmark",15268,"127.0.0.1:45208",666e86a6.3ba4,241,"UPDATE",2024-06-16 14:31:02 CST,4/18,90661,LOG,00000,"execute S_7: UPDATE bmsql_stock     SET s_quantity = $1, s_ytd = s_ytd + $2,         s_order_cnt = s_order_cnt + 1,         s_remote_cnt = s_remote_cnt + $3     WHERE s_w_id = $4 AND s_i_id = $5","parameters: $1 = '100', $2 = '7', $3 = '0', $4 = '1', $5 = '90'",,,,,,,,"","client backend"
2024-06-16 14:31:40.201 CST,"raingage","benchmark",15268,"127.0.0.1:45208",666e86a6.3ba4,242,"COMMIT",2024-06-16 14:31:02 CST,4/18,90661,LOG,00000,"execute S_2: COMMIT",,,,,,,,,"","client backend"
2024-06-16 14:31:40.224 CST,"raingage","benchmark",15268,"127.0.0.1:45208",666e86a6.3ba4,243,"BEGIN",2024-06-16 14:31:02 CST,4/19,0,LOG,00000,"execute S_3: BEGIN",,,,,,,,,"","client backend"
2024-06-16 14:31:40.240 CST,"raingage","benchmark",15268,"127.0.0.1:45208",666e86a6.3ba4,244,"SELECT",2024-06-16 14:31:02 CST,4/19,0,LOG,00000,"execute S_4: SELECT d_tax, d_next_o_id     FROM bmsql_district     WHERE d_w_id = $1 AND d_id = $2 ","parameters: $1 = '1', $2 = '4'",,,,,,,,"","client backend"
2024-06-16 14:31:40.272 CST,"raingage","benchmark",15271,"127.0.0.1:45214",666e86a7.3ba7,302,"SELECT",2024-06-16 14:31:03 CST,7/23,90662,LOG,00000,"execute S_1: SELECT c_discount, c_last, c_credit, w_tax     FROM bmsql_customer     JOIN bmsql_warehouse ON (w_id = c_w_id)     WHERE c_w_id = $1 AND c_d_id = $2 AND c_id = $3 FOR UPDATE","parameters: $1 = '1', $2 = '4', $3 = '24'",,,,,,,,"","client backend"
2024-06-16 14:31:40.304 CST,"raingage","benchmark",15268,"127.0.0.1:45208",666e86a6.3ba4,245,"SELECT",2024-06-16 14:31:02 CST,4/19,0,LOG,00000,"execute S_1: SELECT c_discount, c_last, c_credit, w_tax     FROM bmsql_customer     JOIN bmsql_warehouse ON (w_id = c_w_id)     WHERE c_w_id = $1 AND c_d_id = $2 AND c_id = $3 FOR UPDATE","parameters: $1 = '1', $2 = '4', $3 = '60'",,,,,,,,"","client backend"
2024-06-16 14:31:40.339 CST,"raingage","benchmark",15271,"127.0.0.1:45214",666e86a7.3ba7,303,"SELECT",2024-06-16 14:31:03 CST,7/23,90662,LOG,00000,"execute S_1: SELECT c_discount, c_last, c_credit, w_tax     FROM bmsql_customer     JOIN bmsql_warehouse ON (w_id = c_w_id)     WHERE c_w_id = $1 AND c_d_id = $2 AND c_id = $3 FOR UPDATE","parameters: $1 = '1', $2 = '4', $3 = '24'",,,,,,,,"","client backend"
2024-06-16 14:31:40.404 CST,"raingage","benchmark",15271,"127.0.0.1:45214",666e86a7.3ba7,304,"SELECT",2024-06-16 14:31:03 CST,7/23,90662,LOG,00000,"execute S_1: SELECT c_discount, c_last, c_credit, w_tax     FROM bmsql_customer     JOIN bmsql_warehouse ON (w_id = c_w_id)     WHERE c_w_id = $1 AND c_d_id = $2 AND c_id = $3 FOR UPDATE","parameters: $1 = '1', $2 = '4', $3 = '24'",,,,,,,,"","client backend"
2024-06-16 14:31:40.471 CST,"raingage","benchmark",15271,"127.0.0.1:45214",666e86a7.3ba7,305,"SELECT",2024-06-16 14:31:03 CST,7/23,90662,LOG,00000,"execute S_1: SELECT c_discount, c_last, c_credit, w_tax     FROM bmsql_customer     JOIN bmsql_warehouse ON (w_id = c_w_id)     WHERE c_w_id = $1 AND c_d_id = $2 AND c_id = $3 FOR UPDATE","parameters: $1 = '1', $2 = '4', $3 = '24'",,,,,,,,"","client backend"
2024-06-16 14:31:40.534 CST,"raingage","benchmark",15271,"127.0.0.1:45214",666e86a7.3ba7,306,"SELECT",2024-06-16 14:31:03 CST,7/23,90662,LOG,00000,"execute S_1: SELECT c_discount, c_last, c_credit, w_tax     FROM bmsql_customer     JOIN bmsql_warehouse ON (w_id = c_w_id)     WHERE c_w_id = $1 AND c_d_id = $2 AND c_id = $3 FOR UPDATE","parameters: $1 = '1', $2 = '4', $3 = '24'",,,,,,,,"","client backend"
2024-06-16 14:31:40.603 CST,"raingage","benchmark",15271,"127.0.0.1:45214",666e86a7.3ba7,307,"SELECT",2024-06-16 14:31:03 CST,7/23,90662,LOG,00000,"execute S_1: SELECT c_discount, c_last, c_credit, w_tax     FROM bmsql_customer     JOIN bmsql_warehouse ON (w_id = c_w_id)     WHERE c_w_id = $1 AND c_d_id = $2 AND c_id = $3 FOR UPDATE","parameters: $1 = '1', $2 = '4', $3 = '24'",,,,,,,,"","client backend"
2024-06-16 14:31:40.668 CST,"raingage","benchmark",15271,"127.0.0.1:45214",666e86a7.3ba7,308,"SELECT",2024-06-16 14:31:03 CST,7/23,90662,LOG,00000,"execute S_1: SELECT c_discount, c_last, c_credit, w_tax     FROM bmsql_customer     JOIN bmsql_warehouse ON (w_id = c_w_id)     WHERE c_w_id = $1 AND c_d_id = $2 AND c_id = $3 FOR UPDATE","parameters: $1 = '1', $2 = '4', $3 = '24'",,,,,,,,"","client backend"
2024-06-16 14:31:40.680 CST,"raingage","benchmark",15271,"127.0.0.1:45214",666e86a7.3ba7,309,"SELECT",2024-06-16 14:31:03 CST,7/23,90662,LOG,00000,"execute S_5: SELECT i_price, i_name, i_data     FROM bmsql_item     WHERE i_id = $1","parameters: $1 = '39'",,,,,,,,"","client backend"
2024-06-16 14:31:40.698 CST,"raingage","benchmark",15271,"127.0.0.1:45214",666e86a7.3ba7,310,"SELECT",2024-06-16 14:31:03 CST,7/23,90662,LOG,00000,"execute S_6: SELECT s_quantity, s_data,        s_dist_01, s_dist_02, s_dist_03, s_dist_04,        s_dist_05, s_dist_06, s_dist_07, s_dist_08,        s_dist_09, s_dist_10     FROM bmsql_stock     WHERE s_w_id = $1 AND s_i_id = $2  FOR UPDATE","parameters: $1 = '1', $2 = '39'",,,,,,,,"","client backend"
2024-06-16 14:31:40.713 CST,"raingage","benchmark",15271,"127.0.0.1:45214",666e86a7.3ba7,311,"UPDATE",2024-06-16 14:31:03 CST,7/23,90662,LOG,00000,"execute S_7: UPDATE bmsql_stock     SET s_quantity = $1, s_ytd = s_ytd + $2,         s_order_cnt = s_order_cnt + 1,         s_remote_cnt = s_remote_cnt + $3     WHERE s_w_id = $4 AND s_i_id = $5","parameters: $1 = '75', $2 = '1', $3 = '0', $4 = '1', $5 = '39'",,,,,,,,"","client backend"
2024-06-16 14:31:40.725 CST,"raingage","benchmark",15271,"127.0.0.1:45214",666e86a7.3ba7,312,"COMMIT",2024-06-16 14:31:03 CST,7/23,90662,LOG,00000,"execute S_2: COMMIT",,,,,,,,,"","client backend"
2024-06-16 14:31:40.741 CST,"raingage","benchmark",15271,"127.0.0.1:45214",666e86a7.3ba7,313,"BEGIN",2024-06-16 14:31:03 CST,7/24,0,LOG,00000,"execute S_3: BEGIN",,,,,,,,,"","client backend"
2024-06-16 14:31:40.760 CST,"raingage","benchmark",15271,"127.0.0.1:45214",666e86a7.3ba7,314,"SELECT",2024-06-16 14:31:03 CST,7/24,0,LOG,00000,"execute S_4: SELECT d_tax, d_next_o_id     FROM bmsql_district     WHERE d_w_id = $1 AND d_id = $2 ","parameters: $1 = '1', $2 = '4'",,,,,,,,"","client backend"
2024-06-16 14:31:40.794 CST,"raingage","benchmark",15272,"127.0.0.1:45216",666e86a7.3ba8,102,"SELECT",2024-06-16 14:31:03 CST,8/9,90663,LOG,00000,"execute S_1: SELECT c_discount, c_last, c_credit, w_tax     FROM bmsql_customer     JOIN bmsql_warehouse ON (w_id = c_w_id)     WHERE c_w_id = $1 AND c_d_id = $2 AND c_id = $3 FOR UPDATE","parameters: $1 = '1', $2 = '1', $3 = '9'",,,,,,,,"","client backend"
2024-06-16 14:31:40.823 CST,"raingage","benchmark",15271,"127.0.0.1:45214",666e86a7.3ba7,315,"SELECT",2024-06-16 14:31:03 CST,7/24,0,LOG,00000,"execute S_1: SELECT c_discount, c_last, c_credit, w_tax     FROM bmsql_customer     JOIN bmsql_warehouse ON (w_id = c_w_id)     WHERE c_w_id = $1 AND c_d_id = $2 AND c_id = $3 FOR UPDATE","parameters: $1 = '1', $2 = '4', $3 = '60'",,,,,,,,"","client backend"
2024-06-16 14:31:40.864 CST,"raingage","benchmark",15272,"127.0.0.1:45216",666e86a7.3ba8,103,"SELECT",2024-06-16 14:31:03 CST,8/9,90663,LOG,00000,"execute S_1: SELECT c_discount, c_last, c_credit, w_tax     FROM bmsql_customer     JOIN bmsql_warehouse ON (w_id = c_w_id)     WHERE c_w_id = $1 AND c_d_id = $2 AND c_id = $3 FOR UPDATE","parameters: $1 = '1', $2 = '1', $3 = '9'",,,,,,,,"","client backend"
2024-06-16 14:31:40.926 CST,"raingage","benchmark",15272,"127.0.0.1:45216",666e86a7.3ba8,104,"SELECT",2024-06-16 14:31:03 CST,8/9,90663,LOG,00000,"execute S_1: SELECT c_discount, c_last, c_credit, w_tax     FROM bmsql_customer     JOIN bmsql_warehouse ON (w_id = c_w_id)     WHERE c_w_id = $1 AND c_d_id = $2 AND c_id = $3 FOR UPDATE","parameters: $1 = '1', $2 = '1', $3 = '9'",,,,,,,,"","client backend"
2024-06-16 14:31:40.998 CST,"raingage","benchmark",15272,"127.0.0.1:45216",666e86a7.3ba8,105,"SELECT",2024-06-16 14:31:03 CST,8/9,90663,LOG,00000,"execute S_1: SELECT c_discount, c_last, c_credit, w_tax     FROM bmsql_customer     JOIN bmsql_warehouse ON (w_id = c_w_id)     WHERE c_w_id = $1 AND c_d_id = $2 AND c_id = $3 FOR UPDATE","parameters: $1 = '1', $2 = '1', $3 = '9'",,,,,,,,"","client backend"
2024-06-16 14:31:41.061 CST,"raingage","benchmark",15272,"127.0.0.1:45216",666e86a7.3ba8,106,"SELECT",2024-06-16 14:31:03 CST,8/9,90663,LOG,00000,"execute S_1: SELECT c_discount, c_last, c_credit, w_tax     FROM bmsql_customer     JOIN bmsql_warehouse ON (w_id = c_w_id)     WHERE c_w_id = $1 AND c_d_id = $2 AND c_id = $3 FOR UPDATE","parameters: $1 = '1', $2 = '1', $3 = '9'",,,,,,,,"","client backend"
2024-06-16 14:31:41.126 CST,"raingage","benchmark",15272,"127.0.0.1:45216",666e86a7.3ba8,107,"SELECT",2024-06-16 14:31:03 CST,8/9,90663,LOG,00000,"execute S_1: SELECT c_discount, c_last, c_credit, w_tax     FROM bmsql_customer     JOIN bmsql_warehouse ON (w_id = c_w_id)     WHERE c_w_id = $1 AND c_d_id = $2 AND c_id = $3 FOR UPDATE","parameters: $1 = '1', $2 = '1', $3 = '9'",,,,,,,,"","client backend"
2024-06-16 14:31:41.197 CST,"raingage","benchmark",15272,"127.0.0.1:45216",666e86a7.3ba8,108,"SELECT",2024-06-16 14:31:03 CST,8/9,90663,LOG,00000,"execute S_1: SELECT c_discount, c_last, c_credit, w_tax     FROM bmsql_customer     JOIN bmsql_warehouse ON (w_id = c_w_id)     WHERE c_w_id = $1 AND c_d_id = $2 AND c_id = $3 FOR UPDATE","parameters: $1 = '1', $2 = '1', $3 = '9'",,,,,,,,"","client backend"
2024-06-16 14:31:41.204 CST,"raingage","benchmark",15272,"127.0.0.1:45216",666e86a7.3ba8,109,"SELECT",2024-06-16 14:31:03 CST,8/9,90663,LOG,00000,"execute S_5: SELECT i_price, i_name, i_data     FROM bmsql_item     WHERE i_id = $1","parameters: $1 = '26'",,,,,,,,"","client backend"
2024-06-16 14:31:41.223 CST,"raingage","benchmark",15272,"127.0.0.1:45216",666e86a7.3ba8,110,"SELECT",2024-06-16 14:31:03 CST,8/9,90663,LOG,00000,"execute S_6: SELECT s_quantity, s_data,        s_dist_01, s_dist_02, s_dist_03, s_dist_04,        s_dist_05, s_dist_06, s_dist_07, s_dist_08,        s_dist_09, s_dist_10     FROM bmsql_stock     WHERE s_w_id = $1 AND s_i_id = $2  FOR UPDATE","parameters: $1 = '1', $2 = '26'",,,,,,,,"","client backend"
2024-06-16 14:31:41.244 CST,"raingage","benchmark",15272,"127.0.0.1:45216",666e86a7.3ba8,111,"UPDATE",2024-06-16 14:31:03 CST,8/9,90663,LOG,00000,"execute S_7: UPDATE bmsql_stock     SET s_quantity = $1, s_ytd = s_ytd + $2,         s_order_cnt = s_order_cnt + 1,         s_remote_cnt = s_remote_cnt + $3     WHERE s_w_id = $4 AND s_i_id = $5","parameters: $1 = '20', $2 = '1', $3 = '0', $4 = '1', $5 = '26'",,,,,,,,"","client backend"
2024-06-16 14:31:41.263 CST,"raingage","benchmark",15272,"127.0.0.1:45216",666e86a7.3ba8,112,"COMMIT",2024-06-16 14:31:03 CST,8/9,90663,LOG,00000,"execute S_2: COMMIT",,,,,,,,,"","client backend"
2024-06-16 14:31:41.330 CST,"raingage","benchmark",15268,"127.0.0.1:45208",666e86a6.3ba4,246,"SELECT",2024-06-16 14:31:02 CST,4/19,90664,LOG,00000,"execute S_1: SELECT c_discount, c_last, c_credit, w_tax     FROM bmsql_customer     JOIN bmsql_warehouse ON (w_id = c_w_id)     WHERE c_w_id = $1 AND c_d_id = $2 AND c_id = $3 FOR UPDATE","parameters: $1 = '1', $2 = '4', $3 = '60'",,,,,,,,"","client backend"
2024-06-16 14:31:41.402 CST,"raingage","benchmark",15268,"127.0.0.1:45208",666e86a6.3ba4,247,"SELECT",2024-06-16 14:31:02 CST,4/19,90664,LOG,00000,"execute S_1: SELECT c_discount, c_last, c_credit, w_tax     FROM bmsql_customer     JOIN bmsql_warehouse ON (w_id = c_w_id)     WHERE c_w_id = $1 AND c_d_id = $2 AND c_id = $3 FOR UPDATE","parameters: $1 = '1', $2 = '4', $3 = '60'",,,,,,,,"","client backend"
2024-06-16 14:31:41.468 CST,"raingage","benchmark",15268,"127.0.0.1:45208",666e86a6.3ba4,248,"SELECT",2024-06-16 14:31:02 CST,4/19,90664,LOG,00000,"execute S_1: SELECT c_discount, c_last, c_credit, w_tax     FROM bmsql_customer     JOIN bmsql_warehouse ON (w_id = c_w_id)     WHERE c_w_id = $1 AND c_d_id = $2 AND c_id = $3 FOR UPDATE","parameters: $1 = '1', $2 = '4', $3 = '60'",,,,,,,,"","client backend"
2024-06-16 14:31:41.539 CST,"raingage","benchmark",15268,"127.0.0.1:45208",666e86a6.3ba4,249,"SELECT",2024-06-16 14:31:02 CST,4/19,90664,LOG,00000,"execute S_1: SELECT c_discount, c_last, c_credit, w_tax     FROM bmsql_customer     JOIN bmsql_warehouse ON (w_id = c_w_id)     WHERE c_w_id = $1 AND c_d_id = $2 AND c_id = $3 FOR UPDATE","parameters: $1 = '1', $2 = '4', $3 = '60'",,,,,,,,"","client backend"
2024-06-16 14:31:41.608 CST,"raingage","benchmark",15268,"127.0.0.1:45208",666e86a6.3ba4,250,"SELECT",2024-06-16 14:31:02 CST,4/19,90664,LOG,00000,"execute S_1: SELECT c_discount, c_last, c_credit, w_tax     FROM bmsql_customer     JOIN bmsql_warehouse ON (w_id = c_w_id)     WHERE c_w_id = $1 AND c_d_id = $2 AND c_id = $3 FOR UPDATE","parameters: $1 = '1', $2 = '4', $3 = '60'",,,,,,,,"","client backend"
2024-06-16 14:31:41.677 CST,"raingage","benchmark",15268,"127.0.0.1:45208",666e86a6.3ba4,251,"SELECT",2024-06-16 14:31:02 CST,4/19,90664,LOG,00000,"execute S_1: SELECT c_discount, c_last, c_credit, w_tax     FROM bmsql_customer     JOIN bmsql_warehouse ON (w_id = c_w_id)     WHERE c_w_id = $1 AND c_d_id = $2 AND c_id = $3 FOR UPDATE","parameters: $1 = '1', $2 = '4', $3 = '60'",,,,,,,,"","client backend"
2024-06-16 14:31:41.747 CST,"raingage","benchmark",15268,"127.0.0.1:45208",666e86a6.3ba4,252,"SELECT",2024-06-16 14:31:02 CST,4/19,90664,LOG,00000,"execute S_1: SELECT c_discount, c_last, c_credit, w_tax     FROM bmsql_customer     JOIN bmsql_warehouse ON (w_id = c_w_id)     WHERE c_w_id = $1 AND c_d_id = $2 AND c_id = $3 FOR UPDATE","parameters: $1 = '1', $2 = '4', $3 = '60'",,,,,,,,"","client backend"
2024-06-16 14:31:41.760 CST,"raingage","benchmark",15268,"127.0.0.1:45208",666e86a6.3ba4,253,"SELECT",2024-06-16 14:31:02 CST,4/19,90664,LOG,00000,"execute S_5: SELECT i_price, i_name, i_data     FROM bmsql_item     WHERE i_id = $1","parameters: $1 = '94'",,,,,,,,"","client backend"
2024-06-16 14:31:41.775 CST,"raingage","benchmark",15268,"127.0.0.1:45208",666e86a6.3ba4,254,"SELECT",2024-06-16 14:31:02 CST,4/19,90664,LOG,00000,"execute S_6: SELECT s_quantity, s_data,        s_dist_01, s_dist_02, s_dist_03, s_dist_04,        s_dist_05, s_dist_06, s_dist_07, s_dist_08,        s_dist_09, s_dist_10     FROM bmsql_stock     WHERE s_w_id = $1 AND s_i_id = $2  FOR UPDATE","parameters: $1 = '1', $2 = '94'",,,,,,,,"","client backend"
2024-06-16 14:31:41.796 CST,"raingage","benchmark",15268,"127.0.0.1:45208",666e86a6.3ba4,255,"UPDATE",2024-06-16 14:31:02 CST,4/19,90664,LOG,00000,"execute S_7: UPDATE bmsql_stock     SET s_quantity = $1, s_ytd = s_ytd + $2,         s_order_cnt = s_order_cnt + 1,         s_remote_cnt = s_remote_cnt + $3     WHERE s_w_id = $4 AND s_i_id = $5","parameters: $1 = '51', $2 = '3', $3 = '0', $4 = '1', $5 = '94'",,,,,,,,"","client backend"
2024-06-16 14:31:41.814 CST,"raingage","benchmark",15268,"127.0.0.1:45208",666e86a6.3ba4,256,"COMMIT",2024-06-16 14:31:02 CST,4/19,90664,LOG,00000,"execute S_2: COMMIT",,,,,,,,,"","client backend"
2024-06-16 14:31:41.837 CST,"raingage","benchmark",15268,"127.0.0.1:45208",666e86a6.3ba4,257,"BEGIN",2024-06-16 14:31:02 CST,4/20,0,LOG,00000,"execute S_3: BEGIN",,,,,,,,,"","client backend"
2024-06-16 14:31:41.849 CST,"raingage","benchmark",15268,"127.0.0.1:45208",666e86a6.3ba4,258,"SELECT",2024-06-16 14:31:02 CST,4/20,0,LOG,00000,"execute S_4: SELECT d_tax, d_next_o_id     FROM bmsql_district     WHERE d_w_id = $1 AND d_id = $2 ","parameters: $1 = '1', $2 = '1'",,,,,,,,"","client backend"
2024-06-16 14:31:41.879 CST,"raingage","benchmark",15269,"127.0.0.1:45210",666e86a6.3ba5,148,"SELECT",2024-06-16 14:31:02 CST,5/12,90665,LOG,00000,"execute S_1: SELECT c_discount, c_last, c_credit, w_tax     FROM bmsql_customer     JOIN bmsql_warehouse ON (w_id = c_w_id)     WHERE c_w_id = $1 AND c_d_id = $2 AND c_id = $3 FOR UPDATE","parameters: $1 = '1', $2 = '4', $3 = '24'",,,,,,,,"","client backend"
2024-06-16 14:31:41.921 CST,"raingage","benchmark",15268,"127.0.0.1:45208",666e86a6.3ba4,259,"SELECT",2024-06-16 14:31:02 CST,4/20,0,LOG,00000,"execute S_1: SELECT c_discount, c_last, c_credit, w_tax     FROM bmsql_customer     JOIN bmsql_warehouse ON (w_id = c_w_id)     WHERE c_w_id = $1 AND c_d_id = $2 AND c_id = $3 FOR UPDATE","parameters: $1 = '1', $2 = '1', $3 = '89'",,,,,,,,"","client backend"
2024-06-16 14:31:41.942 CST,"raingage","benchmark",15269,"127.0.0.1:45210",666e86a6.3ba5,149,"SELECT",2024-06-16 14:31:02 CST,5/12,90665,LOG,00000,"execute S_1: SELECT c_discount, c_last, c_credit, w_tax     FROM bmsql_customer     JOIN bmsql_warehouse ON (w_id = c_w_id)     WHERE c_w_id = $1 AND c_d_id = $2 AND c_id = $3 FOR UPDATE","parameters: $1 = '1', $2 = '4', $3 = '24'",,,,,,,,"","client backend"
2024-06-16 14:31:42.009 CST,"raingage","benchmark",15269,"127.0.0.1:45210",666e86a6.3ba5,150,"SELECT",2024-06-16 14:31:02 CST,5/12,90665,LOG,00000,"execute S_1: SELECT c_discount, c_last, c_credit, w_tax     FROM bmsql_customer     JOIN bmsql_warehouse ON (w_id = c_w_id)     WHERE c_w_id = $1 AND c_d_id = $2 AND c_id = $3 FOR UPDATE","parameters: $1 = '1', $2 = '4', $3 = '24'",,,,,,,,"","client backend"
2024-06-16 14:31:42.078 CST,"raingage","benchmark",15269,"127.0.0.1:45210",666e86a6.3ba5,151,"SELECT",2024-06-16 14:31:02 CST,5/12,90665,LOG,00000,"execute S_1: SELECT c_discount, c_last, c_credit, w_tax     FROM bmsql_customer     JOIN bmsql_warehouse ON (w_id = c_w_id)     WHERE c_w_id = $1 AND c_d_id = $2 AND c_id = $3 FOR UPDATE","parameters: $1 = '1', $2 = '4', $3 = '24'",,,,,,,,"","client backend"
2024-06-16 14:31:42.141 CST,"raingage","benchmark",15269,"127.0.0.1:45210",666e86a6.3ba5,152,"SELECT",2024-06-16 14:31:02 CST,5/12,90665,LOG,00000,"execute S_1: SELECT c_discount, c_last, c_credit, w_tax     FROM bmsql_customer     JOIN bmsql_warehouse ON (w_id = c_w_id)     WHERE c_w_id = $1 AND c_d_id = $2 AND c_id = $3 FOR UPDATE","parameters: $1 = '1', $2 = '4', $3 = '24'",,,,,,,,"","client backend"
2024-06-16 14:31:42.206 CST,"raingage","benchmark",15269,"127.0.0.1:45210",666e86a6.3ba5,153,"SELECT",2024-06-16 14:31:02 CST,5/12,90665,LOG,00000,"execute S_1: SELECT c_discount, c_last, c_credit, w_tax     FROM bmsql_customer     JOIN bmsql_warehouse ON (w_id = c_w_id)     WHERE c_w_id = $1 AND c_d_id = $2 AND c_id = $3 FOR UPDATE","parameters: $1 = '1', $2 = '4', $3 = '24'",,,,,,,,"","client backend"
2024-06-16 14:31:42.266 CST,"raingage","benchmark",15269,"127.0.0.1:45210",666e86a6.3ba5,154,"SELECT",2024-06-16 14:31:02 CST,5/12,90665,LOG,00000,"execute S_1: SELECT c_discount, c_last, c_credit, w_tax     FROM bmsql_customer     JOIN bmsql_warehouse ON (w_id = c_w_id)     WHERE c_w_id = $1 AND c_d_id = $2 AND c_id = $3 FOR UPDATE","parameters: $1 = '1', $2 = '4', $3 = '24'",,,,,,,,"","client backend"
2024-06-16 14:31:42.286 CST,"raingage","benchmark",15269,"127.0.0.1:45210",666e86a6.3ba5,155,"SELECT",2024-06-16 14:31:02 CST,5/12,90665,LOG,00000,"execute S_6: SELECT i_price, i_name, i_data     FROM bmsql_item     WHERE i_id = $1","parameters: $1 = '39'",,,,,,,,"","client backend"
2024-06-16 14:31:42.300 CST,"raingage","benchmark",15269,"127.0.0.1:45210",666e86a6.3ba5,156,"SELECT",2024-06-16 14:31:02 CST,5/12,90665,LOG,00000,"execute S_7: SELECT s_quantity, s_data,        s_dist_01, s_dist_02, s_dist_03, s_dist_04,        s_dist_05, s_dist_06, s_dist_07, s_dist_08,        s_dist_09, s_dist_10     FROM bmsql_stock     WHERE s_w_id = $1 AND s_i_id = $2  FOR UPDATE","parameters: $1 = '1', $2 = '39'",,,,,,,,"","client backend"
2024-06-16 14:31:42.316 CST,"raingage","benchmark",15269,"127.0.0.1:45210",666e86a6.3ba5,157,"UPDATE",2024-06-16 14:31:02 CST,5/12,90665,LOG,00000,"execute S_8: UPDATE bmsql_stock     SET s_quantity = $1, s_ytd = s_ytd + $2,         s_order_cnt = s_order_cnt + 1,         s_remote_cnt = s_remote_cnt + $3     WHERE s_w_id = $4 AND s_i_id = $5","parameters: $1 = '74', $2 = '1', $3 = '0', $4 = '1', $5 = '39'",,,,,,,,"","client backend"
2024-06-16 14:31:42.337 CST,"raingage","benchmark",15269,"127.0.0.1:45210",666e86a6.3ba5,158,"COMMIT",2024-06-16 14:31:02 CST,5/12,90665,LOG,00000,"execute S_3: COMMIT",,,,,,,,,"","client backend"
2024-06-16 14:31:42.352 CST,"raingage","benchmark",15269,"127.0.0.1:45210",666e86a6.3ba5,159,"BEGIN",2024-06-16 14:31:02 CST,5/13,0,LOG,00000,"execute S_4: BEGIN",,,,,,,,,"","client backend"
2024-06-16 14:31:42.362 CST,"raingage","benchmark",15269,"127.0.0.1:45210",666e86a6.3ba5,160,"SELECT",2024-06-16 14:31:02 CST,5/13,0,LOG,00000,"execute S_5: SELECT d_tax, d_next_o_id     FROM bmsql_district     WHERE d_w_id = $1 AND d_id = $2 ","parameters: $1 = '1', $2 = '2'",,,,,,,,"","client backend"
2024-06-16 14:31:42.404 CST,"raingage","benchmark",15271,"127.0.0.1:45214",666e86a7.3ba7,316,"SELECT",2024-06-16 14:31:03 CST,7/24,90667,LOG,00000,"execute S_1: SELECT c_discount, c_last, c_credit, w_tax     FROM bmsql_customer     JOIN bmsql_warehouse ON (w_id = c_w_id)     WHERE c_w_id = $1 AND c_d_id = $2 AND c_id = $3 FOR UPDATE","parameters: $1 = '1', $2 = '4', $3 = '60'",,,,,,,,"","client backend"
2024-06-16 14:31:42.428 CST,"raingage","benchmark",15269,"127.0.0.1:45210",666e86a6.3ba5,161,"SELECT",2024-06-16 14:31:02 CST,5/13,0,LOG,00000,"execute S_1: SELECT c_discount, c_last, c_credit, w_tax     FROM bmsql_customer     JOIN bmsql_warehouse ON (w_id = c_w_id)     WHERE c_w_id = $1 AND c_d_id = $2 AND c_id = $3 FOR UPDATE","parameters: $1 = '1', $2 = '2', $3 = '48'",,,,,,,,"","client backend"
2024-06-16 14:31:42.470 CST,"raingage","benchmark",15271,"127.0.0.1:45214",666e86a7.3ba7,317,"SELECT",2024-06-16 14:31:03 CST,7/24,90667,LOG,00000,"execute S_1: SELECT c_discount, c_last, c_credit, w_tax     FROM bmsql_customer     JOIN bmsql_warehouse ON (w_id = c_w_id)     WHERE c_w_id = $1 AND c_d_id = $2 AND c_id = $3 FOR UPDATE","parameters: $1 = '1', $2 = '4', $3 = '60'",,,,,,,,"","client backend"
2024-06-16 14:31:42.542 CST,"raingage","benchmark",15271,"127.0.0.1:45214",666e86a7.3ba7,318,"SELECT",2024-06-16 14:31:03 CST,7/24,90667,LOG,00000,"execute S_1: SELECT c_discount, c_last, c_credit, w_tax     FROM bmsql_customer     JOIN bmsql_warehouse ON (w_id = c_w_id)     WHERE c_w_id = $1 AND c_d_id = $2 AND c_id = $3 FOR UPDATE","parameters: $1 = '1', $2 = '4', $3 = '60'",,,,,,,,"","client backend"
2024-06-16 14:31:42.608 CST,"raingage","benchmark",15271,"127.0.0.1:45214",666e86a7.3ba7,319,"SELECT",2024-06-16 14:31:03 CST,7/24,90667,LOG,00000,"execute S_1: SELECT c_discount, c_last, c_credit, w_tax     FROM bmsql_customer     JOIN bmsql_warehouse ON (w_id = c_w_id)     WHERE c_w_id = $1 AND c_d_id = $2 AND c_id = $3 FOR UPDATE","parameters: $1 = '1', $2 = '4', $3 = '60'",,,,,,,,"","client backend"
2024-06-16 14:31:42.675 CST,"raingage","benchmark",15271,"127.0.0.1:45214",666e86a7.3ba7,320,"SELECT",2024-06-16 14:31:03 CST,7/24,90667,LOG,00000,"execute S_1: SELECT c_discount, c_last, c_credit, w_tax     FROM bmsql_customer     JOIN bmsql_warehouse ON (w_id = c_w_id)     WHERE c_w_id = $1 AND c_d_id = $2 AND c_id = $3 FOR UPDATE","parameters: $1 = '1', $2 = '4', $3 = '60'",,,,,,,,"","client backend"
2024-06-16 14:31:42.742 CST,"raingage","benchmark",15271,"127.0.0.1:45214",666e86a7.3ba7,321,"SELECT",2024-06-16 14:31:03 CST,7/24,90667,LOG,00000,"execute S_1: SELECT c_discount, c_last, c_credit, w_tax     FROM bmsql_customer     JOIN bmsql_warehouse ON (w_id = c_w_id)     WHERE c_w_id = $1 AND c_d_id = $2 AND c_id = $3 FOR UPDATE","parameters: $1 = '1', $2 = '4', $3 = '60'",,,,,,,,"","client backend"
2024-06-16 14:31:42.806 CST,"raingage","benchmark",15271,"127.0.0.1:45214",666e86a7.3ba7,322,"SELECT",2024-06-16 14:31:03 CST,7/24,90667,LOG,00000,"execute S_1: SELECT c_discount, c_last, c_credit, w_tax     FROM bmsql_customer     JOIN bmsql_warehouse ON (w_id = c_w_id)     WHERE c_w_id = $1 AND c_d_id = $2 AND c_id = $3 FOR UPDATE","parameters: $1 = '1', $2 = '4', $3 = '60'",,,,,,,,"","client backend"
2024-06-16 14:31:42.817 CST,"raingage","benchmark",15271,"127.0.0.1:45214",666e86a7.3ba7,323,"SELECT",2024-06-16 14:31:03 CST,7/24,90667,LOG,00000,"execute S_5: SELECT i_price, i_name, i_data     FROM bmsql_item     WHERE i_id = $1","parameters: $1 = '94'",,,,,,,,"","client backend"
2024-06-16 14:31:42.834 CST,"raingage","benchmark",15271,"127.0.0.1:45214",666e86a7.3ba7,324,"SELECT",2024-06-16 14:31:03 CST,7/24,90667,LOG,00000,"execute S_6: SELECT s_quantity, s_data,        s_dist_01, s_dist_02, s_dist_03, s_dist_04,        s_dist_05, s_dist_06, s_dist_07, s_dist_08,        s_dist_09, s_dist_10     FROM bmsql_stock     WHERE s_w_id = $1 AND s_i_id = $2  FOR UPDATE","parameters: $1 = '1', $2 = '94'",,,,,,,,"","client backend"
2024-06-16 14:31:42.856 CST,"raingage","benchmark",15271,"127.0.0.1:45214",666e86a7.3ba7,325,"UPDATE",2024-06-16 14:31:03 CST,7/24,90667,LOG,00000,"execute S_7: UPDATE bmsql_stock     SET s_quantity = $1, s_ytd = s_ytd + $2,         s_order_cnt = s_order_cnt + 1,         s_remote_cnt = s_remote_cnt + $3     WHERE s_w_id = $4 AND s_i_id = $5","parameters: $1 = '42', $2 = '9', $3 = '0', $4 = '1', $5 = '94'",,,,,,,,"","client backend"
2024-06-16 14:31:42.868 CST,"raingage","benchmark",15271,"127.0.0.1:45214",666e86a7.3ba7,326,"COMMIT",2024-06-16 14:31:03 CST,7/24,90667,LOG,00000,"execute S_2: COMMIT",,,,,,,,,"","client backend"
2024-06-16 14:31:42.889 CST,"raingage","benchmark",15271,"127.0.0.1:45214",666e86a7.3ba7,327,"BEGIN",2024-06-16 14:31:03 CST,7/25,0,LOG,00000,"execute S_3: BEGIN",,,,,,,,,"","client backend"
2024-06-16 14:31:42.908 CST,"raingage","benchmark",15271,"127.0.0.1:45214",666e86a7.3ba7,328,"SELECT",2024-06-16 14:31:03 CST,7/25,0,LOG,00000,"execute S_4: SELECT d_tax, d_next_o_id     FROM bmsql_district     WHERE d_w_id = $1 AND d_id = $2 ","parameters: $1 = '1', $2 = '2'",,,,,,,,"","client backend"
2024-06-16 14:31:42.935 CST,"raingage","benchmark",15268,"127.0.0.1:45208",666e86a6.3ba4,260,"SELECT",2024-06-16 14:31:02 CST,4/20,90668,LOG,00000,"execute S_1: SELECT c_discount, c_last, c_credit, w_tax     FROM bmsql_customer     JOIN bmsql_warehouse ON (w_id = c_w_id)     WHERE c_w_id = $1 AND c_d_id = $2 AND c_id = $3 FOR UPDATE","parameters: $1 = '1', $2 = '1', $3 = '89'",,,,,,,,"","client backend"
2024-06-16 14:31:42.972 CST,"raingage","benchmark",15271,"127.0.0.1:45214",666e86a7.3ba7,329,"SELECT",2024-06-16 14:31:03 CST,7/25,0,LOG,00000,"execute S_1: SELECT c_discount, c_last, c_credit, w_tax     FROM bmsql_customer     JOIN bmsql_warehouse ON (w_id = c_w_id)     WHERE c_w_id = $1 AND c_d_id = $2 AND c_id = $3 FOR UPDATE","parameters: $1 = '1', $2 = '2', $3 = '48'",,,,,,,,"","client backend"
2024-06-16 14:31:43.005 CST,"raingage","benchmark",15268,"127.0.0.1:45208",666e86a6.3ba4,261,"SELECT",2024-06-16 14:31:02 CST,4/20,90668,LOG,00000,"execute S_1: SELECT c_discount, c_last, c_credit, w_tax     FROM bmsql_customer     JOIN bmsql_warehouse ON (w_id = c_w_id)     WHERE c_w_id = $1 AND c_d_id = $2 AND c_id = $3 FOR UPDATE","parameters: $1 = '1', $2 = '1', $3 = '89'",,,,,,,,"","client backend"
2024-06-16 14:31:43.076 CST,"raingage","benchmark",15268,"127.0.0.1:45208",666e86a6.3ba4,262,"SELECT",2024-06-16 14:31:02 CST,4/20,90668,LOG,00000,"execute S_1: SELECT c_discount, c_last, c_credit, w_tax     FROM bmsql_customer     JOIN bmsql_warehouse ON (w_id = c_w_id)     WHERE c_w_id = $1 AND c_d_id = $2 AND c_id = $3 FOR UPDATE","parameters: $1 = '1', $2 = '1', $3 = '89'",,,,,,,,"","client backend"
2024-06-16 14:31:43.141 CST,"raingage","benchmark",15268,"127.0.0.1:45208",666e86a6.3ba4,263,"SELECT",2024-06-16 14:31:02 CST,4/20,90668,LOG,00000,"execute S_1: SELECT c_discount, c_last, c_credit, w_tax     FROM bmsql_customer     JOIN bmsql_warehouse ON (w_id = c_w_id)     WHERE c_w_id = $1 AND c_d_id = $2 AND c_id = $3 FOR UPDATE","parameters: $1 = '1', $2 = '1', $3 = '89'",,,,,,,,"","client backend"
2024-06-16 14:31:43.209 CST,"raingage","benchmark",15268,"127.0.0.1:45208",666e86a6.3ba4,264,"SELECT",2024-06-16 14:31:02 CST,4/20,90668,LOG,00000,"execute S_1: SELECT c_discount, c_last, c_credit, w_tax     FROM bmsql_customer     JOIN bmsql_warehouse ON (w_id = c_w_id)     WHERE c_w_id = $1 AND c_d_id = $2 AND c_id = $3 FOR UPDATE","parameters: $1 = '1', $2 = '1', $3 = '89'",,,,,,,,"","client backend"
2024-06-16 14:31:43.273 CST,"raingage","benchmark",15268,"127.0.0.1:45208",666e86a6.3ba4,265,"SELECT",2024-06-16 14:31:02 CST,4/20,90668,LOG,00000,"execute S_1: SELECT c_discount, c_last, c_credit, w_tax     FROM bmsql_customer     JOIN bmsql_warehouse ON (w_id = c_w_id)     WHERE c_w_id = $1 AND c_d_id = $2 AND c_id = $3 FOR UPDATE","parameters: $1 = '1', $2 = '1', $3 = '89'",,,,,,,,"","client backend"
2024-06-16 14:31:43.335 CST,"raingage","benchmark",15268,"127.0.0.1:45208",666e86a6.3ba4,266,"SELECT",2024-06-16 14:31:02 CST,4/20,90668,LOG,00000,"execute S_1: SELECT c_discount, c_last, c_credit, w_tax     FROM bmsql_customer     JOIN bmsql_warehouse ON (w_id = c_w_id)     WHERE c_w_id = $1 AND c_d_id = $2 AND c_id = $3 FOR UPDATE","parameters: $1 = '1', $2 = '1', $3 = '89'",,,,,,,,"","client backend"
2024-06-16 14:31:43.340 CST,"raingage","benchmark",15268,"127.0.0.1:45208",666e86a6.3ba4,267,"SELECT",2024-06-16 14:31:02 CST,4/20,90668,LOG,00000,"execute S_5: SELECT i_price, i_name, i_data     FROM bmsql_item     WHERE i_id = $1","parameters: $1 = '87'",,,,,,,,"","client backend"
2024-06-16 14:31:43.359 CST,"raingage","benchmark",15268,"127.0.0.1:45208",666e86a6.3ba4,268,"SELECT",2024-06-16 14:31:02 CST,4/20,90668,LOG,00000,"execute S_6: SELECT s_quantity, s_data,        s_dist_01, s_dist_02, s_dist_03, s_dist_04,        s_dist_05, s_dist_06, s_dist_07, s_dist_08,        s_dist_09, s_dist_10     FROM bmsql_stock     WHERE s_w_id = $1 AND s_i_id = $2  FOR UPDATE","parameters: $1 = '1', $2 = '87'",,,,,,,,"","client backend"
2024-06-16 14:31:43.373 CST,"raingage","benchmark",15268,"127.0.0.1:45208",666e86a6.3ba4,269,"UPDATE",2024-06-16 14:31:02 CST,4/20,90668,LOG,00000,"execute S_7: UPDATE bmsql_stock     SET s_quantity = $1, s_ytd = s_ytd + $2,         s_order_cnt = s_order_cnt + 1,         s_remote_cnt = s_remote_cnt + $3     WHERE s_w_id = $4 AND s_i_id = $5","parameters: $1 = '49', $2 = '3', $3 = '0', $4 = '1', $5 = '87'",,,,,,,,"","client backend"
2024-06-16 14:31:43.391 CST,"raingage","benchmark",15268,"127.0.0.1:45208",666e86a6.3ba4,270,"COMMIT",2024-06-16 14:31:02 CST,4/20,90668,LOG,00000,"execute S_2: COMMIT",,,,,,,,,"","client backend"
2024-06-16 14:31:43.459 CST,"raingage","benchmark",15269,"127.0.0.1:45210",666e86a6.3ba5,162,"SELECT",2024-06-16 14:31:02 CST,5/13,90669,LOG,00000,"execute S_1: SELECT c_discount, c_last, c_credit, w_tax     FROM bmsql_customer     JOIN bmsql_warehouse ON (w_id = c_w_id)     WHERE c_w_id = $1 AND c_d_id = $2 AND c_id = $3 FOR UPDATE","parameters: $1 = '1', $2 = '2', $3 = '48'",,,,,,,,"","client backend"
2024-06-16 14:31:43.522 CST,"raingage","benchmark",15269,"127.0.0.1:45210",666e86a6.3ba5,163,"SELECT",2024-06-16 14:31:02 CST,5/13,90669,LOG,00000,"execute S_1: SELECT c_discount, c_last, c_credit, w_tax     FROM bmsql_customer     JOIN bmsql_warehouse ON (w_id = c_w_id)     WHERE c_w_id = $1 AND c_d_id = $2 AND c_id = $3 FOR UPDATE","parameters: $1 = '1', $2 = '2', $3 = '48'",,,,,,,,"","client backend"
2024-06-16 14:31:43.592 CST,"raingage","benchmark",15269,"127.0.0.1:45210",666e86a6.3ba5,164,"SELECT",2024-06-16 14:31:02 CST,5/13,90669,LOG,00000,"execute S_1: SELECT c_discount, c_last, c_credit, w_tax     FROM bmsql_customer     JOIN bmsql_warehouse ON (w_id = c_w_id)     WHERE c_w_id = $1 AND c_d_id = $2 AND c_id = $3 FOR UPDATE","parameters: $1 = '1', $2 = '2', $3 = '48'",,,,,,,,"","client backend"
2024-06-16 14:31:43.661 CST,"raingage","benchmark",15269,"127.0.0.1:45210",666e86a6.3ba5,165,"SELECT",2024-06-16 14:31:02 CST,5/13,90669,LOG,00000,"execute S_1: SELECT c_discount, c_last, c_credit, w_tax     FROM bmsql_customer     JOIN bmsql_warehouse ON (w_id = c_w_id)     WHERE c_w_id = $1 AND c_d_id = $2 AND c_id = $3 FOR UPDATE","parameters: $1 = '1', $2 = '2', $3 = '48'",,,,,,,,"","client backend"
2024-06-16 14:31:43.725 CST,"raingage","benchmark",15269,"127.0.0.1:45210",666e86a6.3ba5,166,"SELECT",2024-06-16 14:31:02 CST,5/13,90669,LOG,00000,"execute S_1: SELECT c_discount, c_last, c_credit, w_tax     FROM bmsql_customer     JOIN bmsql_warehouse ON (w_id = c_w_id)     WHERE c_w_id = $1 AND c_d_id = $2 AND c_id = $3 FOR UPDATE","parameters: $1 = '1', $2 = '2', $3 = '48'",,,,,,,,"","client backend"
2024-06-16 14:31:43.791 CST,"raingage","benchmark",15269,"127.0.0.1:45210",666e86a6.3ba5,167,"SELECT",2024-06-16 14:31:02 CST,5/13,90669,LOG,00000,"execute S_1: SELECT c_discount, c_last, c_credit, w_tax     FROM bmsql_customer     JOIN bmsql_warehouse ON (w_id = c_w_id)     WHERE c_w_id = $1 AND c_d_id = $2 AND c_id = $3 FOR UPDATE","parameters: $1 = '1', $2 = '2', $3 = '48'",,,,,,,,"","client backend"
2024-06-16 14:31:43.863 CST,"raingage","benchmark",15269,"127.0.0.1:45210",666e86a6.3ba5,168,"SELECT",2024-06-16 14:31:02 CST,5/13,90669,LOG,00000,"execute S_1: SELECT c_discount, c_last, c_credit, w_tax     FROM bmsql_customer     JOIN bmsql_warehouse ON (w_id = c_w_id)     WHERE c_w_id = $1 AND c_d_id = $2 AND c_id = $3 FOR UPDATE","parameters: $1 = '1', $2 = '2', $3 = '48'",,,,,,,,"","client backend"
2024-06-16 14:31:43.871 CST,"raingage","benchmark",15269,"127.0.0.1:45210",666e86a6.3ba5,169,"SELECT",2024-06-16 14:31:02 CST,5/13,90669,LOG,00000,"execute S_6: SELECT i_price, i_name, i_data     FROM bmsql_item     WHERE i_id = $1","parameters: $1 = '102'",,,,,,,,"","client backend"
2024-06-16 14:31:43.887 CST,"raingage","benchmark",15269,"127.0.0.1:45210",666e86a6.3ba5,170,"SELECT",2024-06-16 14:31:02 CST,5/13,90669,LOG,00000,"execute S_7: SELECT s_quantity, s_data,        s_dist_01, s_dist_02, s_dist_03, s_dist_04,        s_dist_05, s_dist_06, s_dist_07, s_dist_08,        s_dist_09, s_dist_10     FROM bmsql_stock     WHERE s_w_id = $1 AND s_i_id = $2  FOR UPDATE","parameters: $1 = '1', $2 = '102'",,,,,,,,"","client backend"
2024-06-16 14:31:43.900 CST,"raingage","benchmark",15269,"127.0.0.1:45210",666e86a6.3ba5,171,"UPDATE",2024-06-16 14:31:02 CST,5/13,90669,LOG,00000,"execute S_8: UPDATE bmsql_stock     SET s_quantity = $1, s_ytd = s_ytd + $2,         s_order_cnt = s_order_cnt + 1,         s_remote_cnt = s_remote_cnt + $3     WHERE s_w_id = $4 AND s_i_id = $5","parameters: $1 = '19', $2 = '1', $3 = '0', $4 = '1', $5 = '102'",,,,,,,,"","client backend"
2024-06-16 14:31:43.921 CST,"raingage","benchmark",15269,"127.0.0.1:45210",666e86a6.3ba5,172,"COMMIT",2024-06-16 14:31:02 CST,5/13,90669,LOG,00000,"execute S_3: COMMIT",,,,,,,,,"","client backend"
2024-06-16 14:31:43.935 CST,"raingage","benchmark",15269,"127.0.0.1:45210",666e86a6.3ba5,173,"BEGIN",2024-06-16 14:31:02 CST,5/14,0,LOG,00000,"execute S_4: BEGIN",,,,,,,,,"","client backend"
2024-06-16 14:31:43.951 CST,"raingage","benchmark",15269,"127.0.0.1:45210",666e86a6.3ba5,174,"SELECT",2024-06-16 14:31:02 CST,5/14,0,LOG,00000,"execute S_5: SELECT d_tax, d_next_o_id     FROM bmsql_district     WHERE d_w_id = $1 AND d_id = $2 ","parameters: $1 = '1', $2 = '1'",,,,,,,,"","client backend"
2024-06-16 14:31:43.993 CST,"raingage","benchmark",15271,"127.0.0.1:45214",666e86a7.3ba7,330,"SELECT",2024-06-16 14:31:03 CST,7/25,90670,LOG,00000,"execute S_1: SELECT c_discount, c_last, c_credit, w_tax     FROM bmsql_customer     JOIN bmsql_warehouse ON (w_id = c_w_id)     WHERE c_w_id = $1 AND c_d_id = $2 AND c_id = $3 FOR UPDATE","parameters: $1 = '1', $2 = '2', $3 = '48'",,,,,,,,"","client backend"
2024-06-16 14:31:44.020 CST,"raingage","benchmark",15269,"127.0.0.1:45210",666e86a6.3ba5,175,"SELECT",2024-06-16 14:31:02 CST,5/14,0,LOG,00000,"execute S_1: SELECT c_discount, c_last, c_credit, w_tax     FROM bmsql_customer     JOIN bmsql_warehouse ON (w_id = c_w_id)     WHERE c_w_id = $1 AND c_d_id = $2 AND c_id = $3 FOR UPDATE","parameters: $1 = '1', $2 = '1', $3 = '13'",,,,,,,,"","client backend"
2024-06-16 14:31:44.063 CST,"raingage","benchmark",15271,"127.0.0.1:45214",666e86a7.3ba7,331,"SELECT",2024-06-16 14:31:03 CST,7/25,90670,LOG,00000,"execute S_1: SELECT c_discount, c_last, c_credit, w_tax     FROM bmsql_customer     JOIN bmsql_warehouse ON (w_id = c_w_id)     WHERE c_w_id = $1 AND c_d_id = $2 AND c_id = $3 FOR UPDATE","parameters: $1 = '1', $2 = '2', $3 = '48'",,,,,,,,"","client backend"
2024-06-16 14:31:44.133 CST,"raingage","benchmark",15271,"127.0.0.1:45214",666e86a7.3ba7,332,"SELECT",2024-06-16 14:31:03 CST,7/25,90670,LOG,00000,"execute S_1: SELECT c_discount, c_last, c_credit, w_tax     FROM bmsql_customer     JOIN bmsql_warehouse ON (w_id = c_w_id)     WHERE c_w_id = $1 AND c_d_id = $2 AND c_id = $3 FOR UPDATE","parameters: $1 = '1', $2 = '2', $3 = '48'",,,,,,,,"","client backend"
2024-06-16 14:31:44.201 CST,"raingage","benchmark",15271,"127.0.0.1:45214",666e86a7.3ba7,333,"SELECT",2024-06-16 14:31:03 CST,7/25,90670,LOG,00000,"execute S_1: SELECT c_discount, c_last, c_credit, w_tax     FROM bmsql_customer     JOIN bmsql_warehouse ON (w_id = c_w_id)     WHERE c_w_id = $1 AND c_d_id = $2 AND c_id = $3 FOR UPDATE","parameters: $1 = '1', $2 = '2', $3 = '48'",,,,,,,,"","client backend"
2024-06-16 14:31:44.266 CST,"raingage","benchmark",15271,"127.0.0.1:45214",666e86a7.3ba7,334,"SELECT",2024-06-16 14:31:03 CST,7/25,90670,LOG,00000,"execute S_1: SELECT c_discount, c_last, c_credit, w_tax     FROM bmsql_customer     JOIN bmsql_warehouse ON (w_id = c_w_id)     WHERE c_w_id = $1 AND c_d_id = $2 AND c_id = $3 FOR UPDATE","parameters: $1 = '1', $2 = '2', $3 = '48'",,,,,,,,"","client backend"
2024-06-16 14:31:44.329 CST,"raingage","benchmark",15271,"127.0.0.1:45214",666e86a7.3ba7,335,"SELECT",2024-06-16 14:31:03 CST,7/25,90670,LOG,00000,"execute S_1: SELECT c_discount, c_last, c_credit, w_tax     FROM bmsql_customer     JOIN bmsql_warehouse ON (w_id = c_w_id)     WHERE c_w_id = $1 AND c_d_id = $2 AND c_id = $3 FOR UPDATE","parameters: $1 = '1', $2 = '2', $3 = '48'",,,,,,,,"","client backend"
2024-06-16 14:31:44.392 CST,"raingage","benchmark",15271,"127.0.0.1:45214",666e86a7.3ba7,336,"SELECT",2024-06-16 14:31:03 CST,7/25,90670,LOG,00000,"execute S_1: SELECT c_discount, c_last, c_credit, w_tax     FROM bmsql_customer     JOIN bmsql_warehouse ON (w_id = c_w_id)     WHERE c_w_id = $1 AND c_d_id = $2 AND c_id = $3 FOR UPDATE","parameters: $1 = '1', $2 = '2', $3 = '48'",,,,,,,,"","client backend"
2024-06-16 14:31:44.408 CST,"raingage","benchmark",15271,"127.0.0.1:45214",666e86a7.3ba7,337,"SELECT",2024-06-16 14:31:03 CST,7/25,90670,LOG,00000,"execute S_5: SELECT i_price, i_name, i_data     FROM bmsql_item     WHERE i_id = $1","parameters: $1 = '102'",,,,,,,,"","client backend"
2024-06-16 14:31:44.428 CST,"raingage","benchmark",15271,"127.0.0.1:45214",666e86a7.3ba7,338,"SELECT",2024-06-16 14:31:03 CST,7/25,90670,LOG,00000,"execute S_6: SELECT s_quantity, s_data,        s_dist_01, s_dist_02, s_dist_03, s_dist_04,        s_dist_05, s_dist_06, s_dist_07, s_dist_08,        s_dist_09, s_dist_10     FROM bmsql_stock     WHERE s_w_id = $1 AND s_i_id = $2  FOR UPDATE","parameters: $1 = '1', $2 = '102'",,,,,,,,"","client backend"
2024-06-16 14:31:44.445 CST,"raingage","benchmark",15271,"127.0.0.1:45214",666e86a7.3ba7,339,"UPDATE",2024-06-16 14:31:03 CST,7/25,90670,LOG,00000,"execute S_7: UPDATE bmsql_stock     SET s_quantity = $1, s_ytd = s_ytd + $2,         s_order_cnt = s_order_cnt + 1,         s_remote_cnt = s_remote_cnt + $3     WHERE s_w_id = $4 AND s_i_id = $5","parameters: $1 = '18', $2 = '1', $3 = '0', $4 = '1', $5 = '102'",,,,,,,,"","client backend"
2024-06-16 14:31:44.463 CST,"raingage","benchmark",15271,"127.0.0.1:45214",666e86a7.3ba7,340,"COMMIT",2024-06-16 14:31:03 CST,7/25,90670,LOG,00000,"execute S_2: COMMIT",,,,,,,,,"","client backend"
2024-06-16 14:31:44.483 CST,"raingage","benchmark",15271,"127.0.0.1:45214",666e86a7.3ba7,341,"BEGIN",2024-06-16 14:31:03 CST,7/26,0,LOG,00000,"execute S_3: BEGIN",,,,,,,,,"","client backend"
2024-06-16 14:31:44.496 CST,"raingage","benchmark",15271,"127.0.0.1:45214",666e86a7.3ba7,342,"SELECT",2024-06-16 14:31:03 CST,7/26,0,LOG,00000,"execute S_4: SELECT d_tax, d_next_o_id     FROM bmsql_district     WHERE d_w_id = $1 AND d_id = $2 ","parameters: $1 = '1', $2 = '2'",,,,,,,,"","client backend"
2024-06-16 14:31:44.532 CST,"raingage","benchmark",15269,"127.0.0.1:45210",666e86a6.3ba5,176,"SELECT",2024-06-16 14:31:02 CST,5/14,90671,LOG,00000,"execute S_1: SELECT c_discount, c_last, c_credit, w_tax     FROM bmsql_customer     JOIN bmsql_warehouse ON (w_id = c_w_id)     WHERE c_w_id = $1 AND c_d_id = $2 AND c_id = $3 FOR UPDATE","parameters: $1 = '1', $2 = '1', $3 = '13'",,,,,,,,"","client backend"
2024-06-16 14:31:44.564 CST,"raingage","benchmark",15271,"127.0.0.1:45214",666e86a7.3ba7,343,"SELECT",2024-06-16 14:31:03 CST,7/26,0,LOG,00000,"execute S_1: SELECT c_discount, c_last, c_credit, w_tax     FROM bmsql_customer     JOIN bmsql_warehouse ON (w_id = c_w_id)     WHERE c_w_id = $1 AND c_d_id = $2 AND c_id = $3 FOR UPDATE","parameters: $1 = '1', $2 = '2', $3 = '50'",,,,,,,,"","client backend"
2024-06-16 14:31:44.598 CST,"raingage","benchmark",15269,"127.0.0.1:45210",666e86a6.3ba5,177,"SELECT",2024-06-16 14:31:02 CST,5/14,90671,LOG,00000,"execute S_1: SELECT c_discount, c_last, c_credit, w_tax     FROM bmsql_customer     JOIN bmsql_warehouse ON (w_id = c_w_id)     WHERE c_w_id = $1 AND c_d_id = $2 AND c_id = $3 FOR UPDATE","parameters: $1 = '1', $2 = '1', $3 = '13'",,,,,,,,"","client backend"
2024-06-16 14:31:44.662 CST,"raingage","benchmark",15269,"127.0.0.1:45210",666e86a6.3ba5,178,"SELECT",2024-06-16 14:31:02 CST,5/14,90671,LOG,00000,"execute S_1: SELECT c_discount, c_last, c_credit, w_tax     FROM bmsql_customer     JOIN bmsql_warehouse ON (w_id = c_w_id)     WHERE c_w_id = $1 AND c_d_id = $2 AND c_id = $3 FOR UPDATE","parameters: $1 = '1', $2 = '1', $3 = '13'",,,,,,,,"","client backend"
2024-06-16 14:31:44.729 CST,"raingage","benchmark",15269,"127.0.0.1:45210",666e86a6.3ba5,179,"SELECT",2024-06-16 14:31:02 CST,5/14,90671,LOG,00000,"execute S_1: SELECT c_discount, c_last, c_credit, w_tax     FROM bmsql_customer     JOIN bmsql_warehouse ON (w_id = c_w_id)     WHERE c_w_id = $1 AND c_d_id = $2 AND c_id = $3 FOR UPDATE","parameters: $1 = '1', $2 = '1', $3 = '13'",,,,,,,,"","client backend"
2024-06-16 14:31:44.799 CST,"raingage","benchmark",15269,"127.0.0.1:45210",666e86a6.3ba5,180,"SELECT",2024-06-16 14:31:02 CST,5/14,90671,LOG,00000,"execute S_1: SELECT c_discount, c_last, c_credit, w_tax     FROM bmsql_customer     JOIN bmsql_warehouse ON (w_id = c_w_id)     WHERE c_w_id = $1 AND c_d_id = $2 AND c_id = $3 FOR UPDATE","parameters: $1 = '1', $2 = '1', $3 = '13'",,,,,,,,"","client backend"
2024-06-16 14:31:44.837 CST,"raingage","benchmark",15270,"127.0.0.1:45212",666e86a6.3ba6,199,"BEGIN",2024-06-16 14:31:02 CST,6/16,0,LOG,00000,"execute S_3: BEGIN",,,,,,,,,"","client backend"
2024-06-16 14:31:44.848 CST,"raingage","benchmark",15270,"127.0.0.1:45212",666e86a6.3ba6,200,"SELECT",2024-06-16 14:31:02 CST,6/16,0,LOG,00000,"execute S_4: SELECT d_tax, d_next_o_id     FROM bmsql_district     WHERE d_w_id = $1 AND d_id = $2 ","parameters: $1 = '1', $2 = '1'",,,,,,,,"","client backend"
2024-06-16 14:31:44.870 CST,"raingage","benchmark",15269,"127.0.0.1:45210",666e86a6.3ba5,181,"SELECT",2024-06-16 14:31:02 CST,5/14,90671,LOG,00000,"execute S_1: SELECT c_discount, c_last, c_credit, w_tax     FROM bmsql_customer     JOIN bmsql_warehouse ON (w_id = c_w_id)     WHERE c_w_id = $1 AND c_d_id = $2 AND c_id = $3 FOR UPDATE","parameters: $1 = '1', $2 = '1', $3 = '13'",,,,,,,,"","client backend"
2024-06-16 14:31:44.922 CST,"raingage","benchmark",15270,"127.0.0.1:45212",666e86a6.3ba6,201,"SELECT",2024-06-16 14:31:02 CST,6/16,0,LOG,00000,"execute S_1: SELECT c_discount, c_last, c_credit, w_tax     FROM bmsql_customer     JOIN bmsql_warehouse ON (w_id = c_w_id)     WHERE c_w_id = $1 AND c_d_id = $2 AND c_id = $3 FOR UPDATE","parameters: $1 = '1', $2 = '1', $3 = '10'",,,,,,,,"","client backend"
2024-06-16 14:31:44.936 CST,"raingage","benchmark",15269,"127.0.0.1:45210",666e86a6.3ba5,182,"SELECT",2024-06-16 14:31:02 CST,5/14,90671,LOG,00000,"execute S_1: SELECT c_discount, c_last, c_credit, w_tax     FROM bmsql_customer     JOIN bmsql_warehouse ON (w_id = c_w_id)     WHERE c_w_id = $1 AND c_d_id = $2 AND c_id = $3 FOR UPDATE","parameters: $1 = '1', $2 = '1', $3 = '13'",,,,,,,,"","client backend"
2024-06-16 14:31:44.955 CST,"raingage","benchmark",15269,"127.0.0.1:45210",666e86a6.3ba5,183,"SELECT",2024-06-16 14:31:02 CST,5/14,90671,LOG,00000,"execute S_6: SELECT i_price, i_name, i_data     FROM bmsql_item     WHERE i_id = $1","parameters: $1 = '70'",,,,,,,,"","client backend"
2024-06-16 14:31:44.967 CST,"raingage","benchmark",15269,"127.0.0.1:45210",666e86a6.3ba5,184,"SELECT",2024-06-16 14:31:02 CST,5/14,90671,LOG,00000,"execute S_7: SELECT s_quantity, s_data,        s_dist_01, s_dist_02, s_dist_03, s_dist_04,        s_dist_05, s_dist_06, s_dist_07, s_dist_08,        s_dist_09, s_dist_10     FROM bmsql_stock     WHERE s_w_id = $1 AND s_i_id = $2  FOR UPDATE","parameters: $1 = '1', $2 = '70'",,,,,,,,"","client backend"
2024-06-16 14:31:44.979 CST,"raingage","benchmark",15269,"127.0.0.1:45210",666e86a6.3ba5,185,"UPDATE",2024-06-16 14:31:02 CST,5/14,90671,LOG,00000,"execute S_8: UPDATE bmsql_stock     SET s_quantity = $1, s_ytd = s_ytd + $2,         s_order_cnt = s_order_cnt + 1,         s_remote_cnt = s_remote_cnt + $3     WHERE s_w_id = $4 AND s_i_id = $5","parameters: $1 = '52', $2 = '7', $3 = '0', $4 = '1', $5 = '70'",,,,,,,,"","client backend"
2024-06-16 14:31:44.997 CST,"raingage","benchmark",15269,"127.0.0.1:45210",666e86a6.3ba5,186,"COMMIT",2024-06-16 14:31:02 CST,5/14,90671,LOG,00000,"execute S_3: COMMIT",,,,,,,,,"","client backend"
2024-06-16 14:31:45.014 CST,"raingage","benchmark",15269,"127.0.0.1:45210",666e86a6.3ba5,187,"BEGIN",2024-06-16 14:31:02 CST,5/15,0,LOG,00000,"execute S_4: BEGIN",,,,,,,,,"","client backend"
2024-06-16 14:31:45.020 CST,"raingage","benchmark",15269,"127.0.0.1:45210",666e86a6.3ba5,188,"SELECT",2024-06-16 14:31:02 CST,5/15,0,LOG,00000,"execute S_5: SELECT d_tax, d_next_o_id     FROM bmsql_district     WHERE d_w_id = $1 AND d_id = $2 ","parameters: $1 = '1', $2 = '2'",,,,,,,,"","client backend"
2024-06-16 14:31:45.061 CST,"raingage","benchmark",15271,"127.0.0.1:45214",666e86a7.3ba7,344,"SELECT",2024-06-16 14:31:03 CST,7/26,90672,LOG,00000,"execute S_1: SELECT c_discount, c_last, c_credit, w_tax     FROM bmsql_customer     JOIN bmsql_warehouse ON (w_id = c_w_id)     WHERE c_w_id = $1 AND c_d_id = $2 AND c_id = $3 FOR UPDATE","parameters: $1 = '1', $2 = '2', $3 = '50'",,,,,,,,"","client backend"
2024-06-16 14:31:45.087 CST,"raingage","benchmark",15269,"127.0.0.1:45210",666e86a6.3ba5,189,"SELECT",2024-06-16 14:31:02 CST,5/15,0,LOG,00000,"execute S_1: SELECT c_discount, c_last, c_credit, w_tax     FROM bmsql_customer     JOIN bmsql_warehouse ON (w_id = c_w_id)     WHERE c_w_id = $1 AND c_d_id = $2 AND c_id = $3 FOR UPDATE","parameters: $1 = '1', $2 = '2', $3 = '50'",,,,,,,,"","client backend"
2024-06-16 14:31:45.132 CST,"raingage","benchmark",15271,"127.0.0.1:45214",666e86a7.3ba7,345,"SELECT",2024-06-16 14:31:03 CST,7/26,90672,LOG,00000,"execute S_1: SELECT c_discount, c_last, c_credit, w_tax     FROM bmsql_customer     JOIN bmsql_warehouse ON (w_id = c_w_id)     WHERE c_w_id = $1 AND c_d_id = $2 AND c_id = $3 FOR UPDATE","parameters: $1 = '1', $2 = '2', $3 = '50'",,,,,,,,"","client backend"
2024-06-16 14:31:45.202 CST,"raingage","benchmark",15271,"127.0.0.1:45214",666e86a7.3ba7,346,"SELECT",2024-06-16 14:31:03 CST,7/26,90672,LOG,00000,"execute S_1: SELECT c_discount, c_last, c_credit, w_tax     FROM bmsql_customer     JOIN bmsql_warehouse ON (w_id = c_w_id)     WHERE c_w_id = $1 AND c_d_id = $2 AND c_id = $3 FOR UPDATE","parameters: $1 = '1', $2 = '2', $3 = '50'",,,,,,,,"","client backend"
2024-06-16 14:31:45.268 CST,"raingage","benchmark",15271,"127.0.0.1:45214",666e86a7.3ba7,347,"SELECT",2024-06-16 14:31:03 CST,7/26,90672,LOG,00000,"execute S_1: SELECT c_discount, c_last, c_credit, w_tax     FROM bmsql_customer     JOIN bmsql_warehouse ON (w_id = c_w_id)     WHERE c_w_id = $1 AND c_d_id = $2 AND c_id = $3 FOR UPDATE","parameters: $1 = '1', $2 = '2', $3 = '50'",,,,,,,,"","client backend"
2024-06-16 14:31:45.336 CST,"raingage","benchmark",15271,"127.0.0.1:45214",666e86a7.3ba7,348,"SELECT",2024-06-16 14:31:03 CST,7/26,90672,LOG,00000,"execute S_1: SELECT c_discount, c_last, c_credit, w_tax     FROM bmsql_customer     JOIN bmsql_warehouse ON (w_id = c_w_id)     WHERE c_w_id = $1 AND c_d_id = $2 AND c_id = $3 FOR UPDATE","parameters: $1 = '1', $2 = '2', $3 = '50'",,,,,,,,"","client backend"
2024-06-16 14:31:45.406 CST,"raingage","benchmark",15271,"127.0.0.1:45214",666e86a7.3ba7,349,"SELECT",2024-06-16 14:31:03 CST,7/26,90672,LOG,00000,"execute S_1: SELECT c_discount, c_last, c_credit, w_tax     FROM bmsql_customer     JOIN bmsql_warehouse ON (w_id = c_w_id)     WHERE c_w_id = $1 AND c_d_id = $2 AND c_id = $3 FOR UPDATE","parameters: $1 = '1', $2 = '2', $3 = '50'",,,,,,,,"","client backend"
2024-06-16 14:31:45.476 CST,"raingage","benchmark",15271,"127.0.0.1:45214",666e86a7.3ba7,350,"SELECT",2024-06-16 14:31:03 CST,7/26,90672,LOG,00000,"execute S_1: SELECT c_discount, c_last, c_credit, w_tax     FROM bmsql_customer     JOIN bmsql_warehouse ON (w_id = c_w_id)     WHERE c_w_id = $1 AND c_d_id = $2 AND c_id = $3 FOR UPDATE","parameters: $1 = '1', $2 = '2', $3 = '50'",,,,,,,,"","client backend"
2024-06-16 14:31:45.489 CST,"raingage","benchmark",15271,"127.0.0.1:45214",666e86a7.3ba7,351,"SELECT",2024-06-16 14:31:03 CST,7/26,90672,LOG,00000,"execute S_5: SELECT i_price, i_name, i_data     FROM bmsql_item     WHERE i_id = $1","parameters: $1 = '7'",,,,,,,,"","client backend"
2024-06-16 14:31:45.502 CST,"raingage","benchmark",15271,"127.0.0.1:45214",666e86a7.3ba7,352,"SELECT",2024-06-16 14:31:03 CST,7/26,90672,LOG,00000,"execute S_6: SELECT s_quantity, s_data,        s_dist_01, s_dist_02, s_dist_03, s_dist_04,        s_dist_05, s_dist_06, s_dist_07, s_dist_08,        s_dist_09, s_dist_10     FROM bmsql_stock     WHERE s_w_id = $1 AND s_i_id = $2  FOR UPDATE","parameters: $1 = '1', $2 = '7'",,,,,,,,"","client backend"
2024-06-16 14:31:45.522 CST,"raingage","benchmark",15271,"127.0.0.1:45214",666e86a7.3ba7,353,"UPDATE",2024-06-16 14:31:03 CST,7/26,90672,LOG,00000,"execute S_7: UPDATE bmsql_stock     SET s_quantity = $1, s_ytd = s_ytd + $2,         s_order_cnt = s_order_cnt + 1,         s_remote_cnt = s_remote_cnt + $3     WHERE s_w_id = $4 AND s_i_id = $5","parameters: $1 = '97', $2 = '2', $3 = '0', $4 = '1', $5 = '7'",,,,,,,,"","client backend"
2024-06-16 14:31:45.538 CST,"raingage","benchmark",15271,"127.0.0.1:45214",666e86a7.3ba7,354,"COMMIT",2024-06-16 14:31:03 CST,7/26,90672,LOG,00000,"execute S_2: COMMIT",,,,,,,,,"","client backend"
2024-06-16 14:31:45.561 CST,"raingage","benchmark",15271,"127.0.0.1:45214",666e86a7.3ba7,355,"BEGIN",2024-06-16 14:31:03 CST,7/27,0,LOG,00000,"execute S_3: BEGIN",,,,,,,,,"","client backend"
2024-06-16 14:31:45.564 CST,"raingage","benchmark",15271,"127.0.0.1:45214",666e86a7.3ba7,356,"SELECT",2024-06-16 14:31:03 CST,7/27,0,LOG,00000,"execute S_4: SELECT d_tax, d_next_o_id     FROM bmsql_district     WHERE d_w_id = $1 AND d_id = $2 ","parameters: $1 = '1', $2 = '3'",,,,,,,,"","client backend"
2024-06-16 14:31:45.609 CST,"raingage","benchmark",15270,"127.0.0.1:45212",666e86a6.3ba6,202,"SELECT",2024-06-16 14:31:02 CST,6/16,90673,LOG,00000,"execute S_1: SELECT c_discount, c_last, c_credit, w_tax     FROM bmsql_customer     JOIN bmsql_warehouse ON (w_id = c_w_id)     WHERE c_w_id = $1 AND c_d_id = $2 AND c_id = $3 FOR UPDATE","parameters: $1 = '1', $2 = '1', $3 = '10'",,,,,,,,"","client backend"
2024-06-16 14:31:45.633 CST,"raingage","benchmark",15271,"127.0.0.1:45214",666e86a7.3ba7,357,"SELECT",2024-06-16 14:31:03 CST,7/27,0,LOG,00000,"execute S_1: SELECT c_discount, c_last, c_credit, w_tax     FROM bmsql_customer     JOIN bmsql_warehouse ON (w_id = c_w_id)     WHERE c_w_id = $1 AND c_d_id = $2 AND c_id = $3 FOR UPDATE","parameters: $1 = '1', $2 = '3', $3 = '46'",,,,,,,,"","client backend"
2024-06-16 14:31:45.679 CST,"raingage","benchmark",15270,"127.0.0.1:45212",666e86a6.3ba6,203,"SELECT",2024-06-16 14:31:02 CST,6/16,90673,LOG,00000,"execute S_1: SELECT c_discount, c_last, c_credit, w_tax     FROM bmsql_customer     JOIN bmsql_warehouse ON (w_id = c_w_id)     WHERE c_w_id = $1 AND c_d_id = $2 AND c_id = $3 FOR UPDATE","parameters: $1 = '1', $2 = '1', $3 = '10'",,,,,,,,"","client backend"
2024-06-16 14:31:45.743 CST,"raingage","benchmark",15270,"127.0.0.1:45212",666e86a6.3ba6,204,"SELECT",2024-06-16 14:31:02 CST,6/16,90673,LOG,00000,"execute S_1: SELECT c_discount, c_last, c_credit, w_tax     FROM bmsql_customer     JOIN bmsql_warehouse ON (w_id = c_w_id)     WHERE c_w_id = $1 AND c_d_id = $2 AND c_id = $3 FOR UPDATE","parameters: $1 = '1', $2 = '1', $3 = '10'",,,,,,,,"","client backend"
2024-06-16 14:31:45.807 CST,"raingage","benchmark",15270,"127.0.0.1:45212",666e86a6.3ba6,205,"SELECT",2024-06-16 14:31:02 CST,6/16,90673,LOG,00000,"execute S_1: SELECT c_discount, c_last, c_credit, w_tax     FROM bmsql_customer     JOIN bmsql_warehouse ON (w_id = c_w_id)     WHERE c_w_id = $1 AND c_d_id = $2 AND c_id = $3 FOR UPDATE","parameters: $1 = '1', $2 = '1', $3 = '10'",,,,,,,,"","client backend"
2024-06-16 14:31:45.879 CST,"raingage","benchmark",15270,"127.0.0.1:45212",666e86a6.3ba6,206,"SELECT",2024-06-16 14:31:02 CST,6/16,90673,LOG,00000,"execute S_1: SELECT c_discount, c_last, c_credit, w_tax     FROM bmsql_customer     JOIN bmsql_warehouse ON (w_id = c_w_id)     WHERE c_w_id = $1 AND c_d_id = $2 AND c_id = $3 FOR UPDATE","parameters: $1 = '1', $2 = '1', $3 = '10'",,,,,,,,"","client backend"
2024-06-16 14:31:45.945 CST,"raingage","benchmark",15270,"127.0.0.1:45212",666e86a6.3ba6,207,"SELECT",2024-06-16 14:31:02 CST,6/16,90673,LOG,00000,"execute S_1: SELECT c_discount, c_last, c_credit, w_tax     FROM bmsql_customer     JOIN bmsql_warehouse ON (w_id = c_w_id)     WHERE c_w_id = $1 AND c_d_id = $2 AND c_id = $3 FOR UPDATE","parameters: $1 = '1', $2 = '1', $3 = '10'",,,,,,,,"","client backend"
2024-06-16 14:31:46.000 CST,"raingage","benchmark",15270,"127.0.0.1:45212",666e86a6.3ba6,208,"SELECT",2024-06-16 14:31:02 CST,6/16,90673,LOG,00000,"execute S_1: SELECT c_discount, c_last, c_credit, w_tax     FROM bmsql_customer     JOIN bmsql_warehouse ON (w_id = c_w_id)     WHERE c_w_id = $1 AND c_d_id = $2 AND c_id = $3 FOR UPDATE","parameters: $1 = '1', $2 = '1', $3 = '10'",,,,,,,,"","client backend"
2024-06-16 14:31:46.014 CST,"raingage","benchmark",15270,"127.0.0.1:45212",666e86a6.3ba6,209,"SELECT",2024-06-16 14:31:02 CST,6/16,90673,LOG,00000,"execute S_5: SELECT i_price, i_name, i_data     FROM bmsql_item     WHERE i_id = $1","parameters: $1 = '43'",,,,,,,,"","client backend"
2024-06-16 14:31:46.027 CST,"raingage","benchmark",15270,"127.0.0.1:45212",666e86a6.3ba6,210,"SELECT",2024-06-16 14:31:02 CST,6/16,90673,LOG,00000,"execute S_6: SELECT s_quantity, s_data,        s_dist_01, s_dist_02, s_dist_03, s_dist_04,        s_dist_05, s_dist_06, s_dist_07, s_dist_08,        s_dist_09, s_dist_10     FROM bmsql_stock     WHERE s_w_id = $1 AND s_i_id = $2  FOR UPDATE","parameters: $1 = '1', $2 = '43'",,,,,,,,"","client backend"
2024-06-16 14:31:46.049 CST,"raingage","benchmark",15270,"127.0.0.1:45212",666e86a6.3ba6,211,"UPDATE",2024-06-16 14:31:02 CST,6/16,90673,LOG,00000,"execute S_7: UPDATE bmsql_stock     SET s_quantity = $1, s_ytd = s_ytd + $2,         s_order_cnt = s_order_cnt + 1,         s_remote_cnt = s_remote_cnt + $3     WHERE s_w_id = $4 AND s_i_id = $5","parameters: $1 = '82', $2 = '2', $3 = '0', $4 = '1', $5 = '43'",,,,,,,,"","client backend"
2024-06-16 14:31:46.063 CST,"raingage","benchmark",15270,"127.0.0.1:45212",666e86a6.3ba6,212,"COMMIT",2024-06-16 14:31:02 CST,6/16,90673,LOG,00000,"execute S_2: COMMIT",,,,,,,,,"","client backend"
2024-06-16 14:31:46.087 CST,"raingage","benchmark",15270,"127.0.0.1:45212",666e86a6.3ba6,213,"BEGIN",2024-06-16 14:31:02 CST,6/17,0,LOG,00000,"execute S_3: BEGIN",,,,,,,,,"","client backend"
2024-06-16 14:31:46.102 CST,"raingage","benchmark",15270,"127.0.0.1:45212",666e86a6.3ba6,214,"SELECT",2024-06-16 14:31:02 CST,6/17,0,LOG,00000,"execute S_4: SELECT d_tax, d_next_o_id     FROM bmsql_district     WHERE d_w_id = $1 AND d_id = $2 ","parameters: $1 = '1', $2 = '2'",,,,,,,,"","client backend"
2024-06-16 14:31:46.135 CST,"raingage","benchmark",15269,"127.0.0.1:45210",666e86a6.3ba5,190,"SELECT",2024-06-16 14:31:02 CST,5/15,90674,LOG,00000,"execute S_1: SELECT c_discount, c_last, c_credit, w_tax     FROM bmsql_customer     JOIN bmsql_warehouse ON (w_id = c_w_id)     WHERE c_w_id = $1 AND c_d_id = $2 AND c_id = $3 FOR UPDATE","parameters: $1 = '1', $2 = '2', $3 = '50'",,,,,,,,"","client backend"
2024-06-16 14:31:46.172 CST,"raingage","benchmark",15270,"127.0.0.1:45212",666e86a6.3ba6,215,"SELECT",2024-06-16 14:31:02 CST,6/17,0,LOG,00000,"execute S_1: SELECT c_discount, c_last, c_credit, w_tax     FROM bmsql_customer     JOIN bmsql_warehouse ON (w_id = c_w_id)     WHERE c_w_id = $1 AND c_d_id = $2 AND c_id = $3 FOR UPDATE","parameters: $1 = '1', $2 = '2', $3 = '39'",,,,,,,,"","client backend"
2024-06-16 14:31:46.205 CST,"raingage","benchmark",15269,"127.0.0.1:45210",666e86a6.3ba5,191,"SELECT",2024-06-16 14:31:02 CST,5/15,90674,LOG,00000,"execute S_1: SELECT c_discount, c_last, c_credit, w_tax     FROM bmsql_customer     JOIN bmsql_warehouse ON (w_id = c_w_id)     WHERE c_w_id = $1 AND c_d_id = $2 AND c_id = $3 FOR UPDATE","parameters: $1 = '1', $2 = '2', $3 = '50'",,,,,,,,"","client backend"
2024-06-16 14:31:46.269 CST,"raingage","benchmark",15269,"127.0.0.1:45210",666e86a6.3ba5,192,"SELECT",2024-06-16 14:31:02 CST,5/15,90674,LOG,00000,"execute S_1: SELECT c_discount, c_last, c_credit, w_tax     FROM bmsql_customer     JOIN bmsql_warehouse ON (w_id = c_w_id)     WHERE c_w_id = $1 AND c_d_id = $2 AND c_id = $3 FOR UPDATE","parameters: $1 = '1', $2 = '2', $3 = '50'",,,,,,,,"","client backend"
2024-06-16 14:31:46.335 CST,"raingage","benchmark",15269,"127.0.0.1:45210",666e86a6.3ba5,193,"SELECT",2024-06-16 14:31:02 CST,5/15,90674,LOG,00000,"execute S_1: SELECT c_discount, c_last, c_credit, w_tax     FROM bmsql_customer     JOIN bmsql_warehouse ON (w_id = c_w_id)     WHERE c_w_id = $1 AND c_d_id = $2 AND c_id = $3 FOR UPDATE","parameters: $1 = '1', $2 = '2', $3 = '50'",,,,,,,,"","client backend"
2024-06-16 14:31:46.398 CST,"raingage","benchmark",15269,"127.0.0.1:45210",666e86a6.3ba5,194,"SELECT",2024-06-16 14:31:02 CST,5/15,90674,LOG,00000,"execute S_1: SELECT c_discount, c_last, c_credit, w_tax     FROM bmsql_customer     JOIN bmsql_warehouse ON (w_id = c_w_id)     WHERE c_w_id = $1 AND c_d_id = $2 AND c_id = $3 FOR UPDATE","parameters: $1 = '1', $2 = '2', $3 = '50'",,,,,,,,"","client backend"
2024-06-16 14:31:46.469 CST,"raingage","benchmark",15269,"127.0.0.1:45210",666e86a6.3ba5,195,"SELECT",2024-06-16 14:31:02 CST,5/15,90674,LOG,00000,"execute S_1: SELECT c_discount, c_last, c_credit, w_tax     FROM bmsql_customer     JOIN bmsql_warehouse ON (w_id = c_w_id)     WHERE c_w_id = $1 AND c_d_id = $2 AND c_id = $3 FOR UPDATE","parameters: $1 = '1', $2 = '2', $3 = '50'",,,,,,,,"","client backend"
2024-06-16 14:31:46.535 CST,"raingage","benchmark",15269,"127.0.0.1:45210",666e86a6.3ba5,196,"SELECT",2024-06-16 14:31:02 CST,5/15,90674,LOG,00000,"execute S_1: SELECT c_discount, c_last, c_credit, w_tax     FROM bmsql_customer     JOIN bmsql_warehouse ON (w_id = c_w_id)     WHERE c_w_id = $1 AND c_d_id = $2 AND c_id = $3 FOR UPDATE","parameters: $1 = '1', $2 = '2', $3 = '50'",,,,,,,,"","client backend"
2024-06-16 14:31:46.541 CST,"raingage","benchmark",15269,"127.0.0.1:45210",666e86a6.3ba5,197,"SELECT",2024-06-16 14:31:02 CST,5/15,90674,LOG,00000,"execute S_6: SELECT i_price, i_name, i_data     FROM bmsql_item     WHERE i_id = $1","parameters: $1 = '7'",,,,,,,,"","client backend"
2024-06-16 14:31:46.557 CST,"raingage","benchmark",15269,"127.0.0.1:45210",666e86a6.3ba5,198,"SELECT",2024-06-16 14:31:02 CST,5/15,90674,LOG,00000,"execute S_7: SELECT s_quantity, s_data,        s_dist_01, s_dist_02, s_dist_03, s_dist_04,        s_dist_05, s_dist_06, s_dist_07, s_dist_08,        s_dist_09, s_dist_10     FROM bmsql_stock     WHERE s_w_id = $1 AND s_i_id = $2  FOR UPDATE","parameters: $1 = '1', $2 = '7'",,,,,,,,"","client backend"
2024-06-16 14:31:46.572 CST,"raingage","benchmark",15269,"127.0.0.1:45210",666e86a6.3ba5,199,"UPDATE",2024-06-16 14:31:02 CST,5/15,90674,LOG,00000,"execute S_8: UPDATE bmsql_stock     SET s_quantity = $1, s_ytd = s_ytd + $2,         s_order_cnt = s_order_cnt + 1,         s_remote_cnt = s_remote_cnt + $3     WHERE s_w_id = $4 AND s_i_id = $5","parameters: $1 = '95', $2 = '2', $3 = '0', $4 = '1', $5 = '7'",,,,,,,,"","client backend"
2024-06-16 14:31:46.590 CST,"raingage","benchmark",15269,"127.0.0.1:45210",666e86a6.3ba5,200,"COMMIT",2024-06-16 14:31:02 CST,5/15,90674,LOG,00000,"execute S_3: COMMIT",,,,,,,,,"","client backend"
2024-06-16 14:31:46.612 CST,"raingage","benchmark",15269,"127.0.0.1:45210",666e86a6.3ba5,201,"BEGIN",2024-06-16 14:31:02 CST,5/16,0,LOG,00000,"execute S_4: BEGIN",,,,,,,,,"","client backend"
2024-06-16 14:31:46.627 CST,"raingage","benchmark",15269,"127.0.0.1:45210",666e86a6.3ba5,202,"SELECT",2024-06-16 14:31:02 CST,5/16,0,LOG,00000,"execute S_5: SELECT d_tax, d_next_o_id     FROM bmsql_district     WHERE d_w_id = $1 AND d_id = $2 ","parameters: $1 = '1', $2 = '2'",,,,,,,,"","client backend"
2024-06-16 14:31:46.660 CST,"raingage","benchmark",15271,"127.0.0.1:45214",666e86a7.3ba7,358,"SELECT",2024-06-16 14:31:03 CST,7/27,90675,LOG,00000,"execute S_1: SELECT c_discount, c_last, c_credit, w_tax     FROM bmsql_customer     JOIN bmsql_warehouse ON (w_id = c_w_id)     WHERE c_w_id = $1 AND c_d_id = $2 AND c_id = $3 FOR UPDATE","parameters: $1 = '1', $2 = '3', $3 = '46'",,,,,,,,"","client backend"
2024-06-16 14:31:46.696 CST,"raingage","benchmark",15269,"127.0.0.1:45210",666e86a6.3ba5,203,"SELECT",2024-06-16 14:31:02 CST,5/16,0,LOG,00000,"execute S_1: SELECT c_discount, c_last, c_credit, w_tax     FROM bmsql_customer     JOIN bmsql_warehouse ON (w_id = c_w_id)     WHERE c_w_id = $1 AND c_d_id = $2 AND c_id = $3 FOR UPDATE","parameters: $1 = '1', $2 = '2', $3 = '70'",,,,,,,,"","client backend"
2024-06-16 14:31:46.726 CST,"raingage","benchmark",15271,"127.0.0.1:45214",666e86a7.3ba7,359,"SELECT",2024-06-16 14:31:03 CST,7/27,90675,LOG,00000,"execute S_1: SELECT c_discount, c_last, c_credit, w_tax     FROM bmsql_customer     JOIN bmsql_warehouse ON (w_id = c_w_id)     WHERE c_w_id = $1 AND c_d_id = $2 AND c_id = $3 FOR UPDATE","parameters: $1 = '1', $2 = '3', $3 = '46'",,,,,,,,"","client backend"
2024-06-16 14:31:46.795 CST,"raingage","benchmark",15271,"127.0.0.1:45214",666e86a7.3ba7,360,"SELECT",2024-06-16 14:31:03 CST,7/27,90675,LOG,00000,"execute S_1: SELECT c_discount, c_last, c_credit, w_tax     FROM bmsql_customer     JOIN bmsql_warehouse ON (w_id = c_w_id)     WHERE c_w_id = $1 AND c_d_id = $2 AND c_id = $3 FOR UPDATE","parameters: $1 = '1', $2 = '3', $3 = '46'",,,,,,,,"","client backend"
2024-06-16 14:31:46.861 CST,"raingage","benchmark",15271,"127.0.0.1:45214",666e86a7.3ba7,361,"SELECT",2024-06-16 14:31:03 CST,7/27,90675,LOG,00000,"execute S_1: SELECT c_discount, c_last, c_credit, w_tax     FROM bmsql_customer     JOIN bmsql_warehouse ON (w_id = c_w_id)     WHERE c_w_id = $1 AND c_d_id = $2 AND c_id = $3 FOR UPDATE","parameters: $1 = '1', $2 = '3', $3 = '46'",,,,,,,,"","client backend"
2024-06-16 14:31:46.933 CST,"raingage","benchmark",15271,"127.0.0.1:45214",666e86a7.3ba7,362,"SELECT",2024-06-16 14:31:03 CST,7/27,90675,LOG,00000,"execute S_1: SELECT c_discount, c_last, c_credit, w_tax     FROM bmsql_customer     JOIN bmsql_warehouse ON (w_id = c_w_id)     WHERE c_w_id = $1 AND c_d_id = $2 AND c_id = $3 FOR UPDATE","parameters: $1 = '1', $2 = '3', $3 = '46'",,,,,,,,"","client backend"
2024-06-16 14:31:47.002 CST,"raingage","benchmark",15271,"127.0.0.1:45214",666e86a7.3ba7,363,"SELECT",2024-06-16 14:31:03 CST,7/27,90675,LOG,00000,"execute S_1: SELECT c_discount, c_last, c_credit, w_tax     FROM bmsql_customer     JOIN bmsql_warehouse ON (w_id = c_w_id)     WHERE c_w_id = $1 AND c_d_id = $2 AND c_id = $3 FOR UPDATE","parameters: $1 = '1', $2 = '3', $3 = '46'",,,,,,,,"","client backend"
2024-06-16 14:31:47.065 CST,"raingage","benchmark",15271,"127.0.0.1:45214",666e86a7.3ba7,364,"SELECT",2024-06-16 14:31:03 CST,7/27,90675,LOG,00000,"execute S_1: SELECT c_discount, c_last, c_credit, w_tax     FROM bmsql_customer     JOIN bmsql_warehouse ON (w_id = c_w_id)     WHERE c_w_id = $1 AND c_d_id = $2 AND c_id = $3 FOR UPDATE","parameters: $1 = '1', $2 = '3', $3 = '46'",,,,,,,,"","client backend"
2024-06-16 14:31:47.080 CST,"raingage","benchmark",15271,"127.0.0.1:45214",666e86a7.3ba7,365,"SELECT",2024-06-16 14:31:03 CST,7/27,90675,LOG,00000,"execute S_5: SELECT i_price, i_name, i_data     FROM bmsql_item     WHERE i_id = $1","parameters: $1 = '41'",,,,,,,,"","client backend"
2024-06-16 14:31:47.097 CST,"raingage","benchmark",15271,"127.0.0.1:45214",666e86a7.3ba7,366,"SELECT",2024-06-16 14:31:03 CST,7/27,90675,LOG,00000,"execute S_6: SELECT s_quantity, s_data,        s_dist_01, s_dist_02, s_dist_03, s_dist_04,        s_dist_05, s_dist_06, s_dist_07, s_dist_08,        s_dist_09, s_dist_10     FROM bmsql_stock     WHERE s_w_id = $1 AND s_i_id = $2  FOR UPDATE","parameters: $1 = '1', $2 = '41'",,,,,,,,"","client backend"
2024-06-16 14:31:47.111 CST,"raingage","benchmark",15271,"127.0.0.1:45214",666e86a7.3ba7,367,"UPDATE",2024-06-16 14:31:03 CST,7/27,90675,LOG,00000,"execute S_7: UPDATE bmsql_stock     SET s_quantity = $1, s_ytd = s_ytd + $2,         s_order_cnt = s_order_cnt + 1,         s_remote_cnt = s_remote_cnt + $3     WHERE s_w_id = $4 AND s_i_id = $5","parameters: $1 = '71', $2 = '3', $3 = '0', $4 = '1', $5 = '41'",,,,,,,,"","client backend"
2024-06-16 14:31:47.132 CST,"raingage","benchmark",15271,"127.0.0.1:45214",666e86a7.3ba7,368,"COMMIT",2024-06-16 14:31:03 CST,7/27,90675,LOG,00000,"execute S_2: COMMIT",,,,,,,,,"","client backend"
2024-06-16 14:31:47.150 CST,"raingage","benchmark",15271,"127.0.0.1:45214",666e86a7.3ba7,369,"BEGIN",2024-06-16 14:31:03 CST,7/28,0,LOG,00000,"execute S_3: BEGIN",,,,,,,,,"","client backend"
2024-06-16 14:31:47.161 CST,"raingage","benchmark",15271,"127.0.0.1:45214",666e86a7.3ba7,370,"SELECT",2024-06-16 14:31:03 CST,7/28,0,LOG,00000,"execute S_4: SELECT d_tax, d_next_o_id     FROM bmsql_district     WHERE d_w_id = $1 AND d_id = $2 ","parameters: $1 = '1', $2 = '2'",,,,,,,,"","client backend"
2024-06-16 14:31:47.196 CST,"raingage","benchmark",15270,"127.0.0.1:45212",666e86a6.3ba6,216,"SELECT",2024-06-16 14:31:02 CST,6/17,90676,LOG,00000,"execute S_1: SELECT c_discount, c_last, c_credit, w_tax     FROM bmsql_customer     JOIN bmsql_warehouse ON (w_id = c_w_id)     WHERE c_w_id = $1 AND c_d_id = $2 AND c_id = $3 FOR UPDATE","parameters: $1 = '1', $2 = '2', $3 = '39'",,,,,,,,"","client backend"
2024-06-16 14:31:47.227 CST,"raingage","benchmark",15271,"127.0.0.1:45214",666e86a7.3ba7,371,"SELECT",2024-06-16 14:31:03 CST,7/28,0,LOG,00000,"execute S_1: SELECT c_discount, c_last, c_credit, w_tax     FROM bmsql_customer     JOIN bmsql_warehouse ON (w_id = c_w_id)     WHERE c_w_id = $1 AND c_d_id = $2 AND c_id = $3 FOR UPDATE","parameters: $1 = '1', $2 = '2', $3 = '70'",,,,,,,,"","client backend"
2024-06-16 14:31:47.263 CST,"raingage","benchmark",15270,"127.0.0.1:45212",666e86a6.3ba6,217,"SELECT",2024-06-16 14:31:02 CST,6/17,90676,LOG,00000,"execute S_1: SELECT c_discount, c_last, c_credit, w_tax     FROM bmsql_customer     JOIN bmsql_warehouse ON (w_id = c_w_id)     WHERE c_w_id = $1 AND c_d_id = $2 AND c_id = $3 FOR UPDATE","parameters: $1 = '1', $2 = '2', $3 = '39'",,,,,,,,"","client backend"
2024-06-16 14:31:47.333 CST,"raingage","benchmark",15270,"127.0.0.1:45212",666e86a6.3ba6,218,"SELECT",2024-06-16 14:31:02 CST,6/17,90676,LOG,00000,"execute S_1: SELECT c_discount, c_last, c_credit, w_tax     FROM bmsql_customer     JOIN bmsql_warehouse ON (w_id = c_w_id)     WHERE c_w_id = $1 AND c_d_id = $2 AND c_id = $3 FOR UPDATE","parameters: $1 = '1', $2 = '2', $3 = '39'",,,,,,,,"","client backend"
2024-06-16 14:31:47.405 CST,"raingage","benchmark",15270,"127.0.0.1:45212",666e86a6.3ba6,219,"SELECT",2024-06-16 14:31:02 CST,6/17,90676,LOG,00000,"execute S_1: SELECT c_discount, c_last, c_credit, w_tax     FROM bmsql_customer     JOIN bmsql_warehouse ON (w_id = c_w_id)     WHERE c_w_id = $1 AND c_d_id = $2 AND c_id = $3 FOR UPDATE","parameters: $1 = '1', $2 = '2', $3 = '39'",,,,,,,,"","client backend"
2024-06-16 14:31:47.472 CST,"raingage","benchmark",15270,"127.0.0.1:45212",666e86a6.3ba6,220,"SELECT",2024-06-16 14:31:02 CST,6/17,90676,LOG,00000,"execute S_1: SELECT c_discount, c_last, c_credit, w_tax     FROM bmsql_customer     JOIN bmsql_warehouse ON (w_id = c_w_id)     WHERE c_w_id = $1 AND c_d_id = $2 AND c_id = $3 FOR UPDATE","parameters: $1 = '1', $2 = '2', $3 = '39'",,,,,,,,"","client backend"
2024-06-16 14:31:47.538 CST,"raingage","benchmark",15270,"127.0.0.1:45212",666e86a6.3ba6,221,"SELECT",2024-06-16 14:31:02 CST,6/17,90676,LOG,00000,"execute S_1: SELECT c_discount, c_last, c_credit, w_tax     FROM bmsql_customer     JOIN bmsql_warehouse ON (w_id = c_w_id)     WHERE c_w_id = $1 AND c_d_id = $2 AND c_id = $3 FOR UPDATE","parameters: $1 = '1', $2 = '2', $3 = '39'",,,,,,,,"","client backend"
2024-06-16 14:31:47.593 CST,"raingage","benchmark",15270,"127.0.0.1:45212",666e86a6.3ba6,222,"SELECT",2024-06-16 14:31:02 CST,6/17,90676,LOG,00000,"execute S_1: SELECT c_discount, c_last, c_credit, w_tax     FROM bmsql_customer     JOIN bmsql_warehouse ON (w_id = c_w_id)     WHERE c_w_id = $1 AND c_d_id = $2 AND c_id = $3 FOR UPDATE","parameters: $1 = '1', $2 = '2', $3 = '39'",,,,,,,,"","client backend"
2024-06-16 14:31:47.611 CST,"raingage","benchmark",15270,"127.0.0.1:45212",666e86a6.3ba6,223,"SELECT",2024-06-16 14:31:02 CST,6/17,90676,LOG,00000,"execute S_5: SELECT i_price, i_name, i_data     FROM bmsql_item     WHERE i_id = $1","parameters: $1 = '65'",,,,,,,,"","client backend"
2024-06-16 14:31:47.630 CST,"raingage","benchmark",15270,"127.0.0.1:45212",666e86a6.3ba6,224,"SELECT",2024-06-16 14:31:02 CST,6/17,90676,LOG,00000,"execute S_6: SELECT s_quantity, s_data,        s_dist_01, s_dist_02, s_dist_03, s_dist_04,        s_dist_05, s_dist_06, s_dist_07, s_dist_08,        s_dist_09, s_dist_10     FROM bmsql_stock     WHERE s_w_id = $1 AND s_i_id = $2  FOR UPDATE","parameters: $1 = '1', $2 = '65'",,,,,,,,"","client backend"
2024-06-16 14:31:47.646 CST,"raingage","benchmark",15270,"127.0.0.1:45212",666e86a6.3ba6,225,"UPDATE",2024-06-16 14:31:02 CST,6/17,90676,LOG,00000,"execute S_7: UPDATE bmsql_stock     SET s_quantity = $1, s_ytd = s_ytd + $2,         s_order_cnt = s_order_cnt + 1,         s_remote_cnt = s_remote_cnt + $3     WHERE s_w_id = $4 AND s_i_id = $5","parameters: $1 = '14', $2 = '3', $3 = '0', $4 = '1', $5 = '65'",,,,,,,,"","client backend"
2024-06-16 14:31:47.658 CST,"raingage","benchmark",15270,"127.0.0.1:45212",666e86a6.3ba6,226,"COMMIT",2024-06-16 14:31:02 CST,6/17,90676,LOG,00000,"execute S_2: COMMIT",,,,,,,,,"","client backend"
2024-06-16 14:31:47.675 CST,"raingage","benchmark",15270,"127.0.0.1:45212",666e86a6.3ba6,227,"BEGIN",2024-06-16 14:31:02 CST,6/18,0,LOG,00000,"execute S_3: BEGIN",,,,,,,,,"","client backend"
2024-06-16 14:31:47.690 CST,"raingage","benchmark",15270,"127.0.0.1:45212",666e86a6.3ba6,228,"SELECT",2024-06-16 14:31:02 CST,6/18,0,LOG,00000,"execute S_4: SELECT d_tax, d_next_o_id     FROM bmsql_district     WHERE d_w_id = $1 AND d_id = $2 ","parameters: $1 = '1', $2 = '2'",,,,,,,,"","client backend"
2024-06-16 14:31:47.725 CST,"raingage","benchmark",15269,"127.0.0.1:45210",666e86a6.3ba5,204,"SELECT",2024-06-16 14:31:02 CST,5/16,90677,LOG,00000,"execute S_1: SELECT c_discount, c_last, c_credit, w_tax     FROM bmsql_customer     JOIN bmsql_warehouse ON (w_id = c_w_id)     WHERE c_w_id = $1 AND c_d_id = $2 AND c_id = $3 FOR UPDATE","parameters: $1 = '1', $2 = '2', $3 = '70'",,,,,,,,"","client backend"
2024-06-16 14:31:47.762 CST,"raingage","benchmark",15270,"127.0.0.1:45212",666e86a6.3ba6,229,"SELECT",2024-06-16 14:31:02 CST,6/18,0,LOG,00000,"execute S_1: SELECT c_discount, c_last, c_credit, w_tax     FROM bmsql_customer     JOIN bmsql_warehouse ON (w_id = c_w_id)     WHERE c_w_id = $1 AND c_d_id = $2 AND c_id = $3 FOR UPDATE","parameters: $1 = '1', $2 = '2', $3 = '74'",,,,,,,,"","client backend"
2024-06-16 14:31:47.789 CST,"raingage","benchmark",15269,"127.0.0.1:45210",666e86a6.3ba5,205,"SELECT",2024-06-16 14:31:02 CST,5/16,90677,LOG,00000,"execute S_1: SELECT c_discount, c_last, c_credit, w_tax     FROM bmsql_customer     JOIN bmsql_warehouse ON (w_id = c_w_id)     WHERE c_w_id = $1 AND c_d_id = $2 AND c_id = $3 FOR UPDATE","parameters: $1 = '1', $2 = '2', $3 = '70'",,,,,,,,"","client backend"
2024-06-16 14:31:47.854 CST,"raingage","benchmark",15269,"127.0.0.1:45210",666e86a6.3ba5,206,"SELECT",2024-06-16 14:31:02 CST,5/16,90677,LOG,00000,"execute S_1: SELECT c_discount, c_last, c_credit, w_tax     FROM bmsql_customer     JOIN bmsql_warehouse ON (w_id = c_w_id)     WHERE c_w_id = $1 AND c_d_id = $2 AND c_id = $3 FOR UPDATE","parameters: $1 = '1', $2 = '2', $3 = '70'",,,,,,,,"","client backend"
2024-06-16 14:31:47.927 CST,"raingage","benchmark",15269,"127.0.0.1:45210",666e86a6.3ba5,207,"SELECT",2024-06-16 14:31:02 CST,5/16,90677,LOG,00000,"execute S_1: SELECT c_discount, c_last, c_credit, w_tax     FROM bmsql_customer     JOIN bmsql_warehouse ON (w_id = c_w_id)     WHERE c_w_id = $1 AND c_d_id = $2 AND c_id = $3 FOR UPDATE","parameters: $1 = '1', $2 = '2', $3 = '70'",,,,,,,,"","client backend"
2024-06-16 14:31:47.993 CST,"raingage","benchmark",15269,"127.0.0.1:45210",666e86a6.3ba5,208,"SELECT",2024-06-16 14:31:02 CST,5/16,90677,LOG,00000,"execute S_1: SELECT c_discount, c_last, c_credit, w_tax     FROM bmsql_customer     JOIN bmsql_warehouse ON (w_id = c_w_id)     WHERE c_w_id = $1 AND c_d_id = $2 AND c_id = $3 FOR UPDATE","parameters: $1 = '1', $2 = '2', $3 = '70'",,,,,,,,"","client backend"
2024-06-16 14:31:48.062 CST,"raingage","benchmark",15269,"127.0.0.1:45210",666e86a6.3ba5,209,"SELECT",2024-06-16 14:31:02 CST,5/16,90677,LOG,00000,"execute S_1: SELECT c_discount, c_last, c_credit, w_tax     FROM bmsql_customer     JOIN bmsql_warehouse ON (w_id = c_w_id)     WHERE c_w_id = $1 AND c_d_id = $2 AND c_id = $3 FOR UPDATE","parameters: $1 = '1', $2 = '2', $3 = '70'",,,,,,,,"","client backend"
2024-06-16 14:31:48.132 CST,"raingage","benchmark",15269,"127.0.0.1:45210",666e86a6.3ba5,210,"SELECT",2024-06-16 14:31:02 CST,5/16,90677,LOG,00000,"execute S_1: SELECT c_discount, c_last, c_credit, w_tax     FROM bmsql_customer     JOIN bmsql_warehouse ON (w_id = c_w_id)     WHERE c_w_id = $1 AND c_d_id = $2 AND c_id = $3 FOR UPDATE","parameters: $1 = '1', $2 = '2', $3 = '70'",,,,,,,,"","client backend"
2024-06-16 14:31:48.134 CST,"raingage","benchmark",15269,"127.0.0.1:45210",666e86a6.3ba5,211,"SELECT",2024-06-16 14:31:02 CST,5/16,90677,LOG,00000,"execute S_6: SELECT i_price, i_name, i_data     FROM bmsql_item     WHERE i_id = $1","parameters: $1 = '51'",,,,,,,,"","client backend"
2024-06-16 14:31:48.150 CST,"raingage","benchmark",15269,"127.0.0.1:45210",666e86a6.3ba5,212,"SELECT",2024-06-16 14:31:02 CST,5/16,90677,LOG,00000,"execute S_7: SELECT s_quantity, s_data,        s_dist_01, s_dist_02, s_dist_03, s_dist_04,        s_dist_05, s_dist_06, s_dist_07, s_dist_08,        s_dist_09, s_dist_10     FROM bmsql_stock     WHERE s_w_id = $1 AND s_i_id = $2  FOR UPDATE","parameters: $1 = '1', $2 = '51'",,,,,,,,"","client backend"
2024-06-16 14:31:48.171 CST,"raingage","benchmark",15269,"127.0.0.1:45210",666e86a6.3ba5,213,"UPDATE",2024-06-16 14:31:02 CST,5/16,90677,LOG,00000,"execute S_8: UPDATE bmsql_stock     SET s_quantity = $1, s_ytd = s_ytd + $2,         s_order_cnt = s_order_cnt + 1,         s_remote_cnt = s_remote_cnt + $3     WHERE s_w_id = $4 AND s_i_id = $5","parameters: $1 = '22', $2 = '12', $3 = '0', $4 = '1', $5 = '51'",,,,,,,,"","client backend"
2024-06-16 14:31:48.185 CST,"raingage","benchmark",15269,"127.0.0.1:45210",666e86a6.3ba5,214,"COMMIT",2024-06-16 14:31:02 CST,5/16,90677,LOG,00000,"execute S_3: COMMIT",,,,,,,,,"","client backend"
2024-06-16 14:31:48.207 CST,"raingage","benchmark",15269,"127.0.0.1:45210",666e86a6.3ba5,215,"BEGIN",2024-06-16 14:31:02 CST,5/17,0,LOG,00000,"execute S_4: BEGIN",,,,,,,,,"","client backend"
2024-06-16 14:31:48.219 CST,"raingage","benchmark",15269,"127.0.0.1:45210",666e86a6.3ba5,216,"SELECT",2024-06-16 14:31:02 CST,5/17,0,LOG,00000,"execute S_5: SELECT d_tax, d_next_o_id     FROM bmsql_district     WHERE d_w_id = $1 AND d_id = $2 ","parameters: $1 = '1', $2 = '2'",,,,,,,,"","client backend"
2024-06-16 14:31:48.258 CST,"raingage","benchmark",15270,"127.0.0.1:45212",666e86a6.3ba6,230,"SELECT",2024-06-16 14:31:02 CST,6/18,90678,LOG,00000,"execute S_1: SELECT c_discount, c_last, c_credit, w_tax     FROM bmsql_customer     JOIN bmsql_warehouse ON (w_id = c_w_id)     WHERE c_w_id = $1 AND c_d_id = $2 AND c_id = $3 FOR UPDATE","parameters: $1 = '1', $2 = '2', $3 = '74'",,,,,,,,"","client backend"
2024-06-16 14:31:48.289 CST,"raingage","benchmark",15269,"127.0.0.1:45210",666e86a6.3ba5,217,"SELECT",2024-06-16 14:31:02 CST,5/17,0,LOG,00000,"execute S_1: SELECT c_discount, c_last, c_credit, w_tax     FROM bmsql_customer     JOIN bmsql_warehouse ON (w_id = c_w_id)     WHERE c_w_id = $1 AND c_d_id = $2 AND c_id = $3 FOR UPDATE","parameters: $1 = '1', $2 = '2', $3 = '74'",,,,,,,,"","client backend"
2024-06-16 14:31:48.325 CST,"raingage","benchmark",15270,"127.0.0.1:45212",666e86a6.3ba6,231,"SELECT",2024-06-16 14:31:02 CST,6/18,90678,LOG,00000,"execute S_1: SELECT c_discount, c_last, c_credit, w_tax     FROM bmsql_customer     JOIN bmsql_warehouse ON (w_id = c_w_id)     WHERE c_w_id = $1 AND c_d_id = $2 AND c_id = $3 FOR UPDATE","parameters: $1 = '1', $2 = '2', $3 = '74'",,,,,,,,"","client backend"
2024-06-16 14:31:48.396 CST,"raingage","benchmark",15270,"127.0.0.1:45212",666e86a6.3ba6,232,"SELECT",2024-06-16 14:31:02 CST,6/18,90678,LOG,00000,"execute S_1: SELECT c_discount, c_last, c_credit, w_tax     FROM bmsql_customer     JOIN bmsql_warehouse ON (w_id = c_w_id)     WHERE c_w_id = $1 AND c_d_id = $2 AND c_id = $3 FOR UPDATE","parameters: $1 = '1', $2 = '2', $3 = '74'",,,,,,,,"","client backend"
2024-06-16 14:31:48.466 CST,"raingage","benchmark",15270,"127.0.0.1:45212",666e86a6.3ba6,233,"SELECT",2024-06-16 14:31:02 CST,6/18,90678,LOG,00000,"execute S_1: SELECT c_discount, c_last, c_credit, w_tax     FROM bmsql_customer     JOIN bmsql_warehouse ON (w_id = c_w_id)     WHERE c_w_id = $1 AND c_d_id = $2 AND c_id = $3 FOR UPDATE","parameters: $1 = '1', $2 = '2', $3 = '74'",,,,,,,,"","client backend"
2024-06-16 14:31:48.531 CST,"raingage","benchmark",15270,"127.0.0.1:45212",666e86a6.3ba6,234,"SELECT",2024-06-16 14:31:02 CST,6/18,90678,LOG,00000,"execute S_1: SELECT c_discount, c_last, c_credit, w_tax     FROM bmsql_customer     JOIN bmsql_warehouse ON (w_id = c_w_id)     WHERE c_w_id = $1 AND c_d_id = $2 AND c_id = $3 FOR UPDATE","parameters: $1 = '1', $2 = '2', $3 = '74'",,,,,,,,"","client backend"
2024-06-16 14:31:48.595 CST,"raingage","benchmark",15270,"127.0.0.1:45212",666e86a6.3ba6,235,"SELECT",2024-06-16 14:31:02 CST,6/18,90678,LOG,00000,"execute S_1: SELECT c_discount, c_last, c_credit, w_tax     FROM bmsql_customer     JOIN bmsql_warehouse ON (w_id = c_w_id)     WHERE c_w_id = $1 AND c_d_id = $2 AND c_id = $3 FOR UPDATE","parameters: $1 = '1', $2 = '2', $3 = '74'",,,,,,,,"","client backend"
2024-06-16 14:31:48.658 CST,"raingage","benchmark",15270,"127.0.0.1:45212",666e86a6.3ba6,236,"SELECT",2024-06-16 14:31:02 CST,6/18,90678,LOG,00000,"execute S_1: SELECT c_discount, c_last, c_credit, w_tax     FROM bmsql_customer     JOIN bmsql_warehouse ON (w_id = c_w_id)     WHERE c_w_id = $1 AND c_d_id = $2 AND c_id = $3 FOR UPDATE","parameters: $1 = '1', $2 = '2', $3 = '74'",,,,,,,,"","client backend"
2024-06-16 14:31:48.673 CST,"raingage","benchmark",15270,"127.0.0.1:45212",666e86a6.3ba6,237,"SELECT",2024-06-16 14:31:02 CST,6/18,90678,LOG,00000,"execute S_5: SELECT i_price, i_name, i_data     FROM bmsql_item     WHERE i_id = $1","parameters: $1 = '36'",,,,,,,,"","client backend"
2024-06-16 14:31:48.691 CST,"raingage","benchmark",15270,"127.0.0.1:45212",666e86a6.3ba6,238,"SELECT",2024-06-16 14:31:02 CST,6/18,90678,LOG,00000,"execute S_6: SELECT s_quantity, s_data,        s_dist_01, s_dist_02, s_dist_03, s_dist_04,        s_dist_05, s_dist_06, s_dist_07, s_dist_08,        s_dist_09, s_dist_10     FROM bmsql_stock     WHERE s_w_id = $1 AND s_i_id = $2  FOR UPDATE","parameters: $1 = '1', $2 = '36'",,,,,,,,"","client backend"
2024-06-16 14:31:48.704 CST,"raingage","benchmark",15270,"127.0.0.1:45212",666e86a6.3ba6,239,"UPDATE",2024-06-16 14:31:02 CST,6/18,90678,LOG,00000,"execute S_7: UPDATE bmsql_stock     SET s_quantity = $1, s_ytd = s_ytd + $2,         s_order_cnt = s_order_cnt + 1,         s_remote_cnt = s_remote_cnt + $3     WHERE s_w_id = $4 AND s_i_id = $5","parameters: $1 = '45', $2 = '1', $3 = '0', $4 = '1', $5 = '36'",,,,,,,,"","client backend"
2024-06-16 14:31:48.716 CST,"raingage","benchmark",15270,"127.0.0.1:45212",666e86a6.3ba6,240,"COMMIT",2024-06-16 14:31:02 CST,6/18,90678,LOG,00000,"execute S_2: COMMIT",,,,,,,,,"","client backend"
2024-06-16 14:31:48.735 CST,"raingage","benchmark",15270,"127.0.0.1:45212",666e86a6.3ba6,241,"BEGIN",2024-06-16 14:31:02 CST,6/19,0,LOG,00000,"execute S_3: BEGIN",,,,,,,,,"","client backend"
2024-06-16 14:31:48.747 CST,"raingage","benchmark",15270,"127.0.0.1:45212",666e86a6.3ba6,242,"SELECT",2024-06-16 14:31:02 CST,6/19,0,LOG,00000,"execute S_4: SELECT d_tax, d_next_o_id     FROM bmsql_district     WHERE d_w_id = $1 AND d_id = $2 ","parameters: $1 = '1', $2 = '3'",,,,,,,,"","client backend"
2024-06-16 14:31:48.780 CST,"raingage","benchmark",15271,"127.0.0.1:45214",666e86a7.3ba7,372,"SELECT",2024-06-16 14:31:03 CST,7/28,90679,LOG,00000,"execute S_1: SELECT c_discount, c_last, c_credit, w_tax     FROM bmsql_customer     JOIN bmsql_warehouse ON (w_id = c_w_id)     WHERE c_w_id = $1 AND c_d_id = $2 AND c_id = $3 FOR UPDATE","parameters: $1 = '1', $2 = '2', $3 = '70'",,,,,,,,"","client backend"
2024-06-16 14:31:48.811 CST,"raingage","benchmark",15270,"127.0.0.1:45212",666e86a6.3ba6,243,"SELECT",2024-06-16 14:31:02 CST,6/19,0,LOG,00000,"execute S_1: SELECT c_discount, c_last, c_credit, w_tax     FROM bmsql_customer     JOIN bmsql_warehouse ON (w_id = c_w_id)     WHERE c_w_id = $1 AND c_d_id = $2 AND c_id = $3 FOR UPDATE","parameters: $1 = '1', $2 = '3', $3 = '60'",,,,,,,,"","client backend"
2024-06-16 14:31:48.844 CST,"raingage","benchmark",15271,"127.0.0.1:45214",666e86a7.3ba7,373,"SELECT",2024-06-16 14:31:03 CST,7/28,90679,LOG,00000,"execute S_1: SELECT c_discount, c_last, c_credit, w_tax     FROM bmsql_customer     JOIN bmsql_warehouse ON (w_id = c_w_id)     WHERE c_w_id = $1 AND c_d_id = $2 AND c_id = $3 FOR UPDATE","parameters: $1 = '1', $2 = '2', $3 = '70'",,,,,,,,"","client backend"
2024-06-16 14:31:48.909 CST,"raingage","benchmark",15271,"127.0.0.1:45214",666e86a7.3ba7,374,"SELECT",2024-06-16 14:31:03 CST,7/28,90679,LOG,00000,"execute S_1: SELECT c_discount, c_last, c_credit, w_tax     FROM bmsql_customer     JOIN bmsql_warehouse ON (w_id = c_w_id)     WHERE c_w_id = $1 AND c_d_id = $2 AND c_id = $3 FOR UPDATE","parameters: $1 = '1', $2 = '2', $3 = '70'",,,,,,,,"","client backend"
2024-06-16 14:31:48.975 CST,"raingage","benchmark",15271,"127.0.0.1:45214",666e86a7.3ba7,375,"SELECT",2024-06-16 14:31:03 CST,7/28,90679,LOG,00000,"execute S_1: SELECT c_discount, c_last, c_credit, w_tax     FROM bmsql_customer     JOIN bmsql_warehouse ON (w_id = c_w_id)     WHERE c_w_id = $1 AND c_d_id = $2 AND c_id = $3 FOR UPDATE","parameters: $1 = '1', $2 = '2', $3 = '70'",,,,,,,,"","client backend"
2024-06-16 14:31:49.041 CST,"raingage","benchmark",15271,"127.0.0.1:45214",666e86a7.3ba7,376,"SELECT",2024-06-16 14:31:03 CST,7/28,90679,LOG,00000,"execute S_1: SELECT c_discount, c_last, c_credit, w_tax     FROM bmsql_customer     JOIN bmsql_warehouse ON (w_id = c_w_id)     WHERE c_w_id = $1 AND c_d_id = $2 AND c_id = $3 FOR UPDATE","parameters: $1 = '1', $2 = '2', $3 = '70'",,,,,,,,"","client backend"
2024-06-16 14:31:49.104 CST,"raingage","benchmark",15271,"127.0.0.1:45214",666e86a7.3ba7,377,"SELECT",2024-06-16 14:31:03 CST,7/28,90679,LOG,00000,"execute S_1: SELECT c_discount, c_last, c_credit, w_tax     FROM bmsql_customer     JOIN bmsql_warehouse ON (w_id = c_w_id)     WHERE c_w_id = $1 AND c_d_id = $2 AND c_id = $3 FOR UPDATE","parameters: $1 = '1', $2 = '2', $3 = '70'",,,,,,,,"","client backend"
2024-06-16 14:31:49.177 CST,"raingage","benchmark",15271,"127.0.0.1:45214",666e86a7.3ba7,378,"SELECT",2024-06-16 14:31:03 CST,7/28,90679,LOG,00000,"execute S_1: SELECT c_discount, c_last, c_credit, w_tax     FROM bmsql_customer     JOIN bmsql_warehouse ON (w_id = c_w_id)     WHERE c_w_id = $1 AND c_d_id = $2 AND c_id = $3 FOR UPDATE","parameters: $1 = '1', $2 = '2', $3 = '70'",,,,,,,,"","client backend"
2024-06-16 14:31:49.188 CST,"raingage","benchmark",15271,"127.0.0.1:45214",666e86a7.3ba7,379,"SELECT",2024-06-16 14:31:03 CST,7/28,90679,LOG,00000,"execute S_5: SELECT i_price, i_name, i_data     FROM bmsql_item     WHERE i_id = $1","parameters: $1 = '51'",,,,,,,,"","client backend"
2024-06-16 14:31:49.207 CST,"raingage","benchmark",15271,"127.0.0.1:45214",666e86a7.3ba7,380,"SELECT",2024-06-16 14:31:03 CST,7/28,90679,LOG,00000,"execute S_6: SELECT s_quantity, s_data,        s_dist_01, s_dist_02, s_dist_03, s_dist_04,        s_dist_05, s_dist_06, s_dist_07, s_dist_08,        s_dist_09, s_dist_10     FROM bmsql_stock     WHERE s_w_id = $1 AND s_i_id = $2  FOR UPDATE","parameters: $1 = '1', $2 = '51'",,,,,,,,"","client backend"
2024-06-16 14:31:49.227 CST,"raingage","benchmark",15271,"127.0.0.1:45214",666e86a7.3ba7,381,"UPDATE",2024-06-16 14:31:03 CST,7/28,90679,LOG,00000,"execute S_7: UPDATE bmsql_stock     SET s_quantity = $1, s_ytd = s_ytd + $2,         s_order_cnt = s_order_cnt + 1,         s_remote_cnt = s_remote_cnt + $3     WHERE s_w_id = $4 AND s_i_id = $5","parameters: $1 = '10', $2 = '12', $3 = '0', $4 = '1', $5 = '51'",,,,,,,,"","client backend"
2024-06-16 14:31:49.238 CST,"raingage","benchmark",15271,"127.0.0.1:45214",666e86a7.3ba7,382,"COMMIT",2024-06-16 14:31:03 CST,7/28,90679,LOG,00000,"execute S_2: COMMIT",,,,,,,,,"","client backend"
2024-06-16 14:31:49.306 CST,"raingage","benchmark",15269,"127.0.0.1:45210",666e86a6.3ba5,218,"SELECT",2024-06-16 14:31:02 CST,5/17,90680,LOG,00000,"execute S_1: SELECT c_discount, c_last, c_credit, w_tax     FROM bmsql_customer     JOIN bmsql_warehouse ON (w_id = c_w_id)     WHERE c_w_id = $1 AND c_d_id = $2 AND c_id = $3 FOR UPDATE","parameters: $1 = '1', $2 = '2', $3 = '74'",,,,,,,,"","client backend"
2024-06-16 14:31:49.375 CST,"raingage","benchmark",15269,"127.0.0.1:45210",666e86a6.3ba5,219,"SELECT",2024-06-16 14:31:02 CST,5/17,90680,LOG,00000,"execute S_1: SELECT c_discount, c_last, c_credit, w_tax     FROM bmsql_customer     JOIN bmsql_warehouse ON (w_id = c_w_id)     WHERE c_w_id = $1 AND c_d_id = $2 AND c_id = $3 FOR UPDATE","parameters: $1 = '1', $2 = '2', $3 = '74'",,,,,,,,"","client backend"
2024-06-16 14:31:49.442 CST,"raingage","benchmark",15269,"127.0.0.1:45210",666e86a6.3ba5,220,"SELECT",2024-06-16 14:31:02 CST,5/17,90680,LOG,00000,"execute S_1: SELECT c_discount, c_last, c_credit, w_tax     FROM bmsql_customer     JOIN bmsql_warehouse ON (w_id = c_w_id)     WHERE c_w_id = $1 AND c_d_id = $2 AND c_id = $3 FOR UPDATE","parameters: $1 = '1', $2 = '2', $3 = '74'",,,,,,,,"","client backend"
2024-06-16 14:31:49.507 CST,"raingage","benchmark",15269,"127.0.0.1:45210",666e86a6.3ba5,221,"SELECT",2024-06-16 14:31:02 CST,5/17,90680,LOG,00000,"execute S_1: SELECT c_discount, c_last, c_credit, w_tax     FROM bmsql_customer     JOIN bmsql_warehouse ON (w_id = c_w_id)     WHERE c_w_id = $1 AND c_d_id = $2 AND c_id = $3 FOR UPDATE","parameters: $1 = '1', $2 = '2', $3 = '74'",,,,,,,,"","client backend"
2024-06-16 14:31:49.576 CST,"raingage","benchmark",15269,"127.0.0.1:45210",666e86a6.3ba5,222,"SELECT",2024-06-16 14:31:02 CST,5/17,90680,LOG,00000,"execute S_1: SELECT c_discount, c_last, c_credit, w_tax     FROM bmsql_customer     JOIN bmsql_warehouse ON (w_id = c_w_id)     WHERE c_w_id = $1 AND c_d_id = $2 AND c_id = $3 FOR UPDATE","parameters: $1 = '1', $2 = '2', $3 = '74'",,,,,,,,"","client backend"
2024-06-16 14:31:49.646 CST,"raingage","benchmark",15269,"127.0.0.1:45210",666e86a6.3ba5,223,"SELECT",2024-06-16 14:31:02 CST,5/17,90680,LOG,00000,"execute S_1: SELECT c_discount, c_last, c_credit, w_tax     FROM bmsql_customer     JOIN bmsql_warehouse ON (w_id = c_w_id)     WHERE c_w_id = $1 AND c_d_id = $2 AND c_id = $3 FOR UPDATE","parameters: $1 = '1', $2 = '2', $3 = '74'",,,,,,,,"","client backend"
2024-06-16 14:31:49.715 CST,"raingage","benchmark",15269,"127.0.0.1:45210",666e86a6.3ba5,224,"SELECT",2024-06-16 14:31:02 CST,5/17,90680,LOG,00000,"execute S_1: SELECT c_discount, c_last, c_credit, w_tax     FROM bmsql_customer     JOIN bmsql_warehouse ON (w_id = c_w_id)     WHERE c_w_id = $1 AND c_d_id = $2 AND c_id = $3 FOR UPDATE","parameters: $1 = '1', $2 = '2', $3 = '74'",,,,,,,,"","client backend"
2024-06-16 14:31:49.717 CST,"raingage","benchmark",15269,"127.0.0.1:45210",666e86a6.3ba5,225,"SELECT",2024-06-16 14:31:02 CST,5/17,90680,LOG,00000,"execute S_6: SELECT i_price, i_name, i_data     FROM bmsql_item     WHERE i_id = $1","parameters: $1 = '36'",,,,,,,,"","client backend"
2024-06-16 14:31:49.736 CST,"raingage","benchmark",15269,"127.0.0.1:45210",666e86a6.3ba5,226,"SELECT",2024-06-16 14:31:02 CST,5/17,90680,LOG,00000,"execute S_7: SELECT s_quantity, s_data,        s_dist_01, s_dist_02, s_dist_03, s_dist_04,        s_dist_05, s_dist_06, s_dist_07, s_dist_08,        s_dist_09, s_dist_10     FROM bmsql_stock     WHERE s_w_id = $1 AND s_i_id = $2  FOR UPDATE","parameters: $1 = '1', $2 = '36'",,,,,,,,"","client backend"
2024-06-16 14:31:49.756 CST,"raingage","benchmark",15269,"127.0.0.1:45210",666e86a6.3ba5,227,"UPDATE",2024-06-16 14:31:02 CST,5/17,90680,LOG,00000,"execute S_8: UPDATE bmsql_stock     SET s_quantity = $1, s_ytd = s_ytd + $2,         s_order_cnt = s_order_cnt + 1,         s_remote_cnt = s_remote_cnt + $3     WHERE s_w_id = $4 AND s_i_id = $5","parameters: $1 = '42', $2 = '3', $3 = '0', $4 = '1', $5 = '36'",,,,,,,,"","client backend"
2024-06-16 14:31:49.777 CST,"raingage","benchmark",15269,"127.0.0.1:45210",666e86a6.3ba5,228,"COMMIT",2024-06-16 14:31:02 CST,5/17,90680,LOG,00000,"execute S_3: COMMIT",,,,,,,,,"","client backend"
2024-06-16 14:31:49.792 CST,"raingage","benchmark",15269,"127.0.0.1:45210",666e86a6.3ba5,229,"BEGIN",2024-06-16 14:31:02 CST,5/18,0,LOG,00000,"execute S_4: BEGIN",,,,,,,,,"","client backend"
2024-06-16 14:31:49.804 CST,"raingage","benchmark",15269,"127.0.0.1:45210",666e86a6.3ba5,230,"SELECT",2024-06-16 14:31:02 CST,5/18,0,LOG,00000,"execute S_5: SELECT d_tax, d_next_o_id     FROM bmsql_district     WHERE d_w_id = $1 AND d_id = $2 ","parameters: $1 = '1', $2 = '3'",,,,,,,,"","client backend"
2024-06-16 14:31:49.850 CST,"raingage","benchmark",15270,"127.0.0.1:45212",666e86a6.3ba6,244,"SELECT",2024-06-16 14:31:02 CST,6/19,90681,LOG,00000,"execute S_1: SELECT c_discount, c_last, c_credit, w_tax     FROM bmsql_customer     JOIN bmsql_warehouse ON (w_id = c_w_id)     WHERE c_w_id = $1 AND c_d_id = $2 AND c_id = $3 FOR UPDATE","parameters: $1 = '1', $2 = '3', $3 = '60'",,,,,,,,"","client backend"
2024-06-16 14:31:49.874 CST,"raingage","benchmark",15269,"127.0.0.1:45210",666e86a6.3ba5,231,"SELECT",2024-06-16 14:31:02 CST,5/18,0,LOG,00000,"execute S_1: SELECT c_discount, c_last, c_credit, w_tax     FROM bmsql_customer     JOIN bmsql_warehouse ON (w_id = c_w_id)     WHERE c_w_id = $1 AND c_d_id = $2 AND c_id = $3 FOR UPDATE","parameters: $1 = '1', $2 = '3', $3 = '35'",,,,,,,,"","client backend"
2024-06-16 14:31:49.921 CST,"raingage","benchmark",15270,"127.0.0.1:45212",666e86a6.3ba6,245,"SELECT",2024-06-16 14:31:02 CST,6/19,90681,LOG,00000,"execute S_1: SELECT c_discount, c_last, c_credit, w_tax     FROM bmsql_customer     JOIN bmsql_warehouse ON (w_id = c_w_id)     WHERE c_w_id = $1 AND c_d_id = $2 AND c_id = $3 FOR UPDATE","parameters: $1 = '1', $2 = '3', $3 = '60'",,,,,,,,"","client backend"
2024-06-16 14:31:49.984 CST,"raingage","benchmark",15270,"127.0.0.1:45212",666e86a6.3ba6,246,"SELECT",2024-06-16 14:31:02 CST,6/19,90681,LOG,00000,"execute S_1: SELECT c_discount, c_last, c_credit, w_tax     FROM bmsql_customer     JOIN bmsql_warehouse ON (w_id = c_w_id)     WHERE c_w_id = $1 AND c_d_id = $2 AND c_id = $3 FOR UPDATE","parameters: $1 = '1', $2 = '3', $3 = '60'",,,,,,,,"","client backend"
2024-06-16 14:31:50.046 CST,"raingage","benchmark",15270,"127.0.0.1:45212",666e86a6.3ba6,247,"SELECT",2024-06-16 14:31:02 CST,6/19,90681,LOG,00000,"execute S_1: SELECT c_discount, c_last, c_credit, w_tax     FROM bmsql_customer     JOIN bmsql_warehouse ON (w_id = c_w_id)     WHERE c_w_id = $1 AND c_d_id = $2 AND c_id = $3 FOR UPDATE","parameters: $1 = '1', $2 = '3', $3 = '60'",,,,,,,,"","client backend"
2024-06-16 14:31:50.111 CST,"raingage","benchmark",15270,"127.0.0.1:45212",666e86a6.3ba6,248,"SELECT",2024-06-16 14:31:02 CST,6/19,90681,LOG,00000,"execute S_1: SELECT c_discount, c_last, c_credit, w_tax     FROM bmsql_customer     JOIN bmsql_warehouse ON (w_id = c_w_id)     WHERE c_w_id = $1 AND c_d_id = $2 AND c_id = $3 FOR UPDATE","parameters: $1 = '1', $2 = '3', $3 = '60'",,,,,,,,"","client backend"
2024-06-16 14:31:50.180 CST,"raingage","benchmark",15270,"127.0.0.1:45212",666e86a6.3ba6,249,"SELECT",2024-06-16 14:31:02 CST,6/19,90681,LOG,00000,"execute S_1: SELECT c_discount, c_last, c_credit, w_tax     FROM bmsql_customer     JOIN bmsql_warehouse ON (w_id = c_w_id)     WHERE c_w_id = $1 AND c_d_id = $2 AND c_id = $3 FOR UPDATE","parameters: $1 = '1', $2 = '3', $3 = '60'",,,,,,,,"","client backend"
2024-06-16 14:31:50.241 CST,"raingage","benchmark",15270,"127.0.0.1:45212",666e86a6.3ba6,250,"SELECT",2024-06-16 14:31:02 CST,6/19,90681,LOG,00000,"execute S_1: SELECT c_discount, c_last, c_credit, w_tax     FROM bmsql_customer     JOIN bmsql_warehouse ON (w_id = c_w_id)     WHERE c_w_id = $1 AND c_d_id = $2 AND c_id = $3 FOR UPDATE","parameters: $1 = '1', $2 = '3', $3 = '60'",,,,,,,,"","client backend"
2024-06-16 14:31:50.243 CST,"raingage","benchmark",15272,"127.0.0.1:45216",666e86a7.3ba8,113,"BEGIN",2024-06-16 14:31:03 CST,8/10,0,LOG,00000,"execute S_3: BEGIN",,,,,,,,,"","client backend"
2024-06-16 14:31:50.259 CST,"raingage","benchmark",15272,"127.0.0.1:45216",666e86a7.3ba8,114,"SELECT",2024-06-16 14:31:03 CST,8/10,0,LOG,00000,"execute S_4: SELECT d_tax, d_next_o_id     FROM bmsql_district     WHERE d_w_id = $1 AND d_id = $2 ","parameters: $1 = '1', $2 = '1'",,,,,,,,"","client backend"
2024-06-16 14:31:50.261 CST,"raingage","benchmark",15270,"127.0.0.1:45212",666e86a6.3ba6,251,"SELECT",2024-06-16 14:31:02 CST,6/19,90681,LOG,00000,"execute S_5: SELECT i_price, i_name, i_data     FROM bmsql_item     WHERE i_id = $1","parameters: $1 = '93'",,,,,,,,"","client backend"
2024-06-16 14:31:50.275 CST,"raingage","benchmark",15270,"127.0.0.1:45212",666e86a6.3ba6,252,"SELECT",2024-06-16 14:31:02 CST,6/19,90681,LOG,00000,"execute S_6: SELECT s_quantity, s_data,        s_dist_01, s_dist_02, s_dist_03, s_dist_04,        s_dist_05, s_dist_06, s_dist_07, s_dist_08,        s_dist_09, s_dist_10     FROM bmsql_stock     WHERE s_w_id = $1 AND s_i_id = $2  FOR UPDATE","parameters: $1 = '1', $2 = '93'",,,,,,,,"","client backend"
2024-06-16 14:31:50.295 CST,"raingage","benchmark",15270,"127.0.0.1:45212",666e86a6.3ba6,253,"UPDATE",2024-06-16 14:31:02 CST,6/19,90681,LOG,00000,"execute S_7: UPDATE bmsql_stock     SET s_quantity = $1, s_ytd = s_ytd + $2,         s_order_cnt = s_order_cnt + 1,         s_remote_cnt = s_remote_cnt + $3     WHERE s_w_id = $4 AND s_i_id = $5","parameters: $1 = '20', $2 = '3', $3 = '0', $4 = '1', $5 = '93'",,,,,,,,"","client backend"
2024-06-16 14:31:50.311 CST,"raingage","benchmark",15270,"127.0.0.1:45212",666e86a6.3ba6,254,"COMMIT",2024-06-16 14:31:02 CST,6/19,90681,LOG,00000,"execute S_2: COMMIT",,,,,,,,,"","client backend"
2024-06-16 14:31:50.324 CST,"raingage","benchmark",15272,"127.0.0.1:45216",666e86a7.3ba8,115,"SELECT",2024-06-16 14:31:03 CST,8/10,0,LOG,00000,"execute S_1: SELECT c_discount, c_last, c_credit, w_tax     FROM bmsql_customer     JOIN bmsql_warehouse ON (w_id = c_w_id)     WHERE c_w_id = $1 AND c_d_id = $2 AND c_id = $3 FOR UPDATE","parameters: $1 = '1', $2 = '1', $3 = '31'",,,,,,,,"","client backend"
2024-06-16 14:31:50.335 CST,"raingage","benchmark",15270,"127.0.0.1:45212",666e86a6.3ba6,255,"BEGIN",2024-06-16 14:31:02 CST,6/20,0,LOG,00000,"execute S_3: BEGIN",,,,,,,,,"","client backend"
2024-06-16 14:31:50.347 CST,"raingage","benchmark",15270,"127.0.0.1:45212",666e86a6.3ba6,256,"SELECT",2024-06-16 14:31:02 CST,6/20,0,LOG,00000,"execute S_4: SELECT d_tax, d_next_o_id     FROM bmsql_district     WHERE d_w_id = $1 AND d_id = $2 ","parameters: $1 = '1', $2 = '3'",,,,,,,,"","client backend"
2024-06-16 14:31:50.379 CST,"raingage","benchmark",15269,"127.0.0.1:45210",666e86a6.3ba5,232,"SELECT",2024-06-16 14:31:02 CST,5/18,90682,LOG,00000,"execute S_1: SELECT c_discount, c_last, c_credit, w_tax     FROM bmsql_customer     JOIN bmsql_warehouse ON (w_id = c_w_id)     WHERE c_w_id = $1 AND c_d_id = $2 AND c_id = $3 FOR UPDATE","parameters: $1 = '1', $2 = '3', $3 = '35'",,,,,,,,"","client backend"
2024-06-16 14:31:50.417 CST,"raingage","benchmark",15270,"127.0.0.1:45212",666e86a6.3ba6,257,"SELECT",2024-06-16 14:31:02 CST,6/20,0,LOG,00000,"execute S_1: SELECT c_discount, c_last, c_credit, w_tax     FROM bmsql_customer     JOIN bmsql_warehouse ON (w_id = c_w_id)     WHERE c_w_id = $1 AND c_d_id = $2 AND c_id = $3 FOR UPDATE","parameters: $1 = '1', $2 = '3', $3 = '33'",,,,,,,,"","client backend"
2024-06-16 14:31:50.448 CST,"raingage","benchmark",15269,"127.0.0.1:45210",666e86a6.3ba5,233,"SELECT",2024-06-16 14:31:02 CST,5/18,90682,LOG,00000,"execute S_1: SELECT c_discount, c_last, c_credit, w_tax     FROM bmsql_customer     JOIN bmsql_warehouse ON (w_id = c_w_id)     WHERE c_w_id = $1 AND c_d_id = $2 AND c_id = $3 FOR UPDATE","parameters: $1 = '1', $2 = '3', $3 = '35'",,,,,,,,"","client backend"
2024-06-16 14:31:50.515 CST,"raingage","benchmark",15269,"127.0.0.1:45210",666e86a6.3ba5,234,"SELECT",2024-06-16 14:31:02 CST,5/18,90682,LOG,00000,"execute S_1: SELECT c_discount, c_last, c_credit, w_tax     FROM bmsql_customer     JOIN bmsql_warehouse ON (w_id = c_w_id)     WHERE c_w_id = $1 AND c_d_id = $2 AND c_id = $3 FOR UPDATE","parameters: $1 = '1', $2 = '3', $3 = '35'",,,,,,,,"","client backend"
2024-06-16 14:31:50.584 CST,"raingage","benchmark",15269,"127.0.0.1:45210",666e86a6.3ba5,235,"SELECT",2024-06-16 14:31:02 CST,5/18,90682,LOG,00000,"execute S_1: SELECT c_discount, c_last, c_credit, w_tax     FROM bmsql_customer     JOIN bmsql_warehouse ON (w_id = c_w_id)     WHERE c_w_id = $1 AND c_d_id = $2 AND c_id = $3 FOR UPDATE","parameters: $1 = '1', $2 = '3', $3 = '35'",,,,,,,,"","client backend"
2024-06-16 14:31:50.654 CST,"raingage","benchmark",15269,"127.0.0.1:45210",666e86a6.3ba5,236,"SELECT",2024-06-16 14:31:02 CST,5/18,90682,LOG,00000,"execute S_1: SELECT c_discount, c_last, c_credit, w_tax     FROM bmsql_customer     JOIN bmsql_warehouse ON (w_id = c_w_id)     WHERE c_w_id = $1 AND c_d_id = $2 AND c_id = $3 FOR UPDATE","parameters: $1 = '1', $2 = '3', $3 = '35'",,,,,,,,"","client backend"
2024-06-16 14:31:50.727 CST,"raingage","benchmark",15269,"127.0.0.1:45210",666e86a6.3ba5,237,"SELECT",2024-06-16 14:31:02 CST,5/18,90682,LOG,00000,"execute S_1: SELECT c_discount, c_last, c_credit, w_tax     FROM bmsql_customer     JOIN bmsql_warehouse ON (w_id = c_w_id)     WHERE c_w_id = $1 AND c_d_id = $2 AND c_id = $3 FOR UPDATE","parameters: $1 = '1', $2 = '3', $3 = '35'",,,,,,,,"","client backend"
2024-06-16 14:31:50.796 CST,"raingage","benchmark",15269,"127.0.0.1:45210",666e86a6.3ba5,238,"SELECT",2024-06-16 14:31:02 CST,5/18,90682,LOG,00000,"execute S_1: SELECT c_discount, c_last, c_credit, w_tax     FROM bmsql_customer     JOIN bmsql_warehouse ON (w_id = c_w_id)     WHERE c_w_id = $1 AND c_d_id = $2 AND c_id = $3 FOR UPDATE","parameters: $1 = '1', $2 = '3', $3 = '35'",,,,,,,,"","client backend"
2024-06-16 14:31:50.812 CST,"raingage","benchmark",15269,"127.0.0.1:45210",666e86a6.3ba5,239,"SELECT",2024-06-16 14:31:02 CST,5/18,90682,LOG,00000,"execute S_6: SELECT i_price, i_name, i_data     FROM bmsql_item     WHERE i_id = $1","parameters: $1 = '11'",,,,,,,,"","client backend"
2024-06-16 14:31:50.829 CST,"raingage","benchmark",15269,"127.0.0.1:45210",666e86a6.3ba5,240,"SELECT",2024-06-16 14:31:02 CST,5/18,90682,LOG,00000,"execute S_7: SELECT s_quantity, s_data,        s_dist_01, s_dist_02, s_dist_03, s_dist_04,        s_dist_05, s_dist_06, s_dist_07, s_dist_08,        s_dist_09, s_dist_10     FROM bmsql_stock     WHERE s_w_id = $1 AND s_i_id = $2  FOR UPDATE","parameters: $1 = '1', $2 = '11'",,,,,,,,"","client backend"
2024-06-16 14:31:50.842 CST,"raingage","benchmark",15269,"127.0.0.1:45210",666e86a6.3ba5,241,"UPDATE",2024-06-16 14:31:02 CST,5/18,90682,LOG,00000,"execute S_8: UPDATE bmsql_stock     SET s_quantity = $1, s_ytd = s_ytd + $2,         s_order_cnt = s_order_cnt + 1,         s_remote_cnt = s_remote_cnt + $3     WHERE s_w_id = $4 AND s_i_id = $5","parameters: $1 = '106', $2 = '3', $3 = '0', $4 = '1', $5 = '11'",,,,,,,,"","client backend"
2024-06-16 14:31:50.862 CST,"raingage","benchmark",15269,"127.0.0.1:45210",666e86a6.3ba5,242,"COMMIT",2024-06-16 14:31:02 CST,5/18,90682,LOG,00000,"execute S_3: COMMIT",,,,,,,,,"","client backend"
2024-06-16 14:31:50.874 CST,"raingage","benchmark",15269,"127.0.0.1:45210",666e86a6.3ba5,243,"BEGIN",2024-06-16 14:31:02 CST,5/19,0,LOG,00000,"execute S_4: BEGIN",,,,,,,,,"","client backend"
2024-06-16 14:31:50.889 CST,"raingage","benchmark",15269,"127.0.0.1:45210",666e86a6.3ba5,244,"SELECT",2024-06-16 14:31:02 CST,5/19,0,LOG,00000,"execute S_5: SELECT d_tax, d_next_o_id     FROM bmsql_district     WHERE d_w_id = $1 AND d_id = $2 ","parameters: $1 = '1', $2 = '3'",,,,,,,,"","client backend"
2024-06-16 14:31:50.935 CST,"raingage","benchmark",15272,"127.0.0.1:45216",666e86a7.3ba8,116,"SELECT",2024-06-16 14:31:03 CST,8/10,90683,LOG,00000,"execute S_1: SELECT c_discount, c_last, c_credit, w_tax     FROM bmsql_customer     JOIN bmsql_warehouse ON (w_id = c_w_id)     WHERE c_w_id = $1 AND c_d_id = $2 AND c_id = $3 FOR UPDATE","parameters: $1 = '1', $2 = '1', $3 = '31'",,,,,,,,"","client backend"
2024-06-16 14:31:50.952 CST,"raingage","benchmark",15269,"127.0.0.1:45210",666e86a6.3ba5,245,"SELECT",2024-06-16 14:31:02 CST,5/19,0,LOG,00000,"execute S_1: SELECT c_discount, c_last, c_credit, w_tax     FROM bmsql_customer     JOIN bmsql_warehouse ON (w_id = c_w_id)     WHERE c_w_id = $1 AND c_d_id = $2 AND c_id = $3 FOR UPDATE","parameters: $1 = '1', $2 = '3', $3 = '33'",,,,,,,,"","client backend"
2024-06-16 14:31:50.999 CST,"raingage","benchmark",15272,"127.0.0.1:45216",666e86a7.3ba8,117,"SELECT",2024-06-16 14:31:03 CST,8/10,90683,LOG,00000,"execute S_1: SELECT c_discount, c_last, c_credit, w_tax     FROM bmsql_customer     JOIN bmsql_warehouse ON (w_id = c_w_id)     WHERE c_w_id = $1 AND c_d_id = $2 AND c_id = $3 FOR UPDATE","parameters: $1 = '1', $2 = '1', $3 = '31'",,,,,,,,"","client backend"
2024-06-16 14:31:51.064 CST,"raingage","benchmark",15272,"127.0.0.1:45216",666e86a7.3ba8,118,"SELECT",2024-06-16 14:31:03 CST,8/10,90683,LOG,00000,"execute S_1: SELECT c_discount, c_last, c_credit, w_tax     FROM bmsql_customer     JOIN bmsql_warehouse ON (w_id = c_w_id)     WHERE c_w_id = $1 AND c_d_id = $2 AND c_id = $3 FOR UPDATE","parameters: $1 = '1', $2 = '1', $3 = '31'",,,,,,,,"","client backend"
2024-06-16 14:31:51.133 CST,"raingage","benchmark",15272,"127.0.0.1:45216",666e86a7.3ba8,119,"SELECT",2024-06-16 14:31:03 CST,8/10,90683,LOG,00000,"execute S_1: SELECT c_discount, c_last, c_credit, w_tax     FROM bmsql_customer     JOIN bmsql_warehouse ON (w_id = c_w_id)     WHERE c_w_id = $1 AND c_d_id = $2 AND c_id = $3 FOR UPDATE","parameters: $1 = '1', $2 = '1', $3 = '31'",,,,,,,,"","client backend"
2024-06-16 14:31:51.201 CST,"raingage","benchmark",15272,"127.0.0.1:45216",666e86a7.3ba8,120,"SELECT",2024-06-16 14:31:03 CST,8/10,90683,LOG,00000,"execute S_1: SELECT c_discount, c_last, c_credit, w_tax     FROM bmsql_customer     JOIN bmsql_warehouse ON (w_id = c_w_id)     WHERE c_w_id = $1 AND c_d_id = $2 AND c_id = $3 FOR UPDATE","parameters: $1 = '1', $2 = '1', $3 = '31'",,,,,,,,"","client backend"
2024-06-16 14:31:51.263 CST,"raingage","benchmark",15272,"127.0.0.1:45216",666e86a7.3ba8,121,"SELECT",2024-06-16 14:31:03 CST,8/10,90683,LOG,00000,"execute S_1: SELECT c_discount, c_last, c_credit, w_tax     FROM bmsql_customer     JOIN bmsql_warehouse ON (w_id = c_w_id)     WHERE c_w_id = $1 AND c_d_id = $2 AND c_id = $3 FOR UPDATE","parameters: $1 = '1', $2 = '1', $3 = '31'",,,,,,,,"","client backend"
2024-06-16 14:31:51.325 CST,"raingage","benchmark",15272,"127.0.0.1:45216",666e86a7.3ba8,122,"SELECT",2024-06-16 14:31:03 CST,8/10,90683,LOG,00000,"execute S_1: SELECT c_discount, c_last, c_credit, w_tax     FROM bmsql_customer     JOIN bmsql_warehouse ON (w_id = c_w_id)     WHERE c_w_id = $1 AND c_d_id = $2 AND c_id = $3 FOR UPDATE","parameters: $1 = '1', $2 = '1', $3 = '31'",,,,,,,,"","client backend"
2024-06-16 14:31:51.345 CST,"raingage","benchmark",15272,"127.0.0.1:45216",666e86a7.3ba8,123,"SELECT",2024-06-16 14:31:03 CST,8/10,90683,LOG,00000,"execute S_5: SELECT i_price, i_name, i_data     FROM bmsql_item     WHERE i_id = $1","parameters: $1 = '68'",,,,,,,,"","client backend"
2024-06-16 14:31:51.359 CST,"raingage","benchmark",15272,"127.0.0.1:45216",666e86a7.3ba8,124,"SELECT",2024-06-16 14:31:03 CST,8/10,90683,LOG,00000,"execute S_6: SELECT s_quantity, s_data,        s_dist_01, s_dist_02, s_dist_03, s_dist_04,        s_dist_05, s_dist_06, s_dist_07, s_dist_08,        s_dist_09, s_dist_10     FROM bmsql_stock     WHERE s_w_id = $1 AND s_i_id = $2  FOR UPDATE","parameters: $1 = '1', $2 = '68'",,,,,,,,"","client backend"
2024-06-16 14:31:51.375 CST,"raingage","benchmark",15272,"127.0.0.1:45216",666e86a7.3ba8,125,"UPDATE",2024-06-16 14:31:03 CST,8/10,90683,LOG,00000,"execute S_7: UPDATE bmsql_stock     SET s_quantity = $1, s_ytd = s_ytd + $2,         s_order_cnt = s_order_cnt + 1,         s_remote_cnt = s_remote_cnt + $3     WHERE s_w_id = $4 AND s_i_id = $5","parameters: $1 = '56', $2 = '3', $3 = '0', $4 = '1', $5 = '68'",,,,,,,,"","client backend"
2024-06-16 14:31:51.388 CST,"raingage","benchmark",15272,"127.0.0.1:45216",666e86a7.3ba8,126,"COMMIT",2024-06-16 14:31:03 CST,8/10,90683,LOG,00000,"execute S_2: COMMIT",,,,,,,,,"","client backend"
2024-06-16 14:31:51.408 CST,"raingage","benchmark",15272,"127.0.0.1:45216",666e86a7.3ba8,127,"BEGIN",2024-06-16 14:31:03 CST,8/11,0,LOG,00000,"execute S_3: BEGIN",,,,,,,,,"","client backend"
2024-06-16 14:31:51.420 CST,"raingage","benchmark",15272,"127.0.0.1:45216",666e86a7.3ba8,128,"SELECT",2024-06-16 14:31:03 CST,8/11,0,LOG,00000,"execute S_4: SELECT d_tax, d_next_o_id     FROM bmsql_district     WHERE d_w_id = $1 AND d_id = $2 ","parameters: $1 = '1', $2 = '3'",,,,,,,,"","client backend"
2024-06-16 14:31:51.454 CST,"raingage","benchmark",15270,"127.0.0.1:45212",666e86a6.3ba6,258,"SELECT",2024-06-16 14:31:02 CST,6/20,90684,LOG,00000,"execute S_1: SELECT c_discount, c_last, c_credit, w_tax     FROM bmsql_customer     JOIN bmsql_warehouse ON (w_id = c_w_id)     WHERE c_w_id = $1 AND c_d_id = $2 AND c_id = $3 FOR UPDATE","parameters: $1 = '1', $2 = '3', $3 = '33'",,,,,,,,"","client backend"
2024-06-16 14:31:51.487 CST,"raingage","benchmark",15272,"127.0.0.1:45216",666e86a7.3ba8,129,"SELECT",2024-06-16 14:31:03 CST,8/11,0,LOG,00000,"execute S_1: SELECT c_discount, c_last, c_credit, w_tax     FROM bmsql_customer     JOIN bmsql_warehouse ON (w_id = c_w_id)     WHERE c_w_id = $1 AND c_d_id = $2 AND c_id = $3 FOR UPDATE","parameters: $1 = '1', $2 = '3', $3 = '25'",,,,,,,,"","client backend"
2024-06-16 14:31:51.522 CST,"raingage","benchmark",15270,"127.0.0.1:45212",666e86a6.3ba6,259,"SELECT",2024-06-16 14:31:02 CST,6/20,90684,LOG,00000,"execute S_1: SELECT c_discount, c_last, c_credit, w_tax     FROM bmsql_customer     JOIN bmsql_warehouse ON (w_id = c_w_id)     WHERE c_w_id = $1 AND c_d_id = $2 AND c_id = $3 FOR UPDATE","parameters: $1 = '1', $2 = '3', $3 = '33'",,,,,,,,"","client backend"
2024-06-16 14:31:51.590 CST,"raingage","benchmark",15270,"127.0.0.1:45212",666e86a6.3ba6,260,"SELECT",2024-06-16 14:31:02 CST,6/20,90684,LOG,00000,"execute S_1: SELECT c_discount, c_last, c_credit, w_tax     FROM bmsql_customer     JOIN bmsql_warehouse ON (w_id = c_w_id)     WHERE c_w_id = $1 AND c_d_id = $2 AND c_id = $3 FOR UPDATE","parameters: $1 = '1', $2 = '3', $3 = '33'",,,,,,,,"","client backend"
2024-06-16 14:31:51.654 CST,"raingage","benchmark",15270,"127.0.0.1:45212",666e86a6.3ba6,261,"SELECT",2024-06-16 14:31:02 CST,6/20,90684,LOG,00000,"execute S_1: SELECT c_discount, c_last, c_credit, w_tax     FROM bmsql_customer     JOIN bmsql_warehouse ON (w_id = c_w_id)     WHERE c_w_id = $1 AND c_d_id = $2 AND c_id = $3 FOR UPDATE","parameters: $1 = '1', $2 = '3', $3 = '33'",,,,,,,,"","client backend"
2024-06-16 14:31:51.719 CST,"raingage","benchmark",15270,"127.0.0.1:45212",666e86a6.3ba6,262,"SELECT",2024-06-16 14:31:02 CST,6/20,90684,LOG,00000,"execute S_1: SELECT c_discount, c_last, c_credit, w_tax     FROM bmsql_customer     JOIN bmsql_warehouse ON (w_id = c_w_id)     WHERE c_w_id = $1 AND c_d_id = $2 AND c_id = $3 FOR UPDATE","parameters: $1 = '1', $2 = '3', $3 = '33'",,,,,,,,"","client backend"
2024-06-16 14:31:51.789 CST,"raingage","benchmark",15270,"127.0.0.1:45212",666e86a6.3ba6,263,"SELECT",2024-06-16 14:31:02 CST,6/20,90684,LOG,00000,"execute S_1: SELECT c_discount, c_last, c_credit, w_tax     FROM bmsql_customer     JOIN bmsql_warehouse ON (w_id = c_w_id)     WHERE c_w_id = $1 AND c_d_id = $2 AND c_id = $3 FOR UPDATE","parameters: $1 = '1', $2 = '3', $3 = '33'",,,,,,,,"","client backend"
2024-06-16 14:31:51.853 CST,"raingage","benchmark",15270,"127.0.0.1:45212",666e86a6.3ba6,264,"SELECT",2024-06-16 14:31:02 CST,6/20,90684,LOG,00000,"execute S_1: SELECT c_discount, c_last, c_credit, w_tax     FROM bmsql_customer     JOIN bmsql_warehouse ON (w_id = c_w_id)     WHERE c_w_id = $1 AND c_d_id = $2 AND c_id = $3 FOR UPDATE","parameters: $1 = '1', $2 = '3', $3 = '33'",,,,,,,,"","client backend"
2024-06-16 14:31:51.864 CST,"raingage","benchmark",15270,"127.0.0.1:45212",666e86a6.3ba6,265,"SELECT",2024-06-16 14:31:02 CST,6/20,90684,LOG,00000,"execute S_5: SELECT i_price, i_name, i_data     FROM bmsql_item     WHERE i_id = $1","parameters: $1 = '96'",,,,,,,,"","client backend"
2024-06-16 14:31:51.877 CST,"raingage","benchmark",15270,"127.0.0.1:45212",666e86a6.3ba6,266,"SELECT",2024-06-16 14:31:02 CST,6/20,90684,LOG,00000,"execute S_6: SELECT s_quantity, s_data,        s_dist_01, s_dist_02, s_dist_03, s_dist_04,        s_dist_05, s_dist_06, s_dist_07, s_dist_08,        s_dist_09, s_dist_10     FROM bmsql_stock     WHERE s_w_id = $1 AND s_i_id = $2  FOR UPDATE","parameters: $1 = '1', $2 = '96'",,,,,,,,"","client backend"
2024-06-16 14:31:51.891 CST,"raingage","benchmark",15270,"127.0.0.1:45212",666e86a6.3ba6,267,"UPDATE",2024-06-16 14:31:02 CST,6/20,90684,LOG,00000,"execute S_7: UPDATE bmsql_stock     SET s_quantity = $1, s_ytd = s_ytd + $2,         s_order_cnt = s_order_cnt + 1,         s_remote_cnt = s_remote_cnt + $3     WHERE s_w_id = $4 AND s_i_id = $5","parameters: $1 = '87', $2 = '3', $3 = '0', $4 = '1', $5 = '96'",,,,,,,,"","client backend"
2024-06-16 14:31:51.904 CST,"raingage","benchmark",15270,"127.0.0.1:45212",666e86a6.3ba6,268,"COMMIT",2024-06-16 14:31:02 CST,6/20,90684,LOG,00000,"execute S_2: COMMIT",,,,,,,,,"","client backend"
2024-06-16 14:31:51.923 CST,"raingage","benchmark",15270,"127.0.0.1:45212",666e86a6.3ba6,269,"BEGIN",2024-06-16 14:31:02 CST,6/21,0,LOG,00000,"execute S_3: BEGIN",,,,,,,,,"","client backend"
2024-06-16 14:31:51.938 CST,"raingage","benchmark",15270,"127.0.0.1:45212",666e86a6.3ba6,270,"SELECT",2024-06-16 14:31:02 CST,6/21,0,LOG,00000,"execute S_4: SELECT d_tax, d_next_o_id     FROM bmsql_district     WHERE d_w_id = $1 AND d_id = $2 ","parameters: $1 = '1', $2 = '1'",,,,,,,,"","client backend"
2024-06-16 14:31:51.970 CST,"raingage","benchmark",15272,"127.0.0.1:45216",666e86a7.3ba8,130,"SELECT",2024-06-16 14:31:03 CST,8/11,90685,LOG,00000,"execute S_1: SELECT c_discount, c_last, c_credit, w_tax     FROM bmsql_customer     JOIN bmsql_warehouse ON (w_id = c_w_id)     WHERE c_w_id = $1 AND c_d_id = $2 AND c_id = $3 FOR UPDATE","parameters: $1 = '1', $2 = '3', $3 = '25'",,,,,,,,"","client backend"
2024-06-16 14:31:52.001 CST,"raingage","benchmark",15270,"127.0.0.1:45212",666e86a6.3ba6,271,"SELECT",2024-06-16 14:31:02 CST,6/21,0,LOG,00000,"execute S_1: SELECT c_discount, c_last, c_credit, w_tax     FROM bmsql_customer     JOIN bmsql_warehouse ON (w_id = c_w_id)     WHERE c_w_id = $1 AND c_d_id = $2 AND c_id = $3 FOR UPDATE","parameters: $1 = '1', $2 = '1', $3 = '3'",,,,,,,,"","client backend"
2024-06-16 14:31:52.038 CST,"raingage","benchmark",15272,"127.0.0.1:45216",666e86a7.3ba8,131,"SELECT",2024-06-16 14:31:03 CST,8/11,90685,LOG,00000,"execute S_1: SELECT c_discount, c_last, c_credit, w_tax     FROM bmsql_customer     JOIN bmsql_warehouse ON (w_id = c_w_id)     WHERE c_w_id = $1 AND c_d_id = $2 AND c_id = $3 FOR UPDATE","parameters: $1 = '1', $2 = '3', $3 = '25'",,,,,,,,"","client backend"
2024-06-16 14:31:52.107 CST,"raingage","benchmark",15272,"127.0.0.1:45216",666e86a7.3ba8,132,"SELECT",2024-06-16 14:31:03 CST,8/11,90685,LOG,00000,"execute S_1: SELECT c_discount, c_last, c_credit, w_tax     FROM bmsql_customer     JOIN bmsql_warehouse ON (w_id = c_w_id)     WHERE c_w_id = $1 AND c_d_id = $2 AND c_id = $3 FOR UPDATE","parameters: $1 = '1', $2 = '3', $3 = '25'",,,,,,,,"","client backend"
2024-06-16 14:31:52.178 CST,"raingage","benchmark",15272,"127.0.0.1:45216",666e86a7.3ba8,133,"SELECT",2024-06-16 14:31:03 CST,8/11,90685,LOG,00000,"execute S_1: SELECT c_discount, c_last, c_credit, w_tax     FROM bmsql_customer     JOIN bmsql_warehouse ON (w_id = c_w_id)     WHERE c_w_id = $1 AND c_d_id = $2 AND c_id = $3 FOR UPDATE","parameters: $1 = '1', $2 = '3', $3 = '25'",,,,,,,,"","client backend"
2024-06-16 14:31:52.247 CST,"raingage","benchmark",15272,"127.0.0.1:45216",666e86a7.3ba8,134,"SELECT",2024-06-16 14:31:03 CST,8/11,90685,LOG,00000,"execute S_1: SELECT c_discount, c_last, c_credit, w_tax     FROM bmsql_customer     JOIN bmsql_warehouse ON (w_id = c_w_id)     WHERE c_w_id = $1 AND c_d_id = $2 AND c_id = $3 FOR UPDATE","parameters: $1 = '1', $2 = '3', $3 = '25'",,,,,,,,"","client backend"
2024-06-16 14:31:52.317 CST,"raingage","benchmark",15272,"127.0.0.1:45216",666e86a7.3ba8,135,"SELECT",2024-06-16 14:31:03 CST,8/11,90685,LOG,00000,"execute S_1: SELECT c_discount, c_last, c_credit, w_tax     FROM bmsql_customer     JOIN bmsql_warehouse ON (w_id = c_w_id)     WHERE c_w_id = $1 AND c_d_id = $2 AND c_id = $3 FOR UPDATE","parameters: $1 = '1', $2 = '3', $3 = '25'",,,,,,,,"","client backend"
2024-06-16 14:31:52.362 CST,"raingage","benchmark",15268,"127.0.0.1:45208",666e86a6.3ba4,271,"BEGIN",2024-06-16 14:31:02 CST,4/21,0,LOG,00000,"execute S_3: BEGIN",,,,,,,,,"","client backend"
2024-06-16 14:31:52.381 CST,"raingage","benchmark",15268,"127.0.0.1:45208",666e86a6.3ba4,272,"SELECT",2024-06-16 14:31:02 CST,4/21,0,LOG,00000,"execute S_4: SELECT d_tax, d_next_o_id     FROM bmsql_district     WHERE d_w_id = $1 AND d_id = $2 ","parameters: $1 = '1', $2 = '1'",,,,,,,,"","client backend"
2024-06-16 14:31:52.383 CST,"raingage","benchmark",15272,"127.0.0.1:45216",666e86a7.3ba8,136,"SELECT",2024-06-16 14:31:03 CST,8/11,90685,LOG,00000,"execute S_1: SELECT c_discount, c_last, c_credit, w_tax     FROM bmsql_customer     JOIN bmsql_warehouse ON (w_id = c_w_id)     WHERE c_w_id = $1 AND c_d_id = $2 AND c_id = $3 FOR UPDATE","parameters: $1 = '1', $2 = '3', $3 = '25'",,,,,,,,"","client backend"
2024-06-16 14:31:52.400 CST,"raingage","benchmark",15272,"127.0.0.1:45216",666e86a7.3ba8,137,"SELECT",2024-06-16 14:31:03 CST,8/11,90685,LOG,00000,"execute S_5: SELECT i_price, i_name, i_data     FROM bmsql_item     WHERE i_id = $1","parameters: $1 = '16'",,,,,,,,"","client backend"
2024-06-16 14:31:52.415 CST,"raingage","benchmark",15272,"127.0.0.1:45216",666e86a7.3ba8,138,"SELECT",2024-06-16 14:31:03 CST,8/11,90685,LOG,00000,"execute S_6: SELECT s_quantity, s_data,        s_dist_01, s_dist_02, s_dist_03, s_dist_04,        s_dist_05, s_dist_06, s_dist_07, s_dist_08,        s_dist_09, s_dist_10     FROM bmsql_stock     WHERE s_w_id = $1 AND s_i_id = $2  FOR UPDATE","parameters: $1 = '1', $2 = '16'",,,,,,,,"","client backend"
2024-06-16 14:31:52.436 CST,"raingage","benchmark",15272,"127.0.0.1:45216",666e86a7.3ba8,139,"UPDATE",2024-06-16 14:31:03 CST,8/11,90685,LOG,00000,"execute S_7: UPDATE bmsql_stock     SET s_quantity = $1, s_ytd = s_ytd + $2,         s_order_cnt = s_order_cnt + 1,         s_remote_cnt = s_remote_cnt + $3     WHERE s_w_id = $4 AND s_i_id = $5","parameters: $1 = '44', $2 = '3', $3 = '0', $4 = '1', $5 = '16'",,,,,,,,"","client backend"
2024-06-16 14:31:52.453 CST,"raingage","benchmark",15268,"127.0.0.1:45208",666e86a6.3ba4,273,"SELECT",2024-06-16 14:31:02 CST,4/21,0,LOG,00000,"execute S_1: SELECT c_discount, c_last, c_credit, w_tax     FROM bmsql_customer     JOIN bmsql_warehouse ON (w_id = c_w_id)     WHERE c_w_id = $1 AND c_d_id = $2 AND c_id = $3 FOR UPDATE","parameters: $1 = '1', $2 = '1', $3 = '52'",,,,,,,,"","client backend"
2024-06-16 14:31:52.455 CST,"raingage","benchmark",15272,"127.0.0.1:45216",666e86a7.3ba8,140,"COMMIT",2024-06-16 14:31:03 CST,8/11,90685,LOG,00000,"execute S_2: COMMIT",,,,,,,,,"","client backend"
2024-06-16 14:31:52.519 CST,"raingage","benchmark",15269,"127.0.0.1:45210",666e86a6.3ba5,246,"SELECT",2024-06-16 14:31:02 CST,5/19,90686,LOG,00000,"execute S_1: SELECT c_discount, c_last, c_credit, w_tax     FROM bmsql_customer     JOIN bmsql_warehouse ON (w_id = c_w_id)     WHERE c_w_id = $1 AND c_d_id = $2 AND c_id = $3 FOR UPDATE","parameters: $1 = '1', $2 = '3', $3 = '33'",,,,,,,,"","client backend"
2024-06-16 14:31:52.587 CST,"raingage","benchmark",15269,"127.0.0.1:45210",666e86a6.3ba5,247,"SELECT",2024-06-16 14:31:02 CST,5/19,90686,LOG,00000,"execute S_1: SELECT c_discount, c_last, c_credit, w_tax     FROM bmsql_customer     JOIN bmsql_warehouse ON (w_id = c_w_id)     WHERE c_w_id = $1 AND c_d_id = $2 AND c_id = $3 FOR UPDATE","parameters: $1 = '1', $2 = '3', $3 = '33'",,,,,,,,"","client backend"
2024-06-16 14:31:52.658 CST,"raingage","benchmark",15269,"127.0.0.1:45210",666e86a6.3ba5,248,"SELECT",2024-06-16 14:31:02 CST,5/19,90686,LOG,00000,"execute S_1: SELECT c_discount, c_last, c_credit, w_tax     FROM bmsql_customer     JOIN bmsql_warehouse ON (w_id = c_w_id)     WHERE c_w_id = $1 AND c_d_id = $2 AND c_id = $3 FOR UPDATE","parameters: $1 = '1', $2 = '3', $3 = '33'",,,,,,,,"","client backend"
2024-06-16 14:31:52.726 CST,"raingage","benchmark",15269,"127.0.0.1:45210",666e86a6.3ba5,249,"SELECT",2024-06-16 14:31:02 CST,5/19,90686,LOG,00000,"execute S_1: SELECT c_discount, c_last, c_credit, w_tax     FROM bmsql_customer     JOIN bmsql_warehouse ON (w_id = c_w_id)     WHERE c_w_id = $1 AND c_d_id = $2 AND c_id = $3 FOR UPDATE","parameters: $1 = '1', $2 = '3', $3 = '33'",,,,,,,,"","client backend"
2024-06-16 14:31:52.791 CST,"raingage","benchmark",15269,"127.0.0.1:45210",666e86a6.3ba5,250,"SELECT",2024-06-16 14:31:02 CST,5/19,90686,LOG,00000,"execute S_1: SELECT c_discount, c_last, c_credit, w_tax     FROM bmsql_customer     JOIN bmsql_warehouse ON (w_id = c_w_id)     WHERE c_w_id = $1 AND c_d_id = $2 AND c_id = $3 FOR UPDATE","parameters: $1 = '1', $2 = '3', $3 = '33'",,,,,,,,"","client backend"
2024-06-16 14:31:52.858 CST,"raingage","benchmark",15269,"127.0.0.1:45210",666e86a6.3ba5,251,"SELECT",2024-06-16 14:31:02 CST,5/19,90686,LOG,00000,"execute S_1: SELECT c_discount, c_last, c_credit, w_tax     FROM bmsql_customer     JOIN bmsql_warehouse ON (w_id = c_w_id)     WHERE c_w_id = $1 AND c_d_id = $2 AND c_id = $3 FOR UPDATE","parameters: $1 = '1', $2 = '3', $3 = '33'",,,,,,,,"","client backend"
2024-06-16 14:31:52.925 CST,"raingage","benchmark",15269,"127.0.0.1:45210",666e86a6.3ba5,252,"SELECT",2024-06-16 14:31:02 CST,5/19,90686,LOG,00000,"execute S_1: SELECT c_discount, c_last, c_credit, w_tax     FROM bmsql_customer     JOIN bmsql_warehouse ON (w_id = c_w_id)     WHERE c_w_id = $1 AND c_d_id = $2 AND c_id = $3 FOR UPDATE","parameters: $1 = '1', $2 = '3', $3 = '33'",,,,,,,,"","client backend"
2024-06-16 14:31:52.946 CST,"raingage","benchmark",15269,"127.0.0.1:45210",666e86a6.3ba5,253,"SELECT",2024-06-16 14:31:02 CST,5/19,90686,LOG,00000,"execute S_6: SELECT i_price, i_name, i_data     FROM bmsql_item     WHERE i_id = $1","parameters: $1 = '96'",,,,,,,,"","client backend"
2024-06-16 14:31:52.959 CST,"raingage","benchmark",15269,"127.0.0.1:45210",666e86a6.3ba5,254,"SELECT",2024-06-16 14:31:02 CST,5/19,90686,LOG,00000,"execute S_7: SELECT s_quantity, s_data,        s_dist_01, s_dist_02, s_dist_03, s_dist_04,        s_dist_05, s_dist_06, s_dist_07, s_dist_08,        s_dist_09, s_dist_10     FROM bmsql_stock     WHERE s_w_id = $1 AND s_i_id = $2  FOR UPDATE","parameters: $1 = '1', $2 = '96'",,,,,,,,"","client backend"
2024-06-16 14:31:52.975 CST,"raingage","benchmark",15269,"127.0.0.1:45210",666e86a6.3ba5,255,"UPDATE",2024-06-16 14:31:02 CST,5/19,90686,LOG,00000,"execute S_8: UPDATE bmsql_stock     SET s_quantity = $1, s_ytd = s_ytd + $2,         s_order_cnt = s_order_cnt + 1,         s_remote_cnt = s_remote_cnt + $3     WHERE s_w_id = $4 AND s_i_id = $5","parameters: $1 = '82', $2 = '5', $3 = '0', $4 = '1', $5 = '96'",,,,,,,,"","client backend"
2024-06-16 14:31:52.991 CST,"raingage","benchmark",15269,"127.0.0.1:45210",666e86a6.3ba5,256,"COMMIT",2024-06-16 14:31:02 CST,5/19,90686,LOG,00000,"execute S_3: COMMIT",,,,,,,,,"","client backend"
2024-06-16 14:31:53.013 CST,"raingage","benchmark",15269,"127.0.0.1:45210",666e86a6.3ba5,257,"BEGIN",2024-06-16 14:31:02 CST,5/20,0,LOG,00000,"execute S_4: BEGIN",,,,,,,,,"","client backend"
2024-06-16 14:31:53.027 CST,"raingage","benchmark",15269,"127.0.0.1:45210",666e86a6.3ba5,258,"SELECT",2024-06-16 14:31:02 CST,5/20,0,LOG,00000,"execute S_5: SELECT d_tax, d_next_o_id     FROM bmsql_district     WHERE d_w_id = $1 AND d_id = $2 ","parameters: $1 = '1', $2 = '2'",,,,,,,,"","client backend"
2024-06-16 14:31:53.060 CST,"raingage","benchmark",15270,"127.0.0.1:45212",666e86a6.3ba6,272,"SELECT",2024-06-16 14:31:02 CST,6/21,90687,LOG,00000,"execute S_1: SELECT c_discount, c_last, c_credit, w_tax     FROM bmsql_customer     JOIN bmsql_warehouse ON (w_id = c_w_id)     WHERE c_w_id = $1 AND c_d_id = $2 AND c_id = $3 FOR UPDATE","parameters: $1 = '1', $2 = '1', $3 = '3'",,,,,,,,"","client backend"
2024-06-16 14:31:53.096 CST,"raingage","benchmark",15269,"127.0.0.1:45210",666e86a6.3ba5,259,"SELECT",2024-06-16 14:31:02 CST,5/20,0,LOG,00000,"execute S_1: SELECT c_discount, c_last, c_credit, w_tax     FROM bmsql_customer     JOIN bmsql_warehouse ON (w_id = c_w_id)     WHERE c_w_id = $1 AND c_d_id = $2 AND c_id = $3 FOR UPDATE","parameters: $1 = '1', $2 = '2', $3 = '69'",,,,,,,,"","client backend"
2024-06-16 14:31:53.128 CST,"raingage","benchmark",15270,"127.0.0.1:45212",666e86a6.3ba6,273,"SELECT",2024-06-16 14:31:02 CST,6/21,90687,LOG,00000,"execute S_1: SELECT c_discount, c_last, c_credit, w_tax     FROM bmsql_customer     JOIN bmsql_warehouse ON (w_id = c_w_id)     WHERE c_w_id = $1 AND c_d_id = $2 AND c_id = $3 FOR UPDATE","parameters: $1 = '1', $2 = '1', $3 = '3'",,,,,,,,"","client backend"
2024-06-16 14:31:53.193 CST,"raingage","benchmark",15270,"127.0.0.1:45212",666e86a6.3ba6,274,"SELECT",2024-06-16 14:31:02 CST,6/21,90687,LOG,00000,"execute S_1: SELECT c_discount, c_last, c_credit, w_tax     FROM bmsql_customer     JOIN bmsql_warehouse ON (w_id = c_w_id)     WHERE c_w_id = $1 AND c_d_id = $2 AND c_id = $3 FOR UPDATE","parameters: $1 = '1', $2 = '1', $3 = '3'",,,,,,,,"","client backend"
2024-06-16 14:31:53.258 CST,"raingage","benchmark",15270,"127.0.0.1:45212",666e86a6.3ba6,275,"SELECT",2024-06-16 14:31:02 CST,6/21,90687,LOG,00000,"execute S_1: SELECT c_discount, c_last, c_credit, w_tax     FROM bmsql_customer     JOIN bmsql_warehouse ON (w_id = c_w_id)     WHERE c_w_id = $1 AND c_d_id = $2 AND c_id = $3 FOR UPDATE","parameters: $1 = '1', $2 = '1', $3 = '3'",,,,,,,,"","client backend"
2024-06-16 14:31:53.326 CST,"raingage","benchmark",15270,"127.0.0.1:45212",666e86a6.3ba6,276,"SELECT",2024-06-16 14:31:02 CST,6/21,90687,LOG,00000,"execute S_1: SELECT c_discount, c_last, c_credit, w_tax     FROM bmsql_customer     JOIN bmsql_warehouse ON (w_id = c_w_id)     WHERE c_w_id = $1 AND c_d_id = $2 AND c_id = $3 FOR UPDATE","parameters: $1 = '1', $2 = '1', $3 = '3'",,,,,,,,"","client backend"
2024-06-16 14:31:53.392 CST,"raingage","benchmark",15270,"127.0.0.1:45212",666e86a6.3ba6,277,"SELECT",2024-06-16 14:31:02 CST,6/21,90687,LOG,00000,"execute S_1: SELECT c_discount, c_last, c_credit, w_tax     FROM bmsql_customer     JOIN bmsql_warehouse ON (w_id = c_w_id)     WHERE c_w_id = $1 AND c_d_id = $2 AND c_id = $3 FOR UPDATE","parameters: $1 = '1', $2 = '1', $3 = '3'",,,,,,,,"","client backend"
2024-06-16 14:31:53.458 CST,"raingage","benchmark",15270,"127.0.0.1:45212",666e86a6.3ba6,278,"SELECT",2024-06-16 14:31:02 CST,6/21,90687,LOG,00000,"execute S_1: SELECT c_discount, c_last, c_credit, w_tax     FROM bmsql_customer     JOIN bmsql_warehouse ON (w_id = c_w_id)     WHERE c_w_id = $1 AND c_d_id = $2 AND c_id = $3 FOR UPDATE","parameters: $1 = '1', $2 = '1', $3 = '3'",,,,,,,,"","client backend"
2024-06-16 14:31:53.470 CST,"raingage","benchmark",15270,"127.0.0.1:45212",666e86a6.3ba6,279,"SELECT",2024-06-16 14:31:02 CST,6/21,90687,LOG,00000,"execute S_5: SELECT i_price, i_name, i_data     FROM bmsql_item     WHERE i_id = $1","parameters: $1 = '23'",,,,,,,,"","client backend"
2024-06-16 14:31:53.484 CST,"raingage","benchmark",15270,"127.0.0.1:45212",666e86a6.3ba6,280,"SELECT",2024-06-16 14:31:02 CST,6/21,90687,LOG,00000,"execute S_6: SELECT s_quantity, s_data,        s_dist_01, s_dist_02, s_dist_03, s_dist_04,        s_dist_05, s_dist_06, s_dist_07, s_dist_08,        s_dist_09, s_dist_10     FROM bmsql_stock     WHERE s_w_id = $1 AND s_i_id = $2  FOR UPDATE","parameters: $1 = '1', $2 = '23'",,,,,,,,"","client backend"
2024-06-16 14:31:53.502 CST,"raingage","benchmark",15270,"127.0.0.1:45212",666e86a6.3ba6,281,"UPDATE",2024-06-16 14:31:02 CST,6/21,90687,LOG,00000,"execute S_7: UPDATE bmsql_stock     SET s_quantity = $1, s_ytd = s_ytd + $2,         s_order_cnt = s_order_cnt + 1,         s_remote_cnt = s_remote_cnt + $3     WHERE s_w_id = $4 AND s_i_id = $5","parameters: $1 = '55', $2 = '3', $3 = '0', $4 = '1', $5 = '23'",,,,,,,,"","client backend"
2024-06-16 14:31:53.523 CST,"raingage","benchmark",15270,"127.0.0.1:45212",666e86a6.3ba6,282,"COMMIT",2024-06-16 14:31:02 CST,6/21,90687,LOG,00000,"execute S_2: COMMIT",,,,,,,,,"","client backend"
2024-06-16 14:31:53.545 CST,"raingage","benchmark",15270,"127.0.0.1:45212",666e86a6.3ba6,283,"BEGIN",2024-06-16 14:31:02 CST,6/22,0,LOG,00000,"execute S_3: BEGIN",,,,,,,,,"","client backend"
2024-06-16 14:31:53.560 CST,"raingage","benchmark",15270,"127.0.0.1:45212",666e86a6.3ba6,284,"SELECT",2024-06-16 14:31:02 CST,6/22,0,LOG,00000,"execute S_4: SELECT d_tax, d_next_o_id     FROM bmsql_district     WHERE d_w_id = $1 AND d_id = $2 ","parameters: $1 = '1', $2 = '2'",,,,,,,,"","client backend"
2024-06-16 14:31:53.596 CST,"raingage","benchmark",15268,"127.0.0.1:45208",666e86a6.3ba4,274,"SELECT",2024-06-16 14:31:02 CST,4/21,90688,LOG,00000,"execute S_1: SELECT c_discount, c_last, c_credit, w_tax     FROM bmsql_customer     JOIN bmsql_warehouse ON (w_id = c_w_id)     WHERE c_w_id = $1 AND c_d_id = $2 AND c_id = $3 FOR UPDATE","parameters: $1 = '1', $2 = '1', $3 = '52'",,,,,,,,"","client backend"
2024-06-16 14:31:53.629 CST,"raingage","benchmark",15270,"127.0.0.1:45212",666e86a6.3ba6,285,"SELECT",2024-06-16 14:31:02 CST,6/22,0,LOG,00000,"execute S_1: SELECT c_discount, c_last, c_credit, w_tax     FROM bmsql_customer     JOIN bmsql_warehouse ON (w_id = c_w_id)     WHERE c_w_id = $1 AND c_d_id = $2 AND c_id = $3 FOR UPDATE","parameters: $1 = '1', $2 = '2', $3 = '69'",,,,,,,,"","client backend"
2024-06-16 14:31:53.661 CST,"raingage","benchmark",15268,"127.0.0.1:45208",666e86a6.3ba4,275,"SELECT",2024-06-16 14:31:02 CST,4/21,90688,LOG,00000,"execute S_1: SELECT c_discount, c_last, c_credit, w_tax     FROM bmsql_customer     JOIN bmsql_warehouse ON (w_id = c_w_id)     WHERE c_w_id = $1 AND c_d_id = $2 AND c_id = $3 FOR UPDATE","parameters: $1 = '1', $2 = '1', $3 = '52'",,,,,,,,"","client backend"
2024-06-16 14:31:53.733 CST,"raingage","benchmark",15268,"127.0.0.1:45208",666e86a6.3ba4,276,"SELECT",2024-06-16 14:31:02 CST,4/21,90688,LOG,00000,"execute S_1: SELECT c_discount, c_last, c_credit, w_tax     FROM bmsql_customer     JOIN bmsql_warehouse ON (w_id = c_w_id)     WHERE c_w_id = $1 AND c_d_id = $2 AND c_id = $3 FOR UPDATE","parameters: $1 = '1', $2 = '1', $3 = '52'",,,,,,,,"","client backend"
2024-06-16 14:31:53.799 CST,"raingage","benchmark",15268,"127.0.0.1:45208",666e86a6.3ba4,277,"SELECT",2024-06-16 14:31:02 CST,4/21,90688,LOG,00000,"execute S_1: SELECT c_discount, c_last, c_credit, w_tax     FROM bmsql_customer     JOIN bmsql_warehouse ON (w_id = c_w_id)     WHERE c_w_id = $1 AND c_d_id = $2 AND c_id = $3 FOR UPDATE","parameters: $1 = '1', $2 = '1', $3 = '52'",,,,,,,,"","client backend"
2024-06-16 14:31:53.865 CST,"raingage","benchmark",15268,"127.0.0.1:45208",666e86a6.3ba4,278,"SELECT",2024-06-16 14:31:02 CST,4/21,90688,LOG,00000,"execute S_1: SELECT c_discount, c_last, c_credit, w_tax     FROM bmsql_customer     JOIN bmsql_warehouse ON (w_id = c_w_id)     WHERE c_w_id = $1 AND c_d_id = $2 AND c_id = $3 FOR UPDATE","parameters: $1 = '1', $2 = '1', $3 = '52'",,,,,,,,"","client backend"
2024-06-16 14:31:53.933 CST,"raingage","benchmark",15268,"127.0.0.1:45208",666e86a6.3ba4,279,"SELECT",2024-06-16 14:31:02 CST,4/21,90688,LOG,00000,"execute S_1: SELECT c_discount, c_last, c_credit, w_tax     FROM bmsql_customer     JOIN bmsql_warehouse ON (w_id = c_w_id)     WHERE c_w_id = $1 AND c_d_id = $2 AND c_id = $3 FOR UPDATE","parameters: $1 = '1', $2 = '1', $3 = '52'",,,,,,,,"","client backend"
2024-06-16 14:31:53.995 CST,"raingage","benchmark",15268,"127.0.0.1:45208",666e86a6.3ba4,280,"SELECT",2024-06-16 14:31:02 CST,4/21,90688,LOG,00000,"execute S_1: SELECT c_discount, c_last, c_credit, w_tax     FROM bmsql_customer     JOIN bmsql_warehouse ON (w_id = c_w_id)     WHERE c_w_id = $1 AND c_d_id = $2 AND c_id = $3 FOR UPDATE","parameters: $1 = '1', $2 = '1', $3 = '52'",,,,,,,,"","client backend"
2024-06-16 14:31:54.008 CST,"raingage","benchmark",15268,"127.0.0.1:45208",666e86a6.3ba4,281,"SELECT",2024-06-16 14:31:02 CST,4/21,90688,LOG,00000,"execute S_5: SELECT i_price, i_name, i_data     FROM bmsql_item     WHERE i_id = $1","parameters: $1 = '82'",,,,,,,,"","client backend"
2024-06-16 14:31:54.021 CST,"raingage","benchmark",15268,"127.0.0.1:45208",666e86a6.3ba4,282,"SELECT",2024-06-16 14:31:02 CST,4/21,90688,LOG,00000,"execute S_6: SELECT s_quantity, s_data,        s_dist_01, s_dist_02, s_dist_03, s_dist_04,        s_dist_05, s_dist_06, s_dist_07, s_dist_08,        s_dist_09, s_dist_10     FROM bmsql_stock     WHERE s_w_id = $1 AND s_i_id = $2  FOR UPDATE","parameters: $1 = '1', $2 = '82'",,,,,,,,"","client backend"
2024-06-16 14:31:54.034 CST,"raingage","benchmark",15268,"127.0.0.1:45208",666e86a6.3ba4,283,"UPDATE",2024-06-16 14:31:02 CST,4/21,90688,LOG,00000,"execute S_7: UPDATE bmsql_stock     SET s_quantity = $1, s_ytd = s_ytd + $2,         s_order_cnt = s_order_cnt + 1,         s_remote_cnt = s_remote_cnt + $3     WHERE s_w_id = $4 AND s_i_id = $5","parameters: $1 = '77', $2 = '3', $3 = '0', $4 = '1', $5 = '82'",,,,,,,,"","client backend"
2024-06-16 14:31:54.051 CST,"raingage","benchmark",15268,"127.0.0.1:45208",666e86a6.3ba4,284,"COMMIT",2024-06-16 14:31:02 CST,4/21,90688,LOG,00000,"execute S_2: COMMIT",,,,,,,,,"","client backend"
2024-06-16 14:31:54.071 CST,"raingage","benchmark",15268,"127.0.0.1:45208",666e86a6.3ba4,285,"BEGIN",2024-06-16 14:31:02 CST,4/22,0,LOG,00000,"execute S_3: BEGIN",,,,,,,,,"","client backend"
2024-06-16 14:31:54.081 CST,"raingage","benchmark",15268,"127.0.0.1:45208",666e86a6.3ba4,286,"SELECT",2024-06-16 14:31:02 CST,4/22,0,LOG,00000,"execute S_4: SELECT d_tax, d_next_o_id     FROM bmsql_district     WHERE d_w_id = $1 AND d_id = $2 ","parameters: $1 = '1', $2 = '2'",,,,,,,,"","client backend"
2024-06-16 14:31:54.117 CST,"raingage","benchmark",15269,"127.0.0.1:45210",666e86a6.3ba5,260,"SELECT",2024-06-16 14:31:02 CST,5/20,90689,LOG,00000,"execute S_1: SELECT c_discount, c_last, c_credit, w_tax     FROM bmsql_customer     JOIN bmsql_warehouse ON (w_id = c_w_id)     WHERE c_w_id = $1 AND c_d_id = $2 AND c_id = $3 FOR UPDATE","parameters: $1 = '1', $2 = '2', $3 = '69'",,,,,,,,"","client backend"
2024-06-16 14:31:54.145 CST,"raingage","benchmark",15268,"127.0.0.1:45208",666e86a6.3ba4,287,"SELECT",2024-06-16 14:31:02 CST,4/22,0,LOG,00000,"execute S_1: SELECT c_discount, c_last, c_credit, w_tax     FROM bmsql_customer     JOIN bmsql_warehouse ON (w_id = c_w_id)     WHERE c_w_id = $1 AND c_d_id = $2 AND c_id = $3 FOR UPDATE","parameters: $1 = '1', $2 = '2', $3 = '2'",,,,,,,,"","client backend"
2024-06-16 14:31:54.183 CST,"raingage","benchmark",15269,"127.0.0.1:45210",666e86a6.3ba5,261,"SELECT",2024-06-16 14:31:02 CST,5/20,90689,LOG,00000,"execute S_1: SELECT c_discount, c_last, c_credit, w_tax     FROM bmsql_customer     JOIN bmsql_warehouse ON (w_id = c_w_id)     WHERE c_w_id = $1 AND c_d_id = $2 AND c_id = $3 FOR UPDATE","parameters: $1 = '1', $2 = '2', $3 = '69'",,,,,,,,"","client backend"
2024-06-16 14:31:54.248 CST,"raingage","benchmark",15269,"127.0.0.1:45210",666e86a6.3ba5,262,"SELECT",2024-06-16 14:31:02 CST,5/20,90689,LOG,00000,"execute S_1: SELECT c_discount, c_last, c_credit, w_tax     FROM bmsql_customer     JOIN bmsql_warehouse ON (w_id = c_w_id)     WHERE c_w_id = $1 AND c_d_id = $2 AND c_id = $3 FOR UPDATE","parameters: $1 = '1', $2 = '2', $3 = '69'",,,,,,,,"","client backend"
2024-06-16 14:31:54.317 CST,"raingage","benchmark",15269,"127.0.0.1:45210",666e86a6.3ba5,263,"SELECT",2024-06-16 14:31:02 CST,5/20,90689,LOG,00000,"execute S_1: SELECT c_discount, c_last, c_credit, w_tax     FROM bmsql_customer     JOIN bmsql_warehouse ON (w_id = c_w_id)     WHERE c_w_id = $1 AND c_d_id = $2 AND c_id = $3 FOR UPDATE","parameters: $1 = '1', $2 = '2', $3 = '69'",,,,,,,,"","client backend"
2024-06-16 14:31:54.379 CST,"raingage","benchmark",15269,"127.0.0.1:45210",666e86a6.3ba5,264,"SELECT",2024-06-16 14:31:02 CST,5/20,90689,LOG,00000,"execute S_1: SELECT c_discount, c_last, c_credit, w_tax     FROM bmsql_customer     JOIN bmsql_warehouse ON (w_id = c_w_id)     WHERE c_w_id = $1 AND c_d_id = $2 AND c_id = $3 FOR UPDATE","parameters: $1 = '1', $2 = '2', $3 = '69'",,,,,,,,"","client backend"
2024-06-16 14:31:54.451 CST,"raingage","benchmark",15269,"127.0.0.1:45210",666e86a6.3ba5,265,"SELECT",2024-06-16 14:31:02 CST,5/20,90689,LOG,00000,"execute S_1: SELECT c_discount, c_last, c_credit, w_tax     FROM bmsql_customer     JOIN bmsql_warehouse ON (w_id = c_w_id)     WHERE c_w_id = $1 AND c_d_id = $2 AND c_id = $3 FOR UPDATE","parameters: $1 = '1', $2 = '2', $3 = '69'",,,,,,,,"","client backend"
2024-06-16 14:31:54.517 CST,"raingage","benchmark",15269,"127.0.0.1:45210",666e86a6.3ba5,266,"SELECT",2024-06-16 14:31:02 CST,5/20,90689,LOG,00000,"execute S_1: SELECT c_discount, c_last, c_credit, w_tax     FROM bmsql_customer     JOIN bmsql_warehouse ON (w_id = c_w_id)     WHERE c_w_id = $1 AND c_d_id = $2 AND c_id = $3 FOR UPDATE","parameters: $1 = '1', $2 = '2', $3 = '69'",,,,,,,,"","client backend"
2024-06-16 14:31:54.525 CST,"raingage","benchmark",15269,"127.0.0.1:45210",666e86a6.3ba5,267,"SELECT",2024-06-16 14:31:02 CST,5/20,90689,LOG,00000,"execute S_6: SELECT i_price, i_name, i_data     FROM bmsql_item     WHERE i_id = $1","parameters: $1 = '28'",,,,,,,,"","client backend"
2024-06-16 14:31:54.545 CST,"raingage","benchmark",15269,"127.0.0.1:45210",666e86a6.3ba5,268,"SELECT",2024-06-16 14:31:02 CST,5/20,90689,LOG,00000,"execute S_7: SELECT s_quantity, s_data,        s_dist_01, s_dist_02, s_dist_03, s_dist_04,        s_dist_05, s_dist_06, s_dist_07, s_dist_08,        s_dist_09, s_dist_10     FROM bmsql_stock     WHERE s_w_id = $1 AND s_i_id = $2  FOR UPDATE","parameters: $1 = '1', $2 = '28'",,,,,,,,"","client backend"
2024-06-16 14:31:54.558 CST,"raingage","benchmark",15269,"127.0.0.1:45210",666e86a6.3ba5,269,"UPDATE",2024-06-16 14:31:02 CST,5/20,90689,LOG,00000,"execute S_8: UPDATE bmsql_stock     SET s_quantity = $1, s_ytd = s_ytd + $2,         s_order_cnt = s_order_cnt + 1,         s_remote_cnt = s_remote_cnt + $3     WHERE s_w_id = $4 AND s_i_id = $5","parameters: $1 = '16', $2 = '4', $3 = '0', $4 = '1', $5 = '28'",,,,,,,,"","client backend"
2024-06-16 14:31:54.574 CST,"raingage","benchmark",15269,"127.0.0.1:45210",666e86a6.3ba5,270,"COMMIT",2024-06-16 14:31:02 CST,5/20,90689,LOG,00000,"execute S_3: COMMIT",,,,,,,,,"","client backend"
2024-06-16 14:31:54.591 CST,"raingage","benchmark",15269,"127.0.0.1:45210",666e86a6.3ba5,271,"BEGIN",2024-06-16 14:31:02 CST,5/21,0,LOG,00000,"execute S_4: BEGIN",,,,,,,,,"","client backend"
2024-06-16 14:31:54.606 CST,"raingage","benchmark",15269,"127.0.0.1:45210",666e86a6.3ba5,272,"SELECT",2024-06-16 14:31:02 CST,5/21,0,LOG,00000,"execute S_5: SELECT d_tax, d_next_o_id     FROM bmsql_district     WHERE d_w_id = $1 AND d_id = $2 ","parameters: $1 = '1', $2 = '2'",,,,,,,,"","client backend"
2024-06-16 14:31:54.630 CST,"raingage","benchmark",15270,"127.0.0.1:45212",666e86a6.3ba6,286,"SELECT",2024-06-16 14:31:02 CST,6/22,90691,LOG,00000,"execute S_1: SELECT c_discount, c_last, c_credit, w_tax     FROM bmsql_customer     JOIN bmsql_warehouse ON (w_id = c_w_id)     WHERE c_w_id = $1 AND c_d_id = $2 AND c_id = $3 FOR UPDATE","parameters: $1 = '1', $2 = '2', $3 = '69'",,,,,,,,"","client backend"
2024-06-16 14:31:54.670 CST,"raingage","benchmark",15269,"127.0.0.1:45210",666e86a6.3ba5,273,"SELECT",2024-06-16 14:31:02 CST,5/21,0,LOG,00000,"execute S_1: SELECT c_discount, c_last, c_credit, w_tax     FROM bmsql_customer     JOIN bmsql_warehouse ON (w_id = c_w_id)     WHERE c_w_id = $1 AND c_d_id = $2 AND c_id = $3 FOR UPDATE","parameters: $1 = '1', $2 = '2', $3 = '2'",,,,,,,,"","client backend"
2024-06-16 14:31:54.698 CST,"raingage","benchmark",15270,"127.0.0.1:45212",666e86a6.3ba6,287,"SELECT",2024-06-16 14:31:02 CST,6/22,90691,LOG,00000,"execute S_1: SELECT c_discount, c_last, c_credit, w_tax     FROM bmsql_customer     JOIN bmsql_warehouse ON (w_id = c_w_id)     WHERE c_w_id = $1 AND c_d_id = $2 AND c_id = $3 FOR UPDATE","parameters: $1 = '1', $2 = '2', $3 = '69'",,,,,,,,"","client backend"
2024-06-16 14:31:54.763 CST,"raingage","benchmark",15270,"127.0.0.1:45212",666e86a6.3ba6,288,"SELECT",2024-06-16 14:31:02 CST,6/22,90691,LOG,00000,"execute S_1: SELECT c_discount, c_last, c_credit, w_tax     FROM bmsql_customer     JOIN bmsql_warehouse ON (w_id = c_w_id)     WHERE c_w_id = $1 AND c_d_id = $2 AND c_id = $3 FOR UPDATE","parameters: $1 = '1', $2 = '2', $3 = '69'",,,,,,,,"","client backend"
2024-06-16 14:31:54.827 CST,"raingage","benchmark",15270,"127.0.0.1:45212",666e86a6.3ba6,289,"SELECT",2024-06-16 14:31:02 CST,6/22,90691,LOG,00000,"execute S_1: SELECT c_discount, c_last, c_credit, w_tax     FROM bmsql_customer     JOIN bmsql_warehouse ON (w_id = c_w_id)     WHERE c_w_id = $1 AND c_d_id = $2 AND c_id = $3 FOR UPDATE","parameters: $1 = '1', $2 = '2', $3 = '69'",,,,,,,,"","client backend"
2024-06-16 14:31:54.893 CST,"raingage","benchmark",15270,"127.0.0.1:45212",666e86a6.3ba6,290,"SELECT",2024-06-16 14:31:02 CST,6/22,90691,LOG,00000,"execute S_1: SELECT c_discount, c_last, c_credit, w_tax     FROM bmsql_customer     JOIN bmsql_warehouse ON (w_id = c_w_id)     WHERE c_w_id = $1 AND c_d_id = $2 AND c_id = $3 FOR UPDATE","parameters: $1 = '1', $2 = '2', $3 = '69'",,,,,,,,"","client backend"
2024-06-16 14:31:54.958 CST,"raingage","benchmark",15270,"127.0.0.1:45212",666e86a6.3ba6,291,"SELECT",2024-06-16 14:31:02 CST,6/22,90691,LOG,00000,"execute S_1: SELECT c_discount, c_last, c_credit, w_tax     FROM bmsql_customer     JOIN bmsql_warehouse ON (w_id = c_w_id)     WHERE c_w_id = $1 AND c_d_id = $2 AND c_id = $3 FOR UPDATE","parameters: $1 = '1', $2 = '2', $3 = '69'",,,,,,,,"","client backend"
2024-06-16 14:31:55.025 CST,"raingage","benchmark",15270,"127.0.0.1:45212",666e86a6.3ba6,292,"SELECT",2024-06-16 14:31:02 CST,6/22,90691,LOG,00000,"execute S_1: SELECT c_discount, c_last, c_credit, w_tax     FROM bmsql_customer     JOIN bmsql_warehouse ON (w_id = c_w_id)     WHERE c_w_id = $1 AND c_d_id = $2 AND c_id = $3 FOR UPDATE","parameters: $1 = '1', $2 = '2', $3 = '69'",,,,,,,,"","client backend"
2024-06-16 14:31:55.040 CST,"raingage","benchmark",15270,"127.0.0.1:45212",666e86a6.3ba6,293,"SELECT",2024-06-16 14:31:02 CST,6/22,90691,LOG,00000,"execute S_5: SELECT i_price, i_name, i_data     FROM bmsql_item     WHERE i_id = $1","parameters: $1 = '28'",,,,,,,,"","client backend"
2024-06-16 14:31:55.052 CST,"raingage","benchmark",15270,"127.0.0.1:45212",666e86a6.3ba6,294,"SELECT",2024-06-16 14:31:02 CST,6/22,90691,LOG,00000,"execute S_6: SELECT s_quantity, s_data,        s_dist_01, s_dist_02, s_dist_03, s_dist_04,        s_dist_05, s_dist_06, s_dist_07, s_dist_08,        s_dist_09, s_dist_10     FROM bmsql_stock     WHERE s_w_id = $1 AND s_i_id = $2  FOR UPDATE","parameters: $1 = '1', $2 = '28'",,,,,,,,"","client backend"
2024-06-16 14:31:55.072 CST,"raingage","benchmark",15270,"127.0.0.1:45212",666e86a6.3ba6,295,"UPDATE",2024-06-16 14:31:02 CST,6/22,90691,LOG,00000,"execute S_7: UPDATE bmsql_stock     SET s_quantity = $1, s_ytd = s_ytd + $2,         s_order_cnt = s_order_cnt + 1,         s_remote_cnt = s_remote_cnt + $3     WHERE s_w_id = $4 AND s_i_id = $5","parameters: $1 = '14', $2 = '2', $3 = '0', $4 = '1', $5 = '28'",,,,,,,,"","client backend"
2024-06-16 14:31:55.084 CST,"raingage","benchmark",15270,"127.0.0.1:45212",666e86a6.3ba6,296,"COMMIT",2024-06-16 14:31:02 CST,6/22,90691,LOG,00000,"execute S_2: COMMIT",,,,,,,,,"","client backend"
2024-06-16 14:31:55.101 CST,"raingage","benchmark",15270,"127.0.0.1:45212",666e86a6.3ba6,297,"BEGIN",2024-06-16 14:31:02 CST,6/23,0,LOG,00000,"execute S_3: BEGIN",,,,,,,,,"","client backend"
2024-06-16 14:31:55.112 CST,"raingage","benchmark",15270,"127.0.0.1:45212",666e86a6.3ba6,298,"SELECT",2024-06-16 14:31:02 CST,6/23,0,LOG,00000,"execute S_4: SELECT d_tax, d_next_o_id     FROM bmsql_district     WHERE d_w_id = $1 AND d_id = $2 ","parameters: $1 = '1', $2 = '1'",,,,,,,,"","client backend"
2024-06-16 14:31:55.154 CST,"raingage","benchmark",15268,"127.0.0.1:45208",666e86a6.3ba4,288,"SELECT",2024-06-16 14:31:02 CST,4/22,90690,LOG,00000,"execute S_1: SELECT c_discount, c_last, c_credit, w_tax     FROM bmsql_customer     JOIN bmsql_warehouse ON (w_id = c_w_id)     WHERE c_w_id = $1 AND c_d_id = $2 AND c_id = $3 FOR UPDATE","parameters: $1 = '1', $2 = '2', $3 = '2'",,,,,,,,"","client backend"
2024-06-16 14:31:55.176 CST,"raingage","benchmark",15270,"127.0.0.1:45212",666e86a6.3ba6,299,"SELECT",2024-06-16 14:31:02 CST,6/23,0,LOG,00000,"execute S_1: SELECT c_discount, c_last, c_credit, w_tax     FROM bmsql_customer     JOIN bmsql_warehouse ON (w_id = c_w_id)     WHERE c_w_id = $1 AND c_d_id = $2 AND c_id = $3 FOR UPDATE","parameters: $1 = '1', $2 = '1', $3 = '58'",,,,,,,,"","client backend"
2024-06-16 14:31:55.217 CST,"raingage","benchmark",15268,"127.0.0.1:45208",666e86a6.3ba4,289,"SELECT",2024-06-16 14:31:02 CST,4/22,90690,LOG,00000,"execute S_1: SELECT c_discount, c_last, c_credit, w_tax     FROM bmsql_customer     JOIN bmsql_warehouse ON (w_id = c_w_id)     WHERE c_w_id = $1 AND c_d_id = $2 AND c_id = $3 FOR UPDATE","parameters: $1 = '1', $2 = '2', $3 = '2'",,,,,,,,"","client backend"
2024-06-16 14:31:55.283 CST,"raingage","benchmark",15268,"127.0.0.1:45208",666e86a6.3ba4,290,"SELECT",2024-06-16 14:31:02 CST,4/22,90690,LOG,00000,"execute S_1: SELECT c_discount, c_last, c_credit, w_tax     FROM bmsql_customer     JOIN bmsql_warehouse ON (w_id = c_w_id)     WHERE c_w_id = $1 AND c_d_id = $2 AND c_id = $3 FOR UPDATE","parameters: $1 = '1', $2 = '2', $3 = '2'",,,,,,,,"","client backend"
2024-06-16 14:31:55.355 CST,"raingage","benchmark",15268,"127.0.0.1:45208",666e86a6.3ba4,291,"SELECT",2024-06-16 14:31:02 CST,4/22,90690,LOG,00000,"execute S_1: SELECT c_discount, c_last, c_credit, w_tax     FROM bmsql_customer     JOIN bmsql_warehouse ON (w_id = c_w_id)     WHERE c_w_id = $1 AND c_d_id = $2 AND c_id = $3 FOR UPDATE","parameters: $1 = '1', $2 = '2', $3 = '2'",,,,,,,,"","client backend"
2024-06-16 14:31:55.425 CST,"raingage","benchmark",15268,"127.0.0.1:45208",666e86a6.3ba4,292,"SELECT",2024-06-16 14:31:02 CST,4/22,90690,LOG,00000,"execute S_1: SELECT c_discount, c_last, c_credit, w_tax     FROM bmsql_customer     JOIN bmsql_warehouse ON (w_id = c_w_id)     WHERE c_w_id = $1 AND c_d_id = $2 AND c_id = $3 FOR UPDATE","parameters: $1 = '1', $2 = '2', $3 = '2'",,,,,,,,"","client backend"
2024-06-16 14:31:55.487 CST,"raingage","benchmark",15268,"127.0.0.1:45208",666e86a6.3ba4,293,"SELECT",2024-06-16 14:31:02 CST,4/22,90690,LOG,00000,"execute S_1: SELECT c_discount, c_last, c_credit, w_tax     FROM bmsql_customer     JOIN bmsql_warehouse ON (w_id = c_w_id)     WHERE c_w_id = $1 AND c_d_id = $2 AND c_id = $3 FOR UPDATE","parameters: $1 = '1', $2 = '2', $3 = '2'",,,,,,,,"","client backend"
2024-06-16 14:31:55.551 CST,"raingage","benchmark",15268,"127.0.0.1:45208",666e86a6.3ba4,294,"SELECT",2024-06-16 14:31:02 CST,4/22,90690,LOG,00000,"execute S_1: SELECT c_discount, c_last, c_credit, w_tax     FROM bmsql_customer     JOIN bmsql_warehouse ON (w_id = c_w_id)     WHERE c_w_id = $1 AND c_d_id = $2 AND c_id = $3 FOR UPDATE","parameters: $1 = '1', $2 = '2', $3 = '2'",,,,,,,,"","client backend"
2024-06-16 14:31:55.566 CST,"raingage","benchmark",15268,"127.0.0.1:45208",666e86a6.3ba4,295,"SELECT",2024-06-16 14:31:02 CST,4/22,90690,LOG,00000,"execute S_5: SELECT i_price, i_name, i_data     FROM bmsql_item     WHERE i_id = $1","parameters: $1 = '35'",,,,,,,,"","client backend"
2024-06-16 14:31:55.577 CST,"raingage","benchmark",15268,"127.0.0.1:45208",666e86a6.3ba4,296,"SELECT",2024-06-16 14:31:02 CST,4/22,90690,LOG,00000,"execute S_6: SELECT s_quantity, s_data,        s_dist_01, s_dist_02, s_dist_03, s_dist_04,        s_dist_05, s_dist_06, s_dist_07, s_dist_08,        s_dist_09, s_dist_10     FROM bmsql_stock     WHERE s_w_id = $1 AND s_i_id = $2  FOR UPDATE","parameters: $1 = '1', $2 = '35'",,,,,,,,"","client backend"
2024-06-16 14:31:55.590 CST,"raingage","benchmark",15268,"127.0.0.1:45208",666e86a6.3ba4,297,"UPDATE",2024-06-16 14:31:02 CST,4/22,90690,LOG,00000,"execute S_7: UPDATE bmsql_stock     SET s_quantity = $1, s_ytd = s_ytd + $2,         s_order_cnt = s_order_cnt + 1,         s_remote_cnt = s_remote_cnt + $3     WHERE s_w_id = $4 AND s_i_id = $5","parameters: $1 = '20', $2 = '5', $3 = '0', $4 = '1', $5 = '35'",,,,,,,,"","client backend"
2024-06-16 14:31:55.610 CST,"raingage","benchmark",15268,"127.0.0.1:45208",666e86a6.3ba4,298,"COMMIT",2024-06-16 14:31:02 CST,4/22,90690,LOG,00000,"execute S_2: COMMIT",,,,,,,,,"","client backend"
2024-06-16 14:31:55.623 CST,"raingage","benchmark",15268,"127.0.0.1:45208",666e86a6.3ba4,299,"BEGIN",2024-06-16 14:31:02 CST,4/23,0,LOG,00000,"execute S_3: BEGIN",,,,,,,,,"","client backend"
2024-06-16 14:31:55.640 CST,"raingage","benchmark",15268,"127.0.0.1:45208",666e86a6.3ba4,300,"SELECT",2024-06-16 14:31:02 CST,4/23,0,LOG,00000,"execute S_4: SELECT d_tax, d_next_o_id     FROM bmsql_district     WHERE d_w_id = $1 AND d_id = $2 ","parameters: $1 = '1', $2 = '1'",,,,,,,,"","client backend"
2024-06-16 14:31:55.671 CST,"raingage","benchmark",15269,"127.0.0.1:45210",666e86a6.3ba5,274,"SELECT",2024-06-16 14:31:02 CST,5/21,90693,LOG,00000,"execute S_1: SELECT c_discount, c_last, c_credit, w_tax     FROM bmsql_customer     JOIN bmsql_warehouse ON (w_id = c_w_id)     WHERE c_w_id = $1 AND c_d_id = $2 AND c_id = $3 FOR UPDATE","parameters: $1 = '1', $2 = '2', $3 = '2'",,,,,,,,"","client backend"
2024-06-16 14:31:55.709 CST,"raingage","benchmark",15268,"127.0.0.1:45208",666e86a6.3ba4,301,"SELECT",2024-06-16 14:31:02 CST,4/23,0,LOG,00000,"execute S_1: SELECT c_discount, c_last, c_credit, w_tax     FROM bmsql_customer     JOIN bmsql_warehouse ON (w_id = c_w_id)     WHERE c_w_id = $1 AND c_d_id = $2 AND c_id = $3 FOR UPDATE","parameters: $1 = '1', $2 = '1', $3 = '58'",,,,,,,,"","client backend"
2024-06-16 14:31:55.741 CST,"raingage","benchmark",15269,"127.0.0.1:45210",666e86a6.3ba5,275,"SELECT",2024-06-16 14:31:02 CST,5/21,90693,LOG,00000,"execute S_1: SELECT c_discount, c_last, c_credit, w_tax     FROM bmsql_customer     JOIN bmsql_warehouse ON (w_id = c_w_id)     WHERE c_w_id = $1 AND c_d_id = $2 AND c_id = $3 FOR UPDATE","parameters: $1 = '1', $2 = '2', $3 = '2'",,,,,,,,"","client backend"
2024-06-16 14:31:55.809 CST,"raingage","benchmark",15269,"127.0.0.1:45210",666e86a6.3ba5,276,"SELECT",2024-06-16 14:31:02 CST,5/21,90693,LOG,00000,"execute S_1: SELECT c_discount, c_last, c_credit, w_tax     FROM bmsql_customer     JOIN bmsql_warehouse ON (w_id = c_w_id)     WHERE c_w_id = $1 AND c_d_id = $2 AND c_id = $3 FOR UPDATE","parameters: $1 = '1', $2 = '2', $3 = '2'",,,,,,,,"","client backend"
2024-06-16 14:31:55.879 CST,"raingage","benchmark",15269,"127.0.0.1:45210",666e86a6.3ba5,277,"SELECT",2024-06-16 14:31:02 CST,5/21,90693,LOG,00000,"execute S_1: SELECT c_discount, c_last, c_credit, w_tax     FROM bmsql_customer     JOIN bmsql_warehouse ON (w_id = c_w_id)     WHERE c_w_id = $1 AND c_d_id = $2 AND c_id = $3 FOR UPDATE","parameters: $1 = '1', $2 = '2', $3 = '2'",,,,,,,,"","client backend"
2024-06-16 14:31:55.946 CST,"raingage","benchmark",15269,"127.0.0.1:45210",666e86a6.3ba5,278,"SELECT",2024-06-16 14:31:02 CST,5/21,90693,LOG,00000,"execute S_1: SELECT c_discount, c_last, c_credit, w_tax     FROM bmsql_customer     JOIN bmsql_warehouse ON (w_id = c_w_id)     WHERE c_w_id = $1 AND c_d_id = $2 AND c_id = $3 FOR UPDATE","parameters: $1 = '1', $2 = '2', $3 = '2'",,,,,,,,"","client backend"
2024-06-16 14:31:56.012 CST,"raingage","benchmark",15269,"127.0.0.1:45210",666e86a6.3ba5,279,"SELECT",2024-06-16 14:31:02 CST,5/21,90693,LOG,00000,"execute S_1: SELECT c_discount, c_last, c_credit, w_tax     FROM bmsql_customer     JOIN bmsql_warehouse ON (w_id = c_w_id)     WHERE c_w_id = $1 AND c_d_id = $2 AND c_id = $3 FOR UPDATE","parameters: $1 = '1', $2 = '2', $3 = '2'",,,,,,,,"","client backend"
2024-06-16 14:31:56.077 CST,"raingage","benchmark",15269,"127.0.0.1:45210",666e86a6.3ba5,280,"SELECT",2024-06-16 14:31:02 CST,5/21,90693,LOG,00000,"execute S_1: SELECT c_discount, c_last, c_credit, w_tax     FROM bmsql_customer     JOIN bmsql_warehouse ON (w_id = c_w_id)     WHERE c_w_id = $1 AND c_d_id = $2 AND c_id = $3 FOR UPDATE","parameters: $1 = '1', $2 = '2', $3 = '2'",,,,,,,,"","client backend"
2024-06-16 14:31:56.090 CST,"raingage","benchmark",15269,"127.0.0.1:45210",666e86a6.3ba5,281,"SELECT",2024-06-16 14:31:02 CST,5/21,90693,LOG,00000,"execute S_6: SELECT i_price, i_name, i_data     FROM bmsql_item     WHERE i_id = $1","parameters: $1 = '35'",,,,,,,,"","client backend"
2024-06-16 14:31:56.103 CST,"raingage","benchmark",15269,"127.0.0.1:45210",666e86a6.3ba5,282,"SELECT",2024-06-16 14:31:02 CST,5/21,90693,LOG,00000,"execute S_7: SELECT s_quantity, s_data,        s_dist_01, s_dist_02, s_dist_03, s_dist_04,        s_dist_05, s_dist_06, s_dist_07, s_dist_08,        s_dist_09, s_dist_10     FROM bmsql_stock     WHERE s_w_id = $1 AND s_i_id = $2  FOR UPDATE","parameters: $1 = '1', $2 = '35'",,,,,,,,"","client backend"
2024-06-16 14:31:56.124 CST,"raingage","benchmark",15269,"127.0.0.1:45210",666e86a6.3ba5,283,"UPDATE",2024-06-16 14:31:02 CST,5/21,90693,LOG,00000,"execute S_8: UPDATE bmsql_stock     SET s_quantity = $1, s_ytd = s_ytd + $2,         s_order_cnt = s_order_cnt + 1,         s_remote_cnt = s_remote_cnt + $3     WHERE s_w_id = $4 AND s_i_id = $5","parameters: $1 = '14', $2 = '6', $3 = '0', $4 = '1', $5 = '35'",,,,,,,,"","client backend"
2024-06-16 14:31:56.145 CST,"raingage","benchmark",15269,"127.0.0.1:45210",666e86a6.3ba5,284,"COMMIT",2024-06-16 14:31:02 CST,5/21,90693,LOG,00000,"execute S_3: COMMIT",,,,,,,,,"","client backend"
2024-06-16 14:31:56.165 CST,"raingage","benchmark",15269,"127.0.0.1:45210",666e86a6.3ba5,285,"BEGIN",2024-06-16 14:31:02 CST,5/22,0,LOG,00000,"execute S_4: BEGIN",,,,,,,,,"","client backend"
2024-06-16 14:31:56.180 CST,"raingage","benchmark",15269,"127.0.0.1:45210",666e86a6.3ba5,286,"SELECT",2024-06-16 14:31:02 CST,5/22,0,LOG,00000,"execute S_5: SELECT d_tax, d_next_o_id     FROM bmsql_district     WHERE d_w_id = $1 AND d_id = $2 ","parameters: $1 = '1', $2 = '1'",,,,,,,,"","client backend"
2024-06-16 14:31:56.211 CST,"raingage","benchmark",15270,"127.0.0.1:45212",666e86a6.3ba6,300,"SELECT",2024-06-16 14:31:02 CST,6/23,90692,LOG,00000,"execute S_1: SELECT c_discount, c_last, c_credit, w_tax     FROM bmsql_customer     JOIN bmsql_warehouse ON (w_id = c_w_id)     WHERE c_w_id = $1 AND c_d_id = $2 AND c_id = $3 FOR UPDATE","parameters: $1 = '1', $2 = '1', $3 = '58'",,,,,,,,"","client backend"
2024-06-16 14:31:56.248 CST,"raingage","benchmark",15269,"127.0.0.1:45210",666e86a6.3ba5,287,"SELECT",2024-06-16 14:31:02 CST,5/22,0,LOG,00000,"execute S_1: SELECT c_discount, c_last, c_credit, w_tax     FROM bmsql_customer     JOIN bmsql_warehouse ON (w_id = c_w_id)     WHERE c_w_id = $1 AND c_d_id = $2 AND c_id = $3 FOR UPDATE","parameters: $1 = '1', $2 = '1', $3 = '96'",,,,,,,,"","client backend"
2024-06-16 14:31:56.280 CST,"raingage","benchmark",15270,"127.0.0.1:45212",666e86a6.3ba6,301,"SELECT",2024-06-16 14:31:02 CST,6/23,90692,LOG,00000,"execute S_1: SELECT c_discount, c_last, c_credit, w_tax     FROM bmsql_customer     JOIN bmsql_warehouse ON (w_id = c_w_id)     WHERE c_w_id = $1 AND c_d_id = $2 AND c_id = $3 FOR UPDATE","parameters: $1 = '1', $2 = '1', $3 = '58'",,,,,,,,"","client backend"
2024-06-16 14:31:56.344 CST,"raingage","benchmark",15270,"127.0.0.1:45212",666e86a6.3ba6,302,"SELECT",2024-06-16 14:31:02 CST,6/23,90692,LOG,00000,"execute S_1: SELECT c_discount, c_last, c_credit, w_tax     FROM bmsql_customer     JOIN bmsql_warehouse ON (w_id = c_w_id)     WHERE c_w_id = $1 AND c_d_id = $2 AND c_id = $3 FOR UPDATE","parameters: $1 = '1', $2 = '1', $3 = '58'",,,,,,,,"","client backend"
2024-06-16 14:31:56.414 CST,"raingage","benchmark",15270,"127.0.0.1:45212",666e86a6.3ba6,303,"SELECT",2024-06-16 14:31:02 CST,6/23,90692,LOG,00000,"execute S_1: SELECT c_discount, c_last, c_credit, w_tax     FROM bmsql_customer     JOIN bmsql_warehouse ON (w_id = c_w_id)     WHERE c_w_id = $1 AND c_d_id = $2 AND c_id = $3 FOR UPDATE","parameters: $1 = '1', $2 = '1', $3 = '58'",,,,,,,,"","client backend"
2024-06-16 14:31:56.481 CST,"raingage","benchmark",15270,"127.0.0.1:45212",666e86a6.3ba6,304,"SELECT",2024-06-16 14:31:02 CST,6/23,90692,LOG,00000,"execute S_1: SELECT c_discount, c_last, c_credit, w_tax     FROM bmsql_customer     JOIN bmsql_warehouse ON (w_id = c_w_id)     WHERE c_w_id = $1 AND c_d_id = $2 AND c_id = $3 FOR UPDATE","parameters: $1 = '1', $2 = '1', $3 = '58'",,,,,,,,"","client backend"
2024-06-16 14:31:56.548 CST,"raingage","benchmark",15270,"127.0.0.1:45212",666e86a6.3ba6,305,"SELECT",2024-06-16 14:31:02 CST,6/23,90692,LOG,00000,"execute S_1: SELECT c_discount, c_last, c_credit, w_tax     FROM bmsql_customer     JOIN bmsql_warehouse ON (w_id = c_w_id)     WHERE c_w_id = $1 AND c_d_id = $2 AND c_id = $3 FOR UPDATE","parameters: $1 = '1', $2 = '1', $3 = '58'",,,,,,,,"","client backend"
2024-06-16 14:31:56.612 CST,"raingage","benchmark",15270,"127.0.0.1:45212",666e86a6.3ba6,306,"SELECT",2024-06-16 14:31:02 CST,6/23,90692,LOG,00000,"execute S_1: SELECT c_discount, c_last, c_credit, w_tax     FROM bmsql_customer     JOIN bmsql_warehouse ON (w_id = c_w_id)     WHERE c_w_id = $1 AND c_d_id = $2 AND c_id = $3 FOR UPDATE","parameters: $1 = '1', $2 = '1', $3 = '58'",,,,,,,,"","client backend"
2024-06-16 14:31:56.624 CST,"raingage","benchmark",15270,"127.0.0.1:45212",666e86a6.3ba6,307,"SELECT",2024-06-16 14:31:02 CST,6/23,90692,LOG,00000,"execute S_5: SELECT i_price, i_name, i_data     FROM bmsql_item     WHERE i_id = $1","parameters: $1 = '45'",,,,,,,,"","client backend"
2024-06-16 14:31:56.637 CST,"raingage","benchmark",15270,"127.0.0.1:45212",666e86a6.3ba6,308,"SELECT",2024-06-16 14:31:02 CST,6/23,90692,LOG,00000,"execute S_6: SELECT s_quantity, s_data,        s_dist_01, s_dist_02, s_dist_03, s_dist_04,        s_dist_05, s_dist_06, s_dist_07, s_dist_08,        s_dist_09, s_dist_10     FROM bmsql_stock     WHERE s_w_id = $1 AND s_i_id = $2  FOR UPDATE","parameters: $1 = '1', $2 = '45'",,,,,,,,"","client backend"
2024-06-16 14:31:56.656 CST,"raingage","benchmark",15270,"127.0.0.1:45212",666e86a6.3ba6,309,"UPDATE",2024-06-16 14:31:02 CST,6/23,90692,LOG,00000,"execute S_7: UPDATE bmsql_stock     SET s_quantity = $1, s_ytd = s_ytd + $2,         s_order_cnt = s_order_cnt + 1,         s_remote_cnt = s_remote_cnt + $3     WHERE s_w_id = $4 AND s_i_id = $5","parameters: $1 = '81', $2 = '10', $3 = '0', $4 = '1', $5 = '45'",,,,,,,,"","client backend"
2024-06-16 14:31:56.669 CST,"raingage","benchmark",15270,"127.0.0.1:45212",666e86a6.3ba6,310,"COMMIT",2024-06-16 14:31:02 CST,6/23,90692,LOG,00000,"execute S_2: COMMIT",,,,,,,,,"","client backend"
2024-06-16 14:31:56.690 CST,"raingage","benchmark",15270,"127.0.0.1:45212",666e86a6.3ba6,311,"BEGIN",2024-06-16 14:31:02 CST,6/24,0,LOG,00000,"execute S_3: BEGIN",,,,,,,,,"","client backend"
2024-06-16 14:31:56.705 CST,"raingage","benchmark",15270,"127.0.0.1:45212",666e86a6.3ba6,312,"SELECT",2024-06-16 14:31:02 CST,6/24,0,LOG,00000,"execute S_4: SELECT d_tax, d_next_o_id     FROM bmsql_district     WHERE d_w_id = $1 AND d_id = $2 ","parameters: $1 = '1', $2 = '1'",,,,,,,,"","client backend"
2024-06-16 14:31:56.735 CST,"raingage","benchmark",15268,"127.0.0.1:45208",666e86a6.3ba4,302,"SELECT",2024-06-16 14:31:02 CST,4/23,90695,LOG,00000,"execute S_1: SELECT c_discount, c_last, c_credit, w_tax     FROM bmsql_customer     JOIN bmsql_warehouse ON (w_id = c_w_id)     WHERE c_w_id = $1 AND c_d_id = $2 AND c_id = $3 FOR UPDATE","parameters: $1 = '1', $2 = '1', $3 = '58'",,,,,,,,"","client backend"
2024-06-16 14:31:56.769 CST,"raingage","benchmark",15270,"127.0.0.1:45212",666e86a6.3ba6,313,"SELECT",2024-06-16 14:31:02 CST,6/24,0,LOG,00000,"execute S_1: SELECT c_discount, c_last, c_credit, w_tax     FROM bmsql_customer     JOIN bmsql_warehouse ON (w_id = c_w_id)     WHERE c_w_id = $1 AND c_d_id = $2 AND c_id = $3 FOR UPDATE","parameters: $1 = '1', $2 = '1', $3 = '57'",,,,,,,,"","client backend"
2024-06-16 14:31:56.803 CST,"raingage","benchmark",15268,"127.0.0.1:45208",666e86a6.3ba4,303,"SELECT",2024-06-16 14:31:02 CST,4/23,90695,LOG,00000,"execute S_1: SELECT c_discount, c_last, c_credit, w_tax     FROM bmsql_customer     JOIN bmsql_warehouse ON (w_id = c_w_id)     WHERE c_w_id = $1 AND c_d_id = $2 AND c_id = $3 FOR UPDATE","parameters: $1 = '1', $2 = '1', $3 = '58'",,,,,,,,"","client backend"
2024-06-16 14:31:56.872 CST,"raingage","benchmark",15268,"127.0.0.1:45208",666e86a6.3ba4,304,"SELECT",2024-06-16 14:31:02 CST,4/23,90695,LOG,00000,"execute S_1: SELECT c_discount, c_last, c_credit, w_tax     FROM bmsql_customer     JOIN bmsql_warehouse ON (w_id = c_w_id)     WHERE c_w_id = $1 AND c_d_id = $2 AND c_id = $3 FOR UPDATE","parameters: $1 = '1', $2 = '1', $3 = '58'",,,,,,,,"","client backend"
2024-06-16 14:31:56.937 CST,"raingage","benchmark",15268,"127.0.0.1:45208",666e86a6.3ba4,305,"SELECT",2024-06-16 14:31:02 CST,4/23,90695,LOG,00000,"execute S_1: SELECT c_discount, c_last, c_credit, w_tax     FROM bmsql_customer     JOIN bmsql_warehouse ON (w_id = c_w_id)     WHERE c_w_id = $1 AND c_d_id = $2 AND c_id = $3 FOR UPDATE","parameters: $1 = '1', $2 = '1', $3 = '58'",,,,,,,,"","client backend"
2024-06-16 14:31:56.999 CST,"raingage","benchmark",15268,"127.0.0.1:45208",666e86a6.3ba4,306,"SELECT",2024-06-16 14:31:02 CST,4/23,90695,LOG,00000,"execute S_1: SELECT c_discount, c_last, c_credit, w_tax     FROM bmsql_customer     JOIN bmsql_warehouse ON (w_id = c_w_id)     WHERE c_w_id = $1 AND c_d_id = $2 AND c_id = $3 FOR UPDATE","parameters: $1 = '1', $2 = '1', $3 = '58'",,,,,,,,"","client backend"
2024-06-16 14:31:57.066 CST,"raingage","benchmark",15268,"127.0.0.1:45208",666e86a6.3ba4,307,"SELECT",2024-06-16 14:31:02 CST,4/23,90695,LOG,00000,"execute S_1: SELECT c_discount, c_last, c_credit, w_tax     FROM bmsql_customer     JOIN bmsql_warehouse ON (w_id = c_w_id)     WHERE c_w_id = $1 AND c_d_id = $2 AND c_id = $3 FOR UPDATE","parameters: $1 = '1', $2 = '1', $3 = '58'",,,,,,,,"","client backend"
2024-06-16 14:31:57.134 CST,"raingage","benchmark",15268,"127.0.0.1:45208",666e86a6.3ba4,308,"SELECT",2024-06-16 14:31:02 CST,4/23,90695,LOG,00000,"execute S_1: SELECT c_discount, c_last, c_credit, w_tax     FROM bmsql_customer     JOIN bmsql_warehouse ON (w_id = c_w_id)     WHERE c_w_id = $1 AND c_d_id = $2 AND c_id = $3 FOR UPDATE","parameters: $1 = '1', $2 = '1', $3 = '58'",,,,,,,,"","client backend"
2024-06-16 14:31:57.152 CST,"raingage","benchmark",15268,"127.0.0.1:45208",666e86a6.3ba4,309,"SELECT",2024-06-16 14:31:02 CST,4/23,90695,LOG,00000,"execute S_5: SELECT i_price, i_name, i_data     FROM bmsql_item     WHERE i_id = $1","parameters: $1 = '45'",,,,,,,,"","client backend"
2024-06-16 14:31:57.165 CST,"raingage","benchmark",15268,"127.0.0.1:45208",666e86a6.3ba4,310,"SELECT",2024-06-16 14:31:02 CST,4/23,90695,LOG,00000,"execute S_6: SELECT s_quantity, s_data,        s_dist_01, s_dist_02, s_dist_03, s_dist_04,        s_dist_05, s_dist_06, s_dist_07, s_dist_08,        s_dist_09, s_dist_10     FROM bmsql_stock     WHERE s_w_id = $1 AND s_i_id = $2  FOR UPDATE","parameters: $1 = '1', $2 = '45'",,,,,,,,"","client backend"
2024-06-16 14:31:57.183 CST,"raingage","benchmark",15268,"127.0.0.1:45208",666e86a6.3ba4,311,"UPDATE",2024-06-16 14:31:02 CST,4/23,90695,LOG,00000,"execute S_7: UPDATE bmsql_stock     SET s_quantity = $1, s_ytd = s_ytd + $2,         s_order_cnt = s_order_cnt + 1,         s_remote_cnt = s_remote_cnt + $3     WHERE s_w_id = $4 AND s_i_id = $5","parameters: $1 = '71', $2 = '10', $3 = '0', $4 = '1', $5 = '45'",,,,,,,,"","client backend"
2024-06-16 14:31:57.204 CST,"raingage","benchmark",15268,"127.0.0.1:45208",666e86a6.3ba4,312,"COMMIT",2024-06-16 14:31:02 CST,4/23,90695,LOG,00000,"execute S_2: COMMIT",,,,,,,,,"","client backend"
2024-06-16 14:31:57.222 CST,"raingage","benchmark",15268,"127.0.0.1:45208",666e86a6.3ba4,313,"BEGIN",2024-06-16 14:31:02 CST,4/24,0,LOG,00000,"execute S_3: BEGIN",,,,,,,,,"","client backend"
2024-06-16 14:31:57.241 CST,"raingage","benchmark",15268,"127.0.0.1:45208",666e86a6.3ba4,314,"SELECT",2024-06-16 14:31:02 CST,4/24,0,LOG,00000,"execute S_4: SELECT d_tax, d_next_o_id     FROM bmsql_district     WHERE d_w_id = $1 AND d_id = $2 ","parameters: $1 = '1', $2 = '1'",,,,,,,,"","client backend"
2024-06-16 14:31:57.274 CST,"raingage","benchmark",15269,"127.0.0.1:45210",666e86a6.3ba5,288,"SELECT",2024-06-16 14:31:02 CST,5/22,90694,LOG,00000,"execute S_1: SELECT c_discount, c_last, c_credit, w_tax     FROM bmsql_customer     JOIN bmsql_warehouse ON (w_id = c_w_id)     WHERE c_w_id = $1 AND c_d_id = $2 AND c_id = $3 FOR UPDATE","parameters: $1 = '1', $2 = '1', $3 = '96'",,,,,,,,"","client backend"
2024-06-16 14:31:57.308 CST,"raingage","benchmark",15268,"127.0.0.1:45208",666e86a6.3ba4,315,"SELECT",2024-06-16 14:31:02 CST,4/24,0,LOG,00000,"execute S_1: SELECT c_discount, c_last, c_credit, w_tax     FROM bmsql_customer     JOIN bmsql_warehouse ON (w_id = c_w_id)     WHERE c_w_id = $1 AND c_d_id = $2 AND c_id = $3 FOR UPDATE","parameters: $1 = '1', $2 = '1', $3 = '57'",,,,,,,,"","client backend"
2024-06-16 14:31:57.344 CST,"raingage","benchmark",15269,"127.0.0.1:45210",666e86a6.3ba5,289,"SELECT",2024-06-16 14:31:02 CST,5/22,90694,LOG,00000,"execute S_1: SELECT c_discount, c_last, c_credit, w_tax     FROM bmsql_customer     JOIN bmsql_warehouse ON (w_id = c_w_id)     WHERE c_w_id = $1 AND c_d_id = $2 AND c_id = $3 FOR UPDATE","parameters: $1 = '1', $2 = '1', $3 = '96'",,,,,,,,"","client backend"
2024-06-16 14:31:57.410 CST,"raingage","benchmark",15269,"127.0.0.1:45210",666e86a6.3ba5,290,"SELECT",2024-06-16 14:31:02 CST,5/22,90694,LOG,00000,"execute S_1: SELECT c_discount, c_last, c_credit, w_tax     FROM bmsql_customer     JOIN bmsql_warehouse ON (w_id = c_w_id)     WHERE c_w_id = $1 AND c_d_id = $2 AND c_id = $3 FOR UPDATE","parameters: $1 = '1', $2 = '1', $3 = '96'",,,,,,,,"","client backend"
2024-06-16 14:31:57.473 CST,"raingage","benchmark",15269,"127.0.0.1:45210",666e86a6.3ba5,291,"SELECT",2024-06-16 14:31:02 CST,5/22,90694,LOG,00000,"execute S_1: SELECT c_discount, c_last, c_credit, w_tax     FROM bmsql_customer     JOIN bmsql_warehouse ON (w_id = c_w_id)     WHERE c_w_id = $1 AND c_d_id = $2 AND c_id = $3 FOR UPDATE","parameters: $1 = '1', $2 = '1', $3 = '96'",,,,,,,,"","client backend"
2024-06-16 14:31:57.538 CST,"raingage","benchmark",15269,"127.0.0.1:45210",666e86a6.3ba5,292,"SELECT",2024-06-16 14:31:02 CST,5/22,90694,LOG,00000,"execute S_1: SELECT c_discount, c_last, c_credit, w_tax     FROM bmsql_customer     JOIN bmsql_warehouse ON (w_id = c_w_id)     WHERE c_w_id = $1 AND c_d_id = $2 AND c_id = $3 FOR UPDATE","parameters: $1 = '1', $2 = '1', $3 = '96'",,,,,,,,"","client backend"
2024-06-16 14:31:57.608 CST,"raingage","benchmark",15269,"127.0.0.1:45210",666e86a6.3ba5,293,"SELECT",2024-06-16 14:31:02 CST,5/22,90694,LOG,00000,"execute S_1: SELECT c_discount, c_last, c_credit, w_tax     FROM bmsql_customer     JOIN bmsql_warehouse ON (w_id = c_w_id)     WHERE c_w_id = $1 AND c_d_id = $2 AND c_id = $3 FOR UPDATE","parameters: $1 = '1', $2 = '1', $3 = '96'",,,,,,,,"","client backend"
2024-06-16 14:31:57.671 CST,"raingage","benchmark",15269,"127.0.0.1:45210",666e86a6.3ba5,294,"SELECT",2024-06-16 14:31:02 CST,5/22,90694,LOG,00000,"execute S_1: SELECT c_discount, c_last, c_credit, w_tax     FROM bmsql_customer     JOIN bmsql_warehouse ON (w_id = c_w_id)     WHERE c_w_id = $1 AND c_d_id = $2 AND c_id = $3 FOR UPDATE","parameters: $1 = '1', $2 = '1', $3 = '96'",,,,,,,,"","client backend"
2024-06-16 14:31:57.685 CST,"raingage","benchmark",15269,"127.0.0.1:45210",666e86a6.3ba5,295,"SELECT",2024-06-16 14:31:02 CST,5/22,90694,LOG,00000,"execute S_6: SELECT i_price, i_name, i_data     FROM bmsql_item     WHERE i_id = $1","parameters: $1 = '86'",,,,,,,,"","client backend"
2024-06-16 14:31:57.704 CST,"raingage","benchmark",15269,"127.0.0.1:45210",666e86a6.3ba5,296,"SELECT",2024-06-16 14:31:02 CST,5/22,90694,LOG,00000,"execute S_7: SELECT s_quantity, s_data,        s_dist_01, s_dist_02, s_dist_03, s_dist_04,        s_dist_05, s_dist_06, s_dist_07, s_dist_08,        s_dist_09, s_dist_10     FROM bmsql_stock     WHERE s_w_id = $1 AND s_i_id = $2  FOR UPDATE","parameters: $1 = '1', $2 = '86'",,,,,,,,"","client backend"
2024-06-16 14:31:57.721 CST,"raingage","benchmark",15269,"127.0.0.1:45210",666e86a6.3ba5,297,"UPDATE",2024-06-16 14:31:02 CST,5/22,90694,LOG,00000,"execute S_8: UPDATE bmsql_stock     SET s_quantity = $1, s_ytd = s_ytd + $2,         s_order_cnt = s_order_cnt + 1,         s_remote_cnt = s_remote_cnt + $3     WHERE s_w_id = $4 AND s_i_id = $5","parameters: $1 = '67', $2 = '7', $3 = '0', $4 = '1', $5 = '86'",,,,,,,,"","client backend"
2024-06-16 14:31:57.735 CST,"raingage","benchmark",15269,"127.0.0.1:45210",666e86a6.3ba5,298,"COMMIT",2024-06-16 14:31:02 CST,5/22,90694,LOG,00000,"execute S_3: COMMIT",,,,,,,,,"","client backend"
2024-06-16 14:31:57.754 CST,"raingage","benchmark",15269,"127.0.0.1:45210",666e86a6.3ba5,299,"BEGIN",2024-06-16 14:31:02 CST,5/23,0,LOG,00000,"execute S_4: BEGIN",,,,,,,,,"","client backend"
2024-06-16 14:31:57.770 CST,"raingage","benchmark",15269,"127.0.0.1:45210",666e86a6.3ba5,300,"SELECT",2024-06-16 14:31:02 CST,5/23,0,LOG,00000,"execute S_5: SELECT d_tax, d_next_o_id     FROM bmsql_district     WHERE d_w_id = $1 AND d_id = $2 ","parameters: $1 = '1', $2 = '1'",,,,,,,,"","client backend"
2024-06-16 14:31:57.803 CST,"raingage","benchmark",15270,"127.0.0.1:45212",666e86a6.3ba6,314,"SELECT",2024-06-16 14:31:02 CST,6/24,90696,LOG,00000,"execute S_1: SELECT c_discount, c_last, c_credit, w_tax     FROM bmsql_customer     JOIN bmsql_warehouse ON (w_id = c_w_id)     WHERE c_w_id = $1 AND c_d_id = $2 AND c_id = $3 FOR UPDATE","parameters: $1 = '1', $2 = '1', $3 = '57'",,,,,,,,"","client backend"
2024-06-16 14:31:57.840 CST,"raingage","benchmark",15269,"127.0.0.1:45210",666e86a6.3ba5,301,"SELECT",2024-06-16 14:31:02 CST,5/23,0,LOG,00000,"execute S_1: SELECT c_discount, c_last, c_credit, w_tax     FROM bmsql_customer     JOIN bmsql_warehouse ON (w_id = c_w_id)     WHERE c_w_id = $1 AND c_d_id = $2 AND c_id = $3 FOR UPDATE","parameters: $1 = '1', $2 = '1', $3 = '48'",,,,,,,,"","client backend"
2024-06-16 14:31:57.873 CST,"raingage","benchmark",15270,"127.0.0.1:45212",666e86a6.3ba6,315,"SELECT",2024-06-16 14:31:02 CST,6/24,90696,LOG,00000,"execute S_1: SELECT c_discount, c_last, c_credit, w_tax     FROM bmsql_customer     JOIN bmsql_warehouse ON (w_id = c_w_id)     WHERE c_w_id = $1 AND c_d_id = $2 AND c_id = $3 FOR UPDATE","parameters: $1 = '1', $2 = '1', $3 = '57'",,,,,,,,"","client backend"
2024-06-16 14:31:57.945 CST,"raingage","benchmark",15270,"127.0.0.1:45212",666e86a6.3ba6,316,"SELECT",2024-06-16 14:31:02 CST,6/24,90696,LOG,00000,"execute S_1: SELECT c_discount, c_last, c_credit, w_tax     FROM bmsql_customer     JOIN bmsql_warehouse ON (w_id = c_w_id)     WHERE c_w_id = $1 AND c_d_id = $2 AND c_id = $3 FOR UPDATE","parameters: $1 = '1', $2 = '1', $3 = '57'",,,,,,,,"","client backend"
2024-06-16 14:31:58.010 CST,"raingage","benchmark",15270,"127.0.0.1:45212",666e86a6.3ba6,317,"SELECT",2024-06-16 14:31:02 CST,6/24,90696,LOG,00000,"execute S_1: SELECT c_discount, c_last, c_credit, w_tax     FROM bmsql_customer     JOIN bmsql_warehouse ON (w_id = c_w_id)     WHERE c_w_id = $1 AND c_d_id = $2 AND c_id = $3 FOR UPDATE","parameters: $1 = '1', $2 = '1', $3 = '57'",,,,,,,,"","client backend"
2024-06-16 14:31:58.076 CST,"raingage","benchmark",15270,"127.0.0.1:45212",666e86a6.3ba6,318,"SELECT",2024-06-16 14:31:02 CST,6/24,90696,LOG,00000,"execute S_1: SELECT c_discount, c_last, c_credit, w_tax     FROM bmsql_customer     JOIN bmsql_warehouse ON (w_id = c_w_id)     WHERE c_w_id = $1 AND c_d_id = $2 AND c_id = $3 FOR UPDATE","parameters: $1 = '1', $2 = '1', $3 = '57'",,,,,,,,"","client backend"
2024-06-16 14:31:58.143 CST,"raingage","benchmark",15270,"127.0.0.1:45212",666e86a6.3ba6,319,"SELECT",2024-06-16 14:31:02 CST,6/24,90696,LOG,00000,"execute S_1: SELECT c_discount, c_last, c_credit, w_tax     FROM bmsql_customer     JOIN bmsql_warehouse ON (w_id = c_w_id)     WHERE c_w_id = $1 AND c_d_id = $2 AND c_id = $3 FOR UPDATE","parameters: $1 = '1', $2 = '1', $3 = '57'",,,,,,,,"","client backend"
2024-06-16 14:31:58.207 CST,"raingage","benchmark",15270,"127.0.0.1:45212",666e86a6.3ba6,320,"SELECT",2024-06-16 14:31:02 CST,6/24,90696,LOG,00000,"execute S_1: SELECT c_discount, c_last, c_credit, w_tax     FROM bmsql_customer     JOIN bmsql_warehouse ON (w_id = c_w_id)     WHERE c_w_id = $1 AND c_d_id = $2 AND c_id = $3 FOR UPDATE","parameters: $1 = '1', $2 = '1', $3 = '57'",,,,,,,,"","client backend"
2024-06-16 14:31:58.209 CST,"raingage","benchmark",15271,"127.0.0.1:45214",666e86a7.3ba7,383,"BEGIN",2024-06-16 14:31:03 CST,7/29,0,LOG,00000,"execute S_3: BEGIN",,,,,,,,,"","client backend"
2024-06-16 14:31:58.224 CST,"raingage","benchmark",15270,"127.0.0.1:45212",666e86a6.3ba6,321,"SELECT",2024-06-16 14:31:02 CST,6/24,90696,LOG,00000,"execute S_5: SELECT i_price, i_name, i_data     FROM bmsql_item     WHERE i_id = $1","parameters: $1 = '61'",,,,,,,,"","client backend"
2024-06-16 14:31:58.228 CST,"raingage","benchmark",15271,"127.0.0.1:45214",666e86a7.3ba7,384,"SELECT",2024-06-16 14:31:03 CST,7/29,0,LOG,00000,"execute S_4: SELECT d_tax, d_next_o_id     FROM bmsql_district     WHERE d_w_id = $1 AND d_id = $2 ","parameters: $1 = '1', $2 = '3'",,,,,,,,"","client backend"
2024-06-16 14:31:58.241 CST,"raingage","benchmark",15270,"127.0.0.1:45212",666e86a6.3ba6,322,"SELECT",2024-06-16 14:31:02 CST,6/24,90696,LOG,00000,"execute S_6: SELECT s_quantity, s_data,        s_dist_01, s_dist_02, s_dist_03, s_dist_04,        s_dist_05, s_dist_06, s_dist_07, s_dist_08,        s_dist_09, s_dist_10     FROM bmsql_stock     WHERE s_w_id = $1 AND s_i_id = $2  FOR UPDATE","parameters: $1 = '1', $2 = '61'",,,,,,,,"","client backend"
2024-06-16 14:31:58.255 CST,"raingage","benchmark",15270,"127.0.0.1:45212",666e86a6.3ba6,323,"UPDATE",2024-06-16 14:31:02 CST,6/24,90696,LOG,00000,"execute S_7: UPDATE bmsql_stock     SET s_quantity = $1, s_ytd = s_ytd + $2,         s_order_cnt = s_order_cnt + 1,         s_remote_cnt = s_remote_cnt + $3     WHERE s_w_id = $4 AND s_i_id = $5","parameters: $1 = '83', $2 = '7', $3 = '0', $4 = '1', $5 = '61'",,,,,,,,"","client backend"
2024-06-16 14:31:58.267 CST,"raingage","benchmark",15270,"127.0.0.1:45212",666e86a6.3ba6,324,"COMMIT",2024-06-16 14:31:02 CST,6/24,90696,LOG,00000,"execute S_2: COMMIT",,,,,,,,,"","client backend"
2024-06-16 14:31:58.289 CST,"raingage","benchmark",15270,"127.0.0.1:45212",666e86a6.3ba6,325,"BEGIN",2024-06-16 14:31:02 CST,6/25,0,LOG,00000,"execute S_3: BEGIN",,,,,,,,,"","client backend"
2024-06-16 14:31:58.298 CST,"raingage","benchmark",15271,"127.0.0.1:45214",666e86a7.3ba7,385,"SELECT",2024-06-16 14:31:03 CST,7/29,0,LOG,00000,"execute S_1: SELECT c_discount, c_last, c_credit, w_tax     FROM bmsql_customer     JOIN bmsql_warehouse ON (w_id = c_w_id)     WHERE c_w_id = $1 AND c_d_id = $2 AND c_id = $3 FOR UPDATE","parameters: $1 = '1', $2 = '3', $3 = '35'",,,,,,,,"","client backend"
2024-06-16 14:31:58.301 CST,"raingage","benchmark",15270,"127.0.0.1:45212",666e86a6.3ba6,326,"SELECT",2024-06-16 14:31:02 CST,6/25,0,LOG,00000,"execute S_4: SELECT d_tax, d_next_o_id     FROM bmsql_district     WHERE d_w_id = $1 AND d_id = $2 ","parameters: $1 = '1', $2 = '1'",,,,,,,,"","client backend"
2024-06-16 14:31:58.340 CST,"raingage","benchmark",15268,"127.0.0.1:45208",666e86a6.3ba4,316,"SELECT",2024-06-16 14:31:02 CST,4/24,90698,LOG,00000,"execute S_1: SELECT c_discount, c_last, c_credit, w_tax     FROM bmsql_customer     JOIN bmsql_warehouse ON (w_id = c_w_id)     WHERE c_w_id = $1 AND c_d_id = $2 AND c_id = $3 FOR UPDATE","parameters: $1 = '1', $2 = '1', $3 = '57'",,,,,,,,"","client backend"
2024-06-16 14:31:58.364 CST,"raingage","benchmark",15270,"127.0.0.1:45212",666e86a6.3ba6,327,"SELECT",2024-06-16 14:31:02 CST,6/25,0,LOG,00000,"execute S_1: SELECT c_discount, c_last, c_credit, w_tax     FROM bmsql_customer     JOIN bmsql_warehouse ON (w_id = c_w_id)     WHERE c_w_id = $1 AND c_d_id = $2 AND c_id = $3 FOR UPDATE","parameters: $1 = '1', $2 = '1', $3 = '48'",,,,,,,,"","client backend"
2024-06-16 14:31:58.410 CST,"raingage","benchmark",15268,"127.0.0.1:45208",666e86a6.3ba4,317,"SELECT",2024-06-16 14:31:02 CST,4/24,90698,LOG,00000,"execute S_1: SELECT c_discount, c_last, c_credit, w_tax     FROM bmsql_customer     JOIN bmsql_warehouse ON (w_id = c_w_id)     WHERE c_w_id = $1 AND c_d_id = $2 AND c_id = $3 FOR UPDATE","parameters: $1 = '1', $2 = '1', $3 = '57'",,,,,,,,"","client backend"
2024-06-16 14:31:58.481 CST,"raingage","benchmark",15268,"127.0.0.1:45208",666e86a6.3ba4,318,"SELECT",2024-06-16 14:31:02 CST,4/24,90698,LOG,00000,"execute S_1: SELECT c_discount, c_last, c_credit, w_tax     FROM bmsql_customer     JOIN bmsql_warehouse ON (w_id = c_w_id)     WHERE c_w_id = $1 AND c_d_id = $2 AND c_id = $3 FOR UPDATE","parameters: $1 = '1', $2 = '1', $3 = '57'",,,,,,,,"","client backend"
2024-06-16 14:31:58.550 CST,"raingage","benchmark",15268,"127.0.0.1:45208",666e86a6.3ba4,319,"SELECT",2024-06-16 14:31:02 CST,4/24,90698,LOG,00000,"execute S_1: SELECT c_discount, c_last, c_credit, w_tax     FROM bmsql_customer     JOIN bmsql_warehouse ON (w_id = c_w_id)     WHERE c_w_id = $1 AND c_d_id = $2 AND c_id = $3 FOR UPDATE","parameters: $1 = '1', $2 = '1', $3 = '57'",,,,,,,,"","client backend"
2024-06-16 14:31:58.621 CST,"raingage","benchmark",15268,"127.0.0.1:45208",666e86a6.3ba4,320,"SELECT",2024-06-16 14:31:02 CST,4/24,90698,LOG,00000,"execute S_1: SELECT c_discount, c_last, c_credit, w_tax     FROM bmsql_customer     JOIN bmsql_warehouse ON (w_id = c_w_id)     WHERE c_w_id = $1 AND c_d_id = $2 AND c_id = $3 FOR UPDATE","parameters: $1 = '1', $2 = '1', $3 = '57'",,,,,,,,"","client backend"
2024-06-16 14:31:58.684 CST,"raingage","benchmark",15268,"127.0.0.1:45208",666e86a6.3ba4,321,"SELECT",2024-06-16 14:31:02 CST,4/24,90698,LOG,00000,"execute S_1: SELECT c_discount, c_last, c_credit, w_tax     FROM bmsql_customer     JOIN bmsql_warehouse ON (w_id = c_w_id)     WHERE c_w_id = $1 AND c_d_id = $2 AND c_id = $3 FOR UPDATE","parameters: $1 = '1', $2 = '1', $3 = '57'",,,,,,,,"","client backend"
2024-06-16 14:31:58.752 CST,"raingage","benchmark",15268,"127.0.0.1:45208",666e86a6.3ba4,322,"SELECT",2024-06-16 14:31:02 CST,4/24,90698,LOG,00000,"execute S_1: SELECT c_discount, c_last, c_credit, w_tax     FROM bmsql_customer     JOIN bmsql_warehouse ON (w_id = c_w_id)     WHERE c_w_id = $1 AND c_d_id = $2 AND c_id = $3 FOR UPDATE","parameters: $1 = '1', $2 = '1', $3 = '57'",,,,,,,,"","client backend"
2024-06-16 14:31:58.772 CST,"raingage","benchmark",15268,"127.0.0.1:45208",666e86a6.3ba4,323,"SELECT",2024-06-16 14:31:02 CST,4/24,90698,LOG,00000,"execute S_5: SELECT i_price, i_name, i_data     FROM bmsql_item     WHERE i_id = $1","parameters: $1 = '4000061'",,,,,,,,"","client backend"
2024-06-16 14:31:58.786 CST,"raingage","benchmark",15268,"127.0.0.1:45208",666e86a6.3ba4,324,"ROLLBACK",2024-06-16 14:31:02 CST,4/24,90698,LOG,00000,"execute S_8: ROLLBACK",,,,,,,,,"","client backend"
2024-06-16 14:31:58.848 CST,"raingage","benchmark",15269,"127.0.0.1:45210",666e86a6.3ba5,302,"SELECT",2024-06-16 14:31:02 CST,5/23,90697,LOG,00000,"execute S_1: SELECT c_discount, c_last, c_credit, w_tax     FROM bmsql_customer     JOIN bmsql_warehouse ON (w_id = c_w_id)     WHERE c_w_id = $1 AND c_d_id = $2 AND c_id = $3 FOR UPDATE","parameters: $1 = '1', $2 = '1', $3 = '48'",,,,,,,,"","client backend"
2024-06-16 14:31:58.913 CST,"raingage","benchmark",15269,"127.0.0.1:45210",666e86a6.3ba5,303,"SELECT",2024-06-16 14:31:02 CST,5/23,90697,LOG,00000,"execute S_1: SELECT c_discount, c_last, c_credit, w_tax     FROM bmsql_customer     JOIN bmsql_warehouse ON (w_id = c_w_id)     WHERE c_w_id = $1 AND c_d_id = $2 AND c_id = $3 FOR UPDATE","parameters: $1 = '1', $2 = '1', $3 = '48'",,,,,,,,"","client backend"
2024-06-16 14:31:58.977 CST,"raingage","benchmark",15269,"127.0.0.1:45210",666e86a6.3ba5,304,"SELECT",2024-06-16 14:31:02 CST,5/23,90697,LOG,00000,"execute S_1: SELECT c_discount, c_last, c_credit, w_tax     FROM bmsql_customer     JOIN bmsql_warehouse ON (w_id = c_w_id)     WHERE c_w_id = $1 AND c_d_id = $2 AND c_id = $3 FOR UPDATE","parameters: $1 = '1', $2 = '1', $3 = '48'",,,,,,,,"","client backend"
2024-06-16 14:31:59.049 CST,"raingage","benchmark",15269,"127.0.0.1:45210",666e86a6.3ba5,305,"SELECT",2024-06-16 14:31:02 CST,5/23,90697,LOG,00000,"execute S_1: SELECT c_discount, c_last, c_credit, w_tax     FROM bmsql_customer     JOIN bmsql_warehouse ON (w_id = c_w_id)     WHERE c_w_id = $1 AND c_d_id = $2 AND c_id = $3 FOR UPDATE","parameters: $1 = '1', $2 = '1', $3 = '48'",,,,,,,,"","client backend"
2024-06-16 14:31:59.112 CST,"raingage","benchmark",15269,"127.0.0.1:45210",666e86a6.3ba5,306,"SELECT",2024-06-16 14:31:02 CST,5/23,90697,LOG,00000,"execute S_1: SELECT c_discount, c_last, c_credit, w_tax     FROM bmsql_customer     JOIN bmsql_warehouse ON (w_id = c_w_id)     WHERE c_w_id = $1 AND c_d_id = $2 AND c_id = $3 FOR UPDATE","parameters: $1 = '1', $2 = '1', $3 = '48'",,,,,,,,"","client backend"
2024-06-16 14:31:59.181 CST,"raingage","benchmark",15269,"127.0.0.1:45210",666e86a6.3ba5,307,"SELECT",2024-06-16 14:31:02 CST,5/23,90697,LOG,00000,"execute S_1: SELECT c_discount, c_last, c_credit, w_tax     FROM bmsql_customer     JOIN bmsql_warehouse ON (w_id = c_w_id)     WHERE c_w_id = $1 AND c_d_id = $2 AND c_id = $3 FOR UPDATE","parameters: $1 = '1', $2 = '1', $3 = '48'",,,,,,,,"","client backend"
2024-06-16 14:31:59.251 CST,"raingage","benchmark",15269,"127.0.0.1:45210",666e86a6.3ba5,308,"SELECT",2024-06-16 14:31:02 CST,5/23,90697,LOG,00000,"execute S_1: SELECT c_discount, c_last, c_credit, w_tax     FROM bmsql_customer     JOIN bmsql_warehouse ON (w_id = c_w_id)     WHERE c_w_id = $1 AND c_d_id = $2 AND c_id = $3 FOR UPDATE","parameters: $1 = '1', $2 = '1', $3 = '48'",,,,,,,,"","client backend"
2024-06-16 14:31:59.269 CST,"raingage","benchmark",15269,"127.0.0.1:45210",666e86a6.3ba5,309,"SELECT",2024-06-16 14:31:02 CST,5/23,90697,LOG,00000,"execute S_6: SELECT i_price, i_name, i_data     FROM bmsql_item     WHERE i_id = $1","parameters: $1 = '102'",,,,,,,,"","client backend"
2024-06-16 14:31:59.283 CST,"raingage","benchmark",15269,"127.0.0.1:45210",666e86a6.3ba5,310,"SELECT",2024-06-16 14:31:02 CST,5/23,90697,LOG,00000,"execute S_7: SELECT s_quantity, s_data,        s_dist_01, s_dist_02, s_dist_03, s_dist_04,        s_dist_05, s_dist_06, s_dist_07, s_dist_08,        s_dist_09, s_dist_10     FROM bmsql_stock     WHERE s_w_id = $1 AND s_i_id = $2  FOR UPDATE","parameters: $1 = '1', $2 = '102'",,,,,,,,"","client backend"
2024-06-16 14:31:59.304 CST,"raingage","benchmark",15269,"127.0.0.1:45210",666e86a6.3ba5,311,"UPDATE",2024-06-16 14:31:02 CST,5/23,90697,LOG,00000,"execute S_8: UPDATE bmsql_stock     SET s_quantity = $1, s_ytd = s_ytd + $2,         s_order_cnt = s_order_cnt + 1,         s_remote_cnt = s_remote_cnt + $3     WHERE s_w_id = $4 AND s_i_id = $5","parameters: $1 = '11', $2 = '7', $3 = '0', $4 = '1', $5 = '102'",,,,,,,,"","client backend"
2024-06-16 14:31:59.324 CST,"raingage","benchmark",15269,"127.0.0.1:45210",666e86a6.3ba5,312,"COMMIT",2024-06-16 14:31:02 CST,5/23,90697,LOG,00000,"execute S_3: COMMIT",,,,,,,,,"","client backend"
2024-06-16 14:31:59.388 CST,"raingage","benchmark",15270,"127.0.0.1:45212",666e86a6.3ba6,328,"SELECT",2024-06-16 14:31:02 CST,6/25,90700,LOG,00000,"execute S_1: SELECT c_discount, c_last, c_credit, w_tax     FROM bmsql_customer     JOIN bmsql_warehouse ON (w_id = c_w_id)     WHERE c_w_id = $1 AND c_d_id = $2 AND c_id = $3 FOR UPDATE","parameters: $1 = '1', $2 = '1', $3 = '48'",,,,,,,,"","client backend"
2024-06-16 14:31:59.453 CST,"raingage","benchmark",15270,"127.0.0.1:45212",666e86a6.3ba6,329,"SELECT",2024-06-16 14:31:02 CST,6/25,90700,LOG,00000,"execute S_1: SELECT c_discount, c_last, c_credit, w_tax     FROM bmsql_customer     JOIN bmsql_warehouse ON (w_id = c_w_id)     WHERE c_w_id = $1 AND c_d_id = $2 AND c_id = $3 FOR UPDATE","parameters: $1 = '1', $2 = '1', $3 = '48'",,,,,,,,"","client backend"
2024-06-16 14:31:59.518 CST,"raingage","benchmark",15270,"127.0.0.1:45212",666e86a6.3ba6,330,"SELECT",2024-06-16 14:31:02 CST,6/25,90700,LOG,00000,"execute S_1: SELECT c_discount, c_last, c_credit, w_tax     FROM bmsql_customer     JOIN bmsql_warehouse ON (w_id = c_w_id)     WHERE c_w_id = $1 AND c_d_id = $2 AND c_id = $3 FOR UPDATE","parameters: $1 = '1', $2 = '1', $3 = '48'",,,,,,,,"","client backend"
2024-06-16 14:31:59.582 CST,"raingage","benchmark",15270,"127.0.0.1:45212",666e86a6.3ba6,331,"SELECT",2024-06-16 14:31:02 CST,6/25,90700,LOG,00000,"execute S_1: SELECT c_discount, c_last, c_credit, w_tax     FROM bmsql_customer     JOIN bmsql_warehouse ON (w_id = c_w_id)     WHERE c_w_id = $1 AND c_d_id = $2 AND c_id = $3 FOR UPDATE","parameters: $1 = '1', $2 = '1', $3 = '48'",,,,,,,,"","client backend"
2024-06-16 14:31:59.654 CST,"raingage","benchmark",15270,"127.0.0.1:45212",666e86a6.3ba6,332,"SELECT",2024-06-16 14:31:02 CST,6/25,90700,LOG,00000,"execute S_1: SELECT c_discount, c_last, c_credit, w_tax     FROM bmsql_customer     JOIN bmsql_warehouse ON (w_id = c_w_id)     WHERE c_w_id = $1 AND c_d_id = $2 AND c_id = $3 FOR UPDATE","parameters: $1 = '1', $2 = '1', $3 = '48'",,,,,,,,"","client backend"
2024-06-16 14:31:59.723 CST,"raingage","benchmark",15270,"127.0.0.1:45212",666e86a6.3ba6,333,"SELECT",2024-06-16 14:31:02 CST,6/25,90700,LOG,00000,"execute S_1: SELECT c_discount, c_last, c_credit, w_tax     FROM bmsql_customer     JOIN bmsql_warehouse ON (w_id = c_w_id)     WHERE c_w_id = $1 AND c_d_id = $2 AND c_id = $3 FOR UPDATE","parameters: $1 = '1', $2 = '1', $3 = '48'",,,,,,,,"","client backend"
2024-06-16 14:31:59.786 CST,"raingage","benchmark",15270,"127.0.0.1:45212",666e86a6.3ba6,334,"SELECT",2024-06-16 14:31:02 CST,6/25,90700,LOG,00000,"execute S_1: SELECT c_discount, c_last, c_credit, w_tax     FROM bmsql_customer     JOIN bmsql_warehouse ON (w_id = c_w_id)     WHERE c_w_id = $1 AND c_d_id = $2 AND c_id = $3 FOR UPDATE","parameters: $1 = '1', $2 = '1', $3 = '48'",,,,,,,,"","client backend"
2024-06-16 14:31:59.801 CST,"raingage","benchmark",15270,"127.0.0.1:45212",666e86a6.3ba6,335,"SELECT",2024-06-16 14:31:02 CST,6/25,90700,LOG,00000,"execute S_5: SELECT i_price, i_name, i_data     FROM bmsql_item     WHERE i_id = $1","parameters: $1 = '102'",,,,,,,,"","client backend"
2024-06-16 14:31:59.817 CST,"raingage","benchmark",15270,"127.0.0.1:45212",666e86a6.3ba6,336,"SELECT",2024-06-16 14:31:02 CST,6/25,90700,LOG,00000,"execute S_6: SELECT s_quantity, s_data,        s_dist_01, s_dist_02, s_dist_03, s_dist_04,        s_dist_05, s_dist_06, s_dist_07, s_dist_08,        s_dist_09, s_dist_10     FROM bmsql_stock     WHERE s_w_id = $1 AND s_i_id = $2  FOR UPDATE","parameters: $1 = '1', $2 = '102'",,,,,,,,"","client backend"
2024-06-16 14:31:59.831 CST,"raingage","benchmark",15270,"127.0.0.1:45212",666e86a6.3ba6,337,"UPDATE",2024-06-16 14:31:02 CST,6/25,90700,LOG,00000,"execute S_7: UPDATE bmsql_stock     SET s_quantity = $1, s_ytd = s_ytd + $2,         s_order_cnt = s_order_cnt + 1,         s_remote_cnt = s_remote_cnt + $3     WHERE s_w_id = $4 AND s_i_id = $5","parameters: $1 = '102', $2 = '3', $3 = '0', $4 = '1', $5 = '102'",,,,,,,,"","client backend"
2024-06-16 14:31:59.849 CST,"raingage","benchmark",15270,"127.0.0.1:45212",666e86a6.3ba6,338,"COMMIT",2024-06-16 14:31:02 CST,6/25,90700,LOG,00000,"execute S_2: COMMIT",,,,,,,,,"","client backend"
2024-06-16 14:31:59.869 CST,"raingage","benchmark",15270,"127.0.0.1:45212",666e86a6.3ba6,339,"BEGIN",2024-06-16 14:31:02 CST,6/26,0,LOG,00000,"execute S_3: BEGIN",,,,,,,,,"","client backend"
2024-06-16 14:31:59.880 CST,"raingage","benchmark",15270,"127.0.0.1:45212",666e86a6.3ba6,340,"SELECT",2024-06-16 14:31:02 CST,6/26,0,LOG,00000,"execute S_4: SELECT d_tax, d_next_o_id     FROM bmsql_district     WHERE d_w_id = $1 AND d_id = $2 ","parameters: $1 = '1', $2 = '3'",,,,,,,,"","client backend"
2024-06-16 14:31:59.923 CST,"raingage","benchmark",15271,"127.0.0.1:45214",666e86a7.3ba7,386,"SELECT",2024-06-16 14:31:03 CST,7/29,90699,LOG,00000,"execute S_1: SELECT c_discount, c_last, c_credit, w_tax     FROM bmsql_customer     JOIN bmsql_warehouse ON (w_id = c_w_id)     WHERE c_w_id = $1 AND c_d_id = $2 AND c_id = $3 FOR UPDATE","parameters: $1 = '1', $2 = '3', $3 = '35'",,,,,,,,"","client backend"
2024-06-16 14:31:59.952 CST,"raingage","benchmark",15270,"127.0.0.1:45212",666e86a6.3ba6,341,"SELECT",2024-06-16 14:31:02 CST,6/26,0,LOG,00000,"execute S_1: SELECT c_discount, c_last, c_credit, w_tax     FROM bmsql_customer     JOIN bmsql_warehouse ON (w_id = c_w_id)     WHERE c_w_id = $1 AND c_d_id = $2 AND c_id = $3 FOR UPDATE","parameters: $1 = '1', $2 = '3', $3 = '14'",,,,,,,,"","client backend"
2024-06-16 14:31:59.993 CST,"raingage","benchmark",15271,"127.0.0.1:45214",666e86a7.3ba7,387,"SELECT",2024-06-16 14:31:03 CST,7/29,90699,LOG,00000,"execute S_1: SELECT c_discount, c_last, c_credit, w_tax     FROM bmsql_customer     JOIN bmsql_warehouse ON (w_id = c_w_id)     WHERE c_w_id = $1 AND c_d_id = $2 AND c_id = $3 FOR UPDATE","parameters: $1 = '1', $2 = '3', $3 = '35'",,,,,,,,"","client backend"
2024-06-16 14:32:00.059 CST,"raingage","benchmark",15271,"127.0.0.1:45214",666e86a7.3ba7,388,"SELECT",2024-06-16 14:31:03 CST,7/29,90699,LOG,00000,"execute S_1: SELECT c_discount, c_last, c_credit, w_tax     FROM bmsql_customer     JOIN bmsql_warehouse ON (w_id = c_w_id)     WHERE c_w_id = $1 AND c_d_id = $2 AND c_id = $3 FOR UPDATE","parameters: $1 = '1', $2 = '3', $3 = '35'",,,,,,,,"","client backend"
2024-06-16 14:32:00.128 CST,"raingage","benchmark",15271,"127.0.0.1:45214",666e86a7.3ba7,389,"SELECT",2024-06-16 14:31:03 CST,7/29,90699,LOG,00000,"execute S_1: SELECT c_discount, c_last, c_credit, w_tax     FROM bmsql_customer     JOIN bmsql_warehouse ON (w_id = c_w_id)     WHERE c_w_id = $1 AND c_d_id = $2 AND c_id = $3 FOR UPDATE","parameters: $1 = '1', $2 = '3', $3 = '35'",,,,,,,,"","client backend"
2024-06-16 14:32:00.200 CST,"raingage","benchmark",15271,"127.0.0.1:45214",666e86a7.3ba7,390,"SELECT",2024-06-16 14:31:03 CST,7/29,90699,LOG,00000,"execute S_1: SELECT c_discount, c_last, c_credit, w_tax     FROM bmsql_customer     JOIN bmsql_warehouse ON (w_id = c_w_id)     WHERE c_w_id = $1 AND c_d_id = $2 AND c_id = $3 FOR UPDATE","parameters: $1 = '1', $2 = '3', $3 = '35'",,,,,,,,"","client backend"
2024-06-16 14:32:00.267 CST,"raingage","benchmark",15271,"127.0.0.1:45214",666e86a7.3ba7,391,"SELECT",2024-06-16 14:31:03 CST,7/29,90699,LOG,00000,"execute S_1: SELECT c_discount, c_last, c_credit, w_tax     FROM bmsql_customer     JOIN bmsql_warehouse ON (w_id = c_w_id)     WHERE c_w_id = $1 AND c_d_id = $2 AND c_id = $3 FOR UPDATE","parameters: $1 = '1', $2 = '3', $3 = '35'",,,,,,,,"","client backend"
2024-06-16 14:32:00.327 CST,"raingage","benchmark",15271,"127.0.0.1:45214",666e86a7.3ba7,392,"SELECT",2024-06-16 14:31:03 CST,7/29,90699,LOG,00000,"execute S_1: SELECT c_discount, c_last, c_credit, w_tax     FROM bmsql_customer     JOIN bmsql_warehouse ON (w_id = c_w_id)     WHERE c_w_id = $1 AND c_d_id = $2 AND c_id = $3 FOR UPDATE","parameters: $1 = '1', $2 = '3', $3 = '35'",,,,,,,,"","client backend"
2024-06-16 14:32:00.339 CST,"raingage","benchmark",15271,"127.0.0.1:45214",666e86a7.3ba7,393,"SELECT",2024-06-16 14:31:03 CST,7/29,90699,LOG,00000,"execute S_5: SELECT i_price, i_name, i_data     FROM bmsql_item     WHERE i_id = $1","parameters: $1 = '11'",,,,,,,,"","client backend"
2024-06-16 14:32:00.359 CST,"raingage","benchmark",15271,"127.0.0.1:45214",666e86a7.3ba7,394,"SELECT",2024-06-16 14:31:03 CST,7/29,90699,LOG,00000,"execute S_6: SELECT s_quantity, s_data,        s_dist_01, s_dist_02, s_dist_03, s_dist_04,        s_dist_05, s_dist_06, s_dist_07, s_dist_08,        s_dist_09, s_dist_10     FROM bmsql_stock     WHERE s_w_id = $1 AND s_i_id = $2  FOR UPDATE","parameters: $1 = '1', $2 = '11'",,,,,,,,"","client backend"
2024-06-16 14:32:00.373 CST,"raingage","benchmark",15271,"127.0.0.1:45214",666e86a7.3ba7,395,"UPDATE",2024-06-16 14:31:03 CST,7/29,90699,LOG,00000,"execute S_7: UPDATE bmsql_stock     SET s_quantity = $1, s_ytd = s_ytd + $2,         s_order_cnt = s_order_cnt + 1,         s_remote_cnt = s_remote_cnt + $3     WHERE s_w_id = $4 AND s_i_id = $5","parameters: $1 = '99', $2 = '7', $3 = '0', $4 = '1', $5 = '11'",,,,,,,,"","client backend"
2024-06-16 14:32:00.388 CST,"raingage","benchmark",15271,"127.0.0.1:45214",666e86a7.3ba7,396,"COMMIT",2024-06-16 14:31:03 CST,7/29,90699,LOG,00000,"execute S_2: COMMIT",,,,,,,,,"","client backend"
2024-06-16 14:32:00.408 CST,"raingage","benchmark",15271,"127.0.0.1:45214",666e86a7.3ba7,397,"BEGIN",2024-06-16 14:31:03 CST,7/30,0,LOG,00000,"execute S_3: BEGIN",,,,,,,,,"","client backend"
2024-06-16 14:32:00.423 CST,"raingage","benchmark",15271,"127.0.0.1:45214",666e86a7.3ba7,398,"SELECT",2024-06-16 14:31:03 CST,7/30,0,LOG,00000,"execute S_4: SELECT d_tax, d_next_o_id     FROM bmsql_district     WHERE d_w_id = $1 AND d_id = $2 ","parameters: $1 = '1', $2 = '2'",,,,,,,,"","client backend"
2024-06-16 14:32:00.455 CST,"raingage","benchmark",15270,"127.0.0.1:45212",666e86a6.3ba6,342,"SELECT",2024-06-16 14:31:02 CST,6/26,90701,LOG,00000,"execute S_1: SELECT c_discount, c_last, c_credit, w_tax     FROM bmsql_customer     JOIN bmsql_warehouse ON (w_id = c_w_id)     WHERE c_w_id = $1 AND c_d_id = $2 AND c_id = $3 FOR UPDATE","parameters: $1 = '1', $2 = '3', $3 = '14'",,,,,,,,"","client backend"
2024-06-16 14:32:00.489 CST,"raingage","benchmark",15271,"127.0.0.1:45214",666e86a7.3ba7,399,"SELECT",2024-06-16 14:31:03 CST,7/30,0,LOG,00000,"execute S_1: SELECT c_discount, c_last, c_credit, w_tax     FROM bmsql_customer     JOIN bmsql_warehouse ON (w_id = c_w_id)     WHERE c_w_id = $1 AND c_d_id = $2 AND c_id = $3 FOR UPDATE","parameters: $1 = '1', $2 = '2', $3 = '86'",,,,,,,,"","client backend"
2024-06-16 14:32:00.523 CST,"raingage","benchmark",15270,"127.0.0.1:45212",666e86a6.3ba6,343,"SELECT",2024-06-16 14:31:02 CST,6/26,90701,LOG,00000,"execute S_1: SELECT c_discount, c_last, c_credit, w_tax     FROM bmsql_customer     JOIN bmsql_warehouse ON (w_id = c_w_id)     WHERE c_w_id = $1 AND c_d_id = $2 AND c_id = $3 FOR UPDATE","parameters: $1 = '1', $2 = '3', $3 = '14'",,,,,,,,"","client backend"
2024-06-16 14:32:00.587 CST,"raingage","benchmark",15270,"127.0.0.1:45212",666e86a6.3ba6,344,"SELECT",2024-06-16 14:31:02 CST,6/26,90701,LOG,00000,"execute S_1: SELECT c_discount, c_last, c_credit, w_tax     FROM bmsql_customer     JOIN bmsql_warehouse ON (w_id = c_w_id)     WHERE c_w_id = $1 AND c_d_id = $2 AND c_id = $3 FOR UPDATE","parameters: $1 = '1', $2 = '3', $3 = '14'",,,,,,,,"","client backend"
2024-06-16 14:32:00.650 CST,"raingage","benchmark",15270,"127.0.0.1:45212",666e86a6.3ba6,345,"SELECT",2024-06-16 14:31:02 CST,6/26,90701,LOG,00000,"execute S_1: SELECT c_discount, c_last, c_credit, w_tax     FROM bmsql_customer     JOIN bmsql_warehouse ON (w_id = c_w_id)     WHERE c_w_id = $1 AND c_d_id = $2 AND c_id = $3 FOR UPDATE","parameters: $1 = '1', $2 = '3', $3 = '14'",,,,,,,,"","client backend"
2024-06-16 14:32:00.715 CST,"raingage","benchmark",15270,"127.0.0.1:45212",666e86a6.3ba6,346,"SELECT",2024-06-16 14:31:02 CST,6/26,90701,LOG,00000,"execute S_1: SELECT c_discount, c_last, c_credit, w_tax     FROM bmsql_customer     JOIN bmsql_warehouse ON (w_id = c_w_id)     WHERE c_w_id = $1 AND c_d_id = $2 AND c_id = $3 FOR UPDATE","parameters: $1 = '1', $2 = '3', $3 = '14'",,,,,,,,"","client backend"
2024-06-16 14:32:00.779 CST,"raingage","benchmark",15270,"127.0.0.1:45212",666e86a6.3ba6,347,"SELECT",2024-06-16 14:31:02 CST,6/26,90701,LOG,00000,"execute S_1: SELECT c_discount, c_last, c_credit, w_tax     FROM bmsql_customer     JOIN bmsql_warehouse ON (w_id = c_w_id)     WHERE c_w_id = $1 AND c_d_id = $2 AND c_id = $3 FOR UPDATE","parameters: $1 = '1', $2 = '3', $3 = '14'",,,,,,,,"","client backend"
2024-06-16 14:32:00.847 CST,"raingage","benchmark",15270,"127.0.0.1:45212",666e86a6.3ba6,348,"SELECT",2024-06-16 14:31:02 CST,6/26,90701,LOG,00000,"execute S_1: SELECT c_discount, c_last, c_credit, w_tax     FROM bmsql_customer     JOIN bmsql_warehouse ON (w_id = c_w_id)     WHERE c_w_id = $1 AND c_d_id = $2 AND c_id = $3 FOR UPDATE","parameters: $1 = '1', $2 = '3', $3 = '14'",,,,,,,,"","client backend"
2024-06-16 14:32:00.868 CST,"raingage","benchmark",15270,"127.0.0.1:45212",666e86a6.3ba6,349,"SELECT",2024-06-16 14:31:02 CST,6/26,90701,LOG,00000,"execute S_5: SELECT i_price, i_name, i_data     FROM bmsql_item     WHERE i_id = $1","parameters: $1 = '79'",,,,,,,,"","client backend"
2024-06-16 14:32:00.884 CST,"raingage","benchmark",15270,"127.0.0.1:45212",666e86a6.3ba6,350,"SELECT",2024-06-16 14:31:02 CST,6/26,90701,LOG,00000,"execute S_6: SELECT s_quantity, s_data,        s_dist_01, s_dist_02, s_dist_03, s_dist_04,        s_dist_05, s_dist_06, s_dist_07, s_dist_08,        s_dist_09, s_dist_10     FROM bmsql_stock     WHERE s_w_id = $1 AND s_i_id = $2  FOR UPDATE","parameters: $1 = '1', $2 = '79'",,,,,,,,"","client backend"
2024-06-16 14:32:00.897 CST,"raingage","benchmark",15270,"127.0.0.1:45212",666e86a6.3ba6,351,"UPDATE",2024-06-16 14:31:02 CST,6/26,90701,LOG,00000,"execute S_7: UPDATE bmsql_stock     SET s_quantity = $1, s_ytd = s_ytd + $2,         s_order_cnt = s_order_cnt + 1,         s_remote_cnt = s_remote_cnt + $3     WHERE s_w_id = $4 AND s_i_id = $5","parameters: $1 = '57', $2 = '5', $3 = '0', $4 = '1', $5 = '79'",,,,,,,,"","client backend"
2024-06-16 14:32:00.916 CST,"raingage","benchmark",15270,"127.0.0.1:45212",666e86a6.3ba6,352,"COMMIT",2024-06-16 14:31:02 CST,6/26,90701,LOG,00000,"execute S_2: COMMIT",,,,,,,,,"","client backend"
2024-06-16 14:32:00.931 CST,"raingage","benchmark",15270,"127.0.0.1:45212",666e86a6.3ba6,353,"BEGIN",2024-06-16 14:31:02 CST,6/27,0,LOG,00000,"execute S_3: BEGIN",,,,,,,,,"","client backend"
2024-06-16 14:32:00.944 CST,"raingage","benchmark",15270,"127.0.0.1:45212",666e86a6.3ba6,354,"SELECT",2024-06-16 14:31:02 CST,6/27,0,LOG,00000,"execute S_4: SELECT d_tax, d_next_o_id     FROM bmsql_district     WHERE d_w_id = $1 AND d_id = $2 ","parameters: $1 = '1', $2 = '2'",,,,,,,,"","client backend"
2024-06-16 14:32:00.980 CST,"raingage","benchmark",15271,"127.0.0.1:45214",666e86a7.3ba7,400,"SELECT",2024-06-16 14:31:03 CST,7/30,90702,LOG,00000,"execute S_1: SELECT c_discount, c_last, c_credit, w_tax     FROM bmsql_customer     JOIN bmsql_warehouse ON (w_id = c_w_id)     WHERE c_w_id = $1 AND c_d_id = $2 AND c_id = $3 FOR UPDATE","parameters: $1 = '1', $2 = '2', $3 = '86'",,,,,,,,"","client backend"
2024-06-16 14:32:01.015 CST,"raingage","benchmark",15270,"127.0.0.1:45212",666e86a6.3ba6,355,"SELECT",2024-06-16 14:31:02 CST,6/27,0,LOG,00000,"execute S_1: SELECT c_discount, c_last, c_credit, w_tax     FROM bmsql_customer     JOIN bmsql_warehouse ON (w_id = c_w_id)     WHERE c_w_id = $1 AND c_d_id = $2 AND c_id = $3 FOR UPDATE","parameters: $1 = '1', $2 = '2', $3 = '86'",,,,,,,,"","client backend"
2024-06-16 14:32:01.048 CST,"raingage","benchmark",15271,"127.0.0.1:45214",666e86a7.3ba7,401,"SELECT",2024-06-16 14:31:03 CST,7/30,90702,LOG,00000,"execute S_1: SELECT c_discount, c_last, c_credit, w_tax     FROM bmsql_customer     JOIN bmsql_warehouse ON (w_id = c_w_id)     WHERE c_w_id = $1 AND c_d_id = $2 AND c_id = $3 FOR UPDATE","parameters: $1 = '1', $2 = '2', $3 = '86'",,,,,,,,"","client backend"
2024-06-16 14:32:01.120 CST,"raingage","benchmark",15271,"127.0.0.1:45214",666e86a7.3ba7,402,"SELECT",2024-06-16 14:31:03 CST,7/30,90702,LOG,00000,"execute S_1: SELECT c_discount, c_last, c_credit, w_tax     FROM bmsql_customer     JOIN bmsql_warehouse ON (w_id = c_w_id)     WHERE c_w_id = $1 AND c_d_id = $2 AND c_id = $3 FOR UPDATE","parameters: $1 = '1', $2 = '2', $3 = '86'",,,,,,,,"","client backend"
2024-06-16 14:32:01.186 CST,"raingage","benchmark",15271,"127.0.0.1:45214",666e86a7.3ba7,403,"SELECT",2024-06-16 14:31:03 CST,7/30,90702,LOG,00000,"execute S_1: SELECT c_discount, c_last, c_credit, w_tax     FROM bmsql_customer     JOIN bmsql_warehouse ON (w_id = c_w_id)     WHERE c_w_id = $1 AND c_d_id = $2 AND c_id = $3 FOR UPDATE","parameters: $1 = '1', $2 = '2', $3 = '86'",,,,,,,,"","client backend"
2024-06-16 14:32:01.257 CST,"raingage","benchmark",15271,"127.0.0.1:45214",666e86a7.3ba7,404,"SELECT",2024-06-16 14:31:03 CST,7/30,90702,LOG,00000,"execute S_1: SELECT c_discount, c_last, c_credit, w_tax     FROM bmsql_customer     JOIN bmsql_warehouse ON (w_id = c_w_id)     WHERE c_w_id = $1 AND c_d_id = $2 AND c_id = $3 FOR UPDATE","parameters: $1 = '1', $2 = '2', $3 = '86'",,,,,,,,"","client backend"
2024-06-16 14:32:01.321 CST,"raingage","benchmark",15271,"127.0.0.1:45214",666e86a7.3ba7,405,"SELECT",2024-06-16 14:31:03 CST,7/30,90702,LOG,00000,"execute S_1: SELECT c_discount, c_last, c_credit, w_tax     FROM bmsql_customer     JOIN bmsql_warehouse ON (w_id = c_w_id)     WHERE c_w_id = $1 AND c_d_id = $2 AND c_id = $3 FOR UPDATE","parameters: $1 = '1', $2 = '2', $3 = '86'",,,,,,,,"","client backend"
2024-06-16 14:32:01.390 CST,"raingage","benchmark",15271,"127.0.0.1:45214",666e86a7.3ba7,406,"SELECT",2024-06-16 14:31:03 CST,7/30,90702,LOG,00000,"execute S_1: SELECT c_discount, c_last, c_credit, w_tax     FROM bmsql_customer     JOIN bmsql_warehouse ON (w_id = c_w_id)     WHERE c_w_id = $1 AND c_d_id = $2 AND c_id = $3 FOR UPDATE","parameters: $1 = '1', $2 = '2', $3 = '86'",,,,,,,,"","client backend"
2024-06-16 14:32:01.403 CST,"raingage","benchmark",15271,"127.0.0.1:45214",666e86a7.3ba7,407,"SELECT",2024-06-16 14:31:03 CST,7/30,90702,LOG,00000,"execute S_5: SELECT i_price, i_name, i_data     FROM bmsql_item     WHERE i_id = $1","parameters: $1 = '5000084'",,,,,,,,"","client backend"
2024-06-16 14:32:01.419 CST,"raingage","benchmark",15271,"127.0.0.1:45214",666e86a7.3ba7,408,"ROLLBACK",2024-06-16 14:31:03 CST,7/30,90702,LOG,00000,"execute S_8: ROLLBACK",,,,,,,,,"","client backend"
2024-06-16 14:32:01.423 CST,"raingage","benchmark",15272,"127.0.0.1:45216",666e86a7.3ba8,141,"BEGIN",2024-06-16 14:31:03 CST,8/12,0,LOG,00000,"execute S_3: BEGIN",,,,,,,,,"","client backend"
2024-06-16 14:32:01.437 CST,"raingage","benchmark",15271,"127.0.0.1:45214",666e86a7.3ba7,409,"BEGIN",2024-06-16 14:31:03 CST,7/31,0,LOG,00000,"execute S_3: BEGIN",,,,,,,,,"","client backend"
2024-06-16 14:32:01.442 CST,"raingage","benchmark",15272,"127.0.0.1:45216",666e86a7.3ba8,142,"SELECT",2024-06-16 14:31:03 CST,8/12,0,LOG,00000,"execute S_4: SELECT d_tax, d_next_o_id     FROM bmsql_district     WHERE d_w_id = $1 AND d_id = $2 ","parameters: $1 = '1', $2 = '3'",,,,,,,,"","client backend"
2024-06-16 14:32:01.449 CST,"raingage","benchmark",15271,"127.0.0.1:45214",666e86a7.3ba7,410,"SELECT",2024-06-16 14:31:03 CST,7/31,0,LOG,00000,"execute S_4: SELECT d_tax, d_next_o_id     FROM bmsql_district     WHERE d_w_id = $1 AND d_id = $2 ","parameters: $1 = '1', $2 = '1'",,,,,,,,"","client backend"
2024-06-16 14:32:01.484 CST,"raingage","benchmark",15270,"127.0.0.1:45212",666e86a6.3ba6,356,"SELECT",2024-06-16 14:31:02 CST,6/27,90703,LOG,00000,"execute S_1: SELECT c_discount, c_last, c_credit, w_tax     FROM bmsql_customer     JOIN bmsql_warehouse ON (w_id = c_w_id)     WHERE c_w_id = $1 AND c_d_id = $2 AND c_id = $3 FOR UPDATE","parameters: $1 = '1', $2 = '2', $3 = '86'",,,,,,,,"","client backend"
2024-06-16 14:32:01.510 CST,"raingage","benchmark",15272,"127.0.0.1:45216",666e86a7.3ba8,143,"SELECT",2024-06-16 14:31:03 CST,8/12,0,LOG,00000,"execute S_1: SELECT c_discount, c_last, c_credit, w_tax     FROM bmsql_customer     JOIN bmsql_warehouse ON (w_id = c_w_id)     WHERE c_w_id = $1 AND c_d_id = $2 AND c_id = $3 FOR UPDATE","parameters: $1 = '1', $2 = '3', $3 = '56'",,,,,,,,"","client backend"
2024-06-16 14:32:01.515 CST,"raingage","benchmark",15271,"127.0.0.1:45214",666e86a7.3ba7,411,"SELECT",2024-06-16 14:31:03 CST,7/31,0,LOG,00000,"execute S_1: SELECT c_discount, c_last, c_credit, w_tax     FROM bmsql_customer     JOIN bmsql_warehouse ON (w_id = c_w_id)     WHERE c_w_id = $1 AND c_d_id = $2 AND c_id = $3 FOR UPDATE","parameters: $1 = '1', $2 = '1', $3 = '49'",,,,,,,,"","client backend"
2024-06-16 14:32:01.550 CST,"raingage","benchmark",15270,"127.0.0.1:45212",666e86a6.3ba6,357,"SELECT",2024-06-16 14:31:02 CST,6/27,90703,LOG,00000,"execute S_1: SELECT c_discount, c_last, c_credit, w_tax     FROM bmsql_customer     JOIN bmsql_warehouse ON (w_id = c_w_id)     WHERE c_w_id = $1 AND c_d_id = $2 AND c_id = $3 FOR UPDATE","parameters: $1 = '1', $2 = '2', $3 = '86'",,,,,,,,"","client backend"
2024-06-16 14:32:01.615 CST,"raingage","benchmark",15270,"127.0.0.1:45212",666e86a6.3ba6,358,"SELECT",2024-06-16 14:31:02 CST,6/27,90703,LOG,00000,"execute S_1: SELECT c_discount, c_last, c_credit, w_tax     FROM bmsql_customer     JOIN bmsql_warehouse ON (w_id = c_w_id)     WHERE c_w_id = $1 AND c_d_id = $2 AND c_id = $3 FOR UPDATE","parameters: $1 = '1', $2 = '2', $3 = '86'",,,,,,,,"","client backend"
2024-06-16 14:32:01.678 CST,"raingage","benchmark",15270,"127.0.0.1:45212",666e86a6.3ba6,359,"SELECT",2024-06-16 14:31:02 CST,6/27,90703,LOG,00000,"execute S_1: SELECT c_discount, c_last, c_credit, w_tax     FROM bmsql_customer     JOIN bmsql_warehouse ON (w_id = c_w_id)     WHERE c_w_id = $1 AND c_d_id = $2 AND c_id = $3 FOR UPDATE","parameters: $1 = '1', $2 = '2', $3 = '86'",,,,,,,,"","client backend"
2024-06-16 14:32:01.748 CST,"raingage","benchmark",15270,"127.0.0.1:45212",666e86a6.3ba6,360,"SELECT",2024-06-16 14:31:02 CST,6/27,90703,LOG,00000,"execute S_1: SELECT c_discount, c_last, c_credit, w_tax     FROM bmsql_customer     JOIN bmsql_warehouse ON (w_id = c_w_id)     WHERE c_w_id = $1 AND c_d_id = $2 AND c_id = $3 FOR UPDATE","parameters: $1 = '1', $2 = '2', $3 = '86'",,,,,,,,"","client backend"
2024-06-16 14:32:01.818 CST,"raingage","benchmark",15270,"127.0.0.1:45212",666e86a6.3ba6,361,"SELECT",2024-06-16 14:31:02 CST,6/27,90703,LOG,00000,"execute S_1: SELECT c_discount, c_last, c_credit, w_tax     FROM bmsql_customer     JOIN bmsql_warehouse ON (w_id = c_w_id)     WHERE c_w_id = $1 AND c_d_id = $2 AND c_id = $3 FOR UPDATE","parameters: $1 = '1', $2 = '2', $3 = '86'",,,,,,,,"","client backend"
2024-06-16 14:32:01.886 CST,"raingage","benchmark",15270,"127.0.0.1:45212",666e86a6.3ba6,362,"SELECT",2024-06-16 14:31:02 CST,6/27,90703,LOG,00000,"execute S_1: SELECT c_discount, c_last, c_credit, w_tax     FROM bmsql_customer     JOIN bmsql_warehouse ON (w_id = c_w_id)     WHERE c_w_id = $1 AND c_d_id = $2 AND c_id = $3 FOR UPDATE","parameters: $1 = '1', $2 = '2', $3 = '86'",,,,,,,,"","client backend"
2024-06-16 14:32:01.906 CST,"raingage","benchmark",15270,"127.0.0.1:45212",666e86a6.3ba6,363,"SELECT",2024-06-16 14:31:02 CST,6/27,90703,LOG,00000,"execute S_5: SELECT i_price, i_name, i_data     FROM bmsql_item     WHERE i_id = $1","parameters: $1 = '84'",,,,,,,,"","client backend"
2024-06-16 14:32:01.922 CST,"raingage","benchmark",15270,"127.0.0.1:45212",666e86a6.3ba6,364,"SELECT",2024-06-16 14:31:02 CST,6/27,90703,LOG,00000,"execute S_6: SELECT s_quantity, s_data,        s_dist_01, s_dist_02, s_dist_03, s_dist_04,        s_dist_05, s_dist_06, s_dist_07, s_dist_08,        s_dist_09, s_dist_10     FROM bmsql_stock     WHERE s_w_id = $1 AND s_i_id = $2  FOR UPDATE","parameters: $1 = '1', $2 = '84'",,,,,,,,"","client backend"
2024-06-16 14:32:01.943 CST,"raingage","benchmark",15270,"127.0.0.1:45212",666e86a6.3ba6,365,"UPDATE",2024-06-16 14:31:02 CST,6/27,90703,LOG,00000,"execute S_7: UPDATE bmsql_stock     SET s_quantity = $1, s_ytd = s_ytd + $2,         s_order_cnt = s_order_cnt + 1,         s_remote_cnt = s_remote_cnt + $3     WHERE s_w_id = $4 AND s_i_id = $5","parameters: $1 = '70', $2 = '3', $3 = '0', $4 = '1', $5 = '84'",,,,,,,,"","client backend"
2024-06-16 14:32:01.960 CST,"raingage","benchmark",15270,"127.0.0.1:45212",666e86a6.3ba6,366,"COMMIT",2024-06-16 14:31:02 CST,6/27,90703,LOG,00000,"execute S_2: COMMIT",,,,,,,,,"","client backend"
2024-06-16 14:32:01.981 CST,"raingage","benchmark",15270,"127.0.0.1:45212",666e86a6.3ba6,367,"BEGIN",2024-06-16 14:31:02 CST,6/28,0,LOG,00000,"execute S_3: BEGIN",,,,,,,,,"","client backend"
2024-06-16 14:32:01.992 CST,"raingage","benchmark",15270,"127.0.0.1:45212",666e86a6.3ba6,368,"SELECT",2024-06-16 14:31:02 CST,6/28,0,LOG,00000,"execute S_4: SELECT d_tax, d_next_o_id     FROM bmsql_district     WHERE d_w_id = $1 AND d_id = $2 ","parameters: $1 = '1', $2 = '1'",,,,,,,,"","client backend"
2024-06-16 14:32:02.025 CST,"raingage","benchmark",15272,"127.0.0.1:45216",666e86a7.3ba8,144,"SELECT",2024-06-16 14:31:03 CST,8/12,90704,LOG,00000,"execute S_1: SELECT c_discount, c_last, c_credit, w_tax     FROM bmsql_customer     JOIN bmsql_warehouse ON (w_id = c_w_id)     WHERE c_w_id = $1 AND c_d_id = $2 AND c_id = $3 FOR UPDATE","parameters: $1 = '1', $2 = '3', $3 = '56'",,,,,,,,"","client backend"
2024-06-16 14:32:02.064 CST,"raingage","benchmark",15270,"127.0.0.1:45212",666e86a6.3ba6,369,"SELECT",2024-06-16 14:31:02 CST,6/28,0,LOG,00000,"execute S_1: SELECT c_discount, c_last, c_credit, w_tax     FROM bmsql_customer     JOIN bmsql_warehouse ON (w_id = c_w_id)     WHERE c_w_id = $1 AND c_d_id = $2 AND c_id = $3 FOR UPDATE","parameters: $1 = '1', $2 = '1', $3 = '49'",,,,,,,,"","client backend"
2024-06-16 14:32:02.093 CST,"raingage","benchmark",15272,"127.0.0.1:45216",666e86a7.3ba8,145,"SELECT",2024-06-16 14:31:03 CST,8/12,90704,LOG,00000,"execute S_1: SELECT c_discount, c_last, c_credit, w_tax     FROM bmsql_customer     JOIN bmsql_warehouse ON (w_id = c_w_id)     WHERE c_w_id = $1 AND c_d_id = $2 AND c_id = $3 FOR UPDATE","parameters: $1 = '1', $2 = '3', $3 = '56'",,,,,,,,"","client backend"
2024-06-16 14:32:02.156 CST,"raingage","benchmark",15272,"127.0.0.1:45216",666e86a7.3ba8,146,"SELECT",2024-06-16 14:31:03 CST,8/12,90704,LOG,00000,"execute S_1: SELECT c_discount, c_last, c_credit, w_tax     FROM bmsql_customer     JOIN bmsql_warehouse ON (w_id = c_w_id)     WHERE c_w_id = $1 AND c_d_id = $2 AND c_id = $3 FOR UPDATE","parameters: $1 = '1', $2 = '3', $3 = '56'",,,,,,,,"","client backend"
2024-06-16 14:32:02.219 CST,"raingage","benchmark",15272,"127.0.0.1:45216",666e86a7.3ba8,147,"SELECT",2024-06-16 14:31:03 CST,8/12,90704,LOG,00000,"execute S_1: SELECT c_discount, c_last, c_credit, w_tax     FROM bmsql_customer     JOIN bmsql_warehouse ON (w_id = c_w_id)     WHERE c_w_id = $1 AND c_d_id = $2 AND c_id = $3 FOR UPDATE","parameters: $1 = '1', $2 = '3', $3 = '56'",,,,,,,,"","client backend"
2024-06-16 14:32:02.290 CST,"raingage","benchmark",15272,"127.0.0.1:45216",666e86a7.3ba8,148,"SELECT",2024-06-16 14:31:03 CST,8/12,90704,LOG,00000,"execute S_1: SELECT c_discount, c_last, c_credit, w_tax     FROM bmsql_customer     JOIN bmsql_warehouse ON (w_id = c_w_id)     WHERE c_w_id = $1 AND c_d_id = $2 AND c_id = $3 FOR UPDATE","parameters: $1 = '1', $2 = '3', $3 = '56'",,,,,,,,"","client backend"
2024-06-16 14:32:02.356 CST,"raingage","benchmark",15272,"127.0.0.1:45216",666e86a7.3ba8,149,"SELECT",2024-06-16 14:31:03 CST,8/12,90704,LOG,00000,"execute S_1: SELECT c_discount, c_last, c_credit, w_tax     FROM bmsql_customer     JOIN bmsql_warehouse ON (w_id = c_w_id)     WHERE c_w_id = $1 AND c_d_id = $2 AND c_id = $3 FOR UPDATE","parameters: $1 = '1', $2 = '3', $3 = '56'",,,,,,,,"","client backend"
2024-06-16 14:32:02.425 CST,"raingage","benchmark",15272,"127.0.0.1:45216",666e86a7.3ba8,150,"SELECT",2024-06-16 14:31:03 CST,8/12,90704,LOG,00000,"execute S_1: SELECT c_discount, c_last, c_credit, w_tax     FROM bmsql_customer     JOIN bmsql_warehouse ON (w_id = c_w_id)     WHERE c_w_id = $1 AND c_d_id = $2 AND c_id = $3 FOR UPDATE","parameters: $1 = '1', $2 = '3', $3 = '56'",,,,,,,,"","client backend"
2024-06-16 14:32:02.442 CST,"raingage","benchmark",15272,"127.0.0.1:45216",666e86a7.3ba8,151,"SELECT",2024-06-16 14:31:03 CST,8/12,90704,LOG,00000,"execute S_5: SELECT i_price, i_name, i_data     FROM bmsql_item     WHERE i_id = $1","parameters: $1 = '32'",,,,,,,,"","client backend"
2024-06-16 14:32:02.459 CST,"raingage","benchmark",15272,"127.0.0.1:45216",666e86a7.3ba8,152,"SELECT",2024-06-16 14:31:03 CST,8/12,90704,LOG,00000,"execute S_6: SELECT s_quantity, s_data,        s_dist_01, s_dist_02, s_dist_03, s_dist_04,        s_dist_05, s_dist_06, s_dist_07, s_dist_08,        s_dist_09, s_dist_10     FROM bmsql_stock     WHERE s_w_id = $1 AND s_i_id = $2  FOR UPDATE","parameters: $1 = '1', $2 = '32'",,,,,,,,"","client backend"
2024-06-16 14:32:02.474 CST,"raingage","benchmark",15272,"127.0.0.1:45216",666e86a7.3ba8,153,"UPDATE",2024-06-16 14:31:03 CST,8/12,90704,LOG,00000,"execute S_7: UPDATE bmsql_stock     SET s_quantity = $1, s_ytd = s_ytd + $2,         s_order_cnt = s_order_cnt + 1,         s_remote_cnt = s_remote_cnt + $3     WHERE s_w_id = $4 AND s_i_id = $5","parameters: $1 = '63', $2 = '3', $3 = '0', $4 = '1', $5 = '32'",,,,,,,,"","client backend"
2024-06-16 14:32:02.493 CST,"raingage","benchmark",15272,"127.0.0.1:45216",666e86a7.3ba8,154,"COMMIT",2024-06-16 14:31:03 CST,8/12,90704,LOG,00000,"execute S_2: COMMIT",,,,,,,,,"","client backend"
2024-06-16 14:32:02.507 CST,"raingage","benchmark",15272,"127.0.0.1:45216",666e86a7.3ba8,155,"BEGIN",2024-06-16 14:31:03 CST,8/13,0,LOG,00000,"execute S_3: BEGIN",,,,,,,,,"","client backend"
2024-06-16 14:32:02.510 CST,"raingage","benchmark",15272,"127.0.0.1:45216",666e86a7.3ba8,156,"SELECT",2024-06-16 14:31:03 CST,8/13,0,LOG,00000,"execute S_4: SELECT d_tax, d_next_o_id     FROM bmsql_district     WHERE d_w_id = $1 AND d_id = $2 ","parameters: $1 = '1', $2 = '1'",,,,,,,,"","client backend"
2024-06-16 14:32:02.561 CST,"raingage","benchmark",15271,"127.0.0.1:45214",666e86a7.3ba7,412,"SELECT",2024-06-16 14:31:03 CST,7/31,90705,LOG,00000,"execute S_1: SELECT c_discount, c_last, c_credit, w_tax     FROM bmsql_customer     JOIN bmsql_warehouse ON (w_id = c_w_id)     WHERE c_w_id = $1 AND c_d_id = $2 AND c_id = $3 FOR UPDATE","parameters: $1 = '1', $2 = '1', $3 = '49'",,,,,,,,"","client backend"
2024-06-16 14:32:02.580 CST,"raingage","benchmark",15272,"127.0.0.1:45216",666e86a7.3ba8,157,"SELECT",2024-06-16 14:31:03 CST,8/13,0,LOG,00000,"execute S_1: SELECT c_discount, c_last, c_credit, w_tax     FROM bmsql_customer     JOIN bmsql_warehouse ON (w_id = c_w_id)     WHERE c_w_id = $1 AND c_d_id = $2 AND c_id = $3 FOR UPDATE","parameters: $1 = '1', $2 = '1', $3 = '5'",,,,,,,,"","client backend"
2024-06-16 14:32:02.629 CST,"raingage","benchmark",15271,"127.0.0.1:45214",666e86a7.3ba7,413,"SELECT",2024-06-16 14:31:03 CST,7/31,90705,LOG,00000,"execute S_1: SELECT c_discount, c_last, c_credit, w_tax     FROM bmsql_customer     JOIN bmsql_warehouse ON (w_id = c_w_id)     WHERE c_w_id = $1 AND c_d_id = $2 AND c_id = $3 FOR UPDATE","parameters: $1 = '1', $2 = '1', $3 = '49'",,,,,,,,"","client backend"
2024-06-16 14:32:02.697 CST,"raingage","benchmark",15271,"127.0.0.1:45214",666e86a7.3ba7,414,"SELECT",2024-06-16 14:31:03 CST,7/31,90705,LOG,00000,"execute S_1: SELECT c_discount, c_last, c_credit, w_tax     FROM bmsql_customer     JOIN bmsql_warehouse ON (w_id = c_w_id)     WHERE c_w_id = $1 AND c_d_id = $2 AND c_id = $3 FOR UPDATE","parameters: $1 = '1', $2 = '1', $3 = '49'",,,,,,,,"","client backend"
2024-06-16 14:32:02.761 CST,"raingage","benchmark",15271,"127.0.0.1:45214",666e86a7.3ba7,415,"SELECT",2024-06-16 14:31:03 CST,7/31,90705,LOG,00000,"execute S_1: SELECT c_discount, c_last, c_credit, w_tax     FROM bmsql_customer     JOIN bmsql_warehouse ON (w_id = c_w_id)     WHERE c_w_id = $1 AND c_d_id = $2 AND c_id = $3 FOR UPDATE","parameters: $1 = '1', $2 = '1', $3 = '49'",,,,,,,,"","client backend"
2024-06-16 14:32:02.825 CST,"raingage","benchmark",15271,"127.0.0.1:45214",666e86a7.3ba7,416,"SELECT",2024-06-16 14:31:03 CST,7/31,90705,LOG,00000,"execute S_1: SELECT c_discount, c_last, c_credit, w_tax     FROM bmsql_customer     JOIN bmsql_warehouse ON (w_id = c_w_id)     WHERE c_w_id = $1 AND c_d_id = $2 AND c_id = $3 FOR UPDATE","parameters: $1 = '1', $2 = '1', $3 = '49'",,,,,,,,"","client backend"
2024-06-16 14:32:02.892 CST,"raingage","benchmark",15271,"127.0.0.1:45214",666e86a7.3ba7,417,"SELECT",2024-06-16 14:31:03 CST,7/31,90705,LOG,00000,"execute S_1: SELECT c_discount, c_last, c_credit, w_tax     FROM bmsql_customer     JOIN bmsql_warehouse ON (w_id = c_w_id)     WHERE c_w_id = $1 AND c_d_id = $2 AND c_id = $3 FOR UPDATE","parameters: $1 = '1', $2 = '1', $3 = '49'",,,,,,,,"","client backend"
2024-06-16 14:32:02.955 CST,"raingage","benchmark",15271,"127.0.0.1:45214",666e86a7.3ba7,418,"SELECT",2024-06-16 14:31:03 CST,7/31,90705,LOG,00000,"execute S_1: SELECT c_discount, c_last, c_credit, w_tax     FROM bmsql_customer     JOIN bmsql_warehouse ON (w_id = c_w_id)     WHERE c_w_id = $1 AND c_d_id = $2 AND c_id = $3 FOR UPDATE","parameters: $1 = '1', $2 = '1', $3 = '49'",,,,,,,,"","client backend"
2024-06-16 14:32:02.962 CST,"raingage","benchmark",15271,"127.0.0.1:45214",666e86a7.3ba7,419,"SELECT",2024-06-16 14:31:03 CST,7/31,90705,LOG,00000,"execute S_5: SELECT i_price, i_name, i_data     FROM bmsql_item     WHERE i_id = $1","parameters: $1 = '27'",,,,,,,,"","client backend"
2024-06-16 14:32:02.977 CST,"raingage","benchmark",15271,"127.0.0.1:45214",666e86a7.3ba7,420,"SELECT",2024-06-16 14:31:03 CST,7/31,90705,LOG,00000,"execute S_6: SELECT s_quantity, s_data,        s_dist_01, s_dist_02, s_dist_03, s_dist_04,        s_dist_05, s_dist_06, s_dist_07, s_dist_08,        s_dist_09, s_dist_10     FROM bmsql_stock     WHERE s_w_id = $1 AND s_i_id = $2  FOR UPDATE","parameters: $1 = '1', $2 = '27'",,,,,,,,"","client backend"
2024-06-16 14:32:02.989 CST,"raingage","benchmark",15271,"127.0.0.1:45214",666e86a7.3ba7,421,"UPDATE",2024-06-16 14:31:03 CST,7/31,90705,LOG,00000,"execute S_7: UPDATE bmsql_stock     SET s_quantity = $1, s_ytd = s_ytd + $2,         s_order_cnt = s_order_cnt + 1,         s_remote_cnt = s_remote_cnt + $3     WHERE s_w_id = $4 AND s_i_id = $5","parameters: $1 = '64', $2 = '3', $3 = '0', $4 = '1', $5 = '27'",,,,,,,,"","client backend"
2024-06-16 14:32:03.010 CST,"raingage","benchmark",15271,"127.0.0.1:45214",666e86a7.3ba7,422,"COMMIT",2024-06-16 14:31:03 CST,7/31,90705,LOG,00000,"execute S_2: COMMIT",,,,,,,,,"","client backend"
2024-06-16 14:32:03.030 CST,"raingage","benchmark",15271,"127.0.0.1:45214",666e86a7.3ba7,423,"BEGIN",2024-06-16 14:31:03 CST,7/32,0,LOG,00000,"execute S_3: BEGIN",,,,,,,,,"","client backend"
2024-06-16 14:32:03.042 CST,"raingage","benchmark",15271,"127.0.0.1:45214",666e86a7.3ba7,424,"SELECT",2024-06-16 14:31:03 CST,7/32,0,LOG,00000,"execute S_4: SELECT d_tax, d_next_o_id     FROM bmsql_district     WHERE d_w_id = $1 AND d_id = $2 ","parameters: $1 = '1', $2 = '1'",,,,,,,,"","client backend"
2024-06-16 14:32:03.081 CST,"raingage","benchmark",15272,"127.0.0.1:45216",666e86a7.3ba8,158,"SELECT",2024-06-16 14:31:03 CST,8/13,90706,LOG,00000,"execute S_1: SELECT c_discount, c_last, c_credit, w_tax     FROM bmsql_customer     JOIN bmsql_warehouse ON (w_id = c_w_id)     WHERE c_w_id = $1 AND c_d_id = $2 AND c_id = $3 FOR UPDATE","parameters: $1 = '1', $2 = '1', $3 = '5'",,,,,,,,"","client backend"
2024-06-16 14:32:03.114 CST,"raingage","benchmark",15271,"127.0.0.1:45214",666e86a7.3ba7,425,"SELECT",2024-06-16 14:31:03 CST,7/32,0,LOG,00000,"execute S_1: SELECT c_discount, c_last, c_credit, w_tax     FROM bmsql_customer     JOIN bmsql_warehouse ON (w_id = c_w_id)     WHERE c_w_id = $1 AND c_d_id = $2 AND c_id = $3 FOR UPDATE","parameters: $1 = '1', $2 = '1', $3 = '5'",,,,,,,,"","client backend"
2024-06-16 14:32:03.144 CST,"raingage","benchmark",15272,"127.0.0.1:45216",666e86a7.3ba8,159,"SELECT",2024-06-16 14:31:03 CST,8/13,90706,LOG,00000,"execute S_1: SELECT c_discount, c_last, c_credit, w_tax     FROM bmsql_customer     JOIN bmsql_warehouse ON (w_id = c_w_id)     WHERE c_w_id = $1 AND c_d_id = $2 AND c_id = $3 FOR UPDATE","parameters: $1 = '1', $2 = '1', $3 = '5'",,,,,,,,"","client backend"
2024-06-16 14:32:03.211 CST,"raingage","benchmark",15272,"127.0.0.1:45216",666e86a7.3ba8,160,"SELECT",2024-06-16 14:31:03 CST,8/13,90706,LOG,00000,"execute S_1: SELECT c_discount, c_last, c_credit, w_tax     FROM bmsql_customer     JOIN bmsql_warehouse ON (w_id = c_w_id)     WHERE c_w_id = $1 AND c_d_id = $2 AND c_id = $3 FOR UPDATE","parameters: $1 = '1', $2 = '1', $3 = '5'",,,,,,,,"","client backend"
2024-06-16 14:32:03.274 CST,"raingage","benchmark",15272,"127.0.0.1:45216",666e86a7.3ba8,161,"SELECT",2024-06-16 14:31:03 CST,8/13,90706,LOG,00000,"execute S_1: SELECT c_discount, c_last, c_credit, w_tax     FROM bmsql_customer     JOIN bmsql_warehouse ON (w_id = c_w_id)     WHERE c_w_id = $1 AND c_d_id = $2 AND c_id = $3 FOR UPDATE","parameters: $1 = '1', $2 = '1', $3 = '5'",,,,,,,,"","client backend"
2024-06-16 14:32:03.345 CST,"raingage","benchmark",15272,"127.0.0.1:45216",666e86a7.3ba8,162,"SELECT",2024-06-16 14:31:03 CST,8/13,90706,LOG,00000,"execute S_1: SELECT c_discount, c_last, c_credit, w_tax     FROM bmsql_customer     JOIN bmsql_warehouse ON (w_id = c_w_id)     WHERE c_w_id = $1 AND c_d_id = $2 AND c_id = $3 FOR UPDATE","parameters: $1 = '1', $2 = '1', $3 = '5'",,,,,,,,"","client backend"
2024-06-16 14:32:03.411 CST,"raingage","benchmark",15272,"127.0.0.1:45216",666e86a7.3ba8,163,"SELECT",2024-06-16 14:31:03 CST,8/13,90706,LOG,00000,"execute S_1: SELECT c_discount, c_last, c_credit, w_tax     FROM bmsql_customer     JOIN bmsql_warehouse ON (w_id = c_w_id)     WHERE c_w_id = $1 AND c_d_id = $2 AND c_id = $3 FOR UPDATE","parameters: $1 = '1', $2 = '1', $3 = '5'",,,,,,,,"","client backend"
2024-06-16 14:32:03.475 CST,"raingage","benchmark",15272,"127.0.0.1:45216",666e86a7.3ba8,164,"SELECT",2024-06-16 14:31:03 CST,8/13,90706,LOG,00000,"execute S_1: SELECT c_discount, c_last, c_credit, w_tax     FROM bmsql_customer     JOIN bmsql_warehouse ON (w_id = c_w_id)     WHERE c_w_id = $1 AND c_d_id = $2 AND c_id = $3 FOR UPDATE","parameters: $1 = '1', $2 = '1', $3 = '5'",,,,,,,,"","client backend"
2024-06-16 14:32:03.490 CST,"raingage","benchmark",15272,"127.0.0.1:45216",666e86a7.3ba8,165,"SELECT",2024-06-16 14:31:03 CST,8/13,90706,LOG,00000,"execute S_5: SELECT i_price, i_name, i_data     FROM bmsql_item     WHERE i_id = $1","parameters: $1 = '101'",,,,,,,,"","client backend"
2024-06-16 14:32:03.502 CST,"raingage","benchmark",15272,"127.0.0.1:45216",666e86a7.3ba8,166,"SELECT",2024-06-16 14:31:03 CST,8/13,90706,LOG,00000,"execute S_6: SELECT s_quantity, s_data,        s_dist_01, s_dist_02, s_dist_03, s_dist_04,        s_dist_05, s_dist_06, s_dist_07, s_dist_08,        s_dist_09, s_dist_10     FROM bmsql_stock     WHERE s_w_id = $1 AND s_i_id = $2  FOR UPDATE","parameters: $1 = '1', $2 = '101'",,,,,,,,"","client backend"
2024-06-16 14:32:03.517 CST,"raingage","benchmark",15272,"127.0.0.1:45216",666e86a7.3ba8,167,"UPDATE",2024-06-16 14:31:03 CST,8/13,90706,LOG,00000,"execute S_7: UPDATE bmsql_stock     SET s_quantity = $1, s_ytd = s_ytd + $2,         s_order_cnt = s_order_cnt + 1,         s_remote_cnt = s_remote_cnt + $3     WHERE s_w_id = $4 AND s_i_id = $5","parameters: $1 = '68', $2 = '2', $3 = '0', $4 = '1', $5 = '101'",,,,,,,,"","client backend"
2024-06-16 14:32:03.537 CST,"raingage","benchmark",15272,"127.0.0.1:45216",666e86a7.3ba8,168,"COMMIT",2024-06-16 14:31:03 CST,8/13,90706,LOG,00000,"execute S_2: COMMIT",,,,,,,,,"","client backend"
2024-06-16 14:32:03.558 CST,"raingage","benchmark",15272,"127.0.0.1:45216",666e86a7.3ba8,169,"BEGIN",2024-06-16 14:31:03 CST,8/14,0,LOG,00000,"execute S_3: BEGIN",,,,,,,,,"","client backend"
2024-06-16 14:32:03.573 CST,"raingage","benchmark",15272,"127.0.0.1:45216",666e86a7.3ba8,170,"SELECT",2024-06-16 14:31:03 CST,8/14,0,LOG,00000,"execute S_4: SELECT d_tax, d_next_o_id     FROM bmsql_district     WHERE d_w_id = $1 AND d_id = $2 ","parameters: $1 = '1', $2 = '3'",,,,,,,,"","client backend"
2024-06-16 14:32:03.607 CST,"raingage","benchmark",15270,"127.0.0.1:45212",666e86a6.3ba6,370,"SELECT",2024-06-16 14:31:02 CST,6/28,90707,LOG,00000,"execute S_1: SELECT c_discount, c_last, c_credit, w_tax     FROM bmsql_customer     JOIN bmsql_warehouse ON (w_id = c_w_id)     WHERE c_w_id = $1 AND c_d_id = $2 AND c_id = $3 FOR UPDATE","parameters: $1 = '1', $2 = '1', $3 = '49'",,,,,,,,"","client backend"
2024-06-16 14:32:03.644 CST,"raingage","benchmark",15272,"127.0.0.1:45216",666e86a7.3ba8,171,"SELECT",2024-06-16 14:31:03 CST,8/14,0,LOG,00000,"execute S_1: SELECT c_discount, c_last, c_credit, w_tax     FROM bmsql_customer     JOIN bmsql_warehouse ON (w_id = c_w_id)     WHERE c_w_id = $1 AND c_d_id = $2 AND c_id = $3 FOR UPDATE","parameters: $1 = '1', $2 = '3', $3 = '55'",,,,,,,,"","client backend"
2024-06-16 14:32:03.673 CST,"raingage","benchmark",15270,"127.0.0.1:45212",666e86a6.3ba6,371,"SELECT",2024-06-16 14:31:02 CST,6/28,90707,LOG,00000,"execute S_1: SELECT c_discount, c_last, c_credit, w_tax     FROM bmsql_customer     JOIN bmsql_warehouse ON (w_id = c_w_id)     WHERE c_w_id = $1 AND c_d_id = $2 AND c_id = $3 FOR UPDATE","parameters: $1 = '1', $2 = '1', $3 = '49'",,,,,,,,"","client backend"
2024-06-16 14:32:03.737 CST,"raingage","benchmark",15270,"127.0.0.1:45212",666e86a6.3ba6,372,"SELECT",2024-06-16 14:31:02 CST,6/28,90707,LOG,00000,"execute S_1: SELECT c_discount, c_last, c_credit, w_tax     FROM bmsql_customer     JOIN bmsql_warehouse ON (w_id = c_w_id)     WHERE c_w_id = $1 AND c_d_id = $2 AND c_id = $3 FOR UPDATE","parameters: $1 = '1', $2 = '1', $3 = '49'",,,,,,,,"","client backend"
2024-06-16 14:32:03.800 CST,"raingage","benchmark",15270,"127.0.0.1:45212",666e86a6.3ba6,373,"SELECT",2024-06-16 14:31:02 CST,6/28,90707,LOG,00000,"execute S_1: SELECT c_discount, c_last, c_credit, w_tax     FROM bmsql_customer     JOIN bmsql_warehouse ON (w_id = c_w_id)     WHERE c_w_id = $1 AND c_d_id = $2 AND c_id = $3 FOR UPDATE","parameters: $1 = '1', $2 = '1', $3 = '49'",,,,,,,,"","client backend"
2024-06-16 14:32:03.871 CST,"raingage","benchmark",15270,"127.0.0.1:45212",666e86a6.3ba6,374,"SELECT",2024-06-16 14:31:02 CST,6/28,90707,LOG,00000,"execute S_1: SELECT c_discount, c_last, c_credit, w_tax     FROM bmsql_customer     JOIN bmsql_warehouse ON (w_id = c_w_id)     WHERE c_w_id = $1 AND c_d_id = $2 AND c_id = $3 FOR UPDATE","parameters: $1 = '1', $2 = '1', $3 = '49'",,,,,,,,"","client backend"
2024-06-16 14:32:03.936 CST,"raingage","benchmark",15270,"127.0.0.1:45212",666e86a6.3ba6,375,"SELECT",2024-06-16 14:31:02 CST,6/28,90707,LOG,00000,"execute S_1: SELECT c_discount, c_last, c_credit, w_tax     FROM bmsql_customer     JOIN bmsql_warehouse ON (w_id = c_w_id)     WHERE c_w_id = $1 AND c_d_id = $2 AND c_id = $3 FOR UPDATE","parameters: $1 = '1', $2 = '1', $3 = '49'",,,,,,,,"","client backend"
2024-06-16 14:32:04.002 CST,"raingage","benchmark",15270,"127.0.0.1:45212",666e86a6.3ba6,376,"SELECT",2024-06-16 14:31:02 CST,6/28,90707,LOG,00000,"execute S_1: SELECT c_discount, c_last, c_credit, w_tax     FROM bmsql_customer     JOIN bmsql_warehouse ON (w_id = c_w_id)     WHERE c_w_id = $1 AND c_d_id = $2 AND c_id = $3 FOR UPDATE","parameters: $1 = '1', $2 = '1', $3 = '49'",,,,,,,,"","client backend"
2024-06-16 14:32:04.013 CST,"raingage","benchmark",15270,"127.0.0.1:45212",666e86a6.3ba6,377,"SELECT",2024-06-16 14:31:02 CST,6/28,90707,LOG,00000,"execute S_5: SELECT i_price, i_name, i_data     FROM bmsql_item     WHERE i_id = $1","parameters: $1 = '27'",,,,,,,,"","client backend"
2024-06-16 14:32:04.029 CST,"raingage","benchmark",15270,"127.0.0.1:45212",666e86a6.3ba6,378,"SELECT",2024-06-16 14:31:02 CST,6/28,90707,LOG,00000,"execute S_6: SELECT s_quantity, s_data,        s_dist_01, s_dist_02, s_dist_03, s_dist_04,        s_dist_05, s_dist_06, s_dist_07, s_dist_08,        s_dist_09, s_dist_10     FROM bmsql_stock     WHERE s_w_id = $1 AND s_i_id = $2  FOR UPDATE","parameters: $1 = '1', $2 = '27'",,,,,,,,"","client backend"
2024-06-16 14:32:04.049 CST,"raingage","benchmark",15270,"127.0.0.1:45212",666e86a6.3ba6,379,"UPDATE",2024-06-16 14:31:02 CST,6/28,90707,LOG,00000,"execute S_7: UPDATE bmsql_stock     SET s_quantity = $1, s_ytd = s_ytd + $2,         s_order_cnt = s_order_cnt + 1,         s_remote_cnt = s_remote_cnt + $3     WHERE s_w_id = $4 AND s_i_id = $5","parameters: $1 = '58', $2 = '6', $3 = '0', $4 = '1', $5 = '27'",,,,,,,,"","client backend"
2024-06-16 14:32:04.063 CST,"raingage","benchmark",15270,"127.0.0.1:45212",666e86a6.3ba6,380,"COMMIT",2024-06-16 14:31:02 CST,6/28,90707,LOG,00000,"execute S_2: COMMIT",,,,,,,,,"","client backend"
2024-06-16 14:32:04.077 CST,"raingage","benchmark",15270,"127.0.0.1:45212",666e86a6.3ba6,381,"BEGIN",2024-06-16 14:31:02 CST,6/29,0,LOG,00000,"execute S_3: BEGIN",,,,,,,,,"","client backend"
2024-06-16 14:32:04.090 CST,"raingage","benchmark",15270,"127.0.0.1:45212",666e86a6.3ba6,382,"SELECT",2024-06-16 14:31:02 CST,6/29,0,LOG,00000,"execute S_4: SELECT d_tax, d_next_o_id     FROM bmsql_district     WHERE d_w_id = $1 AND d_id = $2 ","parameters: $1 = '1', $2 = '3'",,,,,,,,"","client backend"
2024-06-16 14:32:04.137 CST,"raingage","benchmark",15271,"127.0.0.1:45214",666e86a7.3ba7,426,"SELECT",2024-06-16 14:31:03 CST,7/32,90708,LOG,00000,"execute S_1: SELECT c_discount, c_last, c_credit, w_tax     FROM bmsql_customer     JOIN bmsql_warehouse ON (w_id = c_w_id)     WHERE c_w_id = $1 AND c_d_id = $2 AND c_id = $3 FOR UPDATE","parameters: $1 = '1', $2 = '1', $3 = '5'",,,,,,,,"","client backend"
2024-06-16 14:32:04.153 CST,"raingage","benchmark",15270,"127.0.0.1:45212",666e86a6.3ba6,383,"SELECT",2024-06-16 14:31:02 CST,6/29,0,LOG,00000,"execute S_1: SELECT c_discount, c_last, c_credit, w_tax     FROM bmsql_customer     JOIN bmsql_warehouse ON (w_id = c_w_id)     WHERE c_w_id = $1 AND c_d_id = $2 AND c_id = $3 FOR UPDATE","parameters: $1 = '1', $2 = '3', $3 = '55'",,,,,,,,"","client backend"
2024-06-16 14:32:04.207 CST,"raingage","benchmark",15271,"127.0.0.1:45214",666e86a7.3ba7,427,"SELECT",2024-06-16 14:31:03 CST,7/32,90708,LOG,00000,"execute S_1: SELECT c_discount, c_last, c_credit, w_tax     FROM bmsql_customer     JOIN bmsql_warehouse ON (w_id = c_w_id)     WHERE c_w_id = $1 AND c_d_id = $2 AND c_id = $3 FOR UPDATE","parameters: $1 = '1', $2 = '1', $3 = '5'",,,,,,,,"","client backend"
2024-06-16 14:32:04.276 CST,"raingage","benchmark",15271,"127.0.0.1:45214",666e86a7.3ba7,428,"SELECT",2024-06-16 14:31:03 CST,7/32,90708,LOG,00000,"execute S_1: SELECT c_discount, c_last, c_credit, w_tax     FROM bmsql_customer     JOIN bmsql_warehouse ON (w_id = c_w_id)     WHERE c_w_id = $1 AND c_d_id = $2 AND c_id = $3 FOR UPDATE","parameters: $1 = '1', $2 = '1', $3 = '5'",,,,,,,,"","client backend"
2024-06-16 14:32:04.344 CST,"raingage","benchmark",15271,"127.0.0.1:45214",666e86a7.3ba7,429,"SELECT",2024-06-16 14:31:03 CST,7/32,90708,LOG,00000,"execute S_1: SELECT c_discount, c_last, c_credit, w_tax     FROM bmsql_customer     JOIN bmsql_warehouse ON (w_id = c_w_id)     WHERE c_w_id = $1 AND c_d_id = $2 AND c_id = $3 FOR UPDATE","parameters: $1 = '1', $2 = '1', $3 = '5'",,,,,,,,"","client backend"
2024-06-16 14:32:04.408 CST,"raingage","benchmark",15271,"127.0.0.1:45214",666e86a7.3ba7,430,"SELECT",2024-06-16 14:31:03 CST,7/32,90708,LOG,00000,"execute S_1: SELECT c_discount, c_last, c_credit, w_tax     FROM bmsql_customer     JOIN bmsql_warehouse ON (w_id = c_w_id)     WHERE c_w_id = $1 AND c_d_id = $2 AND c_id = $3 FOR UPDATE","parameters: $1 = '1', $2 = '1', $3 = '5'",,,,,,,,"","client backend"
2024-06-16 14:32:04.478 CST,"raingage","benchmark",15271,"127.0.0.1:45214",666e86a7.3ba7,431,"SELECT",2024-06-16 14:31:03 CST,7/32,90708,LOG,00000,"execute S_1: SELECT c_discount, c_last, c_credit, w_tax     FROM bmsql_customer     JOIN bmsql_warehouse ON (w_id = c_w_id)     WHERE c_w_id = $1 AND c_d_id = $2 AND c_id = $3 FOR UPDATE","parameters: $1 = '1', $2 = '1', $3 = '5'",,,,,,,,"","client backend"
2024-06-16 14:32:04.540 CST,"raingage","benchmark",15271,"127.0.0.1:45214",666e86a7.3ba7,432,"SELECT",2024-06-16 14:31:03 CST,7/32,90708,LOG,00000,"execute S_1: SELECT c_discount, c_last, c_credit, w_tax     FROM bmsql_customer     JOIN bmsql_warehouse ON (w_id = c_w_id)     WHERE c_w_id = $1 AND c_d_id = $2 AND c_id = $3 FOR UPDATE","parameters: $1 = '1', $2 = '1', $3 = '5'",,,,,,,,"","client backend"
2024-06-16 14:32:04.553 CST,"raingage","benchmark",15271,"127.0.0.1:45214",666e86a7.3ba7,433,"SELECT",2024-06-16 14:31:03 CST,7/32,90708,LOG,00000,"execute S_5: SELECT i_price, i_name, i_data     FROM bmsql_item     WHERE i_id = $1","parameters: $1 = '101'",,,,,,,,"","client backend"
2024-06-16 14:32:04.568 CST,"raingage","benchmark",15271,"127.0.0.1:45214",666e86a7.3ba7,434,"SELECT",2024-06-16 14:31:03 CST,7/32,90708,LOG,00000,"execute S_6: SELECT s_quantity, s_data,        s_dist_01, s_dist_02, s_dist_03, s_dist_04,        s_dist_05, s_dist_06, s_dist_07, s_dist_08,        s_dist_09, s_dist_10     FROM bmsql_stock     WHERE s_w_id = $1 AND s_i_id = $2  FOR UPDATE","parameters: $1 = '1', $2 = '101'",,,,,,,,"","client backend"
2024-06-16 14:32:04.582 CST,"raingage","benchmark",15271,"127.0.0.1:45214",666e86a7.3ba7,435,"UPDATE",2024-06-16 14:31:03 CST,7/32,90708,LOG,00000,"execute S_7: UPDATE bmsql_stock     SET s_quantity = $1, s_ytd = s_ytd + $2,         s_order_cnt = s_order_cnt + 1,         s_remote_cnt = s_remote_cnt + $3     WHERE s_w_id = $4 AND s_i_id = $5","parameters: $1 = '66', $2 = '2', $3 = '0', $4 = '1', $5 = '101'",,,,,,,,"","client backend"
2024-06-16 14:32:04.598 CST,"raingage","benchmark",15271,"127.0.0.1:45214",666e86a7.3ba7,436,"COMMIT",2024-06-16 14:31:03 CST,7/32,90708,LOG,00000,"execute S_2: COMMIT",,,,,,,,,"","client backend"
2024-06-16 14:32:04.613 CST,"raingage","benchmark",15271,"127.0.0.1:45214",666e86a7.3ba7,437,"BEGIN",2024-06-16 14:31:03 CST,7/33,0,LOG,00000,"execute S_3: BEGIN",,,,,,,,,"","client backend"
2024-06-16 14:32:04.628 CST,"raingage","benchmark",15271,"127.0.0.1:45214",666e86a7.3ba7,438,"SELECT",2024-06-16 14:31:03 CST,7/33,0,LOG,00000,"execute S_4: SELECT d_tax, d_next_o_id     FROM bmsql_district     WHERE d_w_id = $1 AND d_id = $2 ","parameters: $1 = '1', $2 = '3'",,,,,,,,"","client backend"
2024-06-16 14:32:04.669 CST,"raingage","benchmark",15272,"127.0.0.1:45216",666e86a7.3ba8,172,"SELECT",2024-06-16 14:31:03 CST,8/14,90709,LOG,00000,"execute S_1: SELECT c_discount, c_last, c_credit, w_tax     FROM bmsql_customer     JOIN bmsql_warehouse ON (w_id = c_w_id)     WHERE c_w_id = $1 AND c_d_id = $2 AND c_id = $3 FOR UPDATE","parameters: $1 = '1', $2 = '3', $3 = '55'",,,,,,,,"","client backend"
2024-06-16 14:32:04.700 CST,"raingage","benchmark",15271,"127.0.0.1:45214",666e86a7.3ba7,439,"SELECT",2024-06-16 14:31:03 CST,7/33,0,LOG,00000,"execute S_1: SELECT c_discount, c_last, c_credit, w_tax     FROM bmsql_customer     JOIN bmsql_warehouse ON (w_id = c_w_id)     WHERE c_w_id = $1 AND c_d_id = $2 AND c_id = $3 FOR UPDATE","parameters: $1 = '1', $2 = '3', $3 = '42'",,,,,,,,"","client backend"
2024-06-16 14:32:04.733 CST,"raingage","benchmark",15272,"127.0.0.1:45216",666e86a7.3ba8,173,"SELECT",2024-06-16 14:31:03 CST,8/14,90709,LOG,00000,"execute S_1: SELECT c_discount, c_last, c_credit, w_tax     FROM bmsql_customer     JOIN bmsql_warehouse ON (w_id = c_w_id)     WHERE c_w_id = $1 AND c_d_id = $2 AND c_id = $3 FOR UPDATE","parameters: $1 = '1', $2 = '3', $3 = '55'",,,,,,,,"","client backend"
2024-06-16 14:32:04.801 CST,"raingage","benchmark",15272,"127.0.0.1:45216",666e86a7.3ba8,174,"SELECT",2024-06-16 14:31:03 CST,8/14,90709,LOG,00000,"execute S_1: SELECT c_discount, c_last, c_credit, w_tax     FROM bmsql_customer     JOIN bmsql_warehouse ON (w_id = c_w_id)     WHERE c_w_id = $1 AND c_d_id = $2 AND c_id = $3 FOR UPDATE","parameters: $1 = '1', $2 = '3', $3 = '55'",,,,,,,,"","client backend"
2024-06-16 14:32:04.871 CST,"raingage","benchmark",15272,"127.0.0.1:45216",666e86a7.3ba8,175,"SELECT",2024-06-16 14:31:03 CST,8/14,90709,LOG,00000,"execute S_1: SELECT c_discount, c_last, c_credit, w_tax     FROM bmsql_customer     JOIN bmsql_warehouse ON (w_id = c_w_id)     WHERE c_w_id = $1 AND c_d_id = $2 AND c_id = $3 FOR UPDATE","parameters: $1 = '1', $2 = '3', $3 = '55'",,,,,,,,"","client backend"
2024-06-16 14:32:04.942 CST,"raingage","benchmark",15272,"127.0.0.1:45216",666e86a7.3ba8,176,"SELECT",2024-06-16 14:31:03 CST,8/14,90709,LOG,00000,"execute S_1: SELECT c_discount, c_last, c_credit, w_tax     FROM bmsql_customer     JOIN bmsql_warehouse ON (w_id = c_w_id)     WHERE c_w_id = $1 AND c_d_id = $2 AND c_id = $3 FOR UPDATE","parameters: $1 = '1', $2 = '3', $3 = '55'",,,,,,,,"","client backend"
2024-06-16 14:32:05.011 CST,"raingage","benchmark",15272,"127.0.0.1:45216",666e86a7.3ba8,177,"SELECT",2024-06-16 14:31:03 CST,8/14,90709,LOG,00000,"execute S_1: SELECT c_discount, c_last, c_credit, w_tax     FROM bmsql_customer     JOIN bmsql_warehouse ON (w_id = c_w_id)     WHERE c_w_id = $1 AND c_d_id = $2 AND c_id = $3 FOR UPDATE","parameters: $1 = '1', $2 = '3', $3 = '55'",,,,,,,,"","client backend"
2024-06-16 14:32:05.066 CST,"raingage","benchmark",15272,"127.0.0.1:45216",666e86a7.3ba8,178,"SELECT",2024-06-16 14:31:03 CST,8/14,90709,LOG,00000,"execute S_1: SELECT c_discount, c_last, c_credit, w_tax     FROM bmsql_customer     JOIN bmsql_warehouse ON (w_id = c_w_id)     WHERE c_w_id = $1 AND c_d_id = $2 AND c_id = $3 FOR UPDATE","parameters: $1 = '1', $2 = '3', $3 = '55'",,,,,,,,"","client backend"
2024-06-16 14:32:05.087 CST,"raingage","benchmark",15272,"127.0.0.1:45216",666e86a7.3ba8,179,"SELECT",2024-06-16 14:31:03 CST,8/14,90709,LOG,00000,"execute S_5: SELECT i_price, i_name, i_data     FROM bmsql_item     WHERE i_id = $1","parameters: $1 = '104'",,,,,,,,"","client backend"
2024-06-16 14:32:05.101 CST,"raingage","benchmark",15272,"127.0.0.1:45216",666e86a7.3ba8,180,"SELECT",2024-06-16 14:31:03 CST,8/14,90709,LOG,00000,"execute S_6: SELECT s_quantity, s_data,        s_dist_01, s_dist_02, s_dist_03, s_dist_04,        s_dist_05, s_dist_06, s_dist_07, s_dist_08,        s_dist_09, s_dist_10     FROM bmsql_stock     WHERE s_w_id = $1 AND s_i_id = $2  FOR UPDATE","parameters: $1 = '1', $2 = '104'",,,,,,,,"","client backend"
2024-06-16 14:32:05.120 CST,"raingage","benchmark",15272,"127.0.0.1:45216",666e86a7.3ba8,181,"UPDATE",2024-06-16 14:31:03 CST,8/14,90709,LOG,00000,"execute S_7: UPDATE bmsql_stock     SET s_quantity = $1, s_ytd = s_ytd + $2,         s_order_cnt = s_order_cnt + 1,         s_remote_cnt = s_remote_cnt + $3     WHERE s_w_id = $4 AND s_i_id = $5","parameters: $1 = '86', $2 = '6', $3 = '0', $4 = '1', $5 = '104'",,,,,,,,"","client backend"
2024-06-16 14:32:05.140 CST,"raingage","benchmark",15272,"127.0.0.1:45216",666e86a7.3ba8,182,"COMMIT",2024-06-16 14:31:03 CST,8/14,90709,LOG,00000,"execute S_2: COMMIT",,,,,,,,,"","client backend"
2024-06-16 14:32:05.162 CST,"raingage","benchmark",15272,"127.0.0.1:45216",666e86a7.3ba8,183,"BEGIN",2024-06-16 14:31:03 CST,8/15,0,LOG,00000,"execute S_3: BEGIN",,,,,,,,,"","client backend"
2024-06-16 14:32:05.175 CST,"raingage","benchmark",15272,"127.0.0.1:45216",666e86a7.3ba8,184,"SELECT",2024-06-16 14:31:03 CST,8/15,0,LOG,00000,"execute S_4: SELECT d_tax, d_next_o_id     FROM bmsql_district     WHERE d_w_id = $1 AND d_id = $2 ","parameters: $1 = '1', $2 = '3'",,,,,,,,"","client backend"
2024-06-16 14:32:05.208 CST,"raingage","benchmark",15270,"127.0.0.1:45212",666e86a6.3ba6,384,"SELECT",2024-06-16 14:31:02 CST,6/29,90711,LOG,00000,"execute S_1: SELECT c_discount, c_last, c_credit, w_tax     FROM bmsql_customer     JOIN bmsql_warehouse ON (w_id = c_w_id)     WHERE c_w_id = $1 AND c_d_id = $2 AND c_id = $3 FOR UPDATE","parameters: $1 = '1', $2 = '3', $3 = '55'",,,,,,,,"","client backend"
2024-06-16 14:32:05.242 CST,"raingage","benchmark",15272,"127.0.0.1:45216",666e86a7.3ba8,185,"SELECT",2024-06-16 14:31:03 CST,8/15,0,LOG,00000,"execute S_1: SELECT c_discount, c_last, c_credit, w_tax     FROM bmsql_customer     JOIN bmsql_warehouse ON (w_id = c_w_id)     WHERE c_w_id = $1 AND c_d_id = $2 AND c_id = $3 FOR UPDATE","parameters: $1 = '1', $2 = '3', $3 = '42'",,,,,,,,"","client backend"
2024-06-16 14:32:05.276 CST,"raingage","benchmark",15270,"127.0.0.1:45212",666e86a6.3ba6,385,"SELECT",2024-06-16 14:31:02 CST,6/29,90711,LOG,00000,"execute S_1: SELECT c_discount, c_last, c_credit, w_tax     FROM bmsql_customer     JOIN bmsql_warehouse ON (w_id = c_w_id)     WHERE c_w_id = $1 AND c_d_id = $2 AND c_id = $3 FOR UPDATE","parameters: $1 = '1', $2 = '3', $3 = '55'",,,,,,,,"","client backend"
2024-06-16 14:32:05.339 CST,"raingage","benchmark",15270,"127.0.0.1:45212",666e86a6.3ba6,386,"SELECT",2024-06-16 14:31:02 CST,6/29,90711,LOG,00000,"execute S_1: SELECT c_discount, c_last, c_credit, w_tax     FROM bmsql_customer     JOIN bmsql_warehouse ON (w_id = c_w_id)     WHERE c_w_id = $1 AND c_d_id = $2 AND c_id = $3 FOR UPDATE","parameters: $1 = '1', $2 = '3', $3 = '55'",,,,,,,,"","client backend"
2024-06-16 14:32:05.409 CST,"raingage","benchmark",15270,"127.0.0.1:45212",666e86a6.3ba6,387,"SELECT",2024-06-16 14:31:02 CST,6/29,90711,LOG,00000,"execute S_1: SELECT c_discount, c_last, c_credit, w_tax     FROM bmsql_customer     JOIN bmsql_warehouse ON (w_id = c_w_id)     WHERE c_w_id = $1 AND c_d_id = $2 AND c_id = $3 FOR UPDATE","parameters: $1 = '1', $2 = '3', $3 = '55'",,,,,,,,"","client backend"
2024-06-16 14:32:05.473 CST,"raingage","benchmark",15270,"127.0.0.1:45212",666e86a6.3ba6,388,"SELECT",2024-06-16 14:31:02 CST,6/29,90711,LOG,00000,"execute S_1: SELECT c_discount, c_last, c_credit, w_tax     FROM bmsql_customer     JOIN bmsql_warehouse ON (w_id = c_w_id)     WHERE c_w_id = $1 AND c_d_id = $2 AND c_id = $3 FOR UPDATE","parameters: $1 = '1', $2 = '3', $3 = '55'",,,,,,,,"","client backend"
2024-06-16 14:32:05.540 CST,"raingage","benchmark",15270,"127.0.0.1:45212",666e86a6.3ba6,389,"SELECT",2024-06-16 14:31:02 CST,6/29,90711,LOG,00000,"execute S_1: SELECT c_discount, c_last, c_credit, w_tax     FROM bmsql_customer     JOIN bmsql_warehouse ON (w_id = c_w_id)     WHERE c_w_id = $1 AND c_d_id = $2 AND c_id = $3 FOR UPDATE","parameters: $1 = '1', $2 = '3', $3 = '55'",,,,,,,,"","client backend"
2024-06-16 14:32:05.602 CST,"raingage","benchmark",15270,"127.0.0.1:45212",666e86a6.3ba6,390,"SELECT",2024-06-16 14:31:02 CST,6/29,90711,LOG,00000,"execute S_1: SELECT c_discount, c_last, c_credit, w_tax     FROM bmsql_customer     JOIN bmsql_warehouse ON (w_id = c_w_id)     WHERE c_w_id = $1 AND c_d_id = $2 AND c_id = $3 FOR UPDATE","parameters: $1 = '1', $2 = '3', $3 = '55'",,,,,,,,"","client backend"
2024-06-16 14:32:05.614 CST,"raingage","benchmark",15270,"127.0.0.1:45212",666e86a6.3ba6,391,"SELECT",2024-06-16 14:31:02 CST,6/29,90711,LOG,00000,"execute S_5: SELECT i_price, i_name, i_data     FROM bmsql_item     WHERE i_id = $1","parameters: $1 = '104'",,,,,,,,"","client backend"
2024-06-16 14:32:05.626 CST,"raingage","benchmark",15270,"127.0.0.1:45212",666e86a6.3ba6,392,"SELECT",2024-06-16 14:31:02 CST,6/29,90711,LOG,00000,"execute S_6: SELECT s_quantity, s_data,        s_dist_01, s_dist_02, s_dist_03, s_dist_04,        s_dist_05, s_dist_06, s_dist_07, s_dist_08,        s_dist_09, s_dist_10     FROM bmsql_stock     WHERE s_w_id = $1 AND s_i_id = $2  FOR UPDATE","parameters: $1 = '1', $2 = '104'",,,,,,,,"","client backend"
2024-06-16 14:32:05.643 CST,"raingage","benchmark",15270,"127.0.0.1:45212",666e86a6.3ba6,393,"UPDATE",2024-06-16 14:31:02 CST,6/29,90711,LOG,00000,"execute S_7: UPDATE bmsql_stock     SET s_quantity = $1, s_ytd = s_ytd + $2,         s_order_cnt = s_order_cnt + 1,         s_remote_cnt = s_remote_cnt + $3     WHERE s_w_id = $4 AND s_i_id = $5","parameters: $1 = '80', $2 = '6', $3 = '0', $4 = '1', $5 = '104'",,,,,,,,"","client backend"
2024-06-16 14:32:05.663 CST,"raingage","benchmark",15270,"127.0.0.1:45212",666e86a6.3ba6,394,"COMMIT",2024-06-16 14:31:02 CST,6/29,90711,LOG,00000,"execute S_2: COMMIT",,,,,,,,,"","client backend"
2024-06-16 14:32:05.736 CST,"raingage","benchmark",15271,"127.0.0.1:45214",666e86a7.3ba7,440,"SELECT",2024-06-16 14:31:03 CST,7/33,90710,LOG,00000,"execute S_1: SELECT c_discount, c_last, c_credit, w_tax     FROM bmsql_customer     JOIN bmsql_warehouse ON (w_id = c_w_id)     WHERE c_w_id = $1 AND c_d_id = $2 AND c_id = $3 FOR UPDATE","parameters: $1 = '1', $2 = '3', $3 = '42'",,,,,,,,"","client backend"
2024-06-16 14:32:05.806 CST,"raingage","benchmark",15271,"127.0.0.1:45214",666e86a7.3ba7,441,"SELECT",2024-06-16 14:31:03 CST,7/33,90710,LOG,00000,"execute S_1: SELECT c_discount, c_last, c_credit, w_tax     FROM bmsql_customer     JOIN bmsql_warehouse ON (w_id = c_w_id)     WHERE c_w_id = $1 AND c_d_id = $2 AND c_id = $3 FOR UPDATE","parameters: $1 = '1', $2 = '3', $3 = '42'",,,,,,,,"","client backend"
2024-06-16 14:32:05.871 CST,"raingage","benchmark",15271,"127.0.0.1:45214",666e86a7.3ba7,442,"SELECT",2024-06-16 14:31:03 CST,7/33,90710,LOG,00000,"execute S_1: SELECT c_discount, c_last, c_credit, w_tax     FROM bmsql_customer     JOIN bmsql_warehouse ON (w_id = c_w_id)     WHERE c_w_id = $1 AND c_d_id = $2 AND c_id = $3 FOR UPDATE","parameters: $1 = '1', $2 = '3', $3 = '42'",,,,,,,,"","client backend"
2024-06-16 14:32:05.936 CST,"raingage","benchmark",15271,"127.0.0.1:45214",666e86a7.3ba7,443,"SELECT",2024-06-16 14:31:03 CST,7/33,90710,LOG,00000,"execute S_1: SELECT c_discount, c_last, c_credit, w_tax     FROM bmsql_customer     JOIN bmsql_warehouse ON (w_id = c_w_id)     WHERE c_w_id = $1 AND c_d_id = $2 AND c_id = $3 FOR UPDATE","parameters: $1 = '1', $2 = '3', $3 = '42'",,,,,,,,"","client backend"
2024-06-16 14:32:06.000 CST,"raingage","benchmark",15271,"127.0.0.1:45214",666e86a7.3ba7,444,"SELECT",2024-06-16 14:31:03 CST,7/33,90710,LOG,00000,"execute S_1: SELECT c_discount, c_last, c_credit, w_tax     FROM bmsql_customer     JOIN bmsql_warehouse ON (w_id = c_w_id)     WHERE c_w_id = $1 AND c_d_id = $2 AND c_id = $3 FOR UPDATE","parameters: $1 = '1', $2 = '3', $3 = '42'",,,,,,,,"","client backend"
2024-06-16 14:32:06.073 CST,"raingage","benchmark",15271,"127.0.0.1:45214",666e86a7.3ba7,445,"SELECT",2024-06-16 14:31:03 CST,7/33,90710,LOG,00000,"execute S_1: SELECT c_discount, c_last, c_credit, w_tax     FROM bmsql_customer     JOIN bmsql_warehouse ON (w_id = c_w_id)     WHERE c_w_id = $1 AND c_d_id = $2 AND c_id = $3 FOR UPDATE","parameters: $1 = '1', $2 = '3', $3 = '42'",,,,,,,,"","client backend"
2024-06-16 14:32:06.142 CST,"raingage","benchmark",15271,"127.0.0.1:45214",666e86a7.3ba7,446,"SELECT",2024-06-16 14:31:03 CST,7/33,90710,LOG,00000,"execute S_1: SELECT c_discount, c_last, c_credit, w_tax     FROM bmsql_customer     JOIN bmsql_warehouse ON (w_id = c_w_id)     WHERE c_w_id = $1 AND c_d_id = $2 AND c_id = $3 FOR UPDATE","parameters: $1 = '1', $2 = '3', $3 = '42'",,,,,,,,"","client backend"
2024-06-16 14:32:06.156 CST,"raingage","benchmark",15271,"127.0.0.1:45214",666e86a7.3ba7,447,"SELECT",2024-06-16 14:31:03 CST,7/33,90710,LOG,00000,"execute S_5: SELECT i_price, i_name, i_data     FROM bmsql_item     WHERE i_id = $1","parameters: $1 = '33'",,,,,,,,"","client backend"
2024-06-16 14:32:06.174 CST,"raingage","benchmark",15271,"127.0.0.1:45214",666e86a7.3ba7,448,"SELECT",2024-06-16 14:31:03 CST,7/33,90710,LOG,00000,"execute S_6: SELECT s_quantity, s_data,        s_dist_01, s_dist_02, s_dist_03, s_dist_04,        s_dist_05, s_dist_06, s_dist_07, s_dist_08,        s_dist_09, s_dist_10     FROM bmsql_stock     WHERE s_w_id = $1 AND s_i_id = $2  FOR UPDATE","parameters: $1 = '1', $2 = '33'",,,,,,,,"","client backend"
2024-06-16 14:32:06.193 CST,"raingage","benchmark",15271,"127.0.0.1:45214",666e86a7.3ba7,449,"UPDATE",2024-06-16 14:31:03 CST,7/33,90710,LOG,00000,"execute S_7: UPDATE bmsql_stock     SET s_quantity = $1, s_ytd = s_ytd + $2,         s_order_cnt = s_order_cnt + 1,         s_remote_cnt = s_remote_cnt + $3     WHERE s_w_id = $4 AND s_i_id = $5","parameters: $1 = '52', $2 = '5', $3 = '0', $4 = '1', $5 = '33'",,,,,,,,"","client backend"
2024-06-16 14:32:06.207 CST,"raingage","benchmark",15271,"127.0.0.1:45214",666e86a7.3ba7,450,"COMMIT",2024-06-16 14:31:03 CST,7/33,90710,LOG,00000,"execute S_2: COMMIT",,,,,,,,,"","client backend"
2024-06-16 14:32:06.221 CST,"raingage","benchmark",15271,"127.0.0.1:45214",666e86a7.3ba7,451,"BEGIN",2024-06-16 14:31:03 CST,7/34,0,LOG,00000,"execute S_3: BEGIN",,,,,,,,,"","client backend"
2024-06-16 14:32:06.232 CST,"raingage","benchmark",15271,"127.0.0.1:45214",666e86a7.3ba7,452,"SELECT",2024-06-16 14:31:03 CST,7/34,0,LOG,00000,"execute S_4: SELECT d_tax, d_next_o_id     FROM bmsql_district     WHERE d_w_id = $1 AND d_id = $2 ","parameters: $1 = '1', $2 = '2'",,,,,,,,"","client backend"
2024-06-16 14:32:06.279 CST,"raingage","benchmark",15272,"127.0.0.1:45216",666e86a7.3ba8,186,"SELECT",2024-06-16 14:31:03 CST,8/15,90712,LOG,00000,"execute S_1: SELECT c_discount, c_last, c_credit, w_tax     FROM bmsql_customer     JOIN bmsql_warehouse ON (w_id = c_w_id)     WHERE c_w_id = $1 AND c_d_id = $2 AND c_id = $3 FOR UPDATE","parameters: $1 = '1', $2 = '3', $3 = '42'",,,,,,,,"","client backend"
2024-06-16 14:32:06.294 CST,"raingage","benchmark",15271,"127.0.0.1:45214",666e86a7.3ba7,453,"SELECT",2024-06-16 14:31:03 CST,7/34,0,LOG,00000,"execute S_1: SELECT c_discount, c_last, c_credit, w_tax     FROM bmsql_customer     JOIN bmsql_warehouse ON (w_id = c_w_id)     WHERE c_w_id = $1 AND c_d_id = $2 AND c_id = $3 FOR UPDATE","parameters: $1 = '1', $2 = '2', $3 = '89'",,,,,,,,"","client backend"
2024-06-16 14:32:06.342 CST,"raingage","benchmark",15272,"127.0.0.1:45216",666e86a7.3ba8,187,"SELECT",2024-06-16 14:31:03 CST,8/15,90712,LOG,00000,"execute S_1: SELECT c_discount, c_last, c_credit, w_tax     FROM bmsql_customer     JOIN bmsql_warehouse ON (w_id = c_w_id)     WHERE c_w_id = $1 AND c_d_id = $2 AND c_id = $3 FOR UPDATE","parameters: $1 = '1', $2 = '3', $3 = '42'",,,,,,,,"","client backend"
2024-06-16 14:32:06.409 CST,"raingage","benchmark",15272,"127.0.0.1:45216",666e86a7.3ba8,188,"SELECT",2024-06-16 14:31:03 CST,8/15,90712,LOG,00000,"execute S_1: SELECT c_discount, c_last, c_credit, w_tax     FROM bmsql_customer     JOIN bmsql_warehouse ON (w_id = c_w_id)     WHERE c_w_id = $1 AND c_d_id = $2 AND c_id = $3 FOR UPDATE","parameters: $1 = '1', $2 = '3', $3 = '42'",,,,,,,,"","client backend"
2024-06-16 14:32:06.478 CST,"raingage","benchmark",15272,"127.0.0.1:45216",666e86a7.3ba8,189,"SELECT",2024-06-16 14:31:03 CST,8/15,90712,LOG,00000,"execute S_1: SELECT c_discount, c_last, c_credit, w_tax     FROM bmsql_customer     JOIN bmsql_warehouse ON (w_id = c_w_id)     WHERE c_w_id = $1 AND c_d_id = $2 AND c_id = $3 FOR UPDATE","parameters: $1 = '1', $2 = '3', $3 = '42'",,,,,,,,"","client backend"
2024-06-16 14:32:06.540 CST,"raingage","benchmark",15272,"127.0.0.1:45216",666e86a7.3ba8,190,"SELECT",2024-06-16 14:31:03 CST,8/15,90712,LOG,00000,"execute S_1: SELECT c_discount, c_last, c_credit, w_tax     FROM bmsql_customer     JOIN bmsql_warehouse ON (w_id = c_w_id)     WHERE c_w_id = $1 AND c_d_id = $2 AND c_id = $3 FOR UPDATE","parameters: $1 = '1', $2 = '3', $3 = '42'",,,,,,,,"","client backend"
2024-06-16 14:32:06.603 CST,"raingage","benchmark",15272,"127.0.0.1:45216",666e86a7.3ba8,191,"SELECT",2024-06-16 14:31:03 CST,8/15,90712,LOG,00000,"execute S_1: SELECT c_discount, c_last, c_credit, w_tax     FROM bmsql_customer     JOIN bmsql_warehouse ON (w_id = c_w_id)     WHERE c_w_id = $1 AND c_d_id = $2 AND c_id = $3 FOR UPDATE","parameters: $1 = '1', $2 = '3', $3 = '42'",,,,,,,,"","client backend"
2024-06-16 14:32:06.672 CST,"raingage","benchmark",15272,"127.0.0.1:45216",666e86a7.3ba8,192,"SELECT",2024-06-16 14:31:03 CST,8/15,90712,LOG,00000,"execute S_1: SELECT c_discount, c_last, c_credit, w_tax     FROM bmsql_customer     JOIN bmsql_warehouse ON (w_id = c_w_id)     WHERE c_w_id = $1 AND c_d_id = $2 AND c_id = $3 FOR UPDATE","parameters: $1 = '1', $2 = '3', $3 = '42'",,,,,,,,"","client backend"
2024-06-16 14:32:06.692 CST,"raingage","benchmark",15272,"127.0.0.1:45216",666e86a7.3ba8,193,"SELECT",2024-06-16 14:31:03 CST,8/15,90712,LOG,00000,"execute S_5: SELECT i_price, i_name, i_data     FROM bmsql_item     WHERE i_id = $1","parameters: $1 = '33'",,,,,,,,"","client backend"
2024-06-16 14:32:06.709 CST,"raingage","benchmark",15272,"127.0.0.1:45216",666e86a7.3ba8,194,"SELECT",2024-06-16 14:31:03 CST,8/15,90712,LOG,00000,"execute S_6: SELECT s_quantity, s_data,        s_dist_01, s_dist_02, s_dist_03, s_dist_04,        s_dist_05, s_dist_06, s_dist_07, s_dist_08,        s_dist_09, s_dist_10     FROM bmsql_stock     WHERE s_w_id = $1 AND s_i_id = $2  FOR UPDATE","parameters: $1 = '1', $2 = '33'",,,,,,,,"","client backend"
2024-06-16 14:32:06.721 CST,"raingage","benchmark",15272,"127.0.0.1:45216",666e86a7.3ba8,195,"UPDATE",2024-06-16 14:31:03 CST,8/15,90712,LOG,00000,"execute S_7: UPDATE bmsql_stock     SET s_quantity = $1, s_ytd = s_ytd + $2,         s_order_cnt = s_order_cnt + 1,         s_remote_cnt = s_remote_cnt + $3     WHERE s_w_id = $4 AND s_i_id = $5","parameters: $1 = '47', $2 = '5', $3 = '0', $4 = '1', $5 = '33'",,,,,,,,"","client backend"
2024-06-16 14:32:06.735 CST,"raingage","benchmark",15272,"127.0.0.1:45216",666e86a7.3ba8,196,"COMMIT",2024-06-16 14:31:03 CST,8/15,90712,LOG,00000,"execute S_2: COMMIT",,,,,,,,,"","client backend"
2024-06-16 14:32:06.755 CST,"raingage","benchmark",15272,"127.0.0.1:45216",666e86a7.3ba8,197,"BEGIN",2024-06-16 14:31:03 CST,8/16,0,LOG,00000,"execute S_3: BEGIN",,,,,,,,,"","client backend"
2024-06-16 14:32:06.772 CST,"raingage","benchmark",15272,"127.0.0.1:45216",666e86a7.3ba8,198,"SELECT",2024-06-16 14:31:03 CST,8/16,0,LOG,00000,"execute S_4: SELECT d_tax, d_next_o_id     FROM bmsql_district     WHERE d_w_id = $1 AND d_id = $2 ","parameters: $1 = '1', $2 = '1'",,,,,,,,"","client backend"
2024-06-16 14:32:06.808 CST,"raingage","benchmark",15271,"127.0.0.1:45214",666e86a7.3ba7,454,"SELECT",2024-06-16 14:31:03 CST,7/34,90713,LOG,00000,"execute S_1: SELECT c_discount, c_last, c_credit, w_tax     FROM bmsql_customer     JOIN bmsql_warehouse ON (w_id = c_w_id)     WHERE c_w_id = $1 AND c_d_id = $2 AND c_id = $3 FOR UPDATE","parameters: $1 = '1', $2 = '2', $3 = '89'",,,,,,,,"","client backend"
2024-06-16 14:32:06.834 CST,"raingage","benchmark",15272,"127.0.0.1:45216",666e86a7.3ba8,199,"SELECT",2024-06-16 14:31:03 CST,8/16,0,LOG,00000,"execute S_1: SELECT c_discount, c_last, c_credit, w_tax     FROM bmsql_customer     JOIN bmsql_warehouse ON (w_id = c_w_id)     WHERE c_w_id = $1 AND c_d_id = $2 AND c_id = $3 FOR UPDATE","parameters: $1 = '1', $2 = '1', $3 = '68'",,,,,,,,"","client backend"
2024-06-16 14:32:06.874 CST,"raingage","benchmark",15271,"127.0.0.1:45214",666e86a7.3ba7,455,"SELECT",2024-06-16 14:31:03 CST,7/34,90713,LOG,00000,"execute S_1: SELECT c_discount, c_last, c_credit, w_tax     FROM bmsql_customer     JOIN bmsql_warehouse ON (w_id = c_w_id)     WHERE c_w_id = $1 AND c_d_id = $2 AND c_id = $3 FOR UPDATE","parameters: $1 = '1', $2 = '2', $3 = '89'",,,,,,,,"","client backend"
2024-06-16 14:32:06.937 CST,"raingage","benchmark",15271,"127.0.0.1:45214",666e86a7.3ba7,456,"SELECT",2024-06-16 14:31:03 CST,7/34,90713,LOG,00000,"execute S_1: SELECT c_discount, c_last, c_credit, w_tax     FROM bmsql_customer     JOIN bmsql_warehouse ON (w_id = c_w_id)     WHERE c_w_id = $1 AND c_d_id = $2 AND c_id = $3 FOR UPDATE","parameters: $1 = '1', $2 = '2', $3 = '89'",,,,,,,,"","client backend"
2024-06-16 14:32:07.007 CST,"raingage","benchmark",15271,"127.0.0.1:45214",666e86a7.3ba7,457,"SELECT",2024-06-16 14:31:03 CST,7/34,90713,LOG,00000,"execute S_1: SELECT c_discount, c_last, c_credit, w_tax     FROM bmsql_customer     JOIN bmsql_warehouse ON (w_id = c_w_id)     WHERE c_w_id = $1 AND c_d_id = $2 AND c_id = $3 FOR UPDATE","parameters: $1 = '1', $2 = '2', $3 = '89'",,,,,,,,"","client backend"
2024-06-16 14:32:07.072 CST,"raingage","benchmark",15271,"127.0.0.1:45214",666e86a7.3ba7,458,"SELECT",2024-06-16 14:31:03 CST,7/34,90713,LOG,00000,"execute S_1: SELECT c_discount, c_last, c_credit, w_tax     FROM bmsql_customer     JOIN bmsql_warehouse ON (w_id = c_w_id)     WHERE c_w_id = $1 AND c_d_id = $2 AND c_id = $3 FOR UPDATE","parameters: $1 = '1', $2 = '2', $3 = '89'",,,,,,,,"","client backend"
2024-06-16 14:32:07.142 CST,"raingage","benchmark",15271,"127.0.0.1:45214",666e86a7.3ba7,459,"SELECT",2024-06-16 14:31:03 CST,7/34,90713,LOG,00000,"execute S_1: SELECT c_discount, c_last, c_credit, w_tax     FROM bmsql_customer     JOIN bmsql_warehouse ON (w_id = c_w_id)     WHERE c_w_id = $1 AND c_d_id = $2 AND c_id = $3 FOR UPDATE","parameters: $1 = '1', $2 = '2', $3 = '89'",,,,,,,,"","client backend"
2024-06-16 14:32:07.209 CST,"raingage","benchmark",15271,"127.0.0.1:45214",666e86a7.3ba7,460,"SELECT",2024-06-16 14:31:03 CST,7/34,90713,LOG,00000,"execute S_1: SELECT c_discount, c_last, c_credit, w_tax     FROM bmsql_customer     JOIN bmsql_warehouse ON (w_id = c_w_id)     WHERE c_w_id = $1 AND c_d_id = $2 AND c_id = $3 FOR UPDATE","parameters: $1 = '1', $2 = '2', $3 = '89'",,,,,,,,"","client backend"
2024-06-16 14:32:07.226 CST,"raingage","benchmark",15271,"127.0.0.1:45214",666e86a7.3ba7,461,"SELECT",2024-06-16 14:31:03 CST,7/34,90713,LOG,00000,"execute S_5: SELECT i_price, i_name, i_data     FROM bmsql_item     WHERE i_id = $1","parameters: $1 = '88'",,,,,,,,"","client backend"
2024-06-16 14:32:07.244 CST,"raingage","benchmark",15271,"127.0.0.1:45214",666e86a7.3ba7,462,"SELECT",2024-06-16 14:31:03 CST,7/34,90713,LOG,00000,"execute S_6: SELECT s_quantity, s_data,        s_dist_01, s_dist_02, s_dist_03, s_dist_04,        s_dist_05, s_dist_06, s_dist_07, s_dist_08,        s_dist_09, s_dist_10     FROM bmsql_stock     WHERE s_w_id = $1 AND s_i_id = $2  FOR UPDATE","parameters: $1 = '1', $2 = '88'",,,,,,,,"","client backend"
2024-06-16 14:32:07.262 CST,"raingage","benchmark",15271,"127.0.0.1:45214",666e86a7.3ba7,463,"UPDATE",2024-06-16 14:31:03 CST,7/34,90713,LOG,00000,"execute S_7: UPDATE bmsql_stock     SET s_quantity = $1, s_ytd = s_ytd + $2,         s_order_cnt = s_order_cnt + 1,         s_remote_cnt = s_remote_cnt + $3     WHERE s_w_id = $4 AND s_i_id = $5","parameters: $1 = '53', $2 = '2', $3 = '0', $4 = '1', $5 = '88'",,,,,,,,"","client backend"
2024-06-16 14:32:07.281 CST,"raingage","benchmark",15271,"127.0.0.1:45214",666e86a7.3ba7,464,"COMMIT",2024-06-16 14:31:03 CST,7/34,90713,LOG,00000,"execute S_2: COMMIT",,,,,,,,,"","client backend"
2024-06-16 14:32:07.295 CST,"raingage","benchmark",15271,"127.0.0.1:45214",666e86a7.3ba7,465,"BEGIN",2024-06-16 14:31:03 CST,7/35,0,LOG,00000,"execute S_3: BEGIN",,,,,,,,,"","client backend"
2024-06-16 14:32:07.307 CST,"raingage","benchmark",15271,"127.0.0.1:45214",666e86a7.3ba7,466,"SELECT",2024-06-16 14:31:03 CST,7/35,0,LOG,00000,"execute S_4: SELECT d_tax, d_next_o_id     FROM bmsql_district     WHERE d_w_id = $1 AND d_id = $2 ","parameters: $1 = '1', $2 = '1'",,,,,,,,"","client backend"
2024-06-16 14:32:07.350 CST,"raingage","benchmark",15272,"127.0.0.1:45216",666e86a7.3ba8,200,"SELECT",2024-06-16 14:31:03 CST,8/16,90714,LOG,00000,"execute S_1: SELECT c_discount, c_last, c_credit, w_tax     FROM bmsql_customer     JOIN bmsql_warehouse ON (w_id = c_w_id)     WHERE c_w_id = $1 AND c_d_id = $2 AND c_id = $3 FOR UPDATE","parameters: $1 = '1', $2 = '1', $3 = '68'",,,,,,,,"","client backend"
2024-06-16 14:32:07.373 CST,"raingage","benchmark",15271,"127.0.0.1:45214",666e86a7.3ba7,467,"SELECT",2024-06-16 14:31:03 CST,7/35,0,LOG,00000,"execute S_1: SELECT c_discount, c_last, c_credit, w_tax     FROM bmsql_customer     JOIN bmsql_warehouse ON (w_id = c_w_id)     WHERE c_w_id = $1 AND c_d_id = $2 AND c_id = $3 FOR UPDATE","parameters: $1 = '1', $2 = '1', $3 = '68'",,,,,,,,"","client backend"
2024-06-16 14:32:07.422 CST,"raingage","benchmark",15272,"127.0.0.1:45216",666e86a7.3ba8,201,"SELECT",2024-06-16 14:31:03 CST,8/16,90714,LOG,00000,"execute S_1: SELECT c_discount, c_last, c_credit, w_tax     FROM bmsql_customer     JOIN bmsql_warehouse ON (w_id = c_w_id)     WHERE c_w_id = $1 AND c_d_id = $2 AND c_id = $3 FOR UPDATE","parameters: $1 = '1', $2 = '1', $3 = '68'",,,,,,,,"","client backend"
2024-06-16 14:32:07.485 CST,"raingage","benchmark",15272,"127.0.0.1:45216",666e86a7.3ba8,202,"SELECT",2024-06-16 14:31:03 CST,8/16,90714,LOG,00000,"execute S_1: SELECT c_discount, c_last, c_credit, w_tax     FROM bmsql_customer     JOIN bmsql_warehouse ON (w_id = c_w_id)     WHERE c_w_id = $1 AND c_d_id = $2 AND c_id = $3 FOR UPDATE","parameters: $1 = '1', $2 = '1', $3 = '68'",,,,,,,,"","client backend"
2024-06-16 14:32:07.551 CST,"raingage","benchmark",15272,"127.0.0.1:45216",666e86a7.3ba8,203,"SELECT",2024-06-16 14:31:03 CST,8/16,90714,LOG,00000,"execute S_1: SELECT c_discount, c_last, c_credit, w_tax     FROM bmsql_customer     JOIN bmsql_warehouse ON (w_id = c_w_id)     WHERE c_w_id = $1 AND c_d_id = $2 AND c_id = $3 FOR UPDATE","parameters: $1 = '1', $2 = '1', $3 = '68'",,,,,,,,"","client backend"
2024-06-16 14:32:07.616 CST,"raingage","benchmark",15272,"127.0.0.1:45216",666e86a7.3ba8,204,"SELECT",2024-06-16 14:31:03 CST,8/16,90714,LOG,00000,"execute S_1: SELECT c_discount, c_last, c_credit, w_tax     FROM bmsql_customer     JOIN bmsql_warehouse ON (w_id = c_w_id)     WHERE c_w_id = $1 AND c_d_id = $2 AND c_id = $3 FOR UPDATE","parameters: $1 = '1', $2 = '1', $3 = '68'",,,,,,,,"","client backend"
2024-06-16 14:32:07.684 CST,"raingage","benchmark",15272,"127.0.0.1:45216",666e86a7.3ba8,205,"SELECT",2024-06-16 14:31:03 CST,8/16,90714,LOG,00000,"execute S_1: SELECT c_discount, c_last, c_credit, w_tax     FROM bmsql_customer     JOIN bmsql_warehouse ON (w_id = c_w_id)     WHERE c_w_id = $1 AND c_d_id = $2 AND c_id = $3 FOR UPDATE","parameters: $1 = '1', $2 = '1', $3 = '68'",,,,,,,,"","client backend"
2024-06-16 14:32:07.747 CST,"raingage","benchmark",15272,"127.0.0.1:45216",666e86a7.3ba8,206,"SELECT",2024-06-16 14:31:03 CST,8/16,90714,LOG,00000,"execute S_1: SELECT c_discount, c_last, c_credit, w_tax     FROM bmsql_customer     JOIN bmsql_warehouse ON (w_id = c_w_id)     WHERE c_w_id = $1 AND c_d_id = $2 AND c_id = $3 FOR UPDATE","parameters: $1 = '1', $2 = '1', $3 = '68'",,,,,,,,"","client backend"
2024-06-16 14:32:07.761 CST,"raingage","benchmark",15272,"127.0.0.1:45216",666e86a7.3ba8,207,"SELECT",2024-06-16 14:31:03 CST,8/16,90714,LOG,00000,"execute S_5: SELECT i_price, i_name, i_data     FROM bmsql_item     WHERE i_id = $1","parameters: $1 = '66'",,,,,,,,"","client backend"
2024-06-16 14:32:07.776 CST,"raingage","benchmark",15272,"127.0.0.1:45216",666e86a7.3ba8,208,"SELECT",2024-06-16 14:31:03 CST,8/16,90714,LOG,00000,"execute S_6: SELECT s_quantity, s_data,        s_dist_01, s_dist_02, s_dist_03, s_dist_04,        s_dist_05, s_dist_06, s_dist_07, s_dist_08,        s_dist_09, s_dist_10     FROM bmsql_stock     WHERE s_w_id = $1 AND s_i_id = $2  FOR UPDATE","parameters: $1 = '1', $2 = '66'",,,,,,,,"","client backend"
2024-06-16 14:32:07.791 CST,"raingage","benchmark",15272,"127.0.0.1:45216",666e86a7.3ba8,209,"UPDATE",2024-06-16 14:31:03 CST,8/16,90714,LOG,00000,"execute S_7: UPDATE bmsql_stock     SET s_quantity = $1, s_ytd = s_ytd + $2,         s_order_cnt = s_order_cnt + 1,         s_remote_cnt = s_remote_cnt + $3     WHERE s_w_id = $4 AND s_i_id = $5","parameters: $1 = '63', $2 = '5', $3 = '0', $4 = '1', $5 = '66'",,,,,,,,"","client backend"
2024-06-16 14:32:07.806 CST,"raingage","benchmark",15272,"127.0.0.1:45216",666e86a7.3ba8,210,"COMMIT",2024-06-16 14:31:03 CST,8/16,90714,LOG,00000,"execute S_2: COMMIT",,,,,,,,,"","client backend"
2024-06-16 14:32:07.872 CST,"raingage","benchmark",15271,"127.0.0.1:45214",666e86a7.3ba7,468,"SELECT",2024-06-16 14:31:03 CST,7/35,90715,LOG,00000,"execute S_1: SELECT c_discount, c_last, c_credit, w_tax     FROM bmsql_customer     JOIN bmsql_warehouse ON (w_id = c_w_id)     WHERE c_w_id = $1 AND c_d_id = $2 AND c_id = $3 FOR UPDATE","parameters: $1 = '1', $2 = '1', $3 = '68'",,,,,,,,"","client backend"
2024-06-16 14:32:07.942 CST,"raingage","benchmark",15271,"127.0.0.1:45214",666e86a7.3ba7,469,"SELECT",2024-06-16 14:31:03 CST,7/35,90715,LOG,00000,"execute S_1: SELECT c_discount, c_last, c_credit, w_tax     FROM bmsql_customer     JOIN bmsql_warehouse ON (w_id = c_w_id)     WHERE c_w_id = $1 AND c_d_id = $2 AND c_id = $3 FOR UPDATE","parameters: $1 = '1', $2 = '1', $3 = '68'",,,,,,,,"","client backend"
2024-06-16 14:32:08.011 CST,"raingage","benchmark",15271,"127.0.0.1:45214",666e86a7.3ba7,470,"SELECT",2024-06-16 14:31:03 CST,7/35,90715,LOG,00000,"execute S_1: SELECT c_discount, c_last, c_credit, w_tax     FROM bmsql_customer     JOIN bmsql_warehouse ON (w_id = c_w_id)     WHERE c_w_id = $1 AND c_d_id = $2 AND c_id = $3 FOR UPDATE","parameters: $1 = '1', $2 = '1', $3 = '68'",,,,,,,,"","client backend"
2024-06-16 14:32:08.074 CST,"raingage","benchmark",15271,"127.0.0.1:45214",666e86a7.3ba7,471,"SELECT",2024-06-16 14:31:03 CST,7/35,90715,LOG,00000,"execute S_1: SELECT c_discount, c_last, c_credit, w_tax     FROM bmsql_customer     JOIN bmsql_warehouse ON (w_id = c_w_id)     WHERE c_w_id = $1 AND c_d_id = $2 AND c_id = $3 FOR UPDATE","parameters: $1 = '1', $2 = '1', $3 = '68'",,,,,,,,"","client backend"
2024-06-16 14:32:08.143 CST,"raingage","benchmark",15271,"127.0.0.1:45214",666e86a7.3ba7,472,"SELECT",2024-06-16 14:31:03 CST,7/35,90715,LOG,00000,"execute S_1: SELECT c_discount, c_last, c_credit, w_tax     FROM bmsql_customer     JOIN bmsql_warehouse ON (w_id = c_w_id)     WHERE c_w_id = $1 AND c_d_id = $2 AND c_id = $3 FOR UPDATE","parameters: $1 = '1', $2 = '1', $3 = '68'",,,,,,,,"","client backend"
2024-06-16 14:32:08.213 CST,"raingage","benchmark",15271,"127.0.0.1:45214",666e86a7.3ba7,473,"SELECT",2024-06-16 14:31:03 CST,7/35,90715,LOG,00000,"execute S_1: SELECT c_discount, c_last, c_credit, w_tax     FROM bmsql_customer     JOIN bmsql_warehouse ON (w_id = c_w_id)     WHERE c_w_id = $1 AND c_d_id = $2 AND c_id = $3 FOR UPDATE","parameters: $1 = '1', $2 = '1', $3 = '68'",,,,,,,,"","client backend"
2024-06-16 14:32:08.281 CST,"raingage","benchmark",15271,"127.0.0.1:45214",666e86a7.3ba7,474,"SELECT",2024-06-16 14:31:03 CST,7/35,90715,LOG,00000,"execute S_1: SELECT c_discount, c_last, c_credit, w_tax     FROM bmsql_customer     JOIN bmsql_warehouse ON (w_id = c_w_id)     WHERE c_w_id = $1 AND c_d_id = $2 AND c_id = $3 FOR UPDATE","parameters: $1 = '1', $2 = '1', $3 = '68'",,,,,,,,"","client backend"
2024-06-16 14:32:08.296 CST,"raingage","benchmark",15269,"127.0.0.1:45210",666e86a6.3ba5,313,"BEGIN",2024-06-16 14:31:02 CST,5/24,0,LOG,00000,"execute S_4: BEGIN",,,,,,,,,"","client backend"
2024-06-16 14:32:08.300 CST,"raingage","benchmark",15271,"127.0.0.1:45214",666e86a7.3ba7,475,"SELECT",2024-06-16 14:31:03 CST,7/35,90715,LOG,00000,"execute S_5: SELECT i_price, i_name, i_data     FROM bmsql_item     WHERE i_id = $1","parameters: $1 = '66'",,,,,,,,"","client backend"
2024-06-16 14:32:08.308 CST,"raingage","benchmark",15269,"127.0.0.1:45210",666e86a6.3ba5,314,"SELECT",2024-06-16 14:31:02 CST,5/24,0,LOG,00000,"execute S_5: SELECT d_tax, d_next_o_id     FROM bmsql_district     WHERE d_w_id = $1 AND d_id = $2 ","parameters: $1 = '1', $2 = '3'",,,,,,,,"","client backend"
2024-06-16 14:32:08.311 CST,"raingage","benchmark",15271,"127.0.0.1:45214",666e86a7.3ba7,476,"SELECT",2024-06-16 14:31:03 CST,7/35,90715,LOG,00000,"execute S_6: SELECT s_quantity, s_data,        s_dist_01, s_dist_02, s_dist_03, s_dist_04,        s_dist_05, s_dist_06, s_dist_07, s_dist_08,        s_dist_09, s_dist_10     FROM bmsql_stock     WHERE s_w_id = $1 AND s_i_id = $2  FOR UPDATE","parameters: $1 = '1', $2 = '66'",,,,,,,,"","client backend"
2024-06-16 14:32:08.324 CST,"raingage","benchmark",15271,"127.0.0.1:45214",666e86a7.3ba7,477,"UPDATE",2024-06-16 14:31:03 CST,7/35,90715,LOG,00000,"execute S_7: UPDATE bmsql_stock     SET s_quantity = $1, s_ytd = s_ytd + $2,         s_order_cnt = s_order_cnt + 1,         s_remote_cnt = s_remote_cnt + $3     WHERE s_w_id = $4 AND s_i_id = $5","parameters: $1 = '58', $2 = '5', $3 = '0', $4 = '1', $5 = '66'",,,,,,,,"","client backend"
2024-06-16 14:32:08.337 CST,"raingage","benchmark",15271,"127.0.0.1:45214",666e86a7.3ba7,478,"COMMIT",2024-06-16 14:31:03 CST,7/35,90715,LOG,00000,"execute S_2: COMMIT",,,,,,,,,"","client backend"
2024-06-16 14:32:08.357 CST,"raingage","benchmark",15271,"127.0.0.1:45214",666e86a7.3ba7,479,"BEGIN",2024-06-16 14:31:03 CST,7/36,0,LOG,00000,"execute S_3: BEGIN",,,,,,,,,"","client backend"
2024-06-16 14:32:08.369 CST,"raingage","benchmark",15271,"127.0.0.1:45214",666e86a7.3ba7,480,"SELECT",2024-06-16 14:31:03 CST,7/36,0,LOG,00000,"execute S_4: SELECT d_tax, d_next_o_id     FROM bmsql_district     WHERE d_w_id = $1 AND d_id = $2 ","parameters: $1 = '1', $2 = '2'",,,,,,,,"","client backend"
2024-06-16 14:32:08.376 CST,"raingage","benchmark",15269,"127.0.0.1:45210",666e86a6.3ba5,315,"SELECT",2024-06-16 14:31:02 CST,5/24,0,LOG,00000,"execute S_1: SELECT c_discount, c_last, c_credit, w_tax     FROM bmsql_customer     JOIN bmsql_warehouse ON (w_id = c_w_id)     WHERE c_w_id = $1 AND c_d_id = $2 AND c_id = $3 FOR UPDATE","parameters: $1 = '1', $2 = '3', $3 = '94'",,,,,,,,"","client backend"
2024-06-16 14:32:08.433 CST,"raingage","benchmark",15271,"127.0.0.1:45214",666e86a7.3ba7,481,"SELECT",2024-06-16 14:31:03 CST,7/36,0,LOG,00000,"execute S_1: SELECT c_discount, c_last, c_credit, w_tax     FROM bmsql_customer     JOIN bmsql_warehouse ON (w_id = c_w_id)     WHERE c_w_id = $1 AND c_d_id = $2 AND c_id = $3 FOR UPDATE","parameters: $1 = '1', $2 = '2', $3 = '92'",,,,,,,,"","client backend"
2024-06-16 14:32:08.439 CST,"raingage","benchmark",15269,"127.0.0.1:45210",666e86a6.3ba5,316,"SELECT",2024-06-16 14:31:02 CST,5/24,90716,LOG,00000,"execute S_1: SELECT c_discount, c_last, c_credit, w_tax     FROM bmsql_customer     JOIN bmsql_warehouse ON (w_id = c_w_id)     WHERE c_w_id = $1 AND c_d_id = $2 AND c_id = $3 FOR UPDATE","parameters: $1 = '1', $2 = '3', $3 = '94'",,,,,,,,"","client backend"
2024-06-16 14:32:08.508 CST,"raingage","benchmark",15269,"127.0.0.1:45210",666e86a6.3ba5,317,"SELECT",2024-06-16 14:31:02 CST,5/24,90716,LOG,00000,"execute S_1: SELECT c_discount, c_last, c_credit, w_tax     FROM bmsql_customer     JOIN bmsql_warehouse ON (w_id = c_w_id)     WHERE c_w_id = $1 AND c_d_id = $2 AND c_id = $3 FOR UPDATE","parameters: $1 = '1', $2 = '3', $3 = '94'",,,,,,,,"","client backend"
2024-06-16 14:32:08.575 CST,"raingage","benchmark",15269,"127.0.0.1:45210",666e86a6.3ba5,318,"SELECT",2024-06-16 14:31:02 CST,5/24,90716,LOG,00000,"execute S_1: SELECT c_discount, c_last, c_credit, w_tax     FROM bmsql_customer     JOIN bmsql_warehouse ON (w_id = c_w_id)     WHERE c_w_id = $1 AND c_d_id = $2 AND c_id = $3 FOR UPDATE","parameters: $1 = '1', $2 = '3', $3 = '94'",,,,,,,,"","client backend"
2024-06-16 14:32:08.645 CST,"raingage","benchmark",15269,"127.0.0.1:45210",666e86a6.3ba5,319,"SELECT",2024-06-16 14:31:02 CST,5/24,90716,LOG,00000,"execute S_1: SELECT c_discount, c_last, c_credit, w_tax     FROM bmsql_customer     JOIN bmsql_warehouse ON (w_id = c_w_id)     WHERE c_w_id = $1 AND c_d_id = $2 AND c_id = $3 FOR UPDATE","parameters: $1 = '1', $2 = '3', $3 = '94'",,,,,,,,"","client backend"
2024-06-16 14:32:08.711 CST,"raingage","benchmark",15269,"127.0.0.1:45210",666e86a6.3ba5,320,"SELECT",2024-06-16 14:31:02 CST,5/24,90716,LOG,00000,"execute S_1: SELECT c_discount, c_last, c_credit, w_tax     FROM bmsql_customer     JOIN bmsql_warehouse ON (w_id = c_w_id)     WHERE c_w_id = $1 AND c_d_id = $2 AND c_id = $3 FOR UPDATE","parameters: $1 = '1', $2 = '3', $3 = '94'",,,,,,,,"","client backend"
2024-06-16 14:32:08.780 CST,"raingage","benchmark",15269,"127.0.0.1:45210",666e86a6.3ba5,321,"SELECT",2024-06-16 14:31:02 CST,5/24,90716,LOG,00000,"execute S_1: SELECT c_discount, c_last, c_credit, w_tax     FROM bmsql_customer     JOIN bmsql_warehouse ON (w_id = c_w_id)     WHERE c_w_id = $1 AND c_d_id = $2 AND c_id = $3 FOR UPDATE","parameters: $1 = '1', $2 = '3', $3 = '94'",,,,,,,,"","client backend"
2024-06-16 14:32:08.851 CST,"raingage","benchmark",15269,"127.0.0.1:45210",666e86a6.3ba5,322,"SELECT",2024-06-16 14:31:02 CST,5/24,90716,LOG,00000,"execute S_1: SELECT c_discount, c_last, c_credit, w_tax     FROM bmsql_customer     JOIN bmsql_warehouse ON (w_id = c_w_id)     WHERE c_w_id = $1 AND c_d_id = $2 AND c_id = $3 FOR UPDATE","parameters: $1 = '1', $2 = '3', $3 = '94'",,,,,,,,"","client backend"
2024-06-16 14:32:08.870 CST,"raingage","benchmark",15269,"127.0.0.1:45210",666e86a6.3ba5,323,"SELECT",2024-06-16 14:31:02 CST,5/24,90716,LOG,00000,"execute S_6: SELECT i_price, i_name, i_data     FROM bmsql_item     WHERE i_id = $1","parameters: $1 = '8'",,,,,,,,"","client backend"
2024-06-16 14:32:08.887 CST,"raingage","benchmark",15269,"127.0.0.1:45210",666e86a6.3ba5,324,"SELECT",2024-06-16 14:31:02 CST,5/24,90716,LOG,00000,"execute S_7: SELECT s_quantity, s_data,        s_dist_01, s_dist_02, s_dist_03, s_dist_04,        s_dist_05, s_dist_06, s_dist_07, s_dist_08,        s_dist_09, s_dist_10     FROM bmsql_stock     WHERE s_w_id = $1 AND s_i_id = $2  FOR UPDATE","parameters: $1 = '1', $2 = '8'",,,,,,,,"","client backend"
2024-06-16 14:32:08.909 CST,"raingage","benchmark",15269,"127.0.0.1:45210",666e86a6.3ba5,325,"UPDATE",2024-06-16 14:31:02 CST,5/24,90716,LOG,00000,"execute S_8: UPDATE bmsql_stock     SET s_quantity = $1, s_ytd = s_ytd + $2,         s_order_cnt = s_order_cnt + 1,         s_remote_cnt = s_remote_cnt + $3     WHERE s_w_id = $4 AND s_i_id = $5","parameters: $1 = '23', $2 = '2', $3 = '0', $4 = '1', $5 = '8'",,,,,,,,"","client backend"
2024-06-16 14:32:08.923 CST,"raingage","benchmark",15269,"127.0.0.1:45210",666e86a6.3ba5,326,"COMMIT",2024-06-16 14:31:02 CST,5/24,90716,LOG,00000,"execute S_3: COMMIT",,,,,,,,,"","client backend"
2024-06-16 14:32:08.939 CST,"raingage","benchmark",15269,"127.0.0.1:45210",666e86a6.3ba5,327,"BEGIN",2024-06-16 14:31:02 CST,5/25,0,LOG,00000,"execute S_4: BEGIN",,,,,,,,,"","client backend"
2024-06-16 14:32:08.954 CST,"raingage","benchmark",15269,"127.0.0.1:45210",666e86a6.3ba5,328,"SELECT",2024-06-16 14:31:02 CST,5/25,0,LOG,00000,"execute S_5: SELECT d_tax, d_next_o_id     FROM bmsql_district     WHERE d_w_id = $1 AND d_id = $2 ","parameters: $1 = '1', $2 = '2'",,,,,,,,"","client backend"
2024-06-16 14:32:08.994 CST,"raingage","benchmark",15271,"127.0.0.1:45214",666e86a7.3ba7,482,"SELECT",2024-06-16 14:31:03 CST,7/36,90717,LOG,00000,"execute S_1: SELECT c_discount, c_last, c_credit, w_tax     FROM bmsql_customer     JOIN bmsql_warehouse ON (w_id = c_w_id)     WHERE c_w_id = $1 AND c_d_id = $2 AND c_id = $3 FOR UPDATE","parameters: $1 = '1', $2 = '2', $3 = '92'",,,,,,,,"","client backend"
2024-06-16 14:32:09.021 CST,"raingage","benchmark",15269,"127.0.0.1:45210",666e86a6.3ba5,329,"SELECT",2024-06-16 14:31:02 CST,5/25,0,LOG,00000,"execute S_1: SELECT c_discount, c_last, c_credit, w_tax     FROM bmsql_customer     JOIN bmsql_warehouse ON (w_id = c_w_id)     WHERE c_w_id = $1 AND c_d_id = $2 AND c_id = $3 FOR UPDATE","parameters: $1 = '1', $2 = '2', $3 = '37'",,,,,,,,"","client backend"
2024-06-16 14:32:09.057 CST,"raingage","benchmark",15271,"127.0.0.1:45214",666e86a7.3ba7,483,"SELECT",2024-06-16 14:31:03 CST,7/36,90717,LOG,00000,"execute S_1: SELECT c_discount, c_last, c_credit, w_tax     FROM bmsql_customer     JOIN bmsql_warehouse ON (w_id = c_w_id)     WHERE c_w_id = $1 AND c_d_id = $2 AND c_id = $3 FOR UPDATE","parameters: $1 = '1', $2 = '2', $3 = '92'",,,,,,,,"","client backend"
2024-06-16 14:32:09.122 CST,"raingage","benchmark",15271,"127.0.0.1:45214",666e86a7.3ba7,484,"SELECT",2024-06-16 14:31:03 CST,7/36,90717,LOG,00000,"execute S_1: SELECT c_discount, c_last, c_credit, w_tax     FROM bmsql_customer     JOIN bmsql_warehouse ON (w_id = c_w_id)     WHERE c_w_id = $1 AND c_d_id = $2 AND c_id = $3 FOR UPDATE","parameters: $1 = '1', $2 = '2', $3 = '92'",,,,,,,,"","client backend"
2024-06-16 14:32:09.193 CST,"raingage","benchmark",15271,"127.0.0.1:45214",666e86a7.3ba7,485,"SELECT",2024-06-16 14:31:03 CST,7/36,90717,LOG,00000,"execute S_1: SELECT c_discount, c_last, c_credit, w_tax     FROM bmsql_customer     JOIN bmsql_warehouse ON (w_id = c_w_id)     WHERE c_w_id = $1 AND c_d_id = $2 AND c_id = $3 FOR UPDATE","parameters: $1 = '1', $2 = '2', $3 = '92'",,,,,,,,"","client backend"
2024-06-16 14:32:09.262 CST,"raingage","benchmark",15271,"127.0.0.1:45214",666e86a7.3ba7,486,"SELECT",2024-06-16 14:31:03 CST,7/36,90717,LOG,00000,"execute S_1: SELECT c_discount, c_last, c_credit, w_tax     FROM bmsql_customer     JOIN bmsql_warehouse ON (w_id = c_w_id)     WHERE c_w_id = $1 AND c_d_id = $2 AND c_id = $3 FOR UPDATE","parameters: $1 = '1', $2 = '2', $3 = '92'",,,,,,,,"","client backend"
2024-06-16 14:32:09.329 CST,"raingage","benchmark",15271,"127.0.0.1:45214",666e86a7.3ba7,487,"SELECT",2024-06-16 14:31:03 CST,7/36,90717,LOG,00000,"execute S_1: SELECT c_discount, c_last, c_credit, w_tax     FROM bmsql_customer     JOIN bmsql_warehouse ON (w_id = c_w_id)     WHERE c_w_id = $1 AND c_d_id = $2 AND c_id = $3 FOR UPDATE","parameters: $1 = '1', $2 = '2', $3 = '92'",,,,,,,,"","client backend"
2024-06-16 14:32:09.400 CST,"raingage","benchmark",15271,"127.0.0.1:45214",666e86a7.3ba7,488,"SELECT",2024-06-16 14:31:03 CST,7/36,90717,LOG,00000,"execute S_1: SELECT c_discount, c_last, c_credit, w_tax     FROM bmsql_customer     JOIN bmsql_warehouse ON (w_id = c_w_id)     WHERE c_w_id = $1 AND c_d_id = $2 AND c_id = $3 FOR UPDATE","parameters: $1 = '1', $2 = '2', $3 = '92'",,,,,,,,"","client backend"
2024-06-16 14:32:09.421 CST,"raingage","benchmark",15271,"127.0.0.1:45214",666e86a7.3ba7,489,"SELECT",2024-06-16 14:31:03 CST,7/36,90717,LOG,00000,"execute S_5: SELECT i_price, i_name, i_data     FROM bmsql_item     WHERE i_id = $1","parameters: $1 = '89'",,,,,,,,"","client backend"
2024-06-16 14:32:09.433 CST,"raingage","benchmark",15271,"127.0.0.1:45214",666e86a7.3ba7,490,"SELECT",2024-06-16 14:31:03 CST,7/36,90717,LOG,00000,"execute S_6: SELECT s_quantity, s_data,        s_dist_01, s_dist_02, s_dist_03, s_dist_04,        s_dist_05, s_dist_06, s_dist_07, s_dist_08,        s_dist_09, s_dist_10     FROM bmsql_stock     WHERE s_w_id = $1 AND s_i_id = $2  FOR UPDATE","parameters: $1 = '1', $2 = '89'",,,,,,,,"","client backend"
2024-06-16 14:32:09.448 CST,"raingage","benchmark",15271,"127.0.0.1:45214",666e86a7.3ba7,491,"UPDATE",2024-06-16 14:31:03 CST,7/36,90717,LOG,00000,"execute S_7: UPDATE bmsql_stock     SET s_quantity = $1, s_ytd = s_ytd + $2,         s_order_cnt = s_order_cnt + 1,         s_remote_cnt = s_remote_cnt + $3     WHERE s_w_id = $4 AND s_i_id = $5","parameters: $1 = '103', $2 = '2', $3 = '0', $4 = '1', $5 = '89'",,,,,,,,"","client backend"
2024-06-16 14:32:09.465 CST,"raingage","benchmark",15271,"127.0.0.1:45214",666e86a7.3ba7,492,"COMMIT",2024-06-16 14:31:03 CST,7/36,90717,LOG,00000,"execute S_2: COMMIT",,,,,,,,,"","client backend"
2024-06-16 14:32:09.487 CST,"raingage","benchmark",15271,"127.0.0.1:45214",666e86a7.3ba7,493,"BEGIN",2024-06-16 14:31:03 CST,7/37,0,LOG,00000,"execute S_3: BEGIN",,,,,,,,,"","client backend"
2024-06-16 14:32:09.501 CST,"raingage","benchmark",15271,"127.0.0.1:45214",666e86a7.3ba7,494,"SELECT",2024-06-16 14:31:03 CST,7/37,0,LOG,00000,"execute S_4: SELECT d_tax, d_next_o_id     FROM bmsql_district     WHERE d_w_id = $1 AND d_id = $2 ","parameters: $1 = '1', $2 = '2'",,,,,,,,"","client backend"
2024-06-16 14:32:09.538 CST,"raingage","benchmark",15269,"127.0.0.1:45210",666e86a6.3ba5,330,"SELECT",2024-06-16 14:31:02 CST,5/25,90718,LOG,00000,"execute S_1: SELECT c_discount, c_last, c_credit, w_tax     FROM bmsql_customer     JOIN bmsql_warehouse ON (w_id = c_w_id)     WHERE c_w_id = $1 AND c_d_id = $2 AND c_id = $3 FOR UPDATE","parameters: $1 = '1', $2 = '2', $3 = '37'",,,,,,,,"","client backend"
2024-06-16 14:32:09.568 CST,"raingage","benchmark",15271,"127.0.0.1:45214",666e86a7.3ba7,495,"SELECT",2024-06-16 14:31:03 CST,7/37,0,LOG,00000,"execute S_1: SELECT c_discount, c_last, c_credit, w_tax     FROM bmsql_customer     JOIN bmsql_warehouse ON (w_id = c_w_id)     WHERE c_w_id = $1 AND c_d_id = $2 AND c_id = $3 FOR UPDATE","parameters: $1 = '1', $2 = '2', $3 = '37'",,,,,,,,"","client backend"
2024-06-16 14:32:09.610 CST,"raingage","benchmark",15269,"127.0.0.1:45210",666e86a6.3ba5,331,"SELECT",2024-06-16 14:31:02 CST,5/25,90718,LOG,00000,"execute S_1: SELECT c_discount, c_last, c_credit, w_tax     FROM bmsql_customer     JOIN bmsql_warehouse ON (w_id = c_w_id)     WHERE c_w_id = $1 AND c_d_id = $2 AND c_id = $3 FOR UPDATE","parameters: $1 = '1', $2 = '2', $3 = '37'",,,,,,,,"","client backend"
2024-06-16 14:32:09.678 CST,"raingage","benchmark",15269,"127.0.0.1:45210",666e86a6.3ba5,332,"SELECT",2024-06-16 14:31:02 CST,5/25,90718,LOG,00000,"execute S_1: SELECT c_discount, c_last, c_credit, w_tax     FROM bmsql_customer     JOIN bmsql_warehouse ON (w_id = c_w_id)     WHERE c_w_id = $1 AND c_d_id = $2 AND c_id = $3 FOR UPDATE","parameters: $1 = '1', $2 = '2', $3 = '37'",,,,,,,,"","client backend"
2024-06-16 14:32:09.743 CST,"raingage","benchmark",15269,"127.0.0.1:45210",666e86a6.3ba5,333,"SELECT",2024-06-16 14:31:02 CST,5/25,90718,LOG,00000,"execute S_1: SELECT c_discount, c_last, c_credit, w_tax     FROM bmsql_customer     JOIN bmsql_warehouse ON (w_id = c_w_id)     WHERE c_w_id = $1 AND c_d_id = $2 AND c_id = $3 FOR UPDATE","parameters: $1 = '1', $2 = '2', $3 = '37'",,,,,,,,"","client backend"
2024-06-16 14:32:09.807 CST,"raingage","benchmark",15269,"127.0.0.1:45210",666e86a6.3ba5,334,"SELECT",2024-06-16 14:31:02 CST,5/25,90718,LOG,00000,"execute S_1: SELECT c_discount, c_last, c_credit, w_tax     FROM bmsql_customer     JOIN bmsql_warehouse ON (w_id = c_w_id)     WHERE c_w_id = $1 AND c_d_id = $2 AND c_id = $3 FOR UPDATE","parameters: $1 = '1', $2 = '2', $3 = '37'",,,,,,,,"","client backend"
2024-06-16 14:32:09.878 CST,"raingage","benchmark",15269,"127.0.0.1:45210",666e86a6.3ba5,335,"SELECT",2024-06-16 14:31:02 CST,5/25,90718,LOG,00000,"execute S_1: SELECT c_discount, c_last, c_credit, w_tax     FROM bmsql_customer     JOIN bmsql_warehouse ON (w_id = c_w_id)     WHERE c_w_id = $1 AND c_d_id = $2 AND c_id = $3 FOR UPDATE","parameters: $1 = '1', $2 = '2', $3 = '37'",,,,,,,,"","client backend"
2024-06-16 14:32:09.941 CST,"raingage","benchmark",15269,"127.0.0.1:45210",666e86a6.3ba5,336,"SELECT",2024-06-16 14:31:02 CST,5/25,90718,LOG,00000,"execute S_1: SELECT c_discount, c_last, c_credit, w_tax     FROM bmsql_customer     JOIN bmsql_warehouse ON (w_id = c_w_id)     WHERE c_w_id = $1 AND c_d_id = $2 AND c_id = $3 FOR UPDATE","parameters: $1 = '1', $2 = '2', $3 = '37'",,,,,,,,"","client backend"
2024-06-16 14:32:09.956 CST,"raingage","benchmark",15269,"127.0.0.1:45210",666e86a6.3ba5,337,"SELECT",2024-06-16 14:31:02 CST,5/25,90718,LOG,00000,"execute S_6: SELECT i_price, i_name, i_data     FROM bmsql_item     WHERE i_id = $1","parameters: $1 = '21'",,,,,,,,"","client backend"
2024-06-16 14:32:09.972 CST,"raingage","benchmark",15269,"127.0.0.1:45210",666e86a6.3ba5,338,"SELECT",2024-06-16 14:31:02 CST,5/25,90718,LOG,00000,"execute S_7: SELECT s_quantity, s_data,        s_dist_01, s_dist_02, s_dist_03, s_dist_04,        s_dist_05, s_dist_06, s_dist_07, s_dist_08,        s_dist_09, s_dist_10     FROM bmsql_stock     WHERE s_w_id = $1 AND s_i_id = $2  FOR UPDATE","parameters: $1 = '1', $2 = '21'",,,,,,,,"","client backend"
2024-06-16 14:32:09.991 CST,"raingage","benchmark",15269,"127.0.0.1:45210",666e86a6.3ba5,339,"UPDATE",2024-06-16 14:31:02 CST,5/25,90718,LOG,00000,"execute S_8: UPDATE bmsql_stock     SET s_quantity = $1, s_ytd = s_ytd + $2,         s_order_cnt = s_order_cnt + 1,         s_remote_cnt = s_remote_cnt + $3     WHERE s_w_id = $4 AND s_i_id = $5","parameters: $1 = '20', $2 = '4', $3 = '0', $4 = '1', $5 = '21'",,,,,,,,"","client backend"
2024-06-16 14:32:10.004 CST,"raingage","benchmark",15269,"127.0.0.1:45210",666e86a6.3ba5,340,"COMMIT",2024-06-16 14:31:02 CST,5/25,90718,LOG,00000,"execute S_3: COMMIT",,,,,,,,,"","client backend"
2024-06-16 14:32:10.023 CST,"raingage","benchmark",15269,"127.0.0.1:45210",666e86a6.3ba5,341,"BEGIN",2024-06-16 14:31:02 CST,5/26,0,LOG,00000,"execute S_4: BEGIN",,,,,,,,,"","client backend"
2024-06-16 14:32:10.043 CST,"raingage","benchmark",15269,"127.0.0.1:45210",666e86a6.3ba5,342,"SELECT",2024-06-16 14:31:02 CST,5/26,0,LOG,00000,"execute S_5: SELECT d_tax, d_next_o_id     FROM bmsql_district     WHERE d_w_id = $1 AND d_id = $2 ","parameters: $1 = '1', $2 = '1'",,,,,,,,"","client backend"
2024-06-16 14:32:10.077 CST,"raingage","benchmark",15271,"127.0.0.1:45214",666e86a7.3ba7,496,"SELECT",2024-06-16 14:31:03 CST,7/37,90719,LOG,00000,"execute S_1: SELECT c_discount, c_last, c_credit, w_tax     FROM bmsql_customer     JOIN bmsql_warehouse ON (w_id = c_w_id)     WHERE c_w_id = $1 AND c_d_id = $2 AND c_id = $3 FOR UPDATE","parameters: $1 = '1', $2 = '2', $3 = '37'",,,,,,,,"","client backend"
2024-06-16 14:32:10.105 CST,"raingage","benchmark",15269,"127.0.0.1:45210",666e86a6.3ba5,343,"SELECT",2024-06-16 14:31:02 CST,5/26,0,LOG,00000,"execute S_1: SELECT c_discount, c_last, c_credit, w_tax     FROM bmsql_customer     JOIN bmsql_warehouse ON (w_id = c_w_id)     WHERE c_w_id = $1 AND c_d_id = $2 AND c_id = $3 FOR UPDATE","parameters: $1 = '1', $2 = '1', $3 = '83'",,,,,,,,"","client backend"
2024-06-16 14:32:10.143 CST,"raingage","benchmark",15271,"127.0.0.1:45214",666e86a7.3ba7,497,"SELECT",2024-06-16 14:31:03 CST,7/37,90719,LOG,00000,"execute S_1: SELECT c_discount, c_last, c_credit, w_tax     FROM bmsql_customer     JOIN bmsql_warehouse ON (w_id = c_w_id)     WHERE c_w_id = $1 AND c_d_id = $2 AND c_id = $3 FOR UPDATE","parameters: $1 = '1', $2 = '2', $3 = '37'",,,,,,,,"","client backend"
2024-06-16 14:32:10.205 CST,"raingage","benchmark",15271,"127.0.0.1:45214",666e86a7.3ba7,498,"SELECT",2024-06-16 14:31:03 CST,7/37,90719,LOG,00000,"execute S_1: SELECT c_discount, c_last, c_credit, w_tax     FROM bmsql_customer     JOIN bmsql_warehouse ON (w_id = c_w_id)     WHERE c_w_id = $1 AND c_d_id = $2 AND c_id = $3 FOR UPDATE","parameters: $1 = '1', $2 = '2', $3 = '37'",,,,,,,,"","client backend"
2024-06-16 14:32:10.269 CST,"raingage","benchmark",15271,"127.0.0.1:45214",666e86a7.3ba7,499,"SELECT",2024-06-16 14:31:03 CST,7/37,90719,LOG,00000,"execute S_1: SELECT c_discount, c_last, c_credit, w_tax     FROM bmsql_customer     JOIN bmsql_warehouse ON (w_id = c_w_id)     WHERE c_w_id = $1 AND c_d_id = $2 AND c_id = $3 FOR UPDATE","parameters: $1 = '1', $2 = '2', $3 = '37'",,,,,,,,"","client backend"
2024-06-16 14:32:10.333 CST,"raingage","benchmark",15271,"127.0.0.1:45214",666e86a7.3ba7,500,"SELECT",2024-06-16 14:31:03 CST,7/37,90719,LOG,00000,"execute S_1: SELECT c_discount, c_last, c_credit, w_tax     FROM bmsql_customer     JOIN bmsql_warehouse ON (w_id = c_w_id)     WHERE c_w_id = $1 AND c_d_id = $2 AND c_id = $3 FOR UPDATE","parameters: $1 = '1', $2 = '2', $3 = '37'",,,,,,,,"","client backend"
2024-06-16 14:32:10.401 CST,"raingage","benchmark",15271,"127.0.0.1:45214",666e86a7.3ba7,501,"SELECT",2024-06-16 14:31:03 CST,7/37,90719,LOG,00000,"execute S_1: SELECT c_discount, c_last, c_credit, w_tax     FROM bmsql_customer     JOIN bmsql_warehouse ON (w_id = c_w_id)     WHERE c_w_id = $1 AND c_d_id = $2 AND c_id = $3 FOR UPDATE","parameters: $1 = '1', $2 = '2', $3 = '37'",,,,,,,,"","client backend"
2024-06-16 14:32:10.468 CST,"raingage","benchmark",15271,"127.0.0.1:45214",666e86a7.3ba7,502,"SELECT",2024-06-16 14:31:03 CST,7/37,90719,LOG,00000,"execute S_1: SELECT c_discount, c_last, c_credit, w_tax     FROM bmsql_customer     JOIN bmsql_warehouse ON (w_id = c_w_id)     WHERE c_w_id = $1 AND c_d_id = $2 AND c_id = $3 FOR UPDATE","parameters: $1 = '1', $2 = '2', $3 = '37'",,,,,,,,"","client backend"
2024-06-16 14:32:10.485 CST,"raingage","benchmark",15271,"127.0.0.1:45214",666e86a7.3ba7,503,"SELECT",2024-06-16 14:31:03 CST,7/37,90719,LOG,00000,"execute S_5: SELECT i_price, i_name, i_data     FROM bmsql_item     WHERE i_id = $1","parameters: $1 = '21'",,,,,,,,"","client backend"
2024-06-16 14:32:10.502 CST,"raingage","benchmark",15271,"127.0.0.1:45214",666e86a7.3ba7,504,"SELECT",2024-06-16 14:31:03 CST,7/37,90719,LOG,00000,"execute S_6: SELECT s_quantity, s_data,        s_dist_01, s_dist_02, s_dist_03, s_dist_04,        s_dist_05, s_dist_06, s_dist_07, s_dist_08,        s_dist_09, s_dist_10     FROM bmsql_stock     WHERE s_w_id = $1 AND s_i_id = $2  FOR UPDATE","parameters: $1 = '1', $2 = '21'",,,,,,,,"","client backend"
2024-06-16 14:32:10.515 CST,"raingage","benchmark",15271,"127.0.0.1:45214",666e86a7.3ba7,505,"UPDATE",2024-06-16 14:31:03 CST,7/37,90719,LOG,00000,"execute S_7: UPDATE bmsql_stock     SET s_quantity = $1, s_ytd = s_ytd + $2,         s_order_cnt = s_order_cnt + 1,         s_remote_cnt = s_remote_cnt + $3     WHERE s_w_id = $4 AND s_i_id = $5","parameters: $1 = '16', $2 = '4', $3 = '0', $4 = '1', $5 = '21'",,,,,,,,"","client backend"
2024-06-16 14:32:10.531 CST,"raingage","benchmark",15271,"127.0.0.1:45214",666e86a7.3ba7,506,"COMMIT",2024-06-16 14:31:03 CST,7/37,90719,LOG,00000,"execute S_2: COMMIT",,,,,,,,,"","client backend"
2024-06-16 14:32:10.550 CST,"raingage","benchmark",15271,"127.0.0.1:45214",666e86a7.3ba7,507,"BEGIN",2024-06-16 14:31:03 CST,7/38,0,LOG,00000,"execute S_3: BEGIN",,,,,,,,,"","client backend"
2024-06-16 14:32:10.563 CST,"raingage","benchmark",15271,"127.0.0.1:45214",666e86a7.3ba7,508,"SELECT",2024-06-16 14:31:03 CST,7/38,0,LOG,00000,"execute S_4: SELECT d_tax, d_next_o_id     FROM bmsql_district     WHERE d_w_id = $1 AND d_id = $2 ","parameters: $1 = '1', $2 = '1'",,,,,,,,"","client backend"
2024-06-16 14:32:10.599 CST,"raingage","benchmark",15269,"127.0.0.1:45210",666e86a6.3ba5,344,"SELECT",2024-06-16 14:31:02 CST,5/26,90720,LOG,00000,"execute S_1: SELECT c_discount, c_last, c_credit, w_tax     FROM bmsql_customer     JOIN bmsql_warehouse ON (w_id = c_w_id)     WHERE c_w_id = $1 AND c_d_id = $2 AND c_id = $3 FOR UPDATE","parameters: $1 = '1', $2 = '1', $3 = '83'",,,,,,,,"","client backend"
2024-06-16 14:32:10.630 CST,"raingage","benchmark",15271,"127.0.0.1:45214",666e86a7.3ba7,509,"SELECT",2024-06-16 14:31:03 CST,7/38,0,LOG,00000,"execute S_1: SELECT c_discount, c_last, c_credit, w_tax     FROM bmsql_customer     JOIN bmsql_warehouse ON (w_id = c_w_id)     WHERE c_w_id = $1 AND c_d_id = $2 AND c_id = $3 FOR UPDATE","parameters: $1 = '1', $2 = '1', $3 = '83'",,,,,,,,"","client backend"
2024-06-16 14:32:10.664 CST,"raingage","benchmark",15269,"127.0.0.1:45210",666e86a6.3ba5,345,"SELECT",2024-06-16 14:31:02 CST,5/26,90720,LOG,00000,"execute S_1: SELECT c_discount, c_last, c_credit, w_tax     FROM bmsql_customer     JOIN bmsql_warehouse ON (w_id = c_w_id)     WHERE c_w_id = $1 AND c_d_id = $2 AND c_id = $3 FOR UPDATE","parameters: $1 = '1', $2 = '1', $3 = '83'",,,,,,,,"","client backend"
2024-06-16 14:32:10.732 CST,"raingage","benchmark",15269,"127.0.0.1:45210",666e86a6.3ba5,346,"SELECT",2024-06-16 14:31:02 CST,5/26,90720,LOG,00000,"execute S_1: SELECT c_discount, c_last, c_credit, w_tax     FROM bmsql_customer     JOIN bmsql_warehouse ON (w_id = c_w_id)     WHERE c_w_id = $1 AND c_d_id = $2 AND c_id = $3 FOR UPDATE","parameters: $1 = '1', $2 = '1', $3 = '83'",,,,,,,,"","client backend"
2024-06-16 14:32:10.800 CST,"raingage","benchmark",15269,"127.0.0.1:45210",666e86a6.3ba5,347,"SELECT",2024-06-16 14:31:02 CST,5/26,90720,LOG,00000,"execute S_1: SELECT c_discount, c_last, c_credit, w_tax     FROM bmsql_customer     JOIN bmsql_warehouse ON (w_id = c_w_id)     WHERE c_w_id = $1 AND c_d_id = $2 AND c_id = $3 FOR UPDATE","parameters: $1 = '1', $2 = '1', $3 = '83'",,,,,,,,"","client backend"
2024-06-16 14:32:10.863 CST,"raingage","benchmark",15269,"127.0.0.1:45210",666e86a6.3ba5,348,"SELECT",2024-06-16 14:31:02 CST,5/26,90720,LOG,00000,"execute S_1: SELECT c_discount, c_last, c_credit, w_tax     FROM bmsql_customer     JOIN bmsql_warehouse ON (w_id = c_w_id)     WHERE c_w_id = $1 AND c_d_id = $2 AND c_id = $3 FOR UPDATE","parameters: $1 = '1', $2 = '1', $3 = '83'",,,,,,,,"","client backend"
2024-06-16 14:32:10.929 CST,"raingage","benchmark",15269,"127.0.0.1:45210",666e86a6.3ba5,349,"SELECT",2024-06-16 14:31:02 CST,5/26,90720,LOG,00000,"execute S_1: SELECT c_discount, c_last, c_credit, w_tax     FROM bmsql_customer     JOIN bmsql_warehouse ON (w_id = c_w_id)     WHERE c_w_id = $1 AND c_d_id = $2 AND c_id = $3 FOR UPDATE","parameters: $1 = '1', $2 = '1', $3 = '83'",,,,,,,,"","client backend"
2024-06-16 14:32:10.997 CST,"raingage","benchmark",15269,"127.0.0.1:45210",666e86a6.3ba5,350,"SELECT",2024-06-16 14:31:02 CST,5/26,90720,LOG,00000,"execute S_1: SELECT c_discount, c_last, c_credit, w_tax     FROM bmsql_customer     JOIN bmsql_warehouse ON (w_id = c_w_id)     WHERE c_w_id = $1 AND c_d_id = $2 AND c_id = $3 FOR UPDATE","parameters: $1 = '1', $2 = '1', $3 = '83'",,,,,,,,"","client backend"
2024-06-16 14:32:11.014 CST,"raingage","benchmark",15269,"127.0.0.1:45210",666e86a6.3ba5,351,"SELECT",2024-06-16 14:31:02 CST,5/26,90720,LOG,00000,"execute S_6: SELECT i_price, i_name, i_data     FROM bmsql_item     WHERE i_id = $1","parameters: $1 = '59'",,,,,,,,"","client backend"
2024-06-16 14:32:11.028 CST,"raingage","benchmark",15269,"127.0.0.1:45210",666e86a6.3ba5,352,"SELECT",2024-06-16 14:31:02 CST,5/26,90720,LOG,00000,"execute S_7: SELECT s_quantity, s_data,        s_dist_01, s_dist_02, s_dist_03, s_dist_04,        s_dist_05, s_dist_06, s_dist_07, s_dist_08,        s_dist_09, s_dist_10     FROM bmsql_stock     WHERE s_w_id = $1 AND s_i_id = $2  FOR UPDATE","parameters: $1 = '1', $2 = '59'",,,,,,,,"","client backend"
2024-06-16 14:32:11.045 CST,"raingage","benchmark",15269,"127.0.0.1:45210",666e86a6.3ba5,353,"UPDATE",2024-06-16 14:31:02 CST,5/26,90720,LOG,00000,"execute S_8: UPDATE bmsql_stock     SET s_quantity = $1, s_ytd = s_ytd + $2,         s_order_cnt = s_order_cnt + 1,         s_remote_cnt = s_remote_cnt + $3     WHERE s_w_id = $4 AND s_i_id = $5","parameters: $1 = '54', $2 = '5', $3 = '0', $4 = '1', $5 = '59'",,,,,,,,"","client backend"
2024-06-16 14:32:11.062 CST,"raingage","benchmark",15269,"127.0.0.1:45210",666e86a6.3ba5,354,"COMMIT",2024-06-16 14:31:02 CST,5/26,90720,LOG,00000,"execute S_3: COMMIT",,,,,,,,,"","client backend"
2024-06-16 14:32:11.083 CST,"raingage","benchmark",15269,"127.0.0.1:45210",666e86a6.3ba5,355,"BEGIN",2024-06-16 14:31:02 CST,5/27,0,LOG,00000,"execute S_4: BEGIN",,,,,,,,,"","client backend"
2024-06-16 14:32:11.098 CST,"raingage","benchmark",15269,"127.0.0.1:45210",666e86a6.3ba5,356,"SELECT",2024-06-16 14:31:02 CST,5/27,0,LOG,00000,"execute S_5: SELECT d_tax, d_next_o_id     FROM bmsql_district     WHERE d_w_id = $1 AND d_id = $2 ","parameters: $1 = '1', $2 = '1'",,,,,,,,"","client backend"
2024-06-16 14:32:11.129 CST,"raingage","benchmark",15271,"127.0.0.1:45214",666e86a7.3ba7,510,"SELECT",2024-06-16 14:31:03 CST,7/38,90721,LOG,00000,"execute S_1: SELECT c_discount, c_last, c_credit, w_tax     FROM bmsql_customer     JOIN bmsql_warehouse ON (w_id = c_w_id)     WHERE c_w_id = $1 AND c_d_id = $2 AND c_id = $3 FOR UPDATE","parameters: $1 = '1', $2 = '1', $3 = '83'",,,,,,,,"","client backend"
2024-06-16 14:32:11.166 CST,"raingage","benchmark",15269,"127.0.0.1:45210",666e86a6.3ba5,357,"SELECT",2024-06-16 14:31:02 CST,5/27,0,LOG,00000,"execute S_1: SELECT c_discount, c_last, c_credit, w_tax     FROM bmsql_customer     JOIN bmsql_warehouse ON (w_id = c_w_id)     WHERE c_w_id = $1 AND c_d_id = $2 AND c_id = $3 FOR UPDATE","parameters: $1 = '1', $2 = '1', $3 = '94'",,,,,,,,"","client backend"
2024-06-16 14:32:11.196 CST,"raingage","benchmark",15271,"127.0.0.1:45214",666e86a7.3ba7,511,"SELECT",2024-06-16 14:31:03 CST,7/38,90721,LOG,00000,"execute S_1: SELECT c_discount, c_last, c_credit, w_tax     FROM bmsql_customer     JOIN bmsql_warehouse ON (w_id = c_w_id)     WHERE c_w_id = $1 AND c_d_id = $2 AND c_id = $3 FOR UPDATE","parameters: $1 = '1', $2 = '1', $3 = '83'",,,,,,,,"","client backend"
2024-06-16 14:32:11.265 CST,"raingage","benchmark",15271,"127.0.0.1:45214",666e86a7.3ba7,512,"SELECT",2024-06-16 14:31:03 CST,7/38,90721,LOG,00000,"execute S_1: SELECT c_discount, c_last, c_credit, w_tax     FROM bmsql_customer     JOIN bmsql_warehouse ON (w_id = c_w_id)     WHERE c_w_id = $1 AND c_d_id = $2 AND c_id = $3 FOR UPDATE","parameters: $1 = '1', $2 = '1', $3 = '83'",,,,,,,,"","client backend"
2024-06-16 14:32:11.330 CST,"raingage","benchmark",15271,"127.0.0.1:45214",666e86a7.3ba7,513,"SELECT",2024-06-16 14:31:03 CST,7/38,90721,LOG,00000,"execute S_1: SELECT c_discount, c_last, c_credit, w_tax     FROM bmsql_customer     JOIN bmsql_warehouse ON (w_id = c_w_id)     WHERE c_w_id = $1 AND c_d_id = $2 AND c_id = $3 FOR UPDATE","parameters: $1 = '1', $2 = '1', $3 = '83'",,,,,,,,"","client backend"
2024-06-16 14:32:11.400 CST,"raingage","benchmark",15271,"127.0.0.1:45214",666e86a7.3ba7,514,"SELECT",2024-06-16 14:31:03 CST,7/38,90721,LOG,00000,"execute S_1: SELECT c_discount, c_last, c_credit, w_tax     FROM bmsql_customer     JOIN bmsql_warehouse ON (w_id = c_w_id)     WHERE c_w_id = $1 AND c_d_id = $2 AND c_id = $3 FOR UPDATE","parameters: $1 = '1', $2 = '1', $3 = '83'",,,,,,,,"","client backend"
2024-06-16 14:32:11.465 CST,"raingage","benchmark",15271,"127.0.0.1:45214",666e86a7.3ba7,515,"SELECT",2024-06-16 14:31:03 CST,7/38,90721,LOG,00000,"execute S_1: SELECT c_discount, c_last, c_credit, w_tax     FROM bmsql_customer     JOIN bmsql_warehouse ON (w_id = c_w_id)     WHERE c_w_id = $1 AND c_d_id = $2 AND c_id = $3 FOR UPDATE","parameters: $1 = '1', $2 = '1', $3 = '83'",,,,,,,,"","client backend"
2024-06-16 14:32:11.527 CST,"raingage","benchmark",15271,"127.0.0.1:45214",666e86a7.3ba7,516,"SELECT",2024-06-16 14:31:03 CST,7/38,90721,LOG,00000,"execute S_1: SELECT c_discount, c_last, c_credit, w_tax     FROM bmsql_customer     JOIN bmsql_warehouse ON (w_id = c_w_id)     WHERE c_w_id = $1 AND c_d_id = $2 AND c_id = $3 FOR UPDATE","parameters: $1 = '1', $2 = '1', $3 = '83'",,,,,,,,"","client backend"
2024-06-16 14:32:11.544 CST,"raingage","benchmark",15271,"127.0.0.1:45214",666e86a7.3ba7,517,"SELECT",2024-06-16 14:31:03 CST,7/38,90721,LOG,00000,"execute S_5: SELECT i_price, i_name, i_data     FROM bmsql_item     WHERE i_id = $1","parameters: $1 = '59'",,,,,,,,"","client backend"
2024-06-16 14:32:11.562 CST,"raingage","benchmark",15271,"127.0.0.1:45214",666e86a7.3ba7,518,"SELECT",2024-06-16 14:31:03 CST,7/38,90721,LOG,00000,"execute S_6: SELECT s_quantity, s_data,        s_dist_01, s_dist_02, s_dist_03, s_dist_04,        s_dist_05, s_dist_06, s_dist_07, s_dist_08,        s_dist_09, s_dist_10     FROM bmsql_stock     WHERE s_w_id = $1 AND s_i_id = $2  FOR UPDATE","parameters: $1 = '1', $2 = '59'",,,,,,,,"","client backend"
2024-06-16 14:32:11.582 CST,"raingage","benchmark",15271,"127.0.0.1:45214",666e86a7.3ba7,519,"UPDATE",2024-06-16 14:31:03 CST,7/38,90721,LOG,00000,"execute S_7: UPDATE bmsql_stock     SET s_quantity = $1, s_ytd = s_ytd + $2,         s_order_cnt = s_order_cnt + 1,         s_remote_cnt = s_remote_cnt + $3     WHERE s_w_id = $4 AND s_i_id = $5","parameters: $1 = '49', $2 = '5', $3 = '0', $4 = '1', $5 = '59'",,,,,,,,"","client backend"
2024-06-16 14:32:11.600 CST,"raingage","benchmark",15271,"127.0.0.1:45214",666e86a7.3ba7,520,"COMMIT",2024-06-16 14:31:03 CST,7/38,90721,LOG,00000,"execute S_2: COMMIT",,,,,,,,,"","client backend"
2024-06-16 14:32:11.613 CST,"raingage","benchmark",15271,"127.0.0.1:45214",666e86a7.3ba7,521,"BEGIN",2024-06-16 14:31:03 CST,7/39,0,LOG,00000,"execute S_3: BEGIN",,,,,,,,,"","client backend"
2024-06-16 14:32:11.627 CST,"raingage","benchmark",15271,"127.0.0.1:45214",666e86a7.3ba7,522,"SELECT",2024-06-16 14:31:03 CST,7/39,0,LOG,00000,"execute S_4: SELECT d_tax, d_next_o_id     FROM bmsql_district     WHERE d_w_id = $1 AND d_id = $2 ","parameters: $1 = '1', $2 = '1'",,,,,,,,"","client backend"
2024-06-16 14:32:11.665 CST,"raingage","benchmark",15269,"127.0.0.1:45210",666e86a6.3ba5,358,"SELECT",2024-06-16 14:31:02 CST,5/27,90722,LOG,00000,"execute S_1: SELECT c_discount, c_last, c_credit, w_tax     FROM bmsql_customer     JOIN bmsql_warehouse ON (w_id = c_w_id)     WHERE c_w_id = $1 AND c_d_id = $2 AND c_id = $3 FOR UPDATE","parameters: $1 = '1', $2 = '1', $3 = '94'",,,,,,,,"","client backend"
2024-06-16 14:32:11.693 CST,"raingage","benchmark",15271,"127.0.0.1:45214",666e86a7.3ba7,523,"SELECT",2024-06-16 14:31:03 CST,7/39,0,LOG,00000,"execute S_1: SELECT c_discount, c_last, c_credit, w_tax     FROM bmsql_customer     JOIN bmsql_warehouse ON (w_id = c_w_id)     WHERE c_w_id = $1 AND c_d_id = $2 AND c_id = $3 FOR UPDATE","parameters: $1 = '1', $2 = '1', $3 = '94'",,,,,,,,"","client backend"
2024-06-16 14:32:11.737 CST,"raingage","benchmark",15269,"127.0.0.1:45210",666e86a6.3ba5,359,"SELECT",2024-06-16 14:31:02 CST,5/27,90722,LOG,00000,"execute S_1: SELECT c_discount, c_last, c_credit, w_tax     FROM bmsql_customer     JOIN bmsql_warehouse ON (w_id = c_w_id)     WHERE c_w_id = $1 AND c_d_id = $2 AND c_id = $3 FOR UPDATE","parameters: $1 = '1', $2 = '1', $3 = '94'",,,,,,,,"","client backend"
2024-06-16 14:32:11.803 CST,"raingage","benchmark",15269,"127.0.0.1:45210",666e86a6.3ba5,360,"SELECT",2024-06-16 14:31:02 CST,5/27,90722,LOG,00000,"execute S_1: SELECT c_discount, c_last, c_credit, w_tax     FROM bmsql_customer     JOIN bmsql_warehouse ON (w_id = c_w_id)     WHERE c_w_id = $1 AND c_d_id = $2 AND c_id = $3 FOR UPDATE","parameters: $1 = '1', $2 = '1', $3 = '94'",,,,,,,,"","client backend"
2024-06-16 14:32:11.870 CST,"raingage","benchmark",15269,"127.0.0.1:45210",666e86a6.3ba5,361,"SELECT",2024-06-16 14:31:02 CST,5/27,90722,LOG,00000,"execute S_1: SELECT c_discount, c_last, c_credit, w_tax     FROM bmsql_customer     JOIN bmsql_warehouse ON (w_id = c_w_id)     WHERE c_w_id = $1 AND c_d_id = $2 AND c_id = $3 FOR UPDATE","parameters: $1 = '1', $2 = '1', $3 = '94'",,,,,,,,"","client backend"
2024-06-16 14:32:11.942 CST,"raingage","benchmark",15269,"127.0.0.1:45210",666e86a6.3ba5,362,"SELECT",2024-06-16 14:31:02 CST,5/27,90722,LOG,00000,"execute S_1: SELECT c_discount, c_last, c_credit, w_tax     FROM bmsql_customer     JOIN bmsql_warehouse ON (w_id = c_w_id)     WHERE c_w_id = $1 AND c_d_id = $2 AND c_id = $3 FOR UPDATE","parameters: $1 = '1', $2 = '1', $3 = '94'",,,,,,,,"","client backend"
2024-06-16 14:32:12.005 CST,"raingage","benchmark",15269,"127.0.0.1:45210",666e86a6.3ba5,363,"SELECT",2024-06-16 14:31:02 CST,5/27,90722,LOG,00000,"execute S_1: SELECT c_discount, c_last, c_credit, w_tax     FROM bmsql_customer     JOIN bmsql_warehouse ON (w_id = c_w_id)     WHERE c_w_id = $1 AND c_d_id = $2 AND c_id = $3 FOR UPDATE","parameters: $1 = '1', $2 = '1', $3 = '94'",,,,,,,,"","client backend"
2024-06-16 14:32:12.072 CST,"raingage","benchmark",15269,"127.0.0.1:45210",666e86a6.3ba5,364,"SELECT",2024-06-16 14:31:02 CST,5/27,90722,LOG,00000,"execute S_1: SELECT c_discount, c_last, c_credit, w_tax     FROM bmsql_customer     JOIN bmsql_warehouse ON (w_id = c_w_id)     WHERE c_w_id = $1 AND c_d_id = $2 AND c_id = $3 FOR UPDATE","parameters: $1 = '1', $2 = '1', $3 = '94'",,,,,,,,"","client backend"
2024-06-16 14:32:12.084 CST,"raingage","benchmark",15269,"127.0.0.1:45210",666e86a6.3ba5,365,"SELECT",2024-06-16 14:31:02 CST,5/27,90722,LOG,00000,"execute S_6: SELECT i_price, i_name, i_data     FROM bmsql_item     WHERE i_id = $1","parameters: $1 = '8'",,,,,,,,"","client backend"
2024-06-16 14:32:12.104 CST,"raingage","benchmark",15269,"127.0.0.1:45210",666e86a6.3ba5,366,"SELECT",2024-06-16 14:31:02 CST,5/27,90722,LOG,00000,"execute S_7: SELECT s_quantity, s_data,        s_dist_01, s_dist_02, s_dist_03, s_dist_04,        s_dist_05, s_dist_06, s_dist_07, s_dist_08,        s_dist_09, s_dist_10     FROM bmsql_stock     WHERE s_w_id = $1 AND s_i_id = $2  FOR UPDATE","parameters: $1 = '1', $2 = '8'",,,,,,,,"","client backend"
2024-06-16 14:32:12.123 CST,"raingage","benchmark",15269,"127.0.0.1:45210",666e86a6.3ba5,367,"UPDATE",2024-06-16 14:31:02 CST,5/27,90722,LOG,00000,"execute S_8: UPDATE bmsql_stock     SET s_quantity = $1, s_ytd = s_ytd + $2,         s_order_cnt = s_order_cnt + 1,         s_remote_cnt = s_remote_cnt + $3     WHERE s_w_id = $4 AND s_i_id = $5","parameters: $1 = '18', $2 = '5', $3 = '0', $4 = '1', $5 = '8'",,,,,,,,"","client backend"
2024-06-16 14:32:12.142 CST,"raingage","benchmark",15269,"127.0.0.1:45210",666e86a6.3ba5,368,"COMMIT",2024-06-16 14:31:02 CST,5/27,90722,LOG,00000,"execute S_3: COMMIT",,,,,,,,,"","client backend"
2024-06-16 14:32:12.160 CST,"raingage","benchmark",15269,"127.0.0.1:45210",666e86a6.3ba5,369,"BEGIN",2024-06-16 14:31:02 CST,5/28,0,LOG,00000,"execute S_4: BEGIN",,,,,,,,,"","client backend"
2024-06-16 14:32:12.168 CST,"raingage","benchmark",15269,"127.0.0.1:45210",666e86a6.3ba5,370,"SELECT",2024-06-16 14:31:02 CST,5/28,0,LOG,00000,"execute S_5: SELECT d_tax, d_next_o_id     FROM bmsql_district     WHERE d_w_id = $1 AND d_id = $2 ","parameters: $1 = '1', $2 = '2'",,,,,,,,"","client backend"
2024-06-16 14:32:12.215 CST,"raingage","benchmark",15271,"127.0.0.1:45214",666e86a7.3ba7,524,"SELECT",2024-06-16 14:31:03 CST,7/39,90723,LOG,00000,"execute S_1: SELECT c_discount, c_last, c_credit, w_tax     FROM bmsql_customer     JOIN bmsql_warehouse ON (w_id = c_w_id)     WHERE c_w_id = $1 AND c_d_id = $2 AND c_id = $3 FOR UPDATE","parameters: $1 = '1', $2 = '1', $3 = '94'",,,,,,,,"","client backend"
2024-06-16 14:32:12.239 CST,"raingage","benchmark",15269,"127.0.0.1:45210",666e86a6.3ba5,371,"SELECT",2024-06-16 14:31:02 CST,5/28,0,LOG,00000,"execute S_1: SELECT c_discount, c_last, c_credit, w_tax     FROM bmsql_customer     JOIN bmsql_warehouse ON (w_id = c_w_id)     WHERE c_w_id = $1 AND c_d_id = $2 AND c_id = $3 FOR UPDATE","parameters: $1 = '1', $2 = '2', $3 = '56'",,,,,,,,"","client backend"
2024-06-16 14:32:12.283 CST,"raingage","benchmark",15271,"127.0.0.1:45214",666e86a7.3ba7,525,"SELECT",2024-06-16 14:31:03 CST,7/39,90723,LOG,00000,"execute S_1: SELECT c_discount, c_last, c_credit, w_tax     FROM bmsql_customer     JOIN bmsql_warehouse ON (w_id = c_w_id)     WHERE c_w_id = $1 AND c_d_id = $2 AND c_id = $3 FOR UPDATE","parameters: $1 = '1', $2 = '1', $3 = '94'",,,,,,,,"","client backend"
2024-06-16 14:32:12.355 CST,"raingage","benchmark",15271,"127.0.0.1:45214",666e86a7.3ba7,526,"SELECT",2024-06-16 14:31:03 CST,7/39,90723,LOG,00000,"execute S_1: SELECT c_discount, c_last, c_credit, w_tax     FROM bmsql_customer     JOIN bmsql_warehouse ON (w_id = c_w_id)     WHERE c_w_id = $1 AND c_d_id = $2 AND c_id = $3 FOR UPDATE","parameters: $1 = '1', $2 = '1', $3 = '94'",,,,,,,,"","client backend"
2024-06-16 14:32:12.427 CST,"raingage","benchmark",15271,"127.0.0.1:45214",666e86a7.3ba7,527,"SELECT",2024-06-16 14:31:03 CST,7/39,90723,LOG,00000,"execute S_1: SELECT c_discount, c_last, c_credit, w_tax     FROM bmsql_customer     JOIN bmsql_warehouse ON (w_id = c_w_id)     WHERE c_w_id = $1 AND c_d_id = $2 AND c_id = $3 FOR UPDATE","parameters: $1 = '1', $2 = '1', $3 = '94'",,,,,,,,"","client backend"
2024-06-16 14:32:12.490 CST,"raingage","benchmark",15271,"127.0.0.1:45214",666e86a7.3ba7,528,"SELECT",2024-06-16 14:31:03 CST,7/39,90723,LOG,00000,"execute S_1: SELECT c_discount, c_last, c_credit, w_tax     FROM bmsql_customer     JOIN bmsql_warehouse ON (w_id = c_w_id)     WHERE c_w_id = $1 AND c_d_id = $2 AND c_id = $3 FOR UPDATE","parameters: $1 = '1', $2 = '1', $3 = '94'",,,,,,,,"","client backend"
2024-06-16 14:32:12.563 CST,"raingage","benchmark",15271,"127.0.0.1:45214",666e86a7.3ba7,529,"SELECT",2024-06-16 14:31:03 CST,7/39,90723,LOG,00000,"execute S_1: SELECT c_discount, c_last, c_credit, w_tax     FROM bmsql_customer     JOIN bmsql_warehouse ON (w_id = c_w_id)     WHERE c_w_id = $1 AND c_d_id = $2 AND c_id = $3 FOR UPDATE","parameters: $1 = '1', $2 = '1', $3 = '94'",,,,,,,,"","client backend"
2024-06-16 14:32:12.628 CST,"raingage","benchmark",15271,"127.0.0.1:45214",666e86a7.3ba7,530,"SELECT",2024-06-16 14:31:03 CST,7/39,90723,LOG,00000,"execute S_1: SELECT c_discount, c_last, c_credit, w_tax     FROM bmsql_customer     JOIN bmsql_warehouse ON (w_id = c_w_id)     WHERE c_w_id = $1 AND c_d_id = $2 AND c_id = $3 FOR UPDATE","parameters: $1 = '1', $2 = '1', $3 = '94'",,,,,,,,"","client backend"
2024-06-16 14:32:12.641 CST,"raingage","benchmark",15271,"127.0.0.1:45214",666e86a7.3ba7,531,"SELECT",2024-06-16 14:31:03 CST,7/39,90723,LOG,00000,"execute S_5: SELECT i_price, i_name, i_data     FROM bmsql_item     WHERE i_id = $1","parameters: $1 = '8'",,,,,,,,"","client backend"
2024-06-16 14:32:12.659 CST,"raingage","benchmark",15271,"127.0.0.1:45214",666e86a7.3ba7,532,"SELECT",2024-06-16 14:31:03 CST,7/39,90723,LOG,00000,"execute S_6: SELECT s_quantity, s_data,        s_dist_01, s_dist_02, s_dist_03, s_dist_04,        s_dist_05, s_dist_06, s_dist_07, s_dist_08,        s_dist_09, s_dist_10     FROM bmsql_stock     WHERE s_w_id = $1 AND s_i_id = $2  FOR UPDATE","parameters: $1 = '1', $2 = '8'",,,,,,,,"","client backend"
2024-06-16 14:32:12.680 CST,"raingage","benchmark",15271,"127.0.0.1:45214",666e86a7.3ba7,533,"UPDATE",2024-06-16 14:31:03 CST,7/39,90723,LOG,00000,"execute S_7: UPDATE bmsql_stock     SET s_quantity = $1, s_ytd = s_ytd + $2,         s_order_cnt = s_order_cnt + 1,         s_remote_cnt = s_remote_cnt + $3     WHERE s_w_id = $4 AND s_i_id = $5","parameters: $1 = '13', $2 = '5', $3 = '0', $4 = '1', $5 = '8'",,,,,,,,"","client backend"
2024-06-16 14:32:12.691 CST,"raingage","benchmark",15271,"127.0.0.1:45214",666e86a7.3ba7,534,"COMMIT",2024-06-16 14:31:03 CST,7/39,90723,LOG,00000,"execute S_2: COMMIT",,,,,,,,,"","client backend"
2024-06-16 14:32:12.706 CST,"raingage","benchmark",15271,"127.0.0.1:45214",666e86a7.3ba7,535,"BEGIN",2024-06-16 14:31:03 CST,7/40,0,LOG,00000,"execute S_3: BEGIN",,,,,,,,,"","client backend"
2024-06-16 14:32:12.717 CST,"raingage","benchmark",15271,"127.0.0.1:45214",666e86a7.3ba7,536,"SELECT",2024-06-16 14:31:03 CST,7/40,0,LOG,00000,"execute S_4: SELECT d_tax, d_next_o_id     FROM bmsql_district     WHERE d_w_id = $1 AND d_id = $2 ","parameters: $1 = '1', $2 = '2'",,,,,,,,"","client backend"
2024-06-16 14:32:12.758 CST,"raingage","benchmark",15269,"127.0.0.1:45210",666e86a6.3ba5,372,"SELECT",2024-06-16 14:31:02 CST,5/28,90724,LOG,00000,"execute S_1: SELECT c_discount, c_last, c_credit, w_tax     FROM bmsql_customer     JOIN bmsql_warehouse ON (w_id = c_w_id)     WHERE c_w_id = $1 AND c_d_id = $2 AND c_id = $3 FOR UPDATE","parameters: $1 = '1', $2 = '2', $3 = '56'",,,,,,,,"","client backend"
2024-06-16 14:32:12.784 CST,"raingage","benchmark",15271,"127.0.0.1:45214",666e86a7.3ba7,537,"SELECT",2024-06-16 14:31:03 CST,7/40,0,LOG,00000,"execute S_1: SELECT c_discount, c_last, c_credit, w_tax     FROM bmsql_customer     JOIN bmsql_warehouse ON (w_id = c_w_id)     WHERE c_w_id = $1 AND c_d_id = $2 AND c_id = $3 FOR UPDATE","parameters: $1 = '1', $2 = '2', $3 = '25'",,,,,,,,"","client backend"
2024-06-16 14:32:12.829 CST,"raingage","benchmark",15269,"127.0.0.1:45210",666e86a6.3ba5,373,"SELECT",2024-06-16 14:31:02 CST,5/28,90724,LOG,00000,"execute S_1: SELECT c_discount, c_last, c_credit, w_tax     FROM bmsql_customer     JOIN bmsql_warehouse ON (w_id = c_w_id)     WHERE c_w_id = $1 AND c_d_id = $2 AND c_id = $3 FOR UPDATE","parameters: $1 = '1', $2 = '2', $3 = '56'",,,,,,,,"","client backend"
2024-06-16 14:32:12.900 CST,"raingage","benchmark",15269,"127.0.0.1:45210",666e86a6.3ba5,374,"SELECT",2024-06-16 14:31:02 CST,5/28,90724,LOG,00000,"execute S_1: SELECT c_discount, c_last, c_credit, w_tax     FROM bmsql_customer     JOIN bmsql_warehouse ON (w_id = c_w_id)     WHERE c_w_id = $1 AND c_d_id = $2 AND c_id = $3 FOR UPDATE","parameters: $1 = '1', $2 = '2', $3 = '56'",,,,,,,,"","client backend"
2024-06-16 14:32:12.970 CST,"raingage","benchmark",15269,"127.0.0.1:45210",666e86a6.3ba5,375,"SELECT",2024-06-16 14:31:02 CST,5/28,90724,LOG,00000,"execute S_1: SELECT c_discount, c_last, c_credit, w_tax     FROM bmsql_customer     JOIN bmsql_warehouse ON (w_id = c_w_id)     WHERE c_w_id = $1 AND c_d_id = $2 AND c_id = $3 FOR UPDATE","parameters: $1 = '1', $2 = '2', $3 = '56'",,,,,,,,"","client backend"
2024-06-16 14:32:13.033 CST,"raingage","benchmark",15269,"127.0.0.1:45210",666e86a6.3ba5,376,"SELECT",2024-06-16 14:31:02 CST,5/28,90724,LOG,00000,"execute S_1: SELECT c_discount, c_last, c_credit, w_tax     FROM bmsql_customer     JOIN bmsql_warehouse ON (w_id = c_w_id)     WHERE c_w_id = $1 AND c_d_id = $2 AND c_id = $3 FOR UPDATE","parameters: $1 = '1', $2 = '2', $3 = '56'",,,,,,,,"","client backend"
2024-06-16 14:32:13.104 CST,"raingage","benchmark",15269,"127.0.0.1:45210",666e86a6.3ba5,377,"SELECT",2024-06-16 14:31:02 CST,5/28,90724,LOG,00000,"execute S_1: SELECT c_discount, c_last, c_credit, w_tax     FROM bmsql_customer     JOIN bmsql_warehouse ON (w_id = c_w_id)     WHERE c_w_id = $1 AND c_d_id = $2 AND c_id = $3 FOR UPDATE","parameters: $1 = '1', $2 = '2', $3 = '56'",,,,,,,,"","client backend"
2024-06-16 14:32:13.172 CST,"raingage","benchmark",15269,"127.0.0.1:45210",666e86a6.3ba5,378,"SELECT",2024-06-16 14:31:02 CST,5/28,90724,LOG,00000,"execute S_1: SELECT c_discount, c_last, c_credit, w_tax     FROM bmsql_customer     JOIN bmsql_warehouse ON (w_id = c_w_id)     WHERE c_w_id = $1 AND c_d_id = $2 AND c_id = $3 FOR UPDATE","parameters: $1 = '1', $2 = '2', $3 = '56'",,,,,,,,"","client backend"
2024-06-16 14:32:13.186 CST,"raingage","benchmark",15269,"127.0.0.1:45210",666e86a6.3ba5,379,"SELECT",2024-06-16 14:31:02 CST,5/28,90724,LOG,00000,"execute S_6: SELECT i_price, i_name, i_data     FROM bmsql_item     WHERE i_id = $1","parameters: $1 = '32'",,,,,,,,"","client backend"
2024-06-16 14:32:13.197 CST,"raingage","benchmark",15269,"127.0.0.1:45210",666e86a6.3ba5,380,"SELECT",2024-06-16 14:31:02 CST,5/28,90724,LOG,00000,"execute S_7: SELECT s_quantity, s_data,        s_dist_01, s_dist_02, s_dist_03, s_dist_04,        s_dist_05, s_dist_06, s_dist_07, s_dist_08,        s_dist_09, s_dist_10     FROM bmsql_stock     WHERE s_w_id = $1 AND s_i_id = $2  FOR UPDATE","parameters: $1 = '1', $2 = '32'",,,,,,,,"","client backend"
2024-06-16 14:32:13.219 CST,"raingage","benchmark",15269,"127.0.0.1:45210",666e86a6.3ba5,381,"UPDATE",2024-06-16 14:31:02 CST,5/28,90724,LOG,00000,"execute S_8: UPDATE bmsql_stock     SET s_quantity = $1, s_ytd = s_ytd + $2,         s_order_cnt = s_order_cnt + 1,         s_remote_cnt = s_remote_cnt + $3     WHERE s_w_id = $4 AND s_i_id = $5","parameters: $1 = '62', $2 = '1', $3 = '0', $4 = '1', $5 = '32'",,,,,,,,"","client backend"
2024-06-16 14:32:13.239 CST,"raingage","benchmark",15269,"127.0.0.1:45210",666e86a6.3ba5,382,"COMMIT",2024-06-16 14:31:02 CST,5/28,90724,LOG,00000,"execute S_3: COMMIT",,,,,,,,,"","client backend"
2024-06-16 14:32:13.255 CST,"raingage","benchmark",15269,"127.0.0.1:45210",666e86a6.3ba5,383,"BEGIN",2024-06-16 14:31:02 CST,5/29,0,LOG,00000,"execute S_4: BEGIN",,,,,,,,,"","client backend"
2024-06-16 14:32:13.270 CST,"raingage","benchmark",15269,"127.0.0.1:45210",666e86a6.3ba5,384,"SELECT",2024-06-16 14:31:02 CST,5/29,0,LOG,00000,"execute S_5: SELECT d_tax, d_next_o_id     FROM bmsql_district     WHERE d_w_id = $1 AND d_id = $2 ","parameters: $1 = '1', $2 = '2'",,,,,,,,"","client backend"
2024-06-16 14:32:13.310 CST,"raingage","benchmark",15271,"127.0.0.1:45214",666e86a7.3ba7,538,"SELECT",2024-06-16 14:31:03 CST,7/40,90725,LOG,00000,"execute S_1: SELECT c_discount, c_last, c_credit, w_tax     FROM bmsql_customer     JOIN bmsql_warehouse ON (w_id = c_w_id)     WHERE c_w_id = $1 AND c_d_id = $2 AND c_id = $3 FOR UPDATE","parameters: $1 = '1', $2 = '2', $3 = '25'",,,,,,,,"","client backend"
2024-06-16 14:32:13.337 CST,"raingage","benchmark",15269,"127.0.0.1:45210",666e86a6.3ba5,385,"SELECT",2024-06-16 14:31:02 CST,5/29,0,LOG,00000,"execute S_1: SELECT c_discount, c_last, c_credit, w_tax     FROM bmsql_customer     JOIN bmsql_warehouse ON (w_id = c_w_id)     WHERE c_w_id = $1 AND c_d_id = $2 AND c_id = $3 FOR UPDATE","parameters: $1 = '1', $2 = '2', $3 = '69'",,,,,,,,"","client backend"
2024-06-16 14:32:13.376 CST,"raingage","benchmark",15271,"127.0.0.1:45214",666e86a7.3ba7,539,"SELECT",2024-06-16 14:31:03 CST,7/40,90725,LOG,00000,"execute S_1: SELECT c_discount, c_last, c_credit, w_tax     FROM bmsql_customer     JOIN bmsql_warehouse ON (w_id = c_w_id)     WHERE c_w_id = $1 AND c_d_id = $2 AND c_id = $3 FOR UPDATE","parameters: $1 = '1', $2 = '2', $3 = '25'",,,,,,,,"","client backend"
2024-06-16 14:32:13.441 CST,"raingage","benchmark",15271,"127.0.0.1:45214",666e86a7.3ba7,540,"SELECT",2024-06-16 14:31:03 CST,7/40,90725,LOG,00000,"execute S_1: SELECT c_discount, c_last, c_credit, w_tax     FROM bmsql_customer     JOIN bmsql_warehouse ON (w_id = c_w_id)     WHERE c_w_id = $1 AND c_d_id = $2 AND c_id = $3 FOR UPDATE","parameters: $1 = '1', $2 = '2', $3 = '25'",,,,,,,,"","client backend"
2024-06-16 14:32:13.504 CST,"raingage","benchmark",15271,"127.0.0.1:45214",666e86a7.3ba7,541,"SELECT",2024-06-16 14:31:03 CST,7/40,90725,LOG,00000,"execute S_1: SELECT c_discount, c_last, c_credit, w_tax     FROM bmsql_customer     JOIN bmsql_warehouse ON (w_id = c_w_id)     WHERE c_w_id = $1 AND c_d_id = $2 AND c_id = $3 FOR UPDATE","parameters: $1 = '1', $2 = '2', $3 = '25'",,,,,,,,"","client backend"
2024-06-16 14:32:13.575 CST,"raingage","benchmark",15271,"127.0.0.1:45214",666e86a7.3ba7,542,"SELECT",2024-06-16 14:31:03 CST,7/40,90725,LOG,00000,"execute S_1: SELECT c_discount, c_last, c_credit, w_tax     FROM bmsql_customer     JOIN bmsql_warehouse ON (w_id = c_w_id)     WHERE c_w_id = $1 AND c_d_id = $2 AND c_id = $3 FOR UPDATE","parameters: $1 = '1', $2 = '2', $3 = '25'",,,,,,,,"","client backend"
2024-06-16 14:32:13.639 CST,"raingage","benchmark",15271,"127.0.0.1:45214",666e86a7.3ba7,543,"SELECT",2024-06-16 14:31:03 CST,7/40,90725,LOG,00000,"execute S_1: SELECT c_discount, c_last, c_credit, w_tax     FROM bmsql_customer     JOIN bmsql_warehouse ON (w_id = c_w_id)     WHERE c_w_id = $1 AND c_d_id = $2 AND c_id = $3 FOR UPDATE","parameters: $1 = '1', $2 = '2', $3 = '25'",,,,,,,,"","client backend"
2024-06-16 14:32:13.706 CST,"raingage","benchmark",15271,"127.0.0.1:45214",666e86a7.3ba7,544,"SELECT",2024-06-16 14:31:03 CST,7/40,90725,LOG,00000,"execute S_1: SELECT c_discount, c_last, c_credit, w_tax     FROM bmsql_customer     JOIN bmsql_warehouse ON (w_id = c_w_id)     WHERE c_w_id = $1 AND c_d_id = $2 AND c_id = $3 FOR UPDATE","parameters: $1 = '1', $2 = '2', $3 = '25'",,,,,,,,"","client backend"
2024-06-16 14:32:13.726 CST,"raingage","benchmark",15271,"127.0.0.1:45214",666e86a7.3ba7,545,"SELECT",2024-06-16 14:31:03 CST,7/40,90725,LOG,00000,"execute S_5: SELECT i_price, i_name, i_data     FROM bmsql_item     WHERE i_id = $1","parameters: $1 = '16'",,,,,,,,"","client backend"
2024-06-16 14:32:13.741 CST,"raingage","benchmark",15271,"127.0.0.1:45214",666e86a7.3ba7,546,"SELECT",2024-06-16 14:31:03 CST,7/40,90725,LOG,00000,"execute S_6: SELECT s_quantity, s_data,        s_dist_01, s_dist_02, s_dist_03, s_dist_04,        s_dist_05, s_dist_06, s_dist_07, s_dist_08,        s_dist_09, s_dist_10     FROM bmsql_stock     WHERE s_w_id = $1 AND s_i_id = $2  FOR UPDATE","parameters: $1 = '1', $2 = '16'",,,,,,,,"","client backend"
2024-06-16 14:32:13.760 CST,"raingage","benchmark",15271,"127.0.0.1:45214",666e86a7.3ba7,547,"UPDATE",2024-06-16 14:31:03 CST,7/40,90725,LOG,00000,"execute S_7: UPDATE bmsql_stock     SET s_quantity = $1, s_ytd = s_ytd + $2,         s_order_cnt = s_order_cnt + 1,         s_remote_cnt = s_remote_cnt + $3     WHERE s_w_id = $4 AND s_i_id = $5","parameters: $1 = '43', $2 = '1', $3 = '0', $4 = '1', $5 = '16'",,,,,,,,"","client backend"
2024-06-16 14:32:13.778 CST,"raingage","benchmark",15271,"127.0.0.1:45214",666e86a7.3ba7,548,"COMMIT",2024-06-16 14:31:03 CST,7/40,90725,LOG,00000,"execute S_2: COMMIT",,,,,,,,,"","client backend"
2024-06-16 14:32:13.843 CST,"raingage","benchmark",15269,"127.0.0.1:45210",666e86a6.3ba5,386,"SELECT",2024-06-16 14:31:02 CST,5/29,90726,LOG,00000,"execute S_1: SELECT c_discount, c_last, c_credit, w_tax     FROM bmsql_customer     JOIN bmsql_warehouse ON (w_id = c_w_id)     WHERE c_w_id = $1 AND c_d_id = $2 AND c_id = $3 FOR UPDATE","parameters: $1 = '1', $2 = '2', $3 = '69'",,,,,,,,"","client backend"
2024-06-16 14:32:13.905 CST,"raingage","benchmark",15269,"127.0.0.1:45210",666e86a6.3ba5,387,"SELECT",2024-06-16 14:31:02 CST,5/29,90726,LOG,00000,"execute S_1: SELECT c_discount, c_last, c_credit, w_tax     FROM bmsql_customer     JOIN bmsql_warehouse ON (w_id = c_w_id)     WHERE c_w_id = $1 AND c_d_id = $2 AND c_id = $3 FOR UPDATE","parameters: $1 = '1', $2 = '2', $3 = '69'",,,,,,,,"","client backend"
2024-06-16 14:32:13.970 CST,"raingage","benchmark",15269,"127.0.0.1:45210",666e86a6.3ba5,388,"SELECT",2024-06-16 14:31:02 CST,5/29,90726,LOG,00000,"execute S_1: SELECT c_discount, c_last, c_credit, w_tax     FROM bmsql_customer     JOIN bmsql_warehouse ON (w_id = c_w_id)     WHERE c_w_id = $1 AND c_d_id = $2 AND c_id = $3 FOR UPDATE","parameters: $1 = '1', $2 = '2', $3 = '69'",,,,,,,,"","client backend"
2024-06-16 14:32:14.037 CST,"raingage","benchmark",15269,"127.0.0.1:45210",666e86a6.3ba5,389,"SELECT",2024-06-16 14:31:02 CST,5/29,90726,LOG,00000,"execute S_1: SELECT c_discount, c_last, c_credit, w_tax     FROM bmsql_customer     JOIN bmsql_warehouse ON (w_id = c_w_id)     WHERE c_w_id = $1 AND c_d_id = $2 AND c_id = $3 FOR UPDATE","parameters: $1 = '1', $2 = '2', $3 = '69'",,,,,,,,"","client backend"
2024-06-16 14:32:14.099 CST,"raingage","benchmark",15269,"127.0.0.1:45210",666e86a6.3ba5,390,"SELECT",2024-06-16 14:31:02 CST,5/29,90726,LOG,00000,"execute S_1: SELECT c_discount, c_last, c_credit, w_tax     FROM bmsql_customer     JOIN bmsql_warehouse ON (w_id = c_w_id)     WHERE c_w_id = $1 AND c_d_id = $2 AND c_id = $3 FOR UPDATE","parameters: $1 = '1', $2 = '2', $3 = '69'",,,,,,,,"","client backend"
2024-06-16 14:32:14.169 CST,"raingage","benchmark",15269,"127.0.0.1:45210",666e86a6.3ba5,391,"SELECT",2024-06-16 14:31:02 CST,5/29,90726,LOG,00000,"execute S_1: SELECT c_discount, c_last, c_credit, w_tax     FROM bmsql_customer     JOIN bmsql_warehouse ON (w_id = c_w_id)     WHERE c_w_id = $1 AND c_d_id = $2 AND c_id = $3 FOR UPDATE","parameters: $1 = '1', $2 = '2', $3 = '69'",,,,,,,,"","client backend"
2024-06-16 14:32:14.240 CST,"raingage","benchmark",15269,"127.0.0.1:45210",666e86a6.3ba5,392,"SELECT",2024-06-16 14:31:02 CST,5/29,90726,LOG,00000,"execute S_1: SELECT c_discount, c_last, c_credit, w_tax     FROM bmsql_customer     JOIN bmsql_warehouse ON (w_id = c_w_id)     WHERE c_w_id = $1 AND c_d_id = $2 AND c_id = $3 FOR UPDATE","parameters: $1 = '1', $2 = '2', $3 = '69'",,,,,,,,"","client backend"
2024-06-16 14:32:14.252 CST,"raingage","benchmark",15269,"127.0.0.1:45210",666e86a6.3ba5,393,"SELECT",2024-06-16 14:31:02 CST,5/29,90726,LOG,00000,"execute S_6: SELECT i_price, i_name, i_data     FROM bmsql_item     WHERE i_id = $1","parameters: $1 = '28'",,,,,,,,"","client backend"
2024-06-16 14:32:14.271 CST,"raingage","benchmark",15269,"127.0.0.1:45210",666e86a6.3ba5,394,"SELECT",2024-06-16 14:31:02 CST,5/29,90726,LOG,00000,"execute S_7: SELECT s_quantity, s_data,        s_dist_01, s_dist_02, s_dist_03, s_dist_04,        s_dist_05, s_dist_06, s_dist_07, s_dist_08,        s_dist_09, s_dist_10     FROM bmsql_stock     WHERE s_w_id = $1 AND s_i_id = $2  FOR UPDATE","parameters: $1 = '1', $2 = '28'",,,,,,,,"","client backend"
2024-06-16 14:32:14.288 CST,"raingage","benchmark",15269,"127.0.0.1:45210",666e86a6.3ba5,395,"UPDATE",2024-06-16 14:31:02 CST,5/29,90726,LOG,00000,"execute S_8: UPDATE bmsql_stock     SET s_quantity = $1, s_ytd = s_ytd + $2,         s_order_cnt = s_order_cnt + 1,         s_remote_cnt = s_remote_cnt + $3     WHERE s_w_id = $4 AND s_i_id = $5","parameters: $1 = '12', $2 = '2', $3 = '0', $4 = '1', $5 = '28'",,,,,,,,"","client backend"
2024-06-16 14:32:14.303 CST,"raingage","benchmark",15269,"127.0.0.1:45210",666e86a6.3ba5,396,"COMMIT",2024-06-16 14:31:02 CST,5/29,90726,LOG,00000,"execute S_3: COMMIT",,,,,,,,,"","client backend"
2024-06-16 14:32:14.324 CST,"raingage","benchmark",15269,"127.0.0.1:45210",666e86a6.3ba5,397,"BEGIN",2024-06-16 14:31:02 CST,5/30,0,LOG,00000,"execute S_4: BEGIN",,,,,,,,,"","client backend"
2024-06-16 14:32:14.338 CST,"raingage","benchmark",15269,"127.0.0.1:45210",666e86a6.3ba5,398,"SELECT",2024-06-16 14:31:02 CST,5/30,0,LOG,00000,"execute S_5: SELECT d_tax, d_next_o_id     FROM bmsql_district     WHERE d_w_id = $1 AND d_id = $2 ","parameters: $1 = '1', $2 = '4'",,,,,,,,"","client backend"
2024-06-16 14:32:14.403 CST,"raingage","benchmark",15269,"127.0.0.1:45210",666e86a6.3ba5,399,"SELECT",2024-06-16 14:31:02 CST,5/30,0,LOG,00000,"execute S_1: SELECT c_discount, c_last, c_credit, w_tax     FROM bmsql_customer     JOIN bmsql_warehouse ON (w_id = c_w_id)     WHERE c_w_id = $1 AND c_d_id = $2 AND c_id = $3 FOR UPDATE","parameters: $1 = '1', $2 = '4', $3 = '83'",,,,,,,,"","client backend"
2024-06-16 14:32:14.468 CST,"raingage","benchmark",15269,"127.0.0.1:45210",666e86a6.3ba5,400,"SELECT",2024-06-16 14:31:02 CST,5/30,90727,LOG,00000,"execute S_1: SELECT c_discount, c_last, c_credit, w_tax     FROM bmsql_customer     JOIN bmsql_warehouse ON (w_id = c_w_id)     WHERE c_w_id = $1 AND c_d_id = $2 AND c_id = $3 FOR UPDATE","parameters: $1 = '1', $2 = '4', $3 = '83'",,,,,,,,"","client backend"
2024-06-16 14:32:14.533 CST,"raingage","benchmark",15269,"127.0.0.1:45210",666e86a6.3ba5,401,"SELECT",2024-06-16 14:31:02 CST,5/30,90727,LOG,00000,"execute S_1: SELECT c_discount, c_last, c_credit, w_tax     FROM bmsql_customer     JOIN bmsql_warehouse ON (w_id = c_w_id)     WHERE c_w_id = $1 AND c_d_id = $2 AND c_id = $3 FOR UPDATE","parameters: $1 = '1', $2 = '4', $3 = '83'",,,,,,,,"","client backend"
2024-06-16 14:32:14.597 CST,"raingage","benchmark",15269,"127.0.0.1:45210",666e86a6.3ba5,402,"SELECT",2024-06-16 14:31:02 CST,5/30,90727,LOG,00000,"execute S_1: SELECT c_discount, c_last, c_credit, w_tax     FROM bmsql_customer     JOIN bmsql_warehouse ON (w_id = c_w_id)     WHERE c_w_id = $1 AND c_d_id = $2 AND c_id = $3 FOR UPDATE","parameters: $1 = '1', $2 = '4', $3 = '83'",,,,,,,,"","client backend"
2024-06-16 14:32:14.637 CST,"raingage","benchmark",15270,"127.0.0.1:45212",666e86a6.3ba6,395,"BEGIN",2024-06-16 14:31:02 CST,6/30,0,LOG,00000,"execute S_3: BEGIN",,,,,,,,,"","client backend"
2024-06-16 14:32:14.652 CST,"raingage","benchmark",15270,"127.0.0.1:45212",666e86a6.3ba6,396,"SELECT",2024-06-16 14:31:02 CST,6/30,0,LOG,00000,"execute S_4: SELECT d_tax, d_next_o_id     FROM bmsql_district     WHERE d_w_id = $1 AND d_id = $2 ","parameters: $1 = '1', $2 = '2'",,,,,,,,"","client backend"
2024-06-16 14:32:14.664 CST,"raingage","benchmark",15269,"127.0.0.1:45210",666e86a6.3ba5,403,"SELECT",2024-06-16 14:31:02 CST,5/30,90727,LOG,00000,"execute S_1: SELECT c_discount, c_last, c_credit, w_tax     FROM bmsql_customer     JOIN bmsql_warehouse ON (w_id = c_w_id)     WHERE c_w_id = $1 AND c_d_id = $2 AND c_id = $3 FOR UPDATE","parameters: $1 = '1', $2 = '4', $3 = '83'",,,,,,,,"","client backend"
2024-06-16 14:32:14.716 CST,"raingage","benchmark",15270,"127.0.0.1:45212",666e86a6.3ba6,397,"SELECT",2024-06-16 14:31:02 CST,6/30,0,LOG,00000,"execute S_1: SELECT c_discount, c_last, c_credit, w_tax     FROM bmsql_customer     JOIN bmsql_warehouse ON (w_id = c_w_id)     WHERE c_w_id = $1 AND c_d_id = $2 AND c_id = $3 FOR UPDATE","parameters: $1 = '1', $2 = '2', $3 = '89'",,,,,,,,"","client backend"
2024-06-16 14:32:14.728 CST,"raingage","benchmark",15269,"127.0.0.1:45210",666e86a6.3ba5,404,"SELECT",2024-06-16 14:31:02 CST,5/30,90727,LOG,00000,"execute S_1: SELECT c_discount, c_last, c_credit, w_tax     FROM bmsql_customer     JOIN bmsql_warehouse ON (w_id = c_w_id)     WHERE c_w_id = $1 AND c_d_id = $2 AND c_id = $3 FOR UPDATE","parameters: $1 = '1', $2 = '4', $3 = '83'",,,,,,,,"","client backend"
2024-06-16 14:32:14.792 CST,"raingage","benchmark",15269,"127.0.0.1:45210",666e86a6.3ba5,405,"SELECT",2024-06-16 14:31:02 CST,5/30,90727,LOG,00000,"execute S_1: SELECT c_discount, c_last, c_credit, w_tax     FROM bmsql_customer     JOIN bmsql_warehouse ON (w_id = c_w_id)     WHERE c_w_id = $1 AND c_d_id = $2 AND c_id = $3 FOR UPDATE","parameters: $1 = '1', $2 = '4', $3 = '83'",,,,,,,,"","client backend"
2024-06-16 14:32:14.859 CST,"raingage","benchmark",15269,"127.0.0.1:45210",666e86a6.3ba5,406,"SELECT",2024-06-16 14:31:02 CST,5/30,90727,LOG,00000,"execute S_1: SELECT c_discount, c_last, c_credit, w_tax     FROM bmsql_customer     JOIN bmsql_warehouse ON (w_id = c_w_id)     WHERE c_w_id = $1 AND c_d_id = $2 AND c_id = $3 FOR UPDATE","parameters: $1 = '1', $2 = '4', $3 = '83'",,,,,,,,"","client backend"
2024-06-16 14:32:14.875 CST,"raingage","benchmark",15269,"127.0.0.1:45210",666e86a6.3ba5,407,"SELECT",2024-06-16 14:31:02 CST,5/30,90727,LOG,00000,"execute S_6: SELECT i_price, i_name, i_data     FROM bmsql_item     WHERE i_id = $1","parameters: $1 = '59'",,,,,,,,"","client backend"
2024-06-16 14:32:14.888 CST,"raingage","benchmark",15269,"127.0.0.1:45210",666e86a6.3ba5,408,"SELECT",2024-06-16 14:31:02 CST,5/30,90727,LOG,00000,"execute S_7: SELECT s_quantity, s_data,        s_dist_01, s_dist_02, s_dist_03, s_dist_04,        s_dist_05, s_dist_06, s_dist_07, s_dist_08,        s_dist_09, s_dist_10     FROM bmsql_stock     WHERE s_w_id = $1 AND s_i_id = $2  FOR UPDATE","parameters: $1 = '1', $2 = '59'",,,,,,,,"","client backend"
2024-06-16 14:32:14.899 CST,"raingage","benchmark",15269,"127.0.0.1:45210",666e86a6.3ba5,409,"UPDATE",2024-06-16 14:31:02 CST,5/30,90727,LOG,00000,"execute S_8: UPDATE bmsql_stock     SET s_quantity = $1, s_ytd = s_ytd + $2,         s_order_cnt = s_order_cnt + 1,         s_remote_cnt = s_remote_cnt + $3     WHERE s_w_id = $4 AND s_i_id = $5","parameters: $1 = '46', $2 = '3', $3 = '0', $4 = '1', $5 = '59'",,,,,,,,"","client backend"
2024-06-16 14:32:14.917 CST,"raingage","benchmark",15269,"127.0.0.1:45210",666e86a6.3ba5,410,"COMMIT",2024-06-16 14:31:02 CST,5/30,90727,LOG,00000,"execute S_3: COMMIT",,,,,,,,,"","client backend"
2024-06-16 14:32:14.930 CST,"raingage","benchmark",15269,"127.0.0.1:45210",666e86a6.3ba5,411,"BEGIN",2024-06-16 14:31:02 CST,5/31,0,LOG,00000,"execute S_4: BEGIN",,,,,,,,,"","client backend"
2024-06-16 14:32:14.942 CST,"raingage","benchmark",15269,"127.0.0.1:45210",666e86a6.3ba5,412,"SELECT",2024-06-16 14:31:02 CST,5/31,0,LOG,00000,"execute S_5: SELECT d_tax, d_next_o_id     FROM bmsql_district     WHERE d_w_id = $1 AND d_id = $2 ","parameters: $1 = '1', $2 = '4'",,,,,,,,"","client backend"
2024-06-16 14:32:14.984 CST,"raingage","benchmark",15270,"127.0.0.1:45212",666e86a6.3ba6,398,"SELECT",2024-06-16 14:31:02 CST,6/30,90728,LOG,00000,"execute S_1: SELECT c_discount, c_last, c_credit, w_tax     FROM bmsql_customer     JOIN bmsql_warehouse ON (w_id = c_w_id)     WHERE c_w_id = $1 AND c_d_id = $2 AND c_id = $3 FOR UPDATE","parameters: $1 = '1', $2 = '2', $3 = '89'",,,,,,,,"","client backend"
2024-06-16 14:32:15.011 CST,"raingage","benchmark",15269,"127.0.0.1:45210",666e86a6.3ba5,413,"SELECT",2024-06-16 14:31:02 CST,5/31,0,LOG,00000,"execute S_1: SELECT c_discount, c_last, c_credit, w_tax     FROM bmsql_customer     JOIN bmsql_warehouse ON (w_id = c_w_id)     WHERE c_w_id = $1 AND c_d_id = $2 AND c_id = $3 FOR UPDATE","parameters: $1 = '1', $2 = '4', $3 = '74'",,,,,,,,"","client backend"
2024-06-16 14:32:15.053 CST,"raingage","benchmark",15270,"127.0.0.1:45212",666e86a6.3ba6,399,"SELECT",2024-06-16 14:31:02 CST,6/30,90728,LOG,00000,"execute S_1: SELECT c_discount, c_last, c_credit, w_tax     FROM bmsql_customer     JOIN bmsql_warehouse ON (w_id = c_w_id)     WHERE c_w_id = $1 AND c_d_id = $2 AND c_id = $3 FOR UPDATE","parameters: $1 = '1', $2 = '2', $3 = '89'",,,,,,,,"","client backend"
2024-06-16 14:32:15.122 CST,"raingage","benchmark",15270,"127.0.0.1:45212",666e86a6.3ba6,400,"SELECT",2024-06-16 14:31:02 CST,6/30,90728,LOG,00000,"execute S_1: SELECT c_discount, c_last, c_credit, w_tax     FROM bmsql_customer     JOIN bmsql_warehouse ON (w_id = c_w_id)     WHERE c_w_id = $1 AND c_d_id = $2 AND c_id = $3 FOR UPDATE","parameters: $1 = '1', $2 = '2', $3 = '89'",,,,,,,,"","client backend"
2024-06-16 14:32:15.185 CST,"raingage","benchmark",15270,"127.0.0.1:45212",666e86a6.3ba6,401,"SELECT",2024-06-16 14:31:02 CST,6/30,90728,LOG,00000,"execute S_1: SELECT c_discount, c_last, c_credit, w_tax     FROM bmsql_customer     JOIN bmsql_warehouse ON (w_id = c_w_id)     WHERE c_w_id = $1 AND c_d_id = $2 AND c_id = $3 FOR UPDATE","parameters: $1 = '1', $2 = '2', $3 = '89'",,,,,,,,"","client backend"
2024-06-16 14:32:15.248 CST,"raingage","benchmark",15270,"127.0.0.1:45212",666e86a6.3ba6,402,"SELECT",2024-06-16 14:31:02 CST,6/30,90728,LOG,00000,"execute S_1: SELECT c_discount, c_last, c_credit, w_tax     FROM bmsql_customer     JOIN bmsql_warehouse ON (w_id = c_w_id)     WHERE c_w_id = $1 AND c_d_id = $2 AND c_id = $3 FOR UPDATE","parameters: $1 = '1', $2 = '2', $3 = '89'",,,,,,,,"","client backend"
2024-06-16 14:32:15.315 CST,"raingage","benchmark",15270,"127.0.0.1:45212",666e86a6.3ba6,403,"SELECT",2024-06-16 14:31:02 CST,6/30,90728,LOG,00000,"execute S_1: SELECT c_discount, c_last, c_credit, w_tax     FROM bmsql_customer     JOIN bmsql_warehouse ON (w_id = c_w_id)     WHERE c_w_id = $1 AND c_d_id = $2 AND c_id = $3 FOR UPDATE","parameters: $1 = '1', $2 = '2', $3 = '89'",,,,,,,,"","client backend"
2024-06-16 14:32:15.381 CST,"raingage","benchmark",15270,"127.0.0.1:45212",666e86a6.3ba6,404,"SELECT",2024-06-16 14:31:02 CST,6/30,90728,LOG,00000,"execute S_1: SELECT c_discount, c_last, c_credit, w_tax     FROM bmsql_customer     JOIN bmsql_warehouse ON (w_id = c_w_id)     WHERE c_w_id = $1 AND c_d_id = $2 AND c_id = $3 FOR UPDATE","parameters: $1 = '1', $2 = '2', $3 = '89'",,,,,,,,"","client backend"
2024-06-16 14:32:15.401 CST,"raingage","benchmark",15270,"127.0.0.1:45212",666e86a6.3ba6,405,"SELECT",2024-06-16 14:31:02 CST,6/30,90728,LOG,00000,"execute S_5: SELECT i_price, i_name, i_data     FROM bmsql_item     WHERE i_id = $1","parameters: $1 = '88'",,,,,,,,"","client backend"
2024-06-16 14:32:15.419 CST,"raingage","benchmark",15270,"127.0.0.1:45212",666e86a6.3ba6,406,"SELECT",2024-06-16 14:31:02 CST,6/30,90728,LOG,00000,"execute S_6: SELECT s_quantity, s_data,        s_dist_01, s_dist_02, s_dist_03, s_dist_04,        s_dist_05, s_dist_06, s_dist_07, s_dist_08,        s_dist_09, s_dist_10     FROM bmsql_stock     WHERE s_w_id = $1 AND s_i_id = $2  FOR UPDATE","parameters: $1 = '1', $2 = '88'",,,,,,,,"","client backend"
2024-06-16 14:32:15.439 CST,"raingage","benchmark",15270,"127.0.0.1:45212",666e86a6.3ba6,407,"UPDATE",2024-06-16 14:31:02 CST,6/30,90728,LOG,00000,"execute S_7: UPDATE bmsql_stock     SET s_quantity = $1, s_ytd = s_ytd + $2,         s_order_cnt = s_order_cnt + 1,         s_remote_cnt = s_remote_cnt + $3     WHERE s_w_id = $4 AND s_i_id = $5","parameters: $1 = '50', $2 = '3', $3 = '0', $4 = '1', $5 = '88'",,,,,,,,"","client backend"
2024-06-16 14:32:15.454 CST,"raingage","benchmark",15270,"127.0.0.1:45212",666e86a6.3ba6,408,"COMMIT",2024-06-16 14:31:02 CST,6/30,90728,LOG,00000,"execute S_2: COMMIT",,,,,,,,,"","client backend"
2024-06-16 14:32:15.523 CST,"raingage","benchmark",15269,"127.0.0.1:45210",666e86a6.3ba5,414,"SELECT",2024-06-16 14:31:02 CST,5/31,90729,LOG,00000,"execute S_1: SELECT c_discount, c_last, c_credit, w_tax     FROM bmsql_customer     JOIN bmsql_warehouse ON (w_id = c_w_id)     WHERE c_w_id = $1 AND c_d_id = $2 AND c_id = $3 FOR UPDATE","parameters: $1 = '1', $2 = '4', $3 = '74'",,,,,,,,"","client backend"
2024-06-16 14:32:15.593 CST,"raingage","benchmark",15269,"127.0.0.1:45210",666e86a6.3ba5,415,"SELECT",2024-06-16 14:31:02 CST,5/31,90729,LOG,00000,"execute S_1: SELECT c_discount, c_last, c_credit, w_tax     FROM bmsql_customer     JOIN bmsql_warehouse ON (w_id = c_w_id)     WHERE c_w_id = $1 AND c_d_id = $2 AND c_id = $3 FOR UPDATE","parameters: $1 = '1', $2 = '4', $3 = '74'",,,,,,,,"","client backend"
2024-06-16 14:32:15.664 CST,"raingage","benchmark",15269,"127.0.0.1:45210",666e86a6.3ba5,416,"SELECT",2024-06-16 14:31:02 CST,5/31,90729,LOG,00000,"execute S_1: SELECT c_discount, c_last, c_credit, w_tax     FROM bmsql_customer     JOIN bmsql_warehouse ON (w_id = c_w_id)     WHERE c_w_id = $1 AND c_d_id = $2 AND c_id = $3 FOR UPDATE","parameters: $1 = '1', $2 = '4', $3 = '74'",,,,,,,,"","client backend"
2024-06-16 14:32:15.732 CST,"raingage","benchmark",15269,"127.0.0.1:45210",666e86a6.3ba5,417,"SELECT",2024-06-16 14:31:02 CST,5/31,90729,LOG,00000,"execute S_1: SELECT c_discount, c_last, c_credit, w_tax     FROM bmsql_customer     JOIN bmsql_warehouse ON (w_id = c_w_id)     WHERE c_w_id = $1 AND c_d_id = $2 AND c_id = $3 FOR UPDATE","parameters: $1 = '1', $2 = '4', $3 = '74'",,,,,,,,"","client backend"
2024-06-16 14:32:15.802 CST,"raingage","benchmark",15269,"127.0.0.1:45210",666e86a6.3ba5,418,"SELECT",2024-06-16 14:31:02 CST,5/31,90729,LOG,00000,"execute S_1: SELECT c_discount, c_last, c_credit, w_tax     FROM bmsql_customer     JOIN bmsql_warehouse ON (w_id = c_w_id)     WHERE c_w_id = $1 AND c_d_id = $2 AND c_id = $3 FOR UPDATE","parameters: $1 = '1', $2 = '4', $3 = '74'",,,,,,,,"","client backend"
2024-06-16 14:32:15.867 CST,"raingage","benchmark",15269,"127.0.0.1:45210",666e86a6.3ba5,419,"SELECT",2024-06-16 14:31:02 CST,5/31,90729,LOG,00000,"execute S_1: SELECT c_discount, c_last, c_credit, w_tax     FROM bmsql_customer     JOIN bmsql_warehouse ON (w_id = c_w_id)     WHERE c_w_id = $1 AND c_d_id = $2 AND c_id = $3 FOR UPDATE","parameters: $1 = '1', $2 = '4', $3 = '74'",,,,,,,,"","client backend"
2024-06-16 14:32:15.930 CST,"raingage","benchmark",15269,"127.0.0.1:45210",666e86a6.3ba5,420,"SELECT",2024-06-16 14:31:02 CST,5/31,90729,LOG,00000,"execute S_1: SELECT c_discount, c_last, c_credit, w_tax     FROM bmsql_customer     JOIN bmsql_warehouse ON (w_id = c_w_id)     WHERE c_w_id = $1 AND c_d_id = $2 AND c_id = $3 FOR UPDATE","parameters: $1 = '1', $2 = '4', $3 = '74'",,,,,,,,"","client backend"
2024-06-16 14:32:15.950 CST,"raingage","benchmark",15269,"127.0.0.1:45210",666e86a6.3ba5,421,"SELECT",2024-06-16 14:31:02 CST,5/31,90729,LOG,00000,"execute S_6: SELECT i_price, i_name, i_data     FROM bmsql_item     WHERE i_id = $1","parameters: $1 = '36'",,,,,,,,"","client backend"
2024-06-16 14:32:15.962 CST,"raingage","benchmark",15269,"127.0.0.1:45210",666e86a6.3ba5,422,"SELECT",2024-06-16 14:31:02 CST,5/31,90729,LOG,00000,"execute S_7: SELECT s_quantity, s_data,        s_dist_01, s_dist_02, s_dist_03, s_dist_04,        s_dist_05, s_dist_06, s_dist_07, s_dist_08,        s_dist_09, s_dist_10     FROM bmsql_stock     WHERE s_w_id = $1 AND s_i_id = $2  FOR UPDATE","parameters: $1 = '1', $2 = '36'",,,,,,,,"","client backend"
2024-06-16 14:32:15.983 CST,"raingage","benchmark",15269,"127.0.0.1:45210",666e86a6.3ba5,423,"UPDATE",2024-06-16 14:31:02 CST,5/31,90729,LOG,00000,"execute S_8: UPDATE bmsql_stock     SET s_quantity = $1, s_ytd = s_ytd + $2,         s_order_cnt = s_order_cnt + 1,         s_remote_cnt = s_remote_cnt + $3     WHERE s_w_id = $4 AND s_i_id = $5","parameters: $1 = '39', $2 = '3', $3 = '0', $4 = '1', $5 = '36'",,,,,,,,"","client backend"
2024-06-16 14:32:15.995 CST,"raingage","benchmark",15269,"127.0.0.1:45210",666e86a6.3ba5,424,"COMMIT",2024-06-16 14:31:02 CST,5/31,90729,LOG,00000,"execute S_3: COMMIT",,,,,,,,,"","client backend"
2024-06-16 14:32:16.011 CST,"raingage","benchmark",15269,"127.0.0.1:45210",666e86a6.3ba5,425,"BEGIN",2024-06-16 14:31:02 CST,5/32,0,LOG,00000,"execute S_4: BEGIN",,,,,,,,,"","client backend"
2024-06-16 14:32:16.029 CST,"raingage","benchmark",15269,"127.0.0.1:45210",666e86a6.3ba5,426,"SELECT",2024-06-16 14:31:02 CST,5/32,0,LOG,00000,"execute S_5: SELECT d_tax, d_next_o_id     FROM bmsql_district     WHERE d_w_id = $1 AND d_id = $2 ","parameters: $1 = '1', $2 = '3'",,,,,,,,"","client backend"
2024-06-16 14:32:16.097 CST,"raingage","benchmark",15269,"127.0.0.1:45210",666e86a6.3ba5,427,"SELECT",2024-06-16 14:31:02 CST,5/32,0,LOG,00000,"execute S_1: SELECT c_discount, c_last, c_credit, w_tax     FROM bmsql_customer     JOIN bmsql_warehouse ON (w_id = c_w_id)     WHERE c_w_id = $1 AND c_d_id = $2 AND c_id = $3 FOR UPDATE","parameters: $1 = '1', $2 = '3', $3 = '24'",,,,,,,,"","client backend"
2024-06-16 14:32:16.168 CST,"raingage","benchmark",15269,"127.0.0.1:45210",666e86a6.3ba5,428,"SELECT",2024-06-16 14:31:02 CST,5/32,90730,LOG,00000,"execute S_1: SELECT c_discount, c_last, c_credit, w_tax     FROM bmsql_customer     JOIN bmsql_warehouse ON (w_id = c_w_id)     WHERE c_w_id = $1 AND c_d_id = $2 AND c_id = $3 FOR UPDATE","parameters: $1 = '1', $2 = '3', $3 = '24'",,,,,,,,"","client backend"
2024-06-16 14:32:16.232 CST,"raingage","benchmark",15269,"127.0.0.1:45210",666e86a6.3ba5,429,"SELECT",2024-06-16 14:31:02 CST,5/32,90730,LOG,00000,"execute S_1: SELECT c_discount, c_last, c_credit, w_tax     FROM bmsql_customer     JOIN bmsql_warehouse ON (w_id = c_w_id)     WHERE c_w_id = $1 AND c_d_id = $2 AND c_id = $3 FOR UPDATE","parameters: $1 = '1', $2 = '3', $3 = '24'",,,,,,,,"","client backend"
2024-06-16 14:32:16.301 CST,"raingage","benchmark",15269,"127.0.0.1:45210",666e86a6.3ba5,430,"SELECT",2024-06-16 14:31:02 CST,5/32,90730,LOG,00000,"execute S_1: SELECT c_discount, c_last, c_credit, w_tax     FROM bmsql_customer     JOIN bmsql_warehouse ON (w_id = c_w_id)     WHERE c_w_id = $1 AND c_d_id = $2 AND c_id = $3 FOR UPDATE","parameters: $1 = '1', $2 = '3', $3 = '24'",,,,,,,,"","client backend"
2024-06-16 14:32:16.364 CST,"raingage","benchmark",15269,"127.0.0.1:45210",666e86a6.3ba5,431,"SELECT",2024-06-16 14:31:02 CST,5/32,90730,LOG,00000,"execute S_1: SELECT c_discount, c_last, c_credit, w_tax     FROM bmsql_customer     JOIN bmsql_warehouse ON (w_id = c_w_id)     WHERE c_w_id = $1 AND c_d_id = $2 AND c_id = $3 FOR UPDATE","parameters: $1 = '1', $2 = '3', $3 = '24'",,,,,,,,"","client backend"
2024-06-16 14:32:16.430 CST,"raingage","benchmark",15269,"127.0.0.1:45210",666e86a6.3ba5,432,"SELECT",2024-06-16 14:31:02 CST,5/32,90730,LOG,00000,"execute S_1: SELECT c_discount, c_last, c_credit, w_tax     FROM bmsql_customer     JOIN bmsql_warehouse ON (w_id = c_w_id)     WHERE c_w_id = $1 AND c_d_id = $2 AND c_id = $3 FOR UPDATE","parameters: $1 = '1', $2 = '3', $3 = '24'",,,,,,,,"","client backend"
2024-06-16 14:32:16.492 CST,"raingage","benchmark",15269,"127.0.0.1:45210",666e86a6.3ba5,433,"SELECT",2024-06-16 14:31:02 CST,5/32,90730,LOG,00000,"execute S_1: SELECT c_discount, c_last, c_credit, w_tax     FROM bmsql_customer     JOIN bmsql_warehouse ON (w_id = c_w_id)     WHERE c_w_id = $1 AND c_d_id = $2 AND c_id = $3 FOR UPDATE","parameters: $1 = '1', $2 = '3', $3 = '24'",,,,,,,,"","client backend"
2024-06-16 14:32:16.561 CST,"raingage","benchmark",15269,"127.0.0.1:45210",666e86a6.3ba5,434,"SELECT",2024-06-16 14:31:02 CST,5/32,90730,LOG,00000,"execute S_1: SELECT c_discount, c_last, c_credit, w_tax     FROM bmsql_customer     JOIN bmsql_warehouse ON (w_id = c_w_id)     WHERE c_w_id = $1 AND c_d_id = $2 AND c_id = $3 FOR UPDATE","parameters: $1 = '1', $2 = '3', $3 = '24'",,,,,,,,"","client backend"
2024-06-16 14:32:16.580 CST,"raingage","benchmark",15269,"127.0.0.1:45210",666e86a6.3ba5,435,"SELECT",2024-06-16 14:31:02 CST,5/32,90730,LOG,00000,"execute S_6: SELECT i_price, i_name, i_data     FROM bmsql_item     WHERE i_id = $1","parameters: $1 = '13'",,,,,,,,"","client backend"
2024-06-16 14:32:16.595 CST,"raingage","benchmark",15269,"127.0.0.1:45210",666e86a6.3ba5,436,"SELECT",2024-06-16 14:31:02 CST,5/32,90730,LOG,00000,"execute S_7: SELECT s_quantity, s_data,        s_dist_01, s_dist_02, s_dist_03, s_dist_04,        s_dist_05, s_dist_06, s_dist_07, s_dist_08,        s_dist_09, s_dist_10     FROM bmsql_stock     WHERE s_w_id = $1 AND s_i_id = $2  FOR UPDATE","parameters: $1 = '1', $2 = '13'",,,,,,,,"","client backend"
2024-06-16 14:32:16.610 CST,"raingage","benchmark",15269,"127.0.0.1:45210",666e86a6.3ba5,437,"UPDATE",2024-06-16 14:31:02 CST,5/32,90730,LOG,00000,"execute S_8: UPDATE bmsql_stock     SET s_quantity = $1, s_ytd = s_ytd + $2,         s_order_cnt = s_order_cnt + 1,         s_remote_cnt = s_remote_cnt + $3     WHERE s_w_id = $4 AND s_i_id = $5","parameters: $1 = '96', $2 = '6', $3 = '0', $4 = '1', $5 = '13'",,,,,,,,"","client backend"
2024-06-16 14:32:16.623 CST,"raingage","benchmark",15269,"127.0.0.1:45210",666e86a6.3ba5,438,"COMMIT",2024-06-16 14:31:02 CST,5/32,90730,LOG,00000,"execute S_3: COMMIT",,,,,,,,,"","client backend"
2024-06-16 14:32:16.639 CST,"raingage","benchmark",15269,"127.0.0.1:45210",666e86a6.3ba5,439,"BEGIN",2024-06-16 14:31:02 CST,5/33,0,LOG,00000,"execute S_4: BEGIN",,,,,,,,,"","client backend"
2024-06-16 14:32:16.655 CST,"raingage","benchmark",15269,"127.0.0.1:45210",666e86a6.3ba5,440,"SELECT",2024-06-16 14:31:02 CST,5/33,0,LOG,00000,"execute S_5: SELECT d_tax, d_next_o_id     FROM bmsql_district     WHERE d_w_id = $1 AND d_id = $2 ","parameters: $1 = '1', $2 = '3'",,,,,,,,"","client backend"
2024-06-16 14:32:16.725 CST,"raingage","benchmark",15269,"127.0.0.1:45210",666e86a6.3ba5,441,"SELECT",2024-06-16 14:31:02 CST,5/33,0,LOG,00000,"execute S_1: SELECT c_discount, c_last, c_credit, w_tax     FROM bmsql_customer     JOIN bmsql_warehouse ON (w_id = c_w_id)     WHERE c_w_id = $1 AND c_d_id = $2 AND c_id = $3 FOR UPDATE","parameters: $1 = '1', $2 = '3', $3 = '2'",,,,,,,,"","client backend"
2024-06-16 14:32:16.793 CST,"raingage","benchmark",15269,"127.0.0.1:45210",666e86a6.3ba5,442,"SELECT",2024-06-16 14:31:02 CST,5/33,90731,LOG,00000,"execute S_1: SELECT c_discount, c_last, c_credit, w_tax     FROM bmsql_customer     JOIN bmsql_warehouse ON (w_id = c_w_id)     WHERE c_w_id = $1 AND c_d_id = $2 AND c_id = $3 FOR UPDATE","parameters: $1 = '1', $2 = '3', $3 = '2'",,,,,,,,"","client backend"
2024-06-16 14:32:16.862 CST,"raingage","benchmark",15269,"127.0.0.1:45210",666e86a6.3ba5,443,"SELECT",2024-06-16 14:31:02 CST,5/33,90731,LOG,00000,"execute S_1: SELECT c_discount, c_last, c_credit, w_tax     FROM bmsql_customer     JOIN bmsql_warehouse ON (w_id = c_w_id)     WHERE c_w_id = $1 AND c_d_id = $2 AND c_id = $3 FOR UPDATE","parameters: $1 = '1', $2 = '3', $3 = '2'",,,,,,,,"","client backend"
2024-06-16 14:32:16.927 CST,"raingage","benchmark",15269,"127.0.0.1:45210",666e86a6.3ba5,444,"SELECT",2024-06-16 14:31:02 CST,5/33,90731,LOG,00000,"execute S_1: SELECT c_discount, c_last, c_credit, w_tax     FROM bmsql_customer     JOIN bmsql_warehouse ON (w_id = c_w_id)     WHERE c_w_id = $1 AND c_d_id = $2 AND c_id = $3 FOR UPDATE","parameters: $1 = '1', $2 = '3', $3 = '2'",,,,,,,,"","client backend"
2024-06-16 14:32:16.991 CST,"raingage","benchmark",15269,"127.0.0.1:45210",666e86a6.3ba5,445,"SELECT",2024-06-16 14:31:02 CST,5/33,90731,LOG,00000,"execute S_1: SELECT c_discount, c_last, c_credit, w_tax     FROM bmsql_customer     JOIN bmsql_warehouse ON (w_id = c_w_id)     WHERE c_w_id = $1 AND c_d_id = $2 AND c_id = $3 FOR UPDATE","parameters: $1 = '1', $2 = '3', $3 = '2'",,,,,,,,"","client backend"
2024-06-16 14:32:17.058 CST,"raingage","benchmark",15269,"127.0.0.1:45210",666e86a6.3ba5,446,"SELECT",2024-06-16 14:31:02 CST,5/33,90731,LOG,00000,"execute S_1: SELECT c_discount, c_last, c_credit, w_tax     FROM bmsql_customer     JOIN bmsql_warehouse ON (w_id = c_w_id)     WHERE c_w_id = $1 AND c_d_id = $2 AND c_id = $3 FOR UPDATE","parameters: $1 = '1', $2 = '3', $3 = '2'",,,,,,,,"","client backend"
2024-06-16 14:32:17.126 CST,"raingage","benchmark",15269,"127.0.0.1:45210",666e86a6.3ba5,447,"SELECT",2024-06-16 14:31:02 CST,5/33,90731,LOG,00000,"execute S_1: SELECT c_discount, c_last, c_credit, w_tax     FROM bmsql_customer     JOIN bmsql_warehouse ON (w_id = c_w_id)     WHERE c_w_id = $1 AND c_d_id = $2 AND c_id = $3 FOR UPDATE","parameters: $1 = '1', $2 = '3', $3 = '2'",,,,,,,,"","client backend"
2024-06-16 14:32:17.196 CST,"raingage","benchmark",15269,"127.0.0.1:45210",666e86a6.3ba5,448,"SELECT",2024-06-16 14:31:02 CST,5/33,90731,LOG,00000,"execute S_1: SELECT c_discount, c_last, c_credit, w_tax     FROM bmsql_customer     JOIN bmsql_warehouse ON (w_id = c_w_id)     WHERE c_w_id = $1 AND c_d_id = $2 AND c_id = $3 FOR UPDATE","parameters: $1 = '1', $2 = '3', $3 = '2'",,,,,,,,"","client backend"
2024-06-16 14:32:17.212 CST,"raingage","benchmark",15269,"127.0.0.1:45210",666e86a6.3ba5,449,"SELECT",2024-06-16 14:31:02 CST,5/33,90731,LOG,00000,"execute S_6: SELECT i_price, i_name, i_data     FROM bmsql_item     WHERE i_id = $1","parameters: $1 = '35'",,,,,,,,"","client backend"
2024-06-16 14:32:17.224 CST,"raingage","benchmark",15269,"127.0.0.1:45210",666e86a6.3ba5,450,"SELECT",2024-06-16 14:31:02 CST,5/33,90731,LOG,00000,"execute S_7: SELECT s_quantity, s_data,        s_dist_01, s_dist_02, s_dist_03, s_dist_04,        s_dist_05, s_dist_06, s_dist_07, s_dist_08,        s_dist_09, s_dist_10     FROM bmsql_stock     WHERE s_w_id = $1 AND s_i_id = $2  FOR UPDATE","parameters: $1 = '1', $2 = '35'",,,,,,,,"","client backend"
2024-06-16 14:32:17.244 CST,"raingage","benchmark",15269,"127.0.0.1:45210",666e86a6.3ba5,451,"UPDATE",2024-06-16 14:31:02 CST,5/33,90731,LOG,00000,"execute S_8: UPDATE bmsql_stock     SET s_quantity = $1, s_ytd = s_ytd + $2,         s_order_cnt = s_order_cnt + 1,         s_remote_cnt = s_remote_cnt + $3     WHERE s_w_id = $4 AND s_i_id = $5","parameters: $1 = '105', $2 = '6', $3 = '0', $4 = '1', $5 = '35'",,,,,,,,"","client backend"
2024-06-16 14:32:17.259 CST,"raingage","benchmark",15269,"127.0.0.1:45210",666e86a6.3ba5,452,"COMMIT",2024-06-16 14:31:02 CST,5/33,90731,LOG,00000,"execute S_3: COMMIT",,,,,,,,,"","client backend"
2024-06-16 14:32:17.275 CST,"raingage","benchmark",15269,"127.0.0.1:45210",666e86a6.3ba5,453,"BEGIN",2024-06-16 14:31:02 CST,5/34,0,LOG,00000,"execute S_4: BEGIN",,,,,,,,,"","client backend"
2024-06-16 14:32:17.294 CST,"raingage","benchmark",15269,"127.0.0.1:45210",666e86a6.3ba5,454,"SELECT",2024-06-16 14:31:02 CST,5/34,0,LOG,00000,"execute S_5: SELECT d_tax, d_next_o_id     FROM bmsql_district     WHERE d_w_id = $1 AND d_id = $2 ","parameters: $1 = '1', $2 = '3'",,,,,,,,"","client backend"
2024-06-16 14:32:17.362 CST,"raingage","benchmark",15269,"127.0.0.1:45210",666e86a6.3ba5,455,"SELECT",2024-06-16 14:31:02 CST,5/34,0,LOG,00000,"execute S_1: SELECT c_discount, c_last, c_credit, w_tax     FROM bmsql_customer     JOIN bmsql_warehouse ON (w_id = c_w_id)     WHERE c_w_id = $1 AND c_d_id = $2 AND c_id = $3 FOR UPDATE","parameters: $1 = '1', $2 = '3', $3 = '2'",,,,,,,,"","client backend"
2024-06-16 14:32:17.427 CST,"raingage","benchmark",15269,"127.0.0.1:45210",666e86a6.3ba5,456,"SELECT",2024-06-16 14:31:02 CST,5/34,90732,LOG,00000,"execute S_1: SELECT c_discount, c_last, c_credit, w_tax     FROM bmsql_customer     JOIN bmsql_warehouse ON (w_id = c_w_id)     WHERE c_w_id = $1 AND c_d_id = $2 AND c_id = $3 FOR UPDATE","parameters: $1 = '1', $2 = '3', $3 = '2'",,,,,,,,"","client backend"
2024-06-16 14:32:17.495 CST,"raingage","benchmark",15269,"127.0.0.1:45210",666e86a6.3ba5,457,"SELECT",2024-06-16 14:31:02 CST,5/34,90732,LOG,00000,"execute S_1: SELECT c_discount, c_last, c_credit, w_tax     FROM bmsql_customer     JOIN bmsql_warehouse ON (w_id = c_w_id)     WHERE c_w_id = $1 AND c_d_id = $2 AND c_id = $3 FOR UPDATE","parameters: $1 = '1', $2 = '3', $3 = '2'",,,,,,,,"","client backend"
2024-06-16 14:32:17.558 CST,"raingage","benchmark",15269,"127.0.0.1:45210",666e86a6.3ba5,458,"SELECT",2024-06-16 14:31:02 CST,5/34,90732,LOG,00000,"execute S_1: SELECT c_discount, c_last, c_credit, w_tax     FROM bmsql_customer     JOIN bmsql_warehouse ON (w_id = c_w_id)     WHERE c_w_id = $1 AND c_d_id = $2 AND c_id = $3 FOR UPDATE","parameters: $1 = '1', $2 = '3', $3 = '2'",,,,,,,,"","client backend"
2024-06-16 14:32:17.620 CST,"raingage","benchmark",15269,"127.0.0.1:45210",666e86a6.3ba5,459,"SELECT",2024-06-16 14:31:02 CST,5/34,90732,LOG,00000,"execute S_1: SELECT c_discount, c_last, c_credit, w_tax     FROM bmsql_customer     JOIN bmsql_warehouse ON (w_id = c_w_id)     WHERE c_w_id = $1 AND c_d_id = $2 AND c_id = $3 FOR UPDATE","parameters: $1 = '1', $2 = '3', $3 = '2'",,,,,,,,"","client backend"
2024-06-16 14:32:17.690 CST,"raingage","benchmark",15269,"127.0.0.1:45210",666e86a6.3ba5,460,"SELECT",2024-06-16 14:31:02 CST,5/34,90732,LOG,00000,"execute S_1: SELECT c_discount, c_last, c_credit, w_tax     FROM bmsql_customer     JOIN bmsql_warehouse ON (w_id = c_w_id)     WHERE c_w_id = $1 AND c_d_id = $2 AND c_id = $3 FOR UPDATE","parameters: $1 = '1', $2 = '3', $3 = '2'",,,,,,,,"","client backend"
2024-06-16 14:32:17.761 CST,"raingage","benchmark",15269,"127.0.0.1:45210",666e86a6.3ba5,461,"SELECT",2024-06-16 14:31:02 CST,5/34,90732,LOG,00000,"execute S_1: SELECT c_discount, c_last, c_credit, w_tax     FROM bmsql_customer     JOIN bmsql_warehouse ON (w_id = c_w_id)     WHERE c_w_id = $1 AND c_d_id = $2 AND c_id = $3 FOR UPDATE","parameters: $1 = '1', $2 = '3', $3 = '2'",,,,,,,,"","client backend"
2024-06-16 14:32:17.824 CST,"raingage","benchmark",15269,"127.0.0.1:45210",666e86a6.3ba5,462,"SELECT",2024-06-16 14:31:02 CST,5/34,90732,LOG,00000,"execute S_1: SELECT c_discount, c_last, c_credit, w_tax     FROM bmsql_customer     JOIN bmsql_warehouse ON (w_id = c_w_id)     WHERE c_w_id = $1 AND c_d_id = $2 AND c_id = $3 FOR UPDATE","parameters: $1 = '1', $2 = '3', $3 = '2'",,,,,,,,"","client backend"
2024-06-16 14:32:17.838 CST,"raingage","benchmark",15269,"127.0.0.1:45210",666e86a6.3ba5,463,"SELECT",2024-06-16 14:31:02 CST,5/34,90732,LOG,00000,"execute S_6: SELECT i_price, i_name, i_data     FROM bmsql_item     WHERE i_id = $1","parameters: $1 = '35'",,,,,,,,"","client backend"
2024-06-16 14:32:17.850 CST,"raingage","benchmark",15269,"127.0.0.1:45210",666e86a6.3ba5,464,"SELECT",2024-06-16 14:31:02 CST,5/34,90732,LOG,00000,"execute S_7: SELECT s_quantity, s_data,        s_dist_01, s_dist_02, s_dist_03, s_dist_04,        s_dist_05, s_dist_06, s_dist_07, s_dist_08,        s_dist_09, s_dist_10     FROM bmsql_stock     WHERE s_w_id = $1 AND s_i_id = $2  FOR UPDATE","parameters: $1 = '1', $2 = '35'",,,,,,,,"","client backend"
2024-06-16 14:32:17.871 CST,"raingage","benchmark",15269,"127.0.0.1:45210",666e86a6.3ba5,465,"UPDATE",2024-06-16 14:31:02 CST,5/34,90732,LOG,00000,"execute S_8: UPDATE bmsql_stock     SET s_quantity = $1, s_ytd = s_ytd + $2,         s_order_cnt = s_order_cnt + 1,         s_remote_cnt = s_remote_cnt + $3     WHERE s_w_id = $4 AND s_i_id = $5","parameters: $1 = '103', $2 = '2', $3 = '0', $4 = '1', $5 = '35'",,,,,,,,"","client backend"
2024-06-16 14:32:17.883 CST,"raingage","benchmark",15269,"127.0.0.1:45210",666e86a6.3ba5,466,"COMMIT",2024-06-16 14:31:02 CST,5/34,90732,LOG,00000,"execute S_3: COMMIT",,,,,,,,,"","client backend"
2024-06-16 14:32:22.748 CST,"raingage","benchmark",15271,"127.0.0.1:45214",666e86a7.3ba7,549,"BEGIN",2024-06-16 14:31:03 CST,7/41,0,LOG,00000,"execute S_3: BEGIN",,,,,,,,,"","client backend"
2024-06-16 14:32:22.767 CST,"raingage","benchmark",15271,"127.0.0.1:45214",666e86a7.3ba7,550,"SELECT",2024-06-16 14:31:03 CST,7/41,0,LOG,00000,"execute S_4: SELECT d_tax, d_next_o_id     FROM bmsql_district     WHERE d_w_id = $1 AND d_id = $2 ","parameters: $1 = '1', $2 = '4'",,,,,,,,"","client backend"
2024-06-16 14:32:22.833 CST,"raingage","benchmark",15271,"127.0.0.1:45214",666e86a7.3ba7,551,"SELECT",2024-06-16 14:31:03 CST,7/41,0,LOG,00000,"execute S_1: SELECT c_discount, c_last, c_credit, w_tax     FROM bmsql_customer     JOIN bmsql_warehouse ON (w_id = c_w_id)     WHERE c_w_id = $1 AND c_d_id = $2 AND c_id = $3 FOR UPDATE","parameters: $1 = '1', $2 = '4', $3 = '83'",,,,,,,,"","client backend"
2024-06-16 14:32:22.900 CST,"raingage","benchmark",15271,"127.0.0.1:45214",666e86a7.3ba7,552,"SELECT",2024-06-16 14:31:03 CST,7/41,90733,LOG,00000,"execute S_1: SELECT c_discount, c_last, c_credit, w_tax     FROM bmsql_customer     JOIN bmsql_warehouse ON (w_id = c_w_id)     WHERE c_w_id = $1 AND c_d_id = $2 AND c_id = $3 FOR UPDATE","parameters: $1 = '1', $2 = '4', $3 = '83'",,,,,,,,"","client backend"
2024-06-16 14:32:22.965 CST,"raingage","benchmark",15271,"127.0.0.1:45214",666e86a7.3ba7,553,"SELECT",2024-06-16 14:31:03 CST,7/41,90733,LOG,00000,"execute S_1: SELECT c_discount, c_last, c_credit, w_tax     FROM bmsql_customer     JOIN bmsql_warehouse ON (w_id = c_w_id)     WHERE c_w_id = $1 AND c_d_id = $2 AND c_id = $3 FOR UPDATE","parameters: $1 = '1', $2 = '4', $3 = '83'",,,,,,,,"","client backend"
2024-06-16 14:32:23.035 CST,"raingage","benchmark",15271,"127.0.0.1:45214",666e86a7.3ba7,554,"SELECT",2024-06-16 14:31:03 CST,7/41,90733,LOG,00000,"execute S_1: SELECT c_discount, c_last, c_credit, w_tax     FROM bmsql_customer     JOIN bmsql_warehouse ON (w_id = c_w_id)     WHERE c_w_id = $1 AND c_d_id = $2 AND c_id = $3 FOR UPDATE","parameters: $1 = '1', $2 = '4', $3 = '83'",,,,,,,,"","client backend"
2024-06-16 14:32:23.100 CST,"raingage","benchmark",15271,"127.0.0.1:45214",666e86a7.3ba7,555,"SELECT",2024-06-16 14:31:03 CST,7/41,90733,LOG,00000,"execute S_1: SELECT c_discount, c_last, c_credit, w_tax     FROM bmsql_customer     JOIN bmsql_warehouse ON (w_id = c_w_id)     WHERE c_w_id = $1 AND c_d_id = $2 AND c_id = $3 FOR UPDATE","parameters: $1 = '1', $2 = '4', $3 = '83'",,,,,,,,"","client backend"
2024-06-16 14:32:23.172 CST,"raingage","benchmark",15271,"127.0.0.1:45214",666e86a7.3ba7,556,"SELECT",2024-06-16 14:31:03 CST,7/41,90733,LOG,00000,"execute S_1: SELECT c_discount, c_last, c_credit, w_tax     FROM bmsql_customer     JOIN bmsql_warehouse ON (w_id = c_w_id)     WHERE c_w_id = $1 AND c_d_id = $2 AND c_id = $3 FOR UPDATE","parameters: $1 = '1', $2 = '4', $3 = '83'",,,,,,,,"","client backend"
2024-06-16 14:32:23.242 CST,"raingage","benchmark",15271,"127.0.0.1:45214",666e86a7.3ba7,557,"SELECT",2024-06-16 14:31:03 CST,7/41,90733,LOG,00000,"execute S_1: SELECT c_discount, c_last, c_credit, w_tax     FROM bmsql_customer     JOIN bmsql_warehouse ON (w_id = c_w_id)     WHERE c_w_id = $1 AND c_d_id = $2 AND c_id = $3 FOR UPDATE","parameters: $1 = '1', $2 = '4', $3 = '83'",,,,,,,,"","client backend"
2024-06-16 14:32:23.309 CST,"raingage","benchmark",15271,"127.0.0.1:45214",666e86a7.3ba7,558,"SELECT",2024-06-16 14:31:03 CST,7/41,90733,LOG,00000,"execute S_1: SELECT c_discount, c_last, c_credit, w_tax     FROM bmsql_customer     JOIN bmsql_warehouse ON (w_id = c_w_id)     WHERE c_w_id = $1 AND c_d_id = $2 AND c_id = $3 FOR UPDATE","parameters: $1 = '1', $2 = '4', $3 = '83'",,,,,,,,"","client backend"
2024-06-16 14:32:23.321 CST,"raingage","benchmark",15271,"127.0.0.1:45214",666e86a7.3ba7,559,"SELECT",2024-06-16 14:31:03 CST,7/41,90733,LOG,00000,"execute S_5: SELECT i_price, i_name, i_data     FROM bmsql_item     WHERE i_id = $1","parameters: $1 = '59'",,,,,,,,"","client backend"
2024-06-16 14:32:23.340 CST,"raingage","benchmark",15271,"127.0.0.1:45214",666e86a7.3ba7,560,"SELECT",2024-06-16 14:31:03 CST,7/41,90733,LOG,00000,"execute S_6: SELECT s_quantity, s_data,        s_dist_01, s_dist_02, s_dist_03, s_dist_04,        s_dist_05, s_dist_06, s_dist_07, s_dist_08,        s_dist_09, s_dist_10     FROM bmsql_stock     WHERE s_w_id = $1 AND s_i_id = $2  FOR UPDATE","parameters: $1 = '1', $2 = '59'",,,,,,,,"","client backend"
2024-06-16 14:32:23.359 CST,"raingage","benchmark",15271,"127.0.0.1:45214",666e86a7.3ba7,561,"UPDATE",2024-06-16 14:31:03 CST,7/41,90733,LOG,00000,"execute S_7: UPDATE bmsql_stock     SET s_quantity = $1, s_ytd = s_ytd + $2,         s_order_cnt = s_order_cnt + 1,         s_remote_cnt = s_remote_cnt + $3     WHERE s_w_id = $4 AND s_i_id = $5","parameters: $1 = '43', $2 = '3', $3 = '0', $4 = '1', $5 = '59'",,,,,,,,"","client backend"
2024-06-16 14:32:23.373 CST,"raingage","benchmark",15271,"127.0.0.1:45214",666e86a7.3ba7,562,"COMMIT",2024-06-16 14:31:03 CST,7/41,90733,LOG,00000,"execute S_2: COMMIT",,,,,,,,,"","client backend"
2024-06-16 14:32:23.394 CST,"raingage","benchmark",15271,"127.0.0.1:45214",666e86a7.3ba7,563,"BEGIN",2024-06-16 14:31:03 CST,7/42,0,LOG,00000,"execute S_3: BEGIN",,,,,,,,,"","client backend"
2024-06-16 14:32:23.411 CST,"raingage","benchmark",15271,"127.0.0.1:45214",666e86a7.3ba7,564,"SELECT",2024-06-16 14:31:03 CST,7/42,0,LOG,00000,"execute S_4: SELECT d_tax, d_next_o_id     FROM bmsql_district     WHERE d_w_id = $1 AND d_id = $2 ","parameters: $1 = '1', $2 = '3'",,,,,,,,"","client backend"
2024-06-16 14:32:23.478 CST,"raingage","benchmark",15271,"127.0.0.1:45214",666e86a7.3ba7,565,"SELECT",2024-06-16 14:31:03 CST,7/42,0,LOG,00000,"execute S_1: SELECT c_discount, c_last, c_credit, w_tax     FROM bmsql_customer     JOIN bmsql_warehouse ON (w_id = c_w_id)     WHERE c_w_id = $1 AND c_d_id = $2 AND c_id = $3 FOR UPDATE","parameters: $1 = '1', $2 = '3', $3 = '76'",,,,,,,,"","client backend"
2024-06-16 14:32:23.548 CST,"raingage","benchmark",15271,"127.0.0.1:45214",666e86a7.3ba7,566,"SELECT",2024-06-16 14:31:03 CST,7/42,90734,LOG,00000,"execute S_1: SELECT c_discount, c_last, c_credit, w_tax     FROM bmsql_customer     JOIN bmsql_warehouse ON (w_id = c_w_id)     WHERE c_w_id = $1 AND c_d_id = $2 AND c_id = $3 FOR UPDATE","parameters: $1 = '1', $2 = '3', $3 = '76'",,,,,,,,"","client backend"
2024-06-16 14:32:23.619 CST,"raingage","benchmark",15271,"127.0.0.1:45214",666e86a7.3ba7,567,"SELECT",2024-06-16 14:31:03 CST,7/42,90734,LOG,00000,"execute S_1: SELECT c_discount, c_last, c_credit, w_tax     FROM bmsql_customer     JOIN bmsql_warehouse ON (w_id = c_w_id)     WHERE c_w_id = $1 AND c_d_id = $2 AND c_id = $3 FOR UPDATE","parameters: $1 = '1', $2 = '3', $3 = '76'",,,,,,,,"","client backend"
2024-06-16 14:32:23.691 CST,"raingage","benchmark",15271,"127.0.0.1:45214",666e86a7.3ba7,568,"SELECT",2024-06-16 14:31:03 CST,7/42,90734,LOG,00000,"execute S_1: SELECT c_discount, c_last, c_credit, w_tax     FROM bmsql_customer     JOIN bmsql_warehouse ON (w_id = c_w_id)     WHERE c_w_id = $1 AND c_d_id = $2 AND c_id = $3 FOR UPDATE","parameters: $1 = '1', $2 = '3', $3 = '76'",,,,,,,,"","client backend"
2024-06-16 14:32:23.760 CST,"raingage","benchmark",15271,"127.0.0.1:45214",666e86a7.3ba7,569,"SELECT",2024-06-16 14:31:03 CST,7/42,90734,LOG,00000,"execute S_1: SELECT c_discount, c_last, c_credit, w_tax     FROM bmsql_customer     JOIN bmsql_warehouse ON (w_id = c_w_id)     WHERE c_w_id = $1 AND c_d_id = $2 AND c_id = $3 FOR UPDATE","parameters: $1 = '1', $2 = '3', $3 = '76'",,,,,,,,"","client backend"
2024-06-16 14:32:23.824 CST,"raingage","benchmark",15271,"127.0.0.1:45214",666e86a7.3ba7,570,"SELECT",2024-06-16 14:31:03 CST,7/42,90734,LOG,00000,"execute S_1: SELECT c_discount, c_last, c_credit, w_tax     FROM bmsql_customer     JOIN bmsql_warehouse ON (w_id = c_w_id)     WHERE c_w_id = $1 AND c_d_id = $2 AND c_id = $3 FOR UPDATE","parameters: $1 = '1', $2 = '3', $3 = '76'",,,,,,,,"","client backend"
2024-06-16 14:32:23.890 CST,"raingage","benchmark",15271,"127.0.0.1:45214",666e86a7.3ba7,571,"SELECT",2024-06-16 14:31:03 CST,7/42,90734,LOG,00000,"execute S_1: SELECT c_discount, c_last, c_credit, w_tax     FROM bmsql_customer     JOIN bmsql_warehouse ON (w_id = c_w_id)     WHERE c_w_id = $1 AND c_d_id = $2 AND c_id = $3 FOR UPDATE","parameters: $1 = '1', $2 = '3', $3 = '76'",,,,,,,,"","client backend"
2024-06-16 14:32:23.962 CST,"raingage","benchmark",15271,"127.0.0.1:45214",666e86a7.3ba7,572,"SELECT",2024-06-16 14:31:03 CST,7/42,90734,LOG,00000,"execute S_1: SELECT c_discount, c_last, c_credit, w_tax     FROM bmsql_customer     JOIN bmsql_warehouse ON (w_id = c_w_id)     WHERE c_w_id = $1 AND c_d_id = $2 AND c_id = $3 FOR UPDATE","parameters: $1 = '1', $2 = '3', $3 = '76'",,,,,,,,"","client backend"
2024-06-16 14:32:23.975 CST,"raingage","benchmark",15271,"127.0.0.1:45214",666e86a7.3ba7,573,"SELECT",2024-06-16 14:31:03 CST,7/42,90734,LOG,00000,"execute S_5: SELECT i_price, i_name, i_data     FROM bmsql_item     WHERE i_id = $1","parameters: $1 = '12'",,,,,,,,"","client backend"
2024-06-16 14:32:23.991 CST,"raingage","benchmark",15271,"127.0.0.1:45214",666e86a7.3ba7,574,"SELECT",2024-06-16 14:31:03 CST,7/42,90734,LOG,00000,"execute S_6: SELECT s_quantity, s_data,        s_dist_01, s_dist_02, s_dist_03, s_dist_04,        s_dist_05, s_dist_06, s_dist_07, s_dist_08,        s_dist_09, s_dist_10     FROM bmsql_stock     WHERE s_w_id = $1 AND s_i_id = $2  FOR UPDATE","parameters: $1 = '1', $2 = '12'",,,,,,,,"","client backend"
2024-06-16 14:32:24.009 CST,"raingage","benchmark",15271,"127.0.0.1:45214",666e86a7.3ba7,575,"UPDATE",2024-06-16 14:31:03 CST,7/42,90734,LOG,00000,"execute S_7: UPDATE bmsql_stock     SET s_quantity = $1, s_ytd = s_ytd + $2,         s_order_cnt = s_order_cnt + 1,         s_remote_cnt = s_remote_cnt + $3     WHERE s_w_id = $4 AND s_i_id = $5","parameters: $1 = '18', $2 = '3', $3 = '0', $4 = '1', $5 = '12'",,,,,,,,"","client backend"
2024-06-16 14:32:24.021 CST,"raingage","benchmark",15271,"127.0.0.1:45214",666e86a7.3ba7,576,"COMMIT",2024-06-16 14:31:03 CST,7/42,90734,LOG,00000,"execute S_2: COMMIT",,,,,,,,,"","client backend"
2024-06-16 14:32:24.035 CST,"raingage","benchmark",15271,"127.0.0.1:45214",666e86a7.3ba7,577,"BEGIN",2024-06-16 14:31:03 CST,7/43,0,LOG,00000,"execute S_3: BEGIN",,,,,,,,,"","client backend"
2024-06-16 14:32:24.050 CST,"raingage","benchmark",15271,"127.0.0.1:45214",666e86a7.3ba7,578,"SELECT",2024-06-16 14:31:03 CST,7/43,0,LOG,00000,"execute S_4: SELECT d_tax, d_next_o_id     FROM bmsql_district     WHERE d_w_id = $1 AND d_id = $2 ","parameters: $1 = '1', $2 = '3'",,,,,,,,"","client backend"
2024-06-16 14:32:24.122 CST,"raingage","benchmark",15271,"127.0.0.1:45214",666e86a7.3ba7,579,"SELECT",2024-06-16 14:31:03 CST,7/43,0,LOG,00000,"execute S_1: SELECT c_discount, c_last, c_credit, w_tax     FROM bmsql_customer     JOIN bmsql_warehouse ON (w_id = c_w_id)     WHERE c_w_id = $1 AND c_d_id = $2 AND c_id = $3 FOR UPDATE","parameters: $1 = '1', $2 = '3', $3 = '89'",,,,,,,,"","client backend"
2024-06-16 14:32:24.188 CST,"raingage","benchmark",15271,"127.0.0.1:45214",666e86a7.3ba7,580,"SELECT",2024-06-16 14:31:03 CST,7/43,90735,LOG,00000,"execute S_1: SELECT c_discount, c_last, c_credit, w_tax     FROM bmsql_customer     JOIN bmsql_warehouse ON (w_id = c_w_id)     WHERE c_w_id = $1 AND c_d_id = $2 AND c_id = $3 FOR UPDATE","parameters: $1 = '1', $2 = '3', $3 = '89'",,,,,,,,"","client backend"
2024-06-16 14:32:24.254 CST,"raingage","benchmark",15271,"127.0.0.1:45214",666e86a7.3ba7,581,"SELECT",2024-06-16 14:31:03 CST,7/43,90735,LOG,00000,"execute S_1: SELECT c_discount, c_last, c_credit, w_tax     FROM bmsql_customer     JOIN bmsql_warehouse ON (w_id = c_w_id)     WHERE c_w_id = $1 AND c_d_id = $2 AND c_id = $3 FOR UPDATE","parameters: $1 = '1', $2 = '3', $3 = '89'",,,,,,,,"","client backend"
2024-06-16 14:32:24.319 CST,"raingage","benchmark",15271,"127.0.0.1:45214",666e86a7.3ba7,582,"SELECT",2024-06-16 14:31:03 CST,7/43,90735,LOG,00000,"execute S_1: SELECT c_discount, c_last, c_credit, w_tax     FROM bmsql_customer     JOIN bmsql_warehouse ON (w_id = c_w_id)     WHERE c_w_id = $1 AND c_d_id = $2 AND c_id = $3 FOR UPDATE","parameters: $1 = '1', $2 = '3', $3 = '89'",,,,,,,,"","client backend"
2024-06-16 14:32:24.388 CST,"raingage","benchmark",15271,"127.0.0.1:45214",666e86a7.3ba7,583,"SELECT",2024-06-16 14:31:03 CST,7/43,90735,LOG,00000,"execute S_1: SELECT c_discount, c_last, c_credit, w_tax     FROM bmsql_customer     JOIN bmsql_warehouse ON (w_id = c_w_id)     WHERE c_w_id = $1 AND c_d_id = $2 AND c_id = $3 FOR UPDATE","parameters: $1 = '1', $2 = '3', $3 = '89'",,,,,,,,"","client backend"
2024-06-16 14:32:24.427 CST,"raingage","benchmark",15270,"127.0.0.1:45212",666e86a6.3ba6,409,"BEGIN",2024-06-16 14:31:02 CST,6/31,0,LOG,00000,"execute S_3: BEGIN",,,,,,,,,"","client backend"
2024-06-16 14:32:24.445 CST,"raingage","benchmark",15270,"127.0.0.1:45212",666e86a6.3ba6,410,"SELECT",2024-06-16 14:31:02 CST,6/31,0,LOG,00000,"execute S_4: SELECT d_tax, d_next_o_id     FROM bmsql_district     WHERE d_w_id = $1 AND d_id = $2 ","parameters: $1 = '1', $2 = '3'",,,,,,,,"","client backend"
2024-06-16 14:32:24.455 CST,"raingage","benchmark",15271,"127.0.0.1:45214",666e86a7.3ba7,584,"SELECT",2024-06-16 14:31:03 CST,7/43,90735,LOG,00000,"execute S_1: SELECT c_discount, c_last, c_credit, w_tax     FROM bmsql_customer     JOIN bmsql_warehouse ON (w_id = c_w_id)     WHERE c_w_id = $1 AND c_d_id = $2 AND c_id = $3 FOR UPDATE","parameters: $1 = '1', $2 = '3', $3 = '89'",,,,,,,,"","client backend"
2024-06-16 14:32:24.515 CST,"raingage","benchmark",15270,"127.0.0.1:45212",666e86a6.3ba6,411,"SELECT",2024-06-16 14:31:02 CST,6/31,0,LOG,00000,"execute S_1: SELECT c_discount, c_last, c_credit, w_tax     FROM bmsql_customer     JOIN bmsql_warehouse ON (w_id = c_w_id)     WHERE c_w_id = $1 AND c_d_id = $2 AND c_id = $3 FOR UPDATE","parameters: $1 = '1', $2 = '3', $3 = '24'",,,,,,,,"","client backend"
2024-06-16 14:32:24.518 CST,"raingage","benchmark",15271,"127.0.0.1:45214",666e86a7.3ba7,585,"SELECT",2024-06-16 14:31:03 CST,7/43,90735,LOG,00000,"execute S_1: SELECT c_discount, c_last, c_credit, w_tax     FROM bmsql_customer     JOIN bmsql_warehouse ON (w_id = c_w_id)     WHERE c_w_id = $1 AND c_d_id = $2 AND c_id = $3 FOR UPDATE","parameters: $1 = '1', $2 = '3', $3 = '89'",,,,,,,,"","client backend"
2024-06-16 14:32:24.581 CST,"raingage","benchmark",15271,"127.0.0.1:45214",666e86a7.3ba7,586,"SELECT",2024-06-16 14:31:03 CST,7/43,90735,LOG,00000,"execute S_1: SELECT c_discount, c_last, c_credit, w_tax     FROM bmsql_customer     JOIN bmsql_warehouse ON (w_id = c_w_id)     WHERE c_w_id = $1 AND c_d_id = $2 AND c_id = $3 FOR UPDATE","parameters: $1 = '1', $2 = '3', $3 = '89'",,,,,,,,"","client backend"
2024-06-16 14:32:24.597 CST,"raingage","benchmark",15271,"127.0.0.1:45214",666e86a7.3ba7,587,"SELECT",2024-06-16 14:31:03 CST,7/43,90735,LOG,00000,"execute S_5: SELECT i_price, i_name, i_data     FROM bmsql_item     WHERE i_id = $1","parameters: $1 = '87'",,,,,,,,"","client backend"
2024-06-16 14:32:24.618 CST,"raingage","benchmark",15271,"127.0.0.1:45214",666e86a7.3ba7,588,"SELECT",2024-06-16 14:31:03 CST,7/43,90735,LOG,00000,"execute S_6: SELECT s_quantity, s_data,        s_dist_01, s_dist_02, s_dist_03, s_dist_04,        s_dist_05, s_dist_06, s_dist_07, s_dist_08,        s_dist_09, s_dist_10     FROM bmsql_stock     WHERE s_w_id = $1 AND s_i_id = $2  FOR UPDATE","parameters: $1 = '1', $2 = '87'",,,,,,,,"","client backend"
2024-06-16 14:32:24.637 CST,"raingage","benchmark",15271,"127.0.0.1:45214",666e86a7.3ba7,589,"UPDATE",2024-06-16 14:31:03 CST,7/43,90735,LOG,00000,"execute S_7: UPDATE bmsql_stock     SET s_quantity = $1, s_ytd = s_ytd + $2,         s_order_cnt = s_order_cnt + 1,         s_remote_cnt = s_remote_cnt + $3     WHERE s_w_id = $4 AND s_i_id = $5","parameters: $1 = '47', $2 = '2', $3 = '0', $4 = '1', $5 = '87'",,,,,,,,"","client backend"
2024-06-16 14:32:24.654 CST,"raingage","benchmark",15271,"127.0.0.1:45214",666e86a7.3ba7,590,"COMMIT",2024-06-16 14:31:03 CST,7/43,90735,LOG,00000,"execute S_2: COMMIT",,,,,,,,,"","client backend"
2024-06-16 14:32:24.675 CST,"raingage","benchmark",15271,"127.0.0.1:45214",666e86a7.3ba7,591,"BEGIN",2024-06-16 14:31:03 CST,7/44,0,LOG,00000,"execute S_3: BEGIN",,,,,,,,,"","client backend"
2024-06-16 14:32:24.692 CST,"raingage","benchmark",15271,"127.0.0.1:45214",666e86a7.3ba7,592,"SELECT",2024-06-16 14:31:03 CST,7/44,0,LOG,00000,"execute S_4: SELECT d_tax, d_next_o_id     FROM bmsql_district     WHERE d_w_id = $1 AND d_id = $2 ","parameters: $1 = '1', $2 = '3'",,,,,,,,"","client backend"
2024-06-16 14:32:24.720 CST,"raingage","benchmark",15270,"127.0.0.1:45212",666e86a6.3ba6,412,"SELECT",2024-06-16 14:31:02 CST,6/31,90736,LOG,00000,"execute S_1: SELECT c_discount, c_last, c_credit, w_tax     FROM bmsql_customer     JOIN bmsql_warehouse ON (w_id = c_w_id)     WHERE c_w_id = $1 AND c_d_id = $2 AND c_id = $3 FOR UPDATE","parameters: $1 = '1', $2 = '3', $3 = '24'",,,,,,,,"","client backend"
2024-06-16 14:32:24.764 CST,"raingage","benchmark",15271,"127.0.0.1:45214",666e86a7.3ba7,593,"SELECT",2024-06-16 14:31:03 CST,7/44,0,LOG,00000,"execute S_1: SELECT c_discount, c_last, c_credit, w_tax     FROM bmsql_customer     JOIN bmsql_warehouse ON (w_id = c_w_id)     WHERE c_w_id = $1 AND c_d_id = $2 AND c_id = $3 FOR UPDATE","parameters: $1 = '1', $2 = '3', $3 = '89'",,,,,,,,"","client backend"
2024-06-16 14:32:24.791 CST,"raingage","benchmark",15270,"127.0.0.1:45212",666e86a6.3ba6,413,"SELECT",2024-06-16 14:31:02 CST,6/31,90736,LOG,00000,"execute S_1: SELECT c_discount, c_last, c_credit, w_tax     FROM bmsql_customer     JOIN bmsql_warehouse ON (w_id = c_w_id)     WHERE c_w_id = $1 AND c_d_id = $2 AND c_id = $3 FOR UPDATE","parameters: $1 = '1', $2 = '3', $3 = '24'",,,,,,,,"","client backend"
2024-06-16 14:32:24.855 CST,"raingage","benchmark",15270,"127.0.0.1:45212",666e86a6.3ba6,414,"SELECT",2024-06-16 14:31:02 CST,6/31,90736,LOG,00000,"execute S_1: SELECT c_discount, c_last, c_credit, w_tax     FROM bmsql_customer     JOIN bmsql_warehouse ON (w_id = c_w_id)     WHERE c_w_id = $1 AND c_d_id = $2 AND c_id = $3 FOR UPDATE","parameters: $1 = '1', $2 = '3', $3 = '24'",,,,,,,,"","client backend"
2024-06-16 14:32:24.927 CST,"raingage","benchmark",15270,"127.0.0.1:45212",666e86a6.3ba6,415,"SELECT",2024-06-16 14:31:02 CST,6/31,90736,LOG,00000,"execute S_1: SELECT c_discount, c_last, c_credit, w_tax     FROM bmsql_customer     JOIN bmsql_warehouse ON (w_id = c_w_id)     WHERE c_w_id = $1 AND c_d_id = $2 AND c_id = $3 FOR UPDATE","parameters: $1 = '1', $2 = '3', $3 = '24'",,,,,,,,"","client backend"
2024-06-16 14:32:24.996 CST,"raingage","benchmark",15270,"127.0.0.1:45212",666e86a6.3ba6,416,"SELECT",2024-06-16 14:31:02 CST,6/31,90736,LOG,00000,"execute S_1: SELECT c_discount, c_last, c_credit, w_tax     FROM bmsql_customer     JOIN bmsql_warehouse ON (w_id = c_w_id)     WHERE c_w_id = $1 AND c_d_id = $2 AND c_id = $3 FOR UPDATE","parameters: $1 = '1', $2 = '3', $3 = '24'",,,,,,,,"","client backend"
2024-06-16 14:32:25.061 CST,"raingage","benchmark",15270,"127.0.0.1:45212",666e86a6.3ba6,417,"SELECT",2024-06-16 14:31:02 CST,6/31,90736,LOG,00000,"execute S_1: SELECT c_discount, c_last, c_credit, w_tax     FROM bmsql_customer     JOIN bmsql_warehouse ON (w_id = c_w_id)     WHERE c_w_id = $1 AND c_d_id = $2 AND c_id = $3 FOR UPDATE","parameters: $1 = '1', $2 = '3', $3 = '24'",,,,,,,,"","client backend"
2024-06-16 14:32:25.129 CST,"raingage","benchmark",15270,"127.0.0.1:45212",666e86a6.3ba6,418,"SELECT",2024-06-16 14:31:02 CST,6/31,90736,LOG,00000,"execute S_1: SELECT c_discount, c_last, c_credit, w_tax     FROM bmsql_customer     JOIN bmsql_warehouse ON (w_id = c_w_id)     WHERE c_w_id = $1 AND c_d_id = $2 AND c_id = $3 FOR UPDATE","parameters: $1 = '1', $2 = '3', $3 = '24'",,,,,,,,"","client backend"
2024-06-16 14:32:25.149 CST,"raingage","benchmark",15270,"127.0.0.1:45212",666e86a6.3ba6,419,"SELECT",2024-06-16 14:31:02 CST,6/31,90736,LOG,00000,"execute S_5: SELECT i_price, i_name, i_data     FROM bmsql_item     WHERE i_id = $1","parameters: $1 = '13'",,,,,,,,"","client backend"
2024-06-16 14:32:25.167 CST,"raingage","benchmark",15270,"127.0.0.1:45212",666e86a6.3ba6,420,"SELECT",2024-06-16 14:31:02 CST,6/31,90736,LOG,00000,"execute S_6: SELECT s_quantity, s_data,        s_dist_01, s_dist_02, s_dist_03, s_dist_04,        s_dist_05, s_dist_06, s_dist_07, s_dist_08,        s_dist_09, s_dist_10     FROM bmsql_stock     WHERE s_w_id = $1 AND s_i_id = $2  FOR UPDATE","parameters: $1 = '1', $2 = '13'",,,,,,,,"","client backend"
2024-06-16 14:32:25.185 CST,"raingage","benchmark",15270,"127.0.0.1:45212",666e86a6.3ba6,421,"UPDATE",2024-06-16 14:31:02 CST,6/31,90736,LOG,00000,"execute S_7: UPDATE bmsql_stock     SET s_quantity = $1, s_ytd = s_ytd + $2,         s_order_cnt = s_order_cnt + 1,         s_remote_cnt = s_remote_cnt + $3     WHERE s_w_id = $4 AND s_i_id = $5","parameters: $1 = '94', $2 = '2', $3 = '0', $4 = '1', $5 = '13'",,,,,,,,"","client backend"
2024-06-16 14:32:25.197 CST,"raingage","benchmark",15270,"127.0.0.1:45212",666e86a6.3ba6,422,"COMMIT",2024-06-16 14:31:02 CST,6/31,90736,LOG,00000,"execute S_2: COMMIT",,,,,,,,,"","client backend"
2024-06-16 14:32:25.217 CST,"raingage","benchmark",15270,"127.0.0.1:45212",666e86a6.3ba6,423,"BEGIN",2024-06-16 14:31:02 CST,6/32,0,LOG,00000,"execute S_3: BEGIN",,,,,,,,,"","client backend"
2024-06-16 14:32:25.231 CST,"raingage","benchmark",15270,"127.0.0.1:45212",666e86a6.3ba6,424,"SELECT",2024-06-16 14:31:02 CST,6/32,0,LOG,00000,"execute S_4: SELECT d_tax, d_next_o_id     FROM bmsql_district     WHERE d_w_id = $1 AND d_id = $2 ","parameters: $1 = '1', $2 = '3'",,,,,,,,"","client backend"
2024-06-16 14:32:25.265 CST,"raingage","benchmark",15271,"127.0.0.1:45214",666e86a7.3ba7,594,"SELECT",2024-06-16 14:31:03 CST,7/44,90737,LOG,00000,"execute S_1: SELECT c_discount, c_last, c_credit, w_tax     FROM bmsql_customer     JOIN bmsql_warehouse ON (w_id = c_w_id)     WHERE c_w_id = $1 AND c_d_id = $2 AND c_id = $3 FOR UPDATE","parameters: $1 = '1', $2 = '3', $3 = '89'",,,,,,,,"","client backend"
2024-06-16 14:32:25.302 CST,"raingage","benchmark",15270,"127.0.0.1:45212",666e86a6.3ba6,425,"SELECT",2024-06-16 14:31:02 CST,6/32,0,LOG,00000,"execute S_1: SELECT c_discount, c_last, c_credit, w_tax     FROM bmsql_customer     JOIN bmsql_warehouse ON (w_id = c_w_id)     WHERE c_w_id = $1 AND c_d_id = $2 AND c_id = $3 FOR UPDATE","parameters: $1 = '1', $2 = '3', $3 = '28'",,,,,,,,"","client backend"
2024-06-16 14:32:25.330 CST,"raingage","benchmark",15271,"127.0.0.1:45214",666e86a7.3ba7,595,"SELECT",2024-06-16 14:31:03 CST,7/44,90737,LOG,00000,"execute S_1: SELECT c_discount, c_last, c_credit, w_tax     FROM bmsql_customer     JOIN bmsql_warehouse ON (w_id = c_w_id)     WHERE c_w_id = $1 AND c_d_id = $2 AND c_id = $3 FOR UPDATE","parameters: $1 = '1', $2 = '3', $3 = '89'",,,,,,,,"","client backend"
2024-06-16 14:32:25.396 CST,"raingage","benchmark",15271,"127.0.0.1:45214",666e86a7.3ba7,596,"SELECT",2024-06-16 14:31:03 CST,7/44,90737,LOG,00000,"execute S_1: SELECT c_discount, c_last, c_credit, w_tax     FROM bmsql_customer     JOIN bmsql_warehouse ON (w_id = c_w_id)     WHERE c_w_id = $1 AND c_d_id = $2 AND c_id = $3 FOR UPDATE","parameters: $1 = '1', $2 = '3', $3 = '89'",,,,,,,,"","client backend"
2024-06-16 14:32:25.462 CST,"raingage","benchmark",15271,"127.0.0.1:45214",666e86a7.3ba7,597,"SELECT",2024-06-16 14:31:03 CST,7/44,90737,LOG,00000,"execute S_1: SELECT c_discount, c_last, c_credit, w_tax     FROM bmsql_customer     JOIN bmsql_warehouse ON (w_id = c_w_id)     WHERE c_w_id = $1 AND c_d_id = $2 AND c_id = $3 FOR UPDATE","parameters: $1 = '1', $2 = '3', $3 = '89'",,,,,,,,"","client backend"
2024-06-16 14:32:25.533 CST,"raingage","benchmark",15271,"127.0.0.1:45214",666e86a7.3ba7,598,"SELECT",2024-06-16 14:31:03 CST,7/44,90737,LOG,00000,"execute S_1: SELECT c_discount, c_last, c_credit, w_tax     FROM bmsql_customer     JOIN bmsql_warehouse ON (w_id = c_w_id)     WHERE c_w_id = $1 AND c_d_id = $2 AND c_id = $3 FOR UPDATE","parameters: $1 = '1', $2 = '3', $3 = '89'",,,,,,,,"","client backend"
2024-06-16 14:32:25.600 CST,"raingage","benchmark",15271,"127.0.0.1:45214",666e86a7.3ba7,599,"SELECT",2024-06-16 14:31:03 CST,7/44,90737,LOG,00000,"execute S_1: SELECT c_discount, c_last, c_credit, w_tax     FROM bmsql_customer     JOIN bmsql_warehouse ON (w_id = c_w_id)     WHERE c_w_id = $1 AND c_d_id = $2 AND c_id = $3 FOR UPDATE","parameters: $1 = '1', $2 = '3', $3 = '89'",,,,,,,,"","client backend"
2024-06-16 14:32:25.665 CST,"raingage","benchmark",15271,"127.0.0.1:45214",666e86a7.3ba7,600,"SELECT",2024-06-16 14:31:03 CST,7/44,90737,LOG,00000,"execute S_1: SELECT c_discount, c_last, c_credit, w_tax     FROM bmsql_customer     JOIN bmsql_warehouse ON (w_id = c_w_id)     WHERE c_w_id = $1 AND c_d_id = $2 AND c_id = $3 FOR UPDATE","parameters: $1 = '1', $2 = '3', $3 = '89'",,,,,,,,"","client backend"
2024-06-16 14:32:25.670 CST,"raingage","benchmark",15268,"127.0.0.1:45208",666e86a6.3ba4,325,"BEGIN",2024-06-16 14:31:02 CST,4/25,0,LOG,00000,"execute S_3: BEGIN",,,,,,,,,"","client backend"
2024-06-16 14:32:25.679 CST,"raingage","benchmark",15271,"127.0.0.1:45214",666e86a7.3ba7,601,"SELECT",2024-06-16 14:31:03 CST,7/44,90737,LOG,00000,"execute S_5: SELECT i_price, i_name, i_data     FROM bmsql_item     WHERE i_id = $1","parameters: $1 = '87'",,,,,,,,"","client backend"
2024-06-16 14:32:25.683 CST,"raingage","benchmark",15268,"127.0.0.1:45208",666e86a6.3ba4,326,"SELECT",2024-06-16 14:31:02 CST,4/25,0,LOG,00000,"execute S_4: SELECT d_tax, d_next_o_id     FROM bmsql_district     WHERE d_w_id = $1 AND d_id = $2 ","parameters: $1 = '1', $2 = '2'",,,,,,,,"","client backend"
2024-06-16 14:32:25.699 CST,"raingage","benchmark",15271,"127.0.0.1:45214",666e86a7.3ba7,602,"SELECT",2024-06-16 14:31:03 CST,7/44,90737,LOG,00000,"execute S_6: SELECT s_quantity, s_data,        s_dist_01, s_dist_02, s_dist_03, s_dist_04,        s_dist_05, s_dist_06, s_dist_07, s_dist_08,        s_dist_09, s_dist_10     FROM bmsql_stock     WHERE s_w_id = $1 AND s_i_id = $2  FOR UPDATE","parameters: $1 = '1', $2 = '87'",,,,,,,,"","client backend"
2024-06-16 14:32:25.714 CST,"raingage","benchmark",15271,"127.0.0.1:45214",666e86a7.3ba7,603,"UPDATE",2024-06-16 14:31:03 CST,7/44,90737,LOG,00000,"execute S_7: UPDATE bmsql_stock     SET s_quantity = $1, s_ytd = s_ytd + $2,         s_order_cnt = s_order_cnt + 1,         s_remote_cnt = s_remote_cnt + $3     WHERE s_w_id = $4 AND s_i_id = $5","parameters: $1 = '45', $2 = '2', $3 = '0', $4 = '1', $5 = '87'",,,,,,,,"","client backend"
2024-06-16 14:32:25.733 CST,"raingage","benchmark",15271,"127.0.0.1:45214",666e86a7.3ba7,604,"COMMIT",2024-06-16 14:31:03 CST,7/44,90737,LOG,00000,"execute S_2: COMMIT",,,,,,,,,"","client backend"
2024-06-16 14:32:25.749 CST,"raingage","benchmark",15271,"127.0.0.1:45214",666e86a7.3ba7,605,"BEGIN",2024-06-16 14:31:03 CST,7/45,0,LOG,00000,"execute S_3: BEGIN",,,,,,,,,"","client backend"
2024-06-16 14:32:25.753 CST,"raingage","benchmark",15268,"127.0.0.1:45208",666e86a6.3ba4,327,"SELECT",2024-06-16 14:31:02 CST,4/25,0,LOG,00000,"execute S_1: SELECT c_discount, c_last, c_credit, w_tax     FROM bmsql_customer     JOIN bmsql_warehouse ON (w_id = c_w_id)     WHERE c_w_id = $1 AND c_d_id = $2 AND c_id = $3 FOR UPDATE","parameters: $1 = '1', $2 = '2', $3 = '16'",,,,,,,,"","client backend"
2024-06-16 14:32:25.765 CST,"raingage","benchmark",15271,"127.0.0.1:45214",666e86a7.3ba7,606,"SELECT",2024-06-16 14:31:03 CST,7/45,0,LOG,00000,"execute S_4: SELECT d_tax, d_next_o_id     FROM bmsql_district     WHERE d_w_id = $1 AND d_id = $2 ","parameters: $1 = '1', $2 = '3'",,,,,,,,"","client backend"
2024-06-16 14:32:25.800 CST,"raingage","benchmark",15270,"127.0.0.1:45212",666e86a6.3ba6,426,"SELECT",2024-06-16 14:31:02 CST,6/32,90738,LOG,00000,"execute S_1: SELECT c_discount, c_last, c_credit, w_tax     FROM bmsql_customer     JOIN bmsql_warehouse ON (w_id = c_w_id)     WHERE c_w_id = $1 AND c_d_id = $2 AND c_id = $3 FOR UPDATE","parameters: $1 = '1', $2 = '3', $3 = '28'",,,,,,,,"","client backend"
2024-06-16 14:32:25.827 CST,"raingage","benchmark",15271,"127.0.0.1:45214",666e86a7.3ba7,607,"SELECT",2024-06-16 14:31:03 CST,7/45,0,LOG,00000,"execute S_1: SELECT c_discount, c_last, c_credit, w_tax     FROM bmsql_customer     JOIN bmsql_warehouse ON (w_id = c_w_id)     WHERE c_w_id = $1 AND c_d_id = $2 AND c_id = $3 FOR UPDATE","parameters: $1 = '1', $2 = '3', $3 = '79'",,,,,,,,"","client backend"
2024-06-16 14:32:25.870 CST,"raingage","benchmark",15270,"127.0.0.1:45212",666e86a6.3ba6,427,"SELECT",2024-06-16 14:31:02 CST,6/32,90738,LOG,00000,"execute S_1: SELECT c_discount, c_last, c_credit, w_tax     FROM bmsql_customer     JOIN bmsql_warehouse ON (w_id = c_w_id)     WHERE c_w_id = $1 AND c_d_id = $2 AND c_id = $3 FOR UPDATE","parameters: $1 = '1', $2 = '3', $3 = '28'",,,,,,,,"","client backend"
2024-06-16 14:32:25.935 CST,"raingage","benchmark",15270,"127.0.0.1:45212",666e86a6.3ba6,428,"SELECT",2024-06-16 14:31:02 CST,6/32,90738,LOG,00000,"execute S_1: SELECT c_discount, c_last, c_credit, w_tax     FROM bmsql_customer     JOIN bmsql_warehouse ON (w_id = c_w_id)     WHERE c_w_id = $1 AND c_d_id = $2 AND c_id = $3 FOR UPDATE","parameters: $1 = '1', $2 = '3', $3 = '28'",,,,,,,,"","client backend"
2024-06-16 14:32:26.006 CST,"raingage","benchmark",15270,"127.0.0.1:45212",666e86a6.3ba6,429,"SELECT",2024-06-16 14:31:02 CST,6/32,90738,LOG,00000,"execute S_1: SELECT c_discount, c_last, c_credit, w_tax     FROM bmsql_customer     JOIN bmsql_warehouse ON (w_id = c_w_id)     WHERE c_w_id = $1 AND c_d_id = $2 AND c_id = $3 FOR UPDATE","parameters: $1 = '1', $2 = '3', $3 = '28'",,,,,,,,"","client backend"
2024-06-16 14:32:26.074 CST,"raingage","benchmark",15270,"127.0.0.1:45212",666e86a6.3ba6,430,"SELECT",2024-06-16 14:31:02 CST,6/32,90738,LOG,00000,"execute S_1: SELECT c_discount, c_last, c_credit, w_tax     FROM bmsql_customer     JOIN bmsql_warehouse ON (w_id = c_w_id)     WHERE c_w_id = $1 AND c_d_id = $2 AND c_id = $3 FOR UPDATE","parameters: $1 = '1', $2 = '3', $3 = '28'",,,,,,,,"","client backend"
2024-06-16 14:32:26.144 CST,"raingage","benchmark",15270,"127.0.0.1:45212",666e86a6.3ba6,431,"SELECT",2024-06-16 14:31:02 CST,6/32,90738,LOG,00000,"execute S_1: SELECT c_discount, c_last, c_credit, w_tax     FROM bmsql_customer     JOIN bmsql_warehouse ON (w_id = c_w_id)     WHERE c_w_id = $1 AND c_d_id = $2 AND c_id = $3 FOR UPDATE","parameters: $1 = '1', $2 = '3', $3 = '28'",,,,,,,,"","client backend"
2024-06-16 14:32:26.207 CST,"raingage","benchmark",15270,"127.0.0.1:45212",666e86a6.3ba6,432,"SELECT",2024-06-16 14:31:02 CST,6/32,90738,LOG,00000,"execute S_1: SELECT c_discount, c_last, c_credit, w_tax     FROM bmsql_customer     JOIN bmsql_warehouse ON (w_id = c_w_id)     WHERE c_w_id = $1 AND c_d_id = $2 AND c_id = $3 FOR UPDATE","parameters: $1 = '1', $2 = '3', $3 = '28'",,,,,,,,"","client backend"
2024-06-16 14:32:26.225 CST,"raingage","benchmark",15270,"127.0.0.1:45212",666e86a6.3ba6,433,"SELECT",2024-06-16 14:31:02 CST,6/32,90738,LOG,00000,"execute S_5: SELECT i_price, i_name, i_data     FROM bmsql_item     WHERE i_id = $1","parameters: $1 = '24'",,,,,,,,"","client backend"
2024-06-16 14:32:26.240 CST,"raingage","benchmark",15270,"127.0.0.1:45212",666e86a6.3ba6,434,"SELECT",2024-06-16 14:31:02 CST,6/32,90738,LOG,00000,"execute S_6: SELECT s_quantity, s_data,        s_dist_01, s_dist_02, s_dist_03, s_dist_04,        s_dist_05, s_dist_06, s_dist_07, s_dist_08,        s_dist_09, s_dist_10     FROM bmsql_stock     WHERE s_w_id = $1 AND s_i_id = $2  FOR UPDATE","parameters: $1 = '1', $2 = '24'",,,,,,,,"","client backend"
2024-06-16 14:32:26.258 CST,"raingage","benchmark",15270,"127.0.0.1:45212",666e86a6.3ba6,435,"UPDATE",2024-06-16 14:31:02 CST,6/32,90738,LOG,00000,"execute S_7: UPDATE bmsql_stock     SET s_quantity = $1, s_ytd = s_ytd + $2,         s_order_cnt = s_order_cnt + 1,         s_remote_cnt = s_remote_cnt + $3     WHERE s_w_id = $4 AND s_i_id = $5","parameters: $1 = '73', $2 = '5', $3 = '0', $4 = '1', $5 = '24'",,,,,,,,"","client backend"
2024-06-16 14:32:26.276 CST,"raingage","benchmark",15270,"127.0.0.1:45212",666e86a6.3ba6,436,"COMMIT",2024-06-16 14:31:02 CST,6/32,90738,LOG,00000,"execute S_2: COMMIT",,,,,,,,,"","client backend"
2024-06-16 14:32:26.292 CST,"raingage","benchmark",15270,"127.0.0.1:45212",666e86a6.3ba6,437,"BEGIN",2024-06-16 14:31:02 CST,6/33,0,LOG,00000,"execute S_3: BEGIN",,,,,,,,,"","client backend"
2024-06-16 14:32:26.302 CST,"raingage","benchmark",15270,"127.0.0.1:45212",666e86a6.3ba6,438,"SELECT",2024-06-16 14:31:02 CST,6/33,0,LOG,00000,"execute S_4: SELECT d_tax, d_next_o_id     FROM bmsql_district     WHERE d_w_id = $1 AND d_id = $2 ","parameters: $1 = '1', $2 = '3'",,,,,,,,"","client backend"
2024-06-16 14:32:26.340 CST,"raingage","benchmark",15268,"127.0.0.1:45208",666e86a6.3ba4,328,"SELECT",2024-06-16 14:31:02 CST,4/25,90739,LOG,00000,"execute S_1: SELECT c_discount, c_last, c_credit, w_tax     FROM bmsql_customer     JOIN bmsql_warehouse ON (w_id = c_w_id)     WHERE c_w_id = $1 AND c_d_id = $2 AND c_id = $3 FOR UPDATE","parameters: $1 = '1', $2 = '2', $3 = '16'",,,,,,,,"","client backend"
2024-06-16 14:32:26.367 CST,"raingage","benchmark",15270,"127.0.0.1:45212",666e86a6.3ba6,439,"SELECT",2024-06-16 14:31:02 CST,6/33,0,LOG,00000,"execute S_1: SELECT c_discount, c_last, c_credit, w_tax     FROM bmsql_customer     JOIN bmsql_warehouse ON (w_id = c_w_id)     WHERE c_w_id = $1 AND c_d_id = $2 AND c_id = $3 FOR UPDATE","parameters: $1 = '1', $2 = '3', $3 = '79'",,,,,,,,"","client backend"
2024-06-16 14:32:26.405 CST,"raingage","benchmark",15268,"127.0.0.1:45208",666e86a6.3ba4,329,"SELECT",2024-06-16 14:31:02 CST,4/25,90739,LOG,00000,"execute S_1: SELECT c_discount, c_last, c_credit, w_tax     FROM bmsql_customer     JOIN bmsql_warehouse ON (w_id = c_w_id)     WHERE c_w_id = $1 AND c_d_id = $2 AND c_id = $3 FOR UPDATE","parameters: $1 = '1', $2 = '2', $3 = '16'",,,,,,,,"","client backend"
2024-06-16 14:32:26.467 CST,"raingage","benchmark",15268,"127.0.0.1:45208",666e86a6.3ba4,330,"SELECT",2024-06-16 14:31:02 CST,4/25,90739,LOG,00000,"execute S_1: SELECT c_discount, c_last, c_credit, w_tax     FROM bmsql_customer     JOIN bmsql_warehouse ON (w_id = c_w_id)     WHERE c_w_id = $1 AND c_d_id = $2 AND c_id = $3 FOR UPDATE","parameters: $1 = '1', $2 = '2', $3 = '16'",,,,,,,,"","client backend"
2024-06-16 14:32:26.536 CST,"raingage","benchmark",15268,"127.0.0.1:45208",666e86a6.3ba4,331,"SELECT",2024-06-16 14:31:02 CST,4/25,90739,LOG,00000,"execute S_1: SELECT c_discount, c_last, c_credit, w_tax     FROM bmsql_customer     JOIN bmsql_warehouse ON (w_id = c_w_id)     WHERE c_w_id = $1 AND c_d_id = $2 AND c_id = $3 FOR UPDATE","parameters: $1 = '1', $2 = '2', $3 = '16'",,,,,,,,"","client backend"
2024-06-16 14:32:26.599 CST,"raingage","benchmark",15268,"127.0.0.1:45208",666e86a6.3ba4,332,"SELECT",2024-06-16 14:31:02 CST,4/25,90739,LOG,00000,"execute S_1: SELECT c_discount, c_last, c_credit, w_tax     FROM bmsql_customer     JOIN bmsql_warehouse ON (w_id = c_w_id)     WHERE c_w_id = $1 AND c_d_id = $2 AND c_id = $3 FOR UPDATE","parameters: $1 = '1', $2 = '2', $3 = '16'",,,,,,,,"","client backend"
2024-06-16 14:32:26.665 CST,"raingage","benchmark",15268,"127.0.0.1:45208",666e86a6.3ba4,333,"SELECT",2024-06-16 14:31:02 CST,4/25,90739,LOG,00000,"execute S_1: SELECT c_discount, c_last, c_credit, w_tax     FROM bmsql_customer     JOIN bmsql_warehouse ON (w_id = c_w_id)     WHERE c_w_id = $1 AND c_d_id = $2 AND c_id = $3 FOR UPDATE","parameters: $1 = '1', $2 = '2', $3 = '16'",,,,,,,,"","client backend"
2024-06-16 14:32:26.732 CST,"raingage","benchmark",15268,"127.0.0.1:45208",666e86a6.3ba4,334,"SELECT",2024-06-16 14:31:02 CST,4/25,90739,LOG,00000,"execute S_1: SELECT c_discount, c_last, c_credit, w_tax     FROM bmsql_customer     JOIN bmsql_warehouse ON (w_id = c_w_id)     WHERE c_w_id = $1 AND c_d_id = $2 AND c_id = $3 FOR UPDATE","parameters: $1 = '1', $2 = '2', $3 = '16'",,,,,,,,"","client backend"
2024-06-16 14:32:26.750 CST,"raingage","benchmark",15268,"127.0.0.1:45208",666e86a6.3ba4,335,"SELECT",2024-06-16 14:31:02 CST,4/25,90739,LOG,00000,"execute S_5: SELECT i_price, i_name, i_data     FROM bmsql_item     WHERE i_id = $1","parameters: $1 = '83'",,,,,,,,"","client backend"
2024-06-16 14:32:26.754 CST,"raingage","benchmark",15268,"127.0.0.1:45208",666e86a6.3ba4,336,"SELECT",2024-06-16 14:31:02 CST,4/25,90739,LOG,00000,"execute S_6: SELECT s_quantity, s_data,        s_dist_01, s_dist_02, s_dist_03, s_dist_04,        s_dist_05, s_dist_06, s_dist_07, s_dist_08,        s_dist_09, s_dist_10     FROM bmsql_stock     WHERE s_w_id = $1 AND s_i_id = $2  FOR UPDATE","parameters: $1 = '1', $2 = '83'",,,,,,,,"","client backend"
2024-06-16 14:32:26.772 CST,"raingage","benchmark",15268,"127.0.0.1:45208",666e86a6.3ba4,337,"UPDATE",2024-06-16 14:31:02 CST,4/25,90739,LOG,00000,"execute S_7: UPDATE bmsql_stock     SET s_quantity = $1, s_ytd = s_ytd + $2,         s_order_cnt = s_order_cnt + 1,         s_remote_cnt = s_remote_cnt + $3     WHERE s_w_id = $4 AND s_i_id = $5","parameters: $1 = '92', $2 = '5', $3 = '0', $4 = '1', $5 = '83'",,,,,,,,"","client backend"
2024-06-16 14:32:26.787 CST,"raingage","benchmark",15268,"127.0.0.1:45208",666e86a6.3ba4,338,"COMMIT",2024-06-16 14:31:02 CST,4/25,90739,LOG,00000,"execute S_2: COMMIT",,,,,,,,,"","client backend"
2024-06-16 14:32:26.802 CST,"raingage","benchmark",15268,"127.0.0.1:45208",666e86a6.3ba4,339,"BEGIN",2024-06-16 14:31:02 CST,4/26,0,LOG,00000,"execute S_3: BEGIN",,,,,,,,,"","client backend"
2024-06-16 14:32:26.815 CST,"raingage","benchmark",15268,"127.0.0.1:45208",666e86a6.3ba4,340,"SELECT",2024-06-16 14:31:02 CST,4/26,0,LOG,00000,"execute S_4: SELECT d_tax, d_next_o_id     FROM bmsql_district     WHERE d_w_id = $1 AND d_id = $2 ","parameters: $1 = '1', $2 = '1'",,,,,,,,"","client backend"
2024-06-16 14:32:26.854 CST,"raingage","benchmark",15271,"127.0.0.1:45214",666e86a7.3ba7,608,"SELECT",2024-06-16 14:31:03 CST,7/45,90740,LOG,00000,"execute S_1: SELECT c_discount, c_last, c_credit, w_tax     FROM bmsql_customer     JOIN bmsql_warehouse ON (w_id = c_w_id)     WHERE c_w_id = $1 AND c_d_id = $2 AND c_id = $3 FOR UPDATE","parameters: $1 = '1', $2 = '3', $3 = '79'",,,,,,,,"","client backend"
2024-06-16 14:32:26.883 CST,"raingage","benchmark",15268,"127.0.0.1:45208",666e86a6.3ba4,341,"SELECT",2024-06-16 14:31:02 CST,4/26,0,LOG,00000,"execute S_1: SELECT c_discount, c_last, c_credit, w_tax     FROM bmsql_customer     JOIN bmsql_warehouse ON (w_id = c_w_id)     WHERE c_w_id = $1 AND c_d_id = $2 AND c_id = $3 FOR UPDATE","parameters: $1 = '1', $2 = '1', $3 = '93'",,,,,,,,"","client backend"
2024-06-16 14:32:26.923 CST,"raingage","benchmark",15271,"127.0.0.1:45214",666e86a7.3ba7,609,"SELECT",2024-06-16 14:31:03 CST,7/45,90740,LOG,00000,"execute S_1: SELECT c_discount, c_last, c_credit, w_tax     FROM bmsql_customer     JOIN bmsql_warehouse ON (w_id = c_w_id)     WHERE c_w_id = $1 AND c_d_id = $2 AND c_id = $3 FOR UPDATE","parameters: $1 = '1', $2 = '3', $3 = '79'",,,,,,,,"","client backend"
2024-06-16 14:32:26.994 CST,"raingage","benchmark",15271,"127.0.0.1:45214",666e86a7.3ba7,610,"SELECT",2024-06-16 14:31:03 CST,7/45,90740,LOG,00000,"execute S_1: SELECT c_discount, c_last, c_credit, w_tax     FROM bmsql_customer     JOIN bmsql_warehouse ON (w_id = c_w_id)     WHERE c_w_id = $1 AND c_d_id = $2 AND c_id = $3 FOR UPDATE","parameters: $1 = '1', $2 = '3', $3 = '79'",,,,,,,,"","client backend"
2024-06-16 14:32:27.064 CST,"raingage","benchmark",15271,"127.0.0.1:45214",666e86a7.3ba7,611,"SELECT",2024-06-16 14:31:03 CST,7/45,90740,LOG,00000,"execute S_1: SELECT c_discount, c_last, c_credit, w_tax     FROM bmsql_customer     JOIN bmsql_warehouse ON (w_id = c_w_id)     WHERE c_w_id = $1 AND c_d_id = $2 AND c_id = $3 FOR UPDATE","parameters: $1 = '1', $2 = '3', $3 = '79'",,,,,,,,"","client backend"
2024-06-16 14:32:27.135 CST,"raingage","benchmark",15271,"127.0.0.1:45214",666e86a7.3ba7,612,"SELECT",2024-06-16 14:31:03 CST,7/45,90740,LOG,00000,"execute S_1: SELECT c_discount, c_last, c_credit, w_tax     FROM bmsql_customer     JOIN bmsql_warehouse ON (w_id = c_w_id)     WHERE c_w_id = $1 AND c_d_id = $2 AND c_id = $3 FOR UPDATE","parameters: $1 = '1', $2 = '3', $3 = '79'",,,,,,,,"","client backend"
2024-06-16 14:32:27.199 CST,"raingage","benchmark",15271,"127.0.0.1:45214",666e86a7.3ba7,613,"SELECT",2024-06-16 14:31:03 CST,7/45,90740,LOG,00000,"execute S_1: SELECT c_discount, c_last, c_credit, w_tax     FROM bmsql_customer     JOIN bmsql_warehouse ON (w_id = c_w_id)     WHERE c_w_id = $1 AND c_d_id = $2 AND c_id = $3 FOR UPDATE","parameters: $1 = '1', $2 = '3', $3 = '79'",,,,,,,,"","client backend"
2024-06-16 14:32:27.265 CST,"raingage","benchmark",15271,"127.0.0.1:45214",666e86a7.3ba7,614,"SELECT",2024-06-16 14:31:03 CST,7/45,90740,LOG,00000,"execute S_1: SELECT c_discount, c_last, c_credit, w_tax     FROM bmsql_customer     JOIN bmsql_warehouse ON (w_id = c_w_id)     WHERE c_w_id = $1 AND c_d_id = $2 AND c_id = $3 FOR UPDATE","parameters: $1 = '1', $2 = '3', $3 = '79'",,,,,,,,"","client backend"
2024-06-16 14:32:27.278 CST,"raingage","benchmark",15271,"127.0.0.1:45214",666e86a7.3ba7,615,"SELECT",2024-06-16 14:31:03 CST,7/45,90740,LOG,00000,"execute S_5: SELECT i_price, i_name, i_data     FROM bmsql_item     WHERE i_id = $1","parameters: $1 = '53'",,,,,,,,"","client backend"
2024-06-16 14:32:27.296 CST,"raingage","benchmark",15271,"127.0.0.1:45214",666e86a7.3ba7,616,"SELECT",2024-06-16 14:31:03 CST,7/45,90740,LOG,00000,"execute S_6: SELECT s_quantity, s_data,        s_dist_01, s_dist_02, s_dist_03, s_dist_04,        s_dist_05, s_dist_06, s_dist_07, s_dist_08,        s_dist_09, s_dist_10     FROM bmsql_stock     WHERE s_w_id = $1 AND s_i_id = $2  FOR UPDATE","parameters: $1 = '1', $2 = '53'",,,,,,,,"","client backend"
2024-06-16 14:32:27.314 CST,"raingage","benchmark",15271,"127.0.0.1:45214",666e86a7.3ba7,617,"UPDATE",2024-06-16 14:31:03 CST,7/45,90740,LOG,00000,"execute S_7: UPDATE bmsql_stock     SET s_quantity = $1, s_ytd = s_ytd + $2,         s_order_cnt = s_order_cnt + 1,         s_remote_cnt = s_remote_cnt + $3     WHERE s_w_id = $4 AND s_i_id = $5","parameters: $1 = '10', $2 = '5', $3 = '0', $4 = '1', $5 = '53'",,,,,,,,"","client backend"
2024-06-16 14:32:27.328 CST,"raingage","benchmark",15271,"127.0.0.1:45214",666e86a7.3ba7,618,"COMMIT",2024-06-16 14:31:03 CST,7/45,90740,LOG,00000,"execute S_2: COMMIT",,,,,,,,,"","client backend"
2024-06-16 14:32:27.349 CST,"raingage","benchmark",15271,"127.0.0.1:45214",666e86a7.3ba7,619,"BEGIN",2024-06-16 14:31:03 CST,7/46,0,LOG,00000,"execute S_3: BEGIN",,,,,,,,,"","client backend"
2024-06-16 14:32:27.363 CST,"raingage","benchmark",15271,"127.0.0.1:45214",666e86a7.3ba7,620,"SELECT",2024-06-16 14:31:03 CST,7/46,0,LOG,00000,"execute S_4: SELECT d_tax, d_next_o_id     FROM bmsql_district     WHERE d_w_id = $1 AND d_id = $2 ","parameters: $1 = '1', $2 = '1'",,,,,,,,"","client backend"
2024-06-16 14:32:27.400 CST,"raingage","benchmark",15268,"127.0.0.1:45208",666e86a6.3ba4,342,"SELECT",2024-06-16 14:31:02 CST,4/26,90741,LOG,00000,"execute S_1: SELECT c_discount, c_last, c_credit, w_tax     FROM bmsql_customer     JOIN bmsql_warehouse ON (w_id = c_w_id)     WHERE c_w_id = $1 AND c_d_id = $2 AND c_id = $3 FOR UPDATE","parameters: $1 = '1', $2 = '1', $3 = '93'",,,,,,,,"","client backend"
2024-06-16 14:32:27.435 CST,"raingage","benchmark",15271,"127.0.0.1:45214",666e86a7.3ba7,621,"SELECT",2024-06-16 14:31:03 CST,7/46,0,LOG,00000,"execute S_1: SELECT c_discount, c_last, c_credit, w_tax     FROM bmsql_customer     JOIN bmsql_warehouse ON (w_id = c_w_id)     WHERE c_w_id = $1 AND c_d_id = $2 AND c_id = $3 FOR UPDATE","parameters: $1 = '1', $2 = '1', $3 = '93'",,,,,,,,"","client backend"
2024-06-16 14:32:27.464 CST,"raingage","benchmark",15268,"127.0.0.1:45208",666e86a6.3ba4,343,"SELECT",2024-06-16 14:31:02 CST,4/26,90741,LOG,00000,"execute S_1: SELECT c_discount, c_last, c_credit, w_tax     FROM bmsql_customer     JOIN bmsql_warehouse ON (w_id = c_w_id)     WHERE c_w_id = $1 AND c_d_id = $2 AND c_id = $3 FOR UPDATE","parameters: $1 = '1', $2 = '1', $3 = '93'",,,,,,,,"","client backend"
2024-06-16 14:32:27.527 CST,"raingage","benchmark",15268,"127.0.0.1:45208",666e86a6.3ba4,344,"SELECT",2024-06-16 14:31:02 CST,4/26,90741,LOG,00000,"execute S_1: SELECT c_discount, c_last, c_credit, w_tax     FROM bmsql_customer     JOIN bmsql_warehouse ON (w_id = c_w_id)     WHERE c_w_id = $1 AND c_d_id = $2 AND c_id = $3 FOR UPDATE","parameters: $1 = '1', $2 = '1', $3 = '93'",,,,,,,,"","client backend"
2024-06-16 14:32:27.597 CST,"raingage","benchmark",15268,"127.0.0.1:45208",666e86a6.3ba4,345,"SELECT",2024-06-16 14:31:02 CST,4/26,90741,LOG,00000,"execute S_1: SELECT c_discount, c_last, c_credit, w_tax     FROM bmsql_customer     JOIN bmsql_warehouse ON (w_id = c_w_id)     WHERE c_w_id = $1 AND c_d_id = $2 AND c_id = $3 FOR UPDATE","parameters: $1 = '1', $2 = '1', $3 = '93'",,,,,,,,"","client backend"
2024-06-16 14:32:27.666 CST,"raingage","benchmark",15268,"127.0.0.1:45208",666e86a6.3ba4,346,"SELECT",2024-06-16 14:31:02 CST,4/26,90741,LOG,00000,"execute S_1: SELECT c_discount, c_last, c_credit, w_tax     FROM bmsql_customer     JOIN bmsql_warehouse ON (w_id = c_w_id)     WHERE c_w_id = $1 AND c_d_id = $2 AND c_id = $3 FOR UPDATE","parameters: $1 = '1', $2 = '1', $3 = '93'",,,,,,,,"","client backend"
2024-06-16 14:32:27.730 CST,"raingage","benchmark",15268,"127.0.0.1:45208",666e86a6.3ba4,347,"SELECT",2024-06-16 14:31:02 CST,4/26,90741,LOG,00000,"execute S_1: SELECT c_discount, c_last, c_credit, w_tax     FROM bmsql_customer     JOIN bmsql_warehouse ON (w_id = c_w_id)     WHERE c_w_id = $1 AND c_d_id = $2 AND c_id = $3 FOR UPDATE","parameters: $1 = '1', $2 = '1', $3 = '93'",,,,,,,,"","client backend"
2024-06-16 14:32:27.797 CST,"raingage","benchmark",15268,"127.0.0.1:45208",666e86a6.3ba4,348,"SELECT",2024-06-16 14:31:02 CST,4/26,90741,LOG,00000,"execute S_1: SELECT c_discount, c_last, c_credit, w_tax     FROM bmsql_customer     JOIN bmsql_warehouse ON (w_id = c_w_id)     WHERE c_w_id = $1 AND c_d_id = $2 AND c_id = $3 FOR UPDATE","parameters: $1 = '1', $2 = '1', $3 = '93'",,,,,,,,"","client backend"
2024-06-16 14:32:27.815 CST,"raingage","benchmark",15268,"127.0.0.1:45208",666e86a6.3ba4,349,"SELECT",2024-06-16 14:31:02 CST,4/26,90741,LOG,00000,"execute S_5: SELECT i_price, i_name, i_data     FROM bmsql_item     WHERE i_id = $1","parameters: $1 = '73'",,,,,,,,"","client backend"
2024-06-16 14:32:27.834 CST,"raingage","benchmark",15268,"127.0.0.1:45208",666e86a6.3ba4,350,"SELECT",2024-06-16 14:31:02 CST,4/26,90741,LOG,00000,"execute S_6: SELECT s_quantity, s_data,        s_dist_01, s_dist_02, s_dist_03, s_dist_04,        s_dist_05, s_dist_06, s_dist_07, s_dist_08,        s_dist_09, s_dist_10     FROM bmsql_stock     WHERE s_w_id = $1 AND s_i_id = $2  FOR UPDATE","parameters: $1 = '1', $2 = '73'",,,,,,,,"","client backend"
2024-06-16 14:32:27.852 CST,"raingage","benchmark",15268,"127.0.0.1:45208",666e86a6.3ba4,351,"UPDATE",2024-06-16 14:31:02 CST,4/26,90741,LOG,00000,"execute S_7: UPDATE bmsql_stock     SET s_quantity = $1, s_ytd = s_ytd + $2,         s_order_cnt = s_order_cnt + 1,         s_remote_cnt = s_remote_cnt + $3     WHERE s_w_id = $4 AND s_i_id = $5","parameters: $1 = '71', $2 = '4', $3 = '0', $4 = '1', $5 = '73'",,,,,,,,"","client backend"
2024-06-16 14:32:27.872 CST,"raingage","benchmark",15268,"127.0.0.1:45208",666e86a6.3ba4,352,"COMMIT",2024-06-16 14:31:02 CST,4/26,90741,LOG,00000,"execute S_2: COMMIT",,,,,,,,,"","client backend"
2024-06-16 14:32:27.942 CST,"raingage","benchmark",15270,"127.0.0.1:45212",666e86a6.3ba6,440,"SELECT",2024-06-16 14:31:02 CST,6/33,90742,LOG,00000,"execute S_1: SELECT c_discount, c_last, c_credit, w_tax     FROM bmsql_customer     JOIN bmsql_warehouse ON (w_id = c_w_id)     WHERE c_w_id = $1 AND c_d_id = $2 AND c_id = $3 FOR UPDATE","parameters: $1 = '1', $2 = '3', $3 = '79'",,,,,,,,"","client backend"
2024-06-16 14:32:28.007 CST,"raingage","benchmark",15270,"127.0.0.1:45212",666e86a6.3ba6,441,"SELECT",2024-06-16 14:31:02 CST,6/33,90742,LOG,00000,"execute S_1: SELECT c_discount, c_last, c_credit, w_tax     FROM bmsql_customer     JOIN bmsql_warehouse ON (w_id = c_w_id)     WHERE c_w_id = $1 AND c_d_id = $2 AND c_id = $3 FOR UPDATE","parameters: $1 = '1', $2 = '3', $3 = '79'",,,,,,,,"","client backend"
2024-06-16 14:32:28.071 CST,"raingage","benchmark",15270,"127.0.0.1:45212",666e86a6.3ba6,442,"SELECT",2024-06-16 14:31:02 CST,6/33,90742,LOG,00000,"execute S_1: SELECT c_discount, c_last, c_credit, w_tax     FROM bmsql_customer     JOIN bmsql_warehouse ON (w_id = c_w_id)     WHERE c_w_id = $1 AND c_d_id = $2 AND c_id = $3 FOR UPDATE","parameters: $1 = '1', $2 = '3', $3 = '79'",,,,,,,,"","client backend"
2024-06-16 14:32:28.133 CST,"raingage","benchmark",15270,"127.0.0.1:45212",666e86a6.3ba6,443,"SELECT",2024-06-16 14:31:02 CST,6/33,90742,LOG,00000,"execute S_1: SELECT c_discount, c_last, c_credit, w_tax     FROM bmsql_customer     JOIN bmsql_warehouse ON (w_id = c_w_id)     WHERE c_w_id = $1 AND c_d_id = $2 AND c_id = $3 FOR UPDATE","parameters: $1 = '1', $2 = '3', $3 = '79'",,,,,,,,"","client backend"
2024-06-16 14:32:28.198 CST,"raingage","benchmark",15270,"127.0.0.1:45212",666e86a6.3ba6,444,"SELECT",2024-06-16 14:31:02 CST,6/33,90742,LOG,00000,"execute S_1: SELECT c_discount, c_last, c_credit, w_tax     FROM bmsql_customer     JOIN bmsql_warehouse ON (w_id = c_w_id)     WHERE c_w_id = $1 AND c_d_id = $2 AND c_id = $3 FOR UPDATE","parameters: $1 = '1', $2 = '3', $3 = '79'",,,,,,,,"","client backend"
2024-06-16 14:32:28.262 CST,"raingage","benchmark",15270,"127.0.0.1:45212",666e86a6.3ba6,445,"SELECT",2024-06-16 14:31:02 CST,6/33,90742,LOG,00000,"execute S_1: SELECT c_discount, c_last, c_credit, w_tax     FROM bmsql_customer     JOIN bmsql_warehouse ON (w_id = c_w_id)     WHERE c_w_id = $1 AND c_d_id = $2 AND c_id = $3 FOR UPDATE","parameters: $1 = '1', $2 = '3', $3 = '79'",,,,,,,,"","client backend"
2024-06-16 14:32:28.331 CST,"raingage","benchmark",15270,"127.0.0.1:45212",666e86a6.3ba6,446,"SELECT",2024-06-16 14:31:02 CST,6/33,90742,LOG,00000,"execute S_1: SELECT c_discount, c_last, c_credit, w_tax     FROM bmsql_customer     JOIN bmsql_warehouse ON (w_id = c_w_id)     WHERE c_w_id = $1 AND c_d_id = $2 AND c_id = $3 FOR UPDATE","parameters: $1 = '1', $2 = '3', $3 = '79'",,,,,,,,"","client backend"
2024-06-16 14:32:28.342 CST,"raingage","benchmark",15270,"127.0.0.1:45212",666e86a6.3ba6,447,"SELECT",2024-06-16 14:31:02 CST,6/33,90742,LOG,00000,"execute S_5: SELECT i_price, i_name, i_data     FROM bmsql_item     WHERE i_id = $1","parameters: $1 = '53'",,,,,,,,"","client backend"
2024-06-16 14:32:28.357 CST,"raingage","benchmark",15270,"127.0.0.1:45212",666e86a6.3ba6,448,"SELECT",2024-06-16 14:31:02 CST,6/33,90742,LOG,00000,"execute S_6: SELECT s_quantity, s_data,        s_dist_01, s_dist_02, s_dist_03, s_dist_04,        s_dist_05, s_dist_06, s_dist_07, s_dist_08,        s_dist_09, s_dist_10     FROM bmsql_stock     WHERE s_w_id = $1 AND s_i_id = $2  FOR UPDATE","parameters: $1 = '1', $2 = '53'",,,,,,,,"","client backend"
2024-06-16 14:32:28.376 CST,"raingage","benchmark",15270,"127.0.0.1:45212",666e86a6.3ba6,449,"UPDATE",2024-06-16 14:31:02 CST,6/33,90742,LOG,00000,"execute S_7: UPDATE bmsql_stock     SET s_quantity = $1, s_ytd = s_ytd + $2,         s_order_cnt = s_order_cnt + 1,         s_remote_cnt = s_remote_cnt + $3     WHERE s_w_id = $4 AND s_i_id = $5","parameters: $1 = '101', $2 = '4', $3 = '0', $4 = '1', $5 = '53'",,,,,,,,"","client backend"
2024-06-16 14:32:28.388 CST,"raingage","benchmark",15270,"127.0.0.1:45212",666e86a6.3ba6,450,"COMMIT",2024-06-16 14:31:02 CST,6/33,90742,LOG,00000,"execute S_2: COMMIT",,,,,,,,,"","client backend"
2024-06-16 14:32:28.403 CST,"raingage","benchmark",15270,"127.0.0.1:45212",666e86a6.3ba6,451,"BEGIN",2024-06-16 14:31:02 CST,6/34,0,LOG,00000,"execute S_3: BEGIN",,,,,,,,,"","client backend"
2024-06-16 14:32:28.418 CST,"raingage","benchmark",15270,"127.0.0.1:45212",666e86a6.3ba6,452,"SELECT",2024-06-16 14:31:02 CST,6/34,0,LOG,00000,"execute S_4: SELECT d_tax, d_next_o_id     FROM bmsql_district     WHERE d_w_id = $1 AND d_id = $2 ","parameters: $1 = '1', $2 = '2'",,,,,,,,"","client backend"
2024-06-16 14:32:28.457 CST,"raingage","benchmark",15271,"127.0.0.1:45214",666e86a7.3ba7,622,"SELECT",2024-06-16 14:31:03 CST,7/46,90743,LOG,00000,"execute S_1: SELECT c_discount, c_last, c_credit, w_tax     FROM bmsql_customer     JOIN bmsql_warehouse ON (w_id = c_w_id)     WHERE c_w_id = $1 AND c_d_id = $2 AND c_id = $3 FOR UPDATE","parameters: $1 = '1', $2 = '1', $3 = '93'",,,,,,,,"","client backend"
2024-06-16 14:32:28.481 CST,"raingage","benchmark",15270,"127.0.0.1:45212",666e86a6.3ba6,453,"SELECT",2024-06-16 14:31:02 CST,6/34,0,LOG,00000,"execute S_1: SELECT c_discount, c_last, c_credit, w_tax     FROM bmsql_customer     JOIN bmsql_warehouse ON (w_id = c_w_id)     WHERE c_w_id = $1 AND c_d_id = $2 AND c_id = $3 FOR UPDATE","parameters: $1 = '1', $2 = '2', $3 = '4'",,,,,,,,"","client backend"
2024-06-16 14:32:28.521 CST,"raingage","benchmark",15271,"127.0.0.1:45214",666e86a7.3ba7,623,"SELECT",2024-06-16 14:31:03 CST,7/46,90743,LOG,00000,"execute S_1: SELECT c_discount, c_last, c_credit, w_tax     FROM bmsql_customer     JOIN bmsql_warehouse ON (w_id = c_w_id)     WHERE c_w_id = $1 AND c_d_id = $2 AND c_id = $3 FOR UPDATE","parameters: $1 = '1', $2 = '1', $3 = '93'",,,,,,,,"","client backend"
2024-06-16 14:32:28.592 CST,"raingage","benchmark",15271,"127.0.0.1:45214",666e86a7.3ba7,624,"SELECT",2024-06-16 14:31:03 CST,7/46,90743,LOG,00000,"execute S_1: SELECT c_discount, c_last, c_credit, w_tax     FROM bmsql_customer     JOIN bmsql_warehouse ON (w_id = c_w_id)     WHERE c_w_id = $1 AND c_d_id = $2 AND c_id = $3 FOR UPDATE","parameters: $1 = '1', $2 = '1', $3 = '93'",,,,,,,,"","client backend"
2024-06-16 14:32:28.655 CST,"raingage","benchmark",15271,"127.0.0.1:45214",666e86a7.3ba7,625,"SELECT",2024-06-16 14:31:03 CST,7/46,90743,LOG,00000,"execute S_1: SELECT c_discount, c_last, c_credit, w_tax     FROM bmsql_customer     JOIN bmsql_warehouse ON (w_id = c_w_id)     WHERE c_w_id = $1 AND c_d_id = $2 AND c_id = $3 FOR UPDATE","parameters: $1 = '1', $2 = '1', $3 = '93'",,,,,,,,"","client backend"
2024-06-16 14:32:28.723 CST,"raingage","benchmark",15271,"127.0.0.1:45214",666e86a7.3ba7,626,"SELECT",2024-06-16 14:31:03 CST,7/46,90743,LOG,00000,"execute S_1: SELECT c_discount, c_last, c_credit, w_tax     FROM bmsql_customer     JOIN bmsql_warehouse ON (w_id = c_w_id)     WHERE c_w_id = $1 AND c_d_id = $2 AND c_id = $3 FOR UPDATE","parameters: $1 = '1', $2 = '1', $3 = '93'",,,,,,,,"","client backend"
2024-06-16 14:32:28.790 CST,"raingage","benchmark",15271,"127.0.0.1:45214",666e86a7.3ba7,627,"SELECT",2024-06-16 14:31:03 CST,7/46,90743,LOG,00000,"execute S_1: SELECT c_discount, c_last, c_credit, w_tax     FROM bmsql_customer     JOIN bmsql_warehouse ON (w_id = c_w_id)     WHERE c_w_id = $1 AND c_d_id = $2 AND c_id = $3 FOR UPDATE","parameters: $1 = '1', $2 = '1', $3 = '93'",,,,,,,,"","client backend"
2024-06-16 14:32:28.859 CST,"raingage","benchmark",15271,"127.0.0.1:45214",666e86a7.3ba7,628,"SELECT",2024-06-16 14:31:03 CST,7/46,90743,LOG,00000,"execute S_1: SELECT c_discount, c_last, c_credit, w_tax     FROM bmsql_customer     JOIN bmsql_warehouse ON (w_id = c_w_id)     WHERE c_w_id = $1 AND c_d_id = $2 AND c_id = $3 FOR UPDATE","parameters: $1 = '1', $2 = '1', $3 = '93'",,,,,,,,"","client backend"
2024-06-16 14:32:28.874 CST,"raingage","benchmark",15271,"127.0.0.1:45214",666e86a7.3ba7,629,"SELECT",2024-06-16 14:31:03 CST,7/46,90743,LOG,00000,"execute S_5: SELECT i_price, i_name, i_data     FROM bmsql_item     WHERE i_id = $1","parameters: $1 = '73'",,,,,,,,"","client backend"
2024-06-16 14:32:28.888 CST,"raingage","benchmark",15271,"127.0.0.1:45214",666e86a7.3ba7,630,"SELECT",2024-06-16 14:31:03 CST,7/46,90743,LOG,00000,"execute S_6: SELECT s_quantity, s_data,        s_dist_01, s_dist_02, s_dist_03, s_dist_04,        s_dist_05, s_dist_06, s_dist_07, s_dist_08,        s_dist_09, s_dist_10     FROM bmsql_stock     WHERE s_w_id = $1 AND s_i_id = $2  FOR UPDATE","parameters: $1 = '1', $2 = '73'",,,,,,,,"","client backend"
2024-06-16 14:32:28.910 CST,"raingage","benchmark",15271,"127.0.0.1:45214",666e86a7.3ba7,631,"UPDATE",2024-06-16 14:31:03 CST,7/46,90743,LOG,00000,"execute S_7: UPDATE bmsql_stock     SET s_quantity = $1, s_ytd = s_ytd + $2,         s_order_cnt = s_order_cnt + 1,         s_remote_cnt = s_remote_cnt + $3     WHERE s_w_id = $4 AND s_i_id = $5","parameters: $1 = '68', $2 = '3', $3 = '0', $4 = '1', $5 = '73'",,,,,,,,"","client backend"
2024-06-16 14:32:28.930 CST,"raingage","benchmark",15271,"127.0.0.1:45214",666e86a7.3ba7,632,"COMMIT",2024-06-16 14:31:03 CST,7/46,90743,LOG,00000,"execute S_2: COMMIT",,,,,,,,,"","client backend"
2024-06-16 14:32:28.947 CST,"raingage","benchmark",15271,"127.0.0.1:45214",666e86a7.3ba7,633,"BEGIN",2024-06-16 14:31:03 CST,7/47,0,LOG,00000,"execute S_3: BEGIN",,,,,,,,,"","client backend"
2024-06-16 14:32:28.961 CST,"raingage","benchmark",15271,"127.0.0.1:45214",666e86a7.3ba7,634,"SELECT",2024-06-16 14:31:03 CST,7/47,0,LOG,00000,"execute S_4: SELECT d_tax, d_next_o_id     FROM bmsql_district     WHERE d_w_id = $1 AND d_id = $2 ","parameters: $1 = '1', $2 = '2'",,,,,,,,"","client backend"
2024-06-16 14:32:29.003 CST,"raingage","benchmark",15270,"127.0.0.1:45212",666e86a6.3ba6,454,"SELECT",2024-06-16 14:31:02 CST,6/34,90744,LOG,00000,"execute S_1: SELECT c_discount, c_last, c_credit, w_tax     FROM bmsql_customer     JOIN bmsql_warehouse ON (w_id = c_w_id)     WHERE c_w_id = $1 AND c_d_id = $2 AND c_id = $3 FOR UPDATE","parameters: $1 = '1', $2 = '2', $3 = '4'",,,,,,,,"","client backend"
2024-06-16 14:32:29.029 CST,"raingage","benchmark",15271,"127.0.0.1:45214",666e86a7.3ba7,635,"SELECT",2024-06-16 14:31:03 CST,7/47,0,LOG,00000,"execute S_1: SELECT c_discount, c_last, c_credit, w_tax     FROM bmsql_customer     JOIN bmsql_warehouse ON (w_id = c_w_id)     WHERE c_w_id = $1 AND c_d_id = $2 AND c_id = $3 FOR UPDATE","parameters: $1 = '1', $2 = '2', $3 = '94'",,,,,,,,"","client backend"
2024-06-16 14:32:29.073 CST,"raingage","benchmark",15270,"127.0.0.1:45212",666e86a6.3ba6,455,"SELECT",2024-06-16 14:31:02 CST,6/34,90744,LOG,00000,"execute S_1: SELECT c_discount, c_last, c_credit, w_tax     FROM bmsql_customer     JOIN bmsql_warehouse ON (w_id = c_w_id)     WHERE c_w_id = $1 AND c_d_id = $2 AND c_id = $3 FOR UPDATE","parameters: $1 = '1', $2 = '2', $3 = '4'",,,,,,,,"","client backend"
2024-06-16 14:32:29.136 CST,"raingage","benchmark",15270,"127.0.0.1:45212",666e86a6.3ba6,456,"SELECT",2024-06-16 14:31:02 CST,6/34,90744,LOG,00000,"execute S_1: SELECT c_discount, c_last, c_credit, w_tax     FROM bmsql_customer     JOIN bmsql_warehouse ON (w_id = c_w_id)     WHERE c_w_id = $1 AND c_d_id = $2 AND c_id = $3 FOR UPDATE","parameters: $1 = '1', $2 = '2', $3 = '4'",,,,,,,,"","client backend"
2024-06-16 14:32:29.201 CST,"raingage","benchmark",15270,"127.0.0.1:45212",666e86a6.3ba6,457,"SELECT",2024-06-16 14:31:02 CST,6/34,90744,LOG,00000,"execute S_1: SELECT c_discount, c_last, c_credit, w_tax     FROM bmsql_customer     JOIN bmsql_warehouse ON (w_id = c_w_id)     WHERE c_w_id = $1 AND c_d_id = $2 AND c_id = $3 FOR UPDATE","parameters: $1 = '1', $2 = '2', $3 = '4'",,,,,,,,"","client backend"
2024-06-16 14:32:29.269 CST,"raingage","benchmark",15270,"127.0.0.1:45212",666e86a6.3ba6,458,"SELECT",2024-06-16 14:31:02 CST,6/34,90744,LOG,00000,"execute S_1: SELECT c_discount, c_last, c_credit, w_tax     FROM bmsql_customer     JOIN bmsql_warehouse ON (w_id = c_w_id)     WHERE c_w_id = $1 AND c_d_id = $2 AND c_id = $3 FOR UPDATE","parameters: $1 = '1', $2 = '2', $3 = '4'",,,,,,,,"","client backend"
2024-06-16 14:32:29.335 CST,"raingage","benchmark",15270,"127.0.0.1:45212",666e86a6.3ba6,459,"SELECT",2024-06-16 14:31:02 CST,6/34,90744,LOG,00000,"execute S_1: SELECT c_discount, c_last, c_credit, w_tax     FROM bmsql_customer     JOIN bmsql_warehouse ON (w_id = c_w_id)     WHERE c_w_id = $1 AND c_d_id = $2 AND c_id = $3 FOR UPDATE","parameters: $1 = '1', $2 = '2', $3 = '4'",,,,,,,,"","client backend"
2024-06-16 14:32:29.401 CST,"raingage","benchmark",15270,"127.0.0.1:45212",666e86a6.3ba6,460,"SELECT",2024-06-16 14:31:02 CST,6/34,90744,LOG,00000,"execute S_1: SELECT c_discount, c_last, c_credit, w_tax     FROM bmsql_customer     JOIN bmsql_warehouse ON (w_id = c_w_id)     WHERE c_w_id = $1 AND c_d_id = $2 AND c_id = $3 FOR UPDATE","parameters: $1 = '1', $2 = '2', $3 = '4'",,,,,,,,"","client backend"
2024-06-16 14:32:29.416 CST,"raingage","benchmark",15270,"127.0.0.1:45212",666e86a6.3ba6,461,"SELECT",2024-06-16 14:31:02 CST,6/34,90744,LOG,00000,"execute S_5: SELECT i_price, i_name, i_data     FROM bmsql_item     WHERE i_id = $1","parameters: $1 = '52'",,,,,,,,"","client backend"
2024-06-16 14:32:29.432 CST,"raingage","benchmark",15270,"127.0.0.1:45212",666e86a6.3ba6,462,"SELECT",2024-06-16 14:31:02 CST,6/34,90744,LOG,00000,"execute S_6: SELECT s_quantity, s_data,        s_dist_01, s_dist_02, s_dist_03, s_dist_04,        s_dist_05, s_dist_06, s_dist_07, s_dist_08,        s_dist_09, s_dist_10     FROM bmsql_stock     WHERE s_w_id = $1 AND s_i_id = $2  FOR UPDATE","parameters: $1 = '1', $2 = '52'",,,,,,,,"","client backend"
2024-06-16 14:32:29.448 CST,"raingage","benchmark",15270,"127.0.0.1:45212",666e86a6.3ba6,463,"UPDATE",2024-06-16 14:31:02 CST,6/34,90744,LOG,00000,"execute S_7: UPDATE bmsql_stock     SET s_quantity = $1, s_ytd = s_ytd + $2,         s_order_cnt = s_order_cnt + 1,         s_remote_cnt = s_remote_cnt + $3     WHERE s_w_id = $4 AND s_i_id = $5","parameters: $1 = '93', $2 = '3', $3 = '0', $4 = '1', $5 = '52'",,,,,,,,"","client backend"
2024-06-16 14:32:29.469 CST,"raingage","benchmark",15270,"127.0.0.1:45212",666e86a6.3ba6,464,"COMMIT",2024-06-16 14:31:02 CST,6/34,90744,LOG,00000,"execute S_2: COMMIT",,,,,,,,,"","client backend"
2024-06-16 14:32:29.481 CST,"raingage","benchmark",15270,"127.0.0.1:45212",666e86a6.3ba6,465,"BEGIN",2024-06-16 14:31:02 CST,6/35,0,LOG,00000,"execute S_3: BEGIN",,,,,,,,,"","client backend"
2024-06-16 14:32:29.493 CST,"raingage","benchmark",15270,"127.0.0.1:45212",666e86a6.3ba6,466,"SELECT",2024-06-16 14:31:02 CST,6/35,0,LOG,00000,"execute S_4: SELECT d_tax, d_next_o_id     FROM bmsql_district     WHERE d_w_id = $1 AND d_id = $2 ","parameters: $1 = '1', $2 = '2'",,,,,,,,"","client backend"
2024-06-16 14:32:29.537 CST,"raingage","benchmark",15271,"127.0.0.1:45214",666e86a7.3ba7,636,"SELECT",2024-06-16 14:31:03 CST,7/47,90745,LOG,00000,"execute S_1: SELECT c_discount, c_last, c_credit, w_tax     FROM bmsql_customer     JOIN bmsql_warehouse ON (w_id = c_w_id)     WHERE c_w_id = $1 AND c_d_id = $2 AND c_id = $3 FOR UPDATE","parameters: $1 = '1', $2 = '2', $3 = '94'",,,,,,,,"","client backend"
2024-06-16 14:32:29.563 CST,"raingage","benchmark",15270,"127.0.0.1:45212",666e86a6.3ba6,467,"SELECT",2024-06-16 14:31:02 CST,6/35,0,LOG,00000,"execute S_1: SELECT c_discount, c_last, c_credit, w_tax     FROM bmsql_customer     JOIN bmsql_warehouse ON (w_id = c_w_id)     WHERE c_w_id = $1 AND c_d_id = $2 AND c_id = $3 FOR UPDATE","parameters: $1 = '1', $2 = '2', $3 = '51'",,,,,,,,"","client backend"
2024-06-16 14:32:29.603 CST,"raingage","benchmark",15271,"127.0.0.1:45214",666e86a7.3ba7,637,"SELECT",2024-06-16 14:31:03 CST,7/47,90745,LOG,00000,"execute S_1: SELECT c_discount, c_last, c_credit, w_tax     FROM bmsql_customer     JOIN bmsql_warehouse ON (w_id = c_w_id)     WHERE c_w_id = $1 AND c_d_id = $2 AND c_id = $3 FOR UPDATE","parameters: $1 = '1', $2 = '2', $3 = '94'",,,,,,,,"","client backend"
2024-06-16 14:32:29.671 CST,"raingage","benchmark",15271,"127.0.0.1:45214",666e86a7.3ba7,638,"SELECT",2024-06-16 14:31:03 CST,7/47,90745,LOG,00000,"execute S_1: SELECT c_discount, c_last, c_credit, w_tax     FROM bmsql_customer     JOIN bmsql_warehouse ON (w_id = c_w_id)     WHERE c_w_id = $1 AND c_d_id = $2 AND c_id = $3 FOR UPDATE","parameters: $1 = '1', $2 = '2', $3 = '94'",,,,,,,,"","client backend"
2024-06-16 14:32:29.744 CST,"raingage","benchmark",15271,"127.0.0.1:45214",666e86a7.3ba7,639,"SELECT",2024-06-16 14:31:03 CST,7/47,90745,LOG,00000,"execute S_1: SELECT c_discount, c_last, c_credit, w_tax     FROM bmsql_customer     JOIN bmsql_warehouse ON (w_id = c_w_id)     WHERE c_w_id = $1 AND c_d_id = $2 AND c_id = $3 FOR UPDATE","parameters: $1 = '1', $2 = '2', $3 = '94'",,,,,,,,"","client backend"
2024-06-16 14:32:29.807 CST,"raingage","benchmark",15271,"127.0.0.1:45214",666e86a7.3ba7,640,"SELECT",2024-06-16 14:31:03 CST,7/47,90745,LOG,00000,"execute S_1: SELECT c_discount, c_last, c_credit, w_tax     FROM bmsql_customer     JOIN bmsql_warehouse ON (w_id = c_w_id)     WHERE c_w_id = $1 AND c_d_id = $2 AND c_id = $3 FOR UPDATE","parameters: $1 = '1', $2 = '2', $3 = '94'",,,,,,,,"","client backend"
2024-06-16 14:32:29.874 CST,"raingage","benchmark",15271,"127.0.0.1:45214",666e86a7.3ba7,641,"SELECT",2024-06-16 14:31:03 CST,7/47,90745,LOG,00000,"execute S_1: SELECT c_discount, c_last, c_credit, w_tax     FROM bmsql_customer     JOIN bmsql_warehouse ON (w_id = c_w_id)     WHERE c_w_id = $1 AND c_d_id = $2 AND c_id = $3 FOR UPDATE","parameters: $1 = '1', $2 = '2', $3 = '94'",,,,,,,,"","client backend"
2024-06-16 14:32:29.943 CST,"raingage","benchmark",15271,"127.0.0.1:45214",666e86a7.3ba7,642,"SELECT",2024-06-16 14:31:03 CST,7/47,90745,LOG,00000,"execute S_1: SELECT c_discount, c_last, c_credit, w_tax     FROM bmsql_customer     JOIN bmsql_warehouse ON (w_id = c_w_id)     WHERE c_w_id = $1 AND c_d_id = $2 AND c_id = $3 FOR UPDATE","parameters: $1 = '1', $2 = '2', $3 = '94'",,,,,,,,"","client backend"
2024-06-16 14:32:29.957 CST,"raingage","benchmark",15271,"127.0.0.1:45214",666e86a7.3ba7,643,"SELECT",2024-06-16 14:31:03 CST,7/47,90745,LOG,00000,"execute S_5: SELECT i_price, i_name, i_data     FROM bmsql_item     WHERE i_id = $1","parameters: $1 = '8'",,,,,,,,"","client backend"
2024-06-16 14:32:29.975 CST,"raingage","benchmark",15271,"127.0.0.1:45214",666e86a7.3ba7,644,"SELECT",2024-06-16 14:31:03 CST,7/47,90745,LOG,00000,"execute S_6: SELECT s_quantity, s_data,        s_dist_01, s_dist_02, s_dist_03, s_dist_04,        s_dist_05, s_dist_06, s_dist_07, s_dist_08,        s_dist_09, s_dist_10     FROM bmsql_stock     WHERE s_w_id = $1 AND s_i_id = $2  FOR UPDATE","parameters: $1 = '1', $2 = '8'",,,,,,,,"","client backend"
2024-06-16 14:32:29.992 CST,"raingage","benchmark",15271,"127.0.0.1:45214",666e86a7.3ba7,645,"UPDATE",2024-06-16 14:31:03 CST,7/47,90745,LOG,00000,"execute S_7: UPDATE bmsql_stock     SET s_quantity = $1, s_ytd = s_ytd + $2,         s_order_cnt = s_order_cnt + 1,         s_remote_cnt = s_remote_cnt + $3     WHERE s_w_id = $4 AND s_i_id = $5","parameters: $1 = '11', $2 = '2', $3 = '0', $4 = '1', $5 = '8'",,,,,,,,"","client backend"
2024-06-16 14:32:30.011 CST,"raingage","benchmark",15271,"127.0.0.1:45214",666e86a7.3ba7,646,"COMMIT",2024-06-16 14:31:03 CST,7/47,90745,LOG,00000,"execute S_2: COMMIT",,,,,,,,,"","client backend"
2024-06-16 14:32:30.028 CST,"raingage","benchmark",15271,"127.0.0.1:45214",666e86a7.3ba7,647,"BEGIN",2024-06-16 14:31:03 CST,7/48,0,LOG,00000,"execute S_3: BEGIN",,,,,,,,,"","client backend"
2024-06-16 14:32:30.030 CST,"raingage","benchmark",15271,"127.0.0.1:45214",666e86a7.3ba7,648,"SELECT",2024-06-16 14:31:03 CST,7/48,0,LOG,00000,"execute S_4: SELECT d_tax, d_next_o_id     FROM bmsql_district     WHERE d_w_id = $1 AND d_id = $2 ","parameters: $1 = '1', $2 = '2'",,,,,,,,"","client backend"
2024-06-16 14:32:30.075 CST,"raingage","benchmark",15270,"127.0.0.1:45212",666e86a6.3ba6,468,"SELECT",2024-06-16 14:31:02 CST,6/35,90746,LOG,00000,"execute S_1: SELECT c_discount, c_last, c_credit, w_tax     FROM bmsql_customer     JOIN bmsql_warehouse ON (w_id = c_w_id)     WHERE c_w_id = $1 AND c_d_id = $2 AND c_id = $3 FOR UPDATE","parameters: $1 = '1', $2 = '2', $3 = '51'",,,,,,,,"","client backend"
2024-06-16 14:32:30.101 CST,"raingage","benchmark",15271,"127.0.0.1:45214",666e86a7.3ba7,649,"SELECT",2024-06-16 14:31:03 CST,7/48,0,LOG,00000,"execute S_1: SELECT c_discount, c_last, c_credit, w_tax     FROM bmsql_customer     JOIN bmsql_warehouse ON (w_id = c_w_id)     WHERE c_w_id = $1 AND c_d_id = $2 AND c_id = $3 FOR UPDATE","parameters: $1 = '1', $2 = '2', $3 = '51'",,,,,,,,"","client backend"
2024-06-16 14:32:30.143 CST,"raingage","benchmark",15270,"127.0.0.1:45212",666e86a6.3ba6,469,"SELECT",2024-06-16 14:31:02 CST,6/35,90746,LOG,00000,"execute S_1: SELECT c_discount, c_last, c_credit, w_tax     FROM bmsql_customer     JOIN bmsql_warehouse ON (w_id = c_w_id)     WHERE c_w_id = $1 AND c_d_id = $2 AND c_id = $3 FOR UPDATE","parameters: $1 = '1', $2 = '2', $3 = '51'",,,,,,,,"","client backend"
2024-06-16 14:32:30.205 CST,"raingage","benchmark",15270,"127.0.0.1:45212",666e86a6.3ba6,470,"SELECT",2024-06-16 14:31:02 CST,6/35,90746,LOG,00000,"execute S_1: SELECT c_discount, c_last, c_credit, w_tax     FROM bmsql_customer     JOIN bmsql_warehouse ON (w_id = c_w_id)     WHERE c_w_id = $1 AND c_d_id = $2 AND c_id = $3 FOR UPDATE","parameters: $1 = '1', $2 = '2', $3 = '51'",,,,,,,,"","client backend"
2024-06-16 14:32:30.274 CST,"raingage","benchmark",15270,"127.0.0.1:45212",666e86a6.3ba6,471,"SELECT",2024-06-16 14:31:02 CST,6/35,90746,LOG,00000,"execute S_1: SELECT c_discount, c_last, c_credit, w_tax     FROM bmsql_customer     JOIN bmsql_warehouse ON (w_id = c_w_id)     WHERE c_w_id = $1 AND c_d_id = $2 AND c_id = $3 FOR UPDATE","parameters: $1 = '1', $2 = '2', $3 = '51'",,,,,,,,"","client backend"
2024-06-16 14:32:30.338 CST,"raingage","benchmark",15270,"127.0.0.1:45212",666e86a6.3ba6,472,"SELECT",2024-06-16 14:31:02 CST,6/35,90746,LOG,00000,"execute S_1: SELECT c_discount, c_last, c_credit, w_tax     FROM bmsql_customer     JOIN bmsql_warehouse ON (w_id = c_w_id)     WHERE c_w_id = $1 AND c_d_id = $2 AND c_id = $3 FOR UPDATE","parameters: $1 = '1', $2 = '2', $3 = '51'",,,,,,,,"","client backend"
2024-06-16 14:32:30.403 CST,"raingage","benchmark",15270,"127.0.0.1:45212",666e86a6.3ba6,473,"SELECT",2024-06-16 14:31:02 CST,6/35,90746,LOG,00000,"execute S_1: SELECT c_discount, c_last, c_credit, w_tax     FROM bmsql_customer     JOIN bmsql_warehouse ON (w_id = c_w_id)     WHERE c_w_id = $1 AND c_d_id = $2 AND c_id = $3 FOR UPDATE","parameters: $1 = '1', $2 = '2', $3 = '51'",,,,,,,,"","client backend"
2024-06-16 14:32:30.475 CST,"raingage","benchmark",15270,"127.0.0.1:45212",666e86a6.3ba6,474,"SELECT",2024-06-16 14:31:02 CST,6/35,90746,LOG,00000,"execute S_1: SELECT c_discount, c_last, c_credit, w_tax     FROM bmsql_customer     JOIN bmsql_warehouse ON (w_id = c_w_id)     WHERE c_w_id = $1 AND c_d_id = $2 AND c_id = $3 FOR UPDATE","parameters: $1 = '1', $2 = '2', $3 = '51'",,,,,,,,"","client backend"
2024-06-16 14:32:30.494 CST,"raingage","benchmark",15270,"127.0.0.1:45212",666e86a6.3ba6,475,"SELECT",2024-06-16 14:31:02 CST,6/35,90746,LOG,00000,"execute S_5: SELECT i_price, i_name, i_data     FROM bmsql_item     WHERE i_id = $1","parameters: $1 = '49'",,,,,,,,"","client backend"
2024-06-16 14:32:30.510 CST,"raingage","benchmark",15270,"127.0.0.1:45212",666e86a6.3ba6,476,"SELECT",2024-06-16 14:31:02 CST,6/35,90746,LOG,00000,"execute S_6: SELECT s_quantity, s_data,        s_dist_01, s_dist_02, s_dist_03, s_dist_04,        s_dist_05, s_dist_06, s_dist_07, s_dist_08,        s_dist_09, s_dist_10     FROM bmsql_stock     WHERE s_w_id = $1 AND s_i_id = $2  FOR UPDATE","parameters: $1 = '1', $2 = '49'",,,,,,,,"","client backend"
2024-06-16 14:32:30.523 CST,"raingage","benchmark",15270,"127.0.0.1:45212",666e86a6.3ba6,477,"UPDATE",2024-06-16 14:31:02 CST,6/35,90746,LOG,00000,"execute S_7: UPDATE bmsql_stock     SET s_quantity = $1, s_ytd = s_ytd + $2,         s_order_cnt = s_order_cnt + 1,         s_remote_cnt = s_remote_cnt + $3     WHERE s_w_id = $4 AND s_i_id = $5","parameters: $1 = '95', $2 = '2', $3 = '0', $4 = '1', $5 = '49'",,,,,,,,"","client backend"
2024-06-16 14:32:30.540 CST,"raingage","benchmark",15270,"127.0.0.1:45212",666e86a6.3ba6,478,"COMMIT",2024-06-16 14:31:02 CST,6/35,90746,LOG,00000,"execute S_2: COMMIT",,,,,,,,,"","client backend"
2024-06-16 14:32:30.562 CST,"raingage","benchmark",15270,"127.0.0.1:45212",666e86a6.3ba6,479,"BEGIN",2024-06-16 14:31:02 CST,6/36,0,LOG,00000,"execute S_3: BEGIN",,,,,,,,,"","client backend"
2024-06-16 14:32:30.564 CST,"raingage","benchmark",15270,"127.0.0.1:45212",666e86a6.3ba6,480,"SELECT",2024-06-16 14:31:02 CST,6/36,0,LOG,00000,"execute S_4: SELECT d_tax, d_next_o_id     FROM bmsql_district     WHERE d_w_id = $1 AND d_id = $2 ","parameters: $1 = '1', $2 = '2'",,,,,,,,"","client backend"
2024-06-16 14:32:30.603 CST,"raingage","benchmark",15271,"127.0.0.1:45214",666e86a7.3ba7,650,"SELECT",2024-06-16 14:31:03 CST,7/48,90747,LOG,00000,"execute S_1: SELECT c_discount, c_last, c_credit, w_tax     FROM bmsql_customer     JOIN bmsql_warehouse ON (w_id = c_w_id)     WHERE c_w_id = $1 AND c_d_id = $2 AND c_id = $3 FOR UPDATE","parameters: $1 = '1', $2 = '2', $3 = '51'",,,,,,,,"","client backend"
2024-06-16 14:32:30.635 CST,"raingage","benchmark",15270,"127.0.0.1:45212",666e86a6.3ba6,481,"SELECT",2024-06-16 14:31:02 CST,6/36,0,LOG,00000,"execute S_1: SELECT c_discount, c_last, c_credit, w_tax     FROM bmsql_customer     JOIN bmsql_warehouse ON (w_id = c_w_id)     WHERE c_w_id = $1 AND c_d_id = $2 AND c_id = $3 FOR UPDATE","parameters: $1 = '1', $2 = '2', $3 = '24'",,,,,,,,"","client backend"
2024-06-16 14:32:30.673 CST,"raingage","benchmark",15271,"127.0.0.1:45214",666e86a7.3ba7,651,"SELECT",2024-06-16 14:31:03 CST,7/48,90747,LOG,00000,"execute S_1: SELECT c_discount, c_last, c_credit, w_tax     FROM bmsql_customer     JOIN bmsql_warehouse ON (w_id = c_w_id)     WHERE c_w_id = $1 AND c_d_id = $2 AND c_id = $3 FOR UPDATE","parameters: $1 = '1', $2 = '2', $3 = '51'",,,,,,,,"","client backend"
2024-06-16 14:32:30.745 CST,"raingage","benchmark",15271,"127.0.0.1:45214",666e86a7.3ba7,652,"SELECT",2024-06-16 14:31:03 CST,7/48,90747,LOG,00000,"execute S_1: SELECT c_discount, c_last, c_credit, w_tax     FROM bmsql_customer     JOIN bmsql_warehouse ON (w_id = c_w_id)     WHERE c_w_id = $1 AND c_d_id = $2 AND c_id = $3 FOR UPDATE","parameters: $1 = '1', $2 = '2', $3 = '51'",,,,,,,,"","client backend"
2024-06-16 14:32:30.814 CST,"raingage","benchmark",15271,"127.0.0.1:45214",666e86a7.3ba7,653,"SELECT",2024-06-16 14:31:03 CST,7/48,90747,LOG,00000,"execute S_1: SELECT c_discount, c_last, c_credit, w_tax     FROM bmsql_customer     JOIN bmsql_warehouse ON (w_id = c_w_id)     WHERE c_w_id = $1 AND c_d_id = $2 AND c_id = $3 FOR UPDATE","parameters: $1 = '1', $2 = '2', $3 = '51'",,,,,,,,"","client backend"
2024-06-16 14:32:30.883 CST,"raingage","benchmark",15271,"127.0.0.1:45214",666e86a7.3ba7,654,"SELECT",2024-06-16 14:31:03 CST,7/48,90747,LOG,00000,"execute S_1: SELECT c_discount, c_last, c_credit, w_tax     FROM bmsql_customer     JOIN bmsql_warehouse ON (w_id = c_w_id)     WHERE c_w_id = $1 AND c_d_id = $2 AND c_id = $3 FOR UPDATE","parameters: $1 = '1', $2 = '2', $3 = '51'",,,,,,,,"","client backend"
2024-06-16 14:32:30.946 CST,"raingage","benchmark",15271,"127.0.0.1:45214",666e86a7.3ba7,655,"SELECT",2024-06-16 14:31:03 CST,7/48,90747,LOG,00000,"execute S_1: SELECT c_discount, c_last, c_credit, w_tax     FROM bmsql_customer     JOIN bmsql_warehouse ON (w_id = c_w_id)     WHERE c_w_id = $1 AND c_d_id = $2 AND c_id = $3 FOR UPDATE","parameters: $1 = '1', $2 = '2', $3 = '51'",,,,,,,,"","client backend"
2024-06-16 14:32:31.017 CST,"raingage","benchmark",15271,"127.0.0.1:45214",666e86a7.3ba7,656,"SELECT",2024-06-16 14:31:03 CST,7/48,90747,LOG,00000,"execute S_1: SELECT c_discount, c_last, c_credit, w_tax     FROM bmsql_customer     JOIN bmsql_warehouse ON (w_id = c_w_id)     WHERE c_w_id = $1 AND c_d_id = $2 AND c_id = $3 FOR UPDATE","parameters: $1 = '1', $2 = '2', $3 = '51'",,,,,,,,"","client backend"
2024-06-16 14:32:31.032 CST,"raingage","benchmark",15271,"127.0.0.1:45214",666e86a7.3ba7,657,"SELECT",2024-06-16 14:31:03 CST,7/48,90747,LOG,00000,"execute S_5: SELECT i_price, i_name, i_data     FROM bmsql_item     WHERE i_id = $1","parameters: $1 = '49'",,,,,,,,"","client backend"
2024-06-16 14:32:31.051 CST,"raingage","benchmark",15271,"127.0.0.1:45214",666e86a7.3ba7,658,"SELECT",2024-06-16 14:31:03 CST,7/48,90747,LOG,00000,"execute S_6: SELECT s_quantity, s_data,        s_dist_01, s_dist_02, s_dist_03, s_dist_04,        s_dist_05, s_dist_06, s_dist_07, s_dist_08,        s_dist_09, s_dist_10     FROM bmsql_stock     WHERE s_w_id = $1 AND s_i_id = $2  FOR UPDATE","parameters: $1 = '1', $2 = '49'",,,,,,,,"","client backend"
2024-06-16 14:32:31.070 CST,"raingage","benchmark",15271,"127.0.0.1:45214",666e86a7.3ba7,659,"UPDATE",2024-06-16 14:31:03 CST,7/48,90747,LOG,00000,"execute S_7: UPDATE bmsql_stock     SET s_quantity = $1, s_ytd = s_ytd + $2,         s_order_cnt = s_order_cnt + 1,         s_remote_cnt = s_remote_cnt + $3     WHERE s_w_id = $4 AND s_i_id = $5","parameters: $1 = '93', $2 = '2', $3 = '0', $4 = '1', $5 = '49'",,,,,,,,"","client backend"
2024-06-16 14:32:31.091 CST,"raingage","benchmark",15271,"127.0.0.1:45214",666e86a7.3ba7,660,"COMMIT",2024-06-16 14:31:03 CST,7/48,90747,LOG,00000,"execute S_2: COMMIT",,,,,,,,,"","client backend"
2024-06-16 14:32:31.102 CST,"raingage","benchmark",15271,"127.0.0.1:45214",666e86a7.3ba7,661,"BEGIN",2024-06-16 14:31:03 CST,7/49,0,LOG,00000,"execute S_3: BEGIN",,,,,,,,,"","client backend"
2024-06-16 14:32:31.119 CST,"raingage","benchmark",15271,"127.0.0.1:45214",666e86a7.3ba7,662,"SELECT",2024-06-16 14:31:03 CST,7/49,0,LOG,00000,"execute S_4: SELECT d_tax, d_next_o_id     FROM bmsql_district     WHERE d_w_id = $1 AND d_id = $2 ","parameters: $1 = '1', $2 = '2'",,,,,,,,"","client backend"
2024-06-16 14:32:31.154 CST,"raingage","benchmark",15270,"127.0.0.1:45212",666e86a6.3ba6,482,"SELECT",2024-06-16 14:31:02 CST,6/36,90748,LOG,00000,"execute S_1: SELECT c_discount, c_last, c_credit, w_tax     FROM bmsql_customer     JOIN bmsql_warehouse ON (w_id = c_w_id)     WHERE c_w_id = $1 AND c_d_id = $2 AND c_id = $3 FOR UPDATE","parameters: $1 = '1', $2 = '2', $3 = '24'",,,,,,,,"","client backend"
2024-06-16 14:32:31.187 CST,"raingage","benchmark",15271,"127.0.0.1:45214",666e86a7.3ba7,663,"SELECT",2024-06-16 14:31:03 CST,7/49,0,LOG,00000,"execute S_1: SELECT c_discount, c_last, c_credit, w_tax     FROM bmsql_customer     JOIN bmsql_warehouse ON (w_id = c_w_id)     WHERE c_w_id = $1 AND c_d_id = $2 AND c_id = $3 FOR UPDATE","parameters: $1 = '1', $2 = '2', $3 = '24'",,,,,,,,"","client backend"
2024-06-16 14:32:31.218 CST,"raingage","benchmark",15270,"127.0.0.1:45212",666e86a6.3ba6,483,"SELECT",2024-06-16 14:31:02 CST,6/36,90748,LOG,00000,"execute S_1: SELECT c_discount, c_last, c_credit, w_tax     FROM bmsql_customer     JOIN bmsql_warehouse ON (w_id = c_w_id)     WHERE c_w_id = $1 AND c_d_id = $2 AND c_id = $3 FOR UPDATE","parameters: $1 = '1', $2 = '2', $3 = '24'",,,,,,,,"","client backend"
2024-06-16 14:32:31.289 CST,"raingage","benchmark",15270,"127.0.0.1:45212",666e86a6.3ba6,484,"SELECT",2024-06-16 14:31:02 CST,6/36,90748,LOG,00000,"execute S_1: SELECT c_discount, c_last, c_credit, w_tax     FROM bmsql_customer     JOIN bmsql_warehouse ON (w_id = c_w_id)     WHERE c_w_id = $1 AND c_d_id = $2 AND c_id = $3 FOR UPDATE","parameters: $1 = '1', $2 = '2', $3 = '24'",,,,,,,,"","client backend"
2024-06-16 14:32:31.355 CST,"raingage","benchmark",15270,"127.0.0.1:45212",666e86a6.3ba6,485,"SELECT",2024-06-16 14:31:02 CST,6/36,90748,LOG,00000,"execute S_1: SELECT c_discount, c_last, c_credit, w_tax     FROM bmsql_customer     JOIN bmsql_warehouse ON (w_id = c_w_id)     WHERE c_w_id = $1 AND c_d_id = $2 AND c_id = $3 FOR UPDATE","parameters: $1 = '1', $2 = '2', $3 = '24'",,,,,,,,"","client backend"
2024-06-16 14:32:31.427 CST,"raingage","benchmark",15270,"127.0.0.1:45212",666e86a6.3ba6,486,"SELECT",2024-06-16 14:31:02 CST,6/36,90748,LOG,00000,"execute S_1: SELECT c_discount, c_last, c_credit, w_tax     FROM bmsql_customer     JOIN bmsql_warehouse ON (w_id = c_w_id)     WHERE c_w_id = $1 AND c_d_id = $2 AND c_id = $3 FOR UPDATE","parameters: $1 = '1', $2 = '2', $3 = '24'",,,,,,,,"","client backend"
2024-06-16 14:32:31.489 CST,"raingage","benchmark",15270,"127.0.0.1:45212",666e86a6.3ba6,487,"SELECT",2024-06-16 14:31:02 CST,6/36,90748,LOG,00000,"execute S_1: SELECT c_discount, c_last, c_credit, w_tax     FROM bmsql_customer     JOIN bmsql_warehouse ON (w_id = c_w_id)     WHERE c_w_id = $1 AND c_d_id = $2 AND c_id = $3 FOR UPDATE","parameters: $1 = '1', $2 = '2', $3 = '24'",,,,,,,,"","client backend"
2024-06-16 14:32:31.556 CST,"raingage","benchmark",15270,"127.0.0.1:45212",666e86a6.3ba6,488,"SELECT",2024-06-16 14:31:02 CST,6/36,90748,LOG,00000,"execute S_1: SELECT c_discount, c_last, c_credit, w_tax     FROM bmsql_customer     JOIN bmsql_warehouse ON (w_id = c_w_id)     WHERE c_w_id = $1 AND c_d_id = $2 AND c_id = $3 FOR UPDATE","parameters: $1 = '1', $2 = '2', $3 = '24'",,,,,,,,"","client backend"
2024-06-16 14:32:31.575 CST,"raingage","benchmark",15270,"127.0.0.1:45212",666e86a6.3ba6,489,"SELECT",2024-06-16 14:31:02 CST,6/36,90748,LOG,00000,"execute S_5: SELECT i_price, i_name, i_data     FROM bmsql_item     WHERE i_id = $1","parameters: $1 = '39'",,,,,,,,"","client backend"
2024-06-16 14:32:31.592 CST,"raingage","benchmark",15270,"127.0.0.1:45212",666e86a6.3ba6,490,"SELECT",2024-06-16 14:31:02 CST,6/36,90748,LOG,00000,"execute S_6: SELECT s_quantity, s_data,        s_dist_01, s_dist_02, s_dist_03, s_dist_04,        s_dist_05, s_dist_06, s_dist_07, s_dist_08,        s_dist_09, s_dist_10     FROM bmsql_stock     WHERE s_w_id = $1 AND s_i_id = $2  FOR UPDATE","parameters: $1 = '1', $2 = '39'",,,,,,,,"","client backend"
2024-06-16 14:32:31.613 CST,"raingage","benchmark",15270,"127.0.0.1:45212",666e86a6.3ba6,491,"UPDATE",2024-06-16 14:31:02 CST,6/36,90748,LOG,00000,"execute S_7: UPDATE bmsql_stock     SET s_quantity = $1, s_ytd = s_ytd + $2,         s_order_cnt = s_order_cnt + 1,         s_remote_cnt = s_remote_cnt + $3     WHERE s_w_id = $4 AND s_i_id = $5","parameters: $1 = '72', $2 = '2', $3 = '0', $4 = '1', $5 = '39'",,,,,,,,"","client backend"
2024-06-16 14:32:31.625 CST,"raingage","benchmark",15270,"127.0.0.1:45212",666e86a6.3ba6,492,"COMMIT",2024-06-16 14:31:02 CST,6/36,90748,LOG,00000,"execute S_2: COMMIT",,,,,,,,,"","client backend"
2024-06-16 14:32:31.636 CST,"raingage","benchmark",15270,"127.0.0.1:45212",666e86a6.3ba6,493,"BEGIN",2024-06-16 14:31:02 CST,6/37,0,LOG,00000,"execute S_3: BEGIN",,,,,,,,,"","client backend"
2024-06-16 14:32:31.655 CST,"raingage","benchmark",15270,"127.0.0.1:45212",666e86a6.3ba6,494,"SELECT",2024-06-16 14:31:02 CST,6/37,0,LOG,00000,"execute S_4: SELECT d_tax, d_next_o_id     FROM bmsql_district     WHERE d_w_id = $1 AND d_id = $2 ","parameters: $1 = '1', $2 = '2'",,,,,,,,"","client backend"
2024-06-16 14:32:31.690 CST,"raingage","benchmark",15271,"127.0.0.1:45214",666e86a7.3ba7,664,"SELECT",2024-06-16 14:31:03 CST,7/49,90749,LOG,00000,"execute S_1: SELECT c_discount, c_last, c_credit, w_tax     FROM bmsql_customer     JOIN bmsql_warehouse ON (w_id = c_w_id)     WHERE c_w_id = $1 AND c_d_id = $2 AND c_id = $3 FOR UPDATE","parameters: $1 = '1', $2 = '2', $3 = '24'",,,,,,,,"","client backend"
2024-06-16 14:32:31.718 CST,"raingage","benchmark",15270,"127.0.0.1:45212",666e86a6.3ba6,495,"SELECT",2024-06-16 14:31:02 CST,6/37,0,LOG,00000,"execute S_1: SELECT c_discount, c_last, c_credit, w_tax     FROM bmsql_customer     JOIN bmsql_warehouse ON (w_id = c_w_id)     WHERE c_w_id = $1 AND c_d_id = $2 AND c_id = $3 FOR UPDATE","parameters: $1 = '1', $2 = '2', $3 = '55'",,,,,,,,"","client backend"
2024-06-16 14:32:31.753 CST,"raingage","benchmark",15271,"127.0.0.1:45214",666e86a7.3ba7,665,"SELECT",2024-06-16 14:31:03 CST,7/49,90749,LOG,00000,"execute S_1: SELECT c_discount, c_last, c_credit, w_tax     FROM bmsql_customer     JOIN bmsql_warehouse ON (w_id = c_w_id)     WHERE c_w_id = $1 AND c_d_id = $2 AND c_id = $3 FOR UPDATE","parameters: $1 = '1', $2 = '2', $3 = '24'",,,,,,,,"","client backend"
2024-06-16 14:32:31.818 CST,"raingage","benchmark",15271,"127.0.0.1:45214",666e86a7.3ba7,666,"SELECT",2024-06-16 14:31:03 CST,7/49,90749,LOG,00000,"execute S_1: SELECT c_discount, c_last, c_credit, w_tax     FROM bmsql_customer     JOIN bmsql_warehouse ON (w_id = c_w_id)     WHERE c_w_id = $1 AND c_d_id = $2 AND c_id = $3 FOR UPDATE","parameters: $1 = '1', $2 = '2', $3 = '24'",,,,,,,,"","client backend"
2024-06-16 14:32:31.888 CST,"raingage","benchmark",15271,"127.0.0.1:45214",666e86a7.3ba7,667,"SELECT",2024-06-16 14:31:03 CST,7/49,90749,LOG,00000,"execute S_1: SELECT c_discount, c_last, c_credit, w_tax     FROM bmsql_customer     JOIN bmsql_warehouse ON (w_id = c_w_id)     WHERE c_w_id = $1 AND c_d_id = $2 AND c_id = $3 FOR UPDATE","parameters: $1 = '1', $2 = '2', $3 = '24'",,,,,,,,"","client backend"
2024-06-16 14:32:31.957 CST,"raingage","benchmark",15271,"127.0.0.1:45214",666e86a7.3ba7,668,"SELECT",2024-06-16 14:31:03 CST,7/49,90749,LOG,00000,"execute S_1: SELECT c_discount, c_last, c_credit, w_tax     FROM bmsql_customer     JOIN bmsql_warehouse ON (w_id = c_w_id)     WHERE c_w_id = $1 AND c_d_id = $2 AND c_id = $3 FOR UPDATE","parameters: $1 = '1', $2 = '2', $3 = '24'",,,,,,,,"","client backend"
2024-06-16 14:32:32.030 CST,"raingage","benchmark",15271,"127.0.0.1:45214",666e86a7.3ba7,669,"SELECT",2024-06-16 14:31:03 CST,7/49,90749,LOG,00000,"execute S_1: SELECT c_discount, c_last, c_credit, w_tax     FROM bmsql_customer     JOIN bmsql_warehouse ON (w_id = c_w_id)     WHERE c_w_id = $1 AND c_d_id = $2 AND c_id = $3 FOR UPDATE","parameters: $1 = '1', $2 = '2', $3 = '24'",,,,,,,,"","client backend"
2024-06-16 14:32:32.101 CST,"raingage","benchmark",15271,"127.0.0.1:45214",666e86a7.3ba7,670,"SELECT",2024-06-16 14:31:03 CST,7/49,90749,LOG,00000,"execute S_1: SELECT c_discount, c_last, c_credit, w_tax     FROM bmsql_customer     JOIN bmsql_warehouse ON (w_id = c_w_id)     WHERE c_w_id = $1 AND c_d_id = $2 AND c_id = $3 FOR UPDATE","parameters: $1 = '1', $2 = '2', $3 = '24'",,,,,,,,"","client backend"
2024-06-16 14:32:32.119 CST,"raingage","benchmark",15271,"127.0.0.1:45214",666e86a7.3ba7,671,"SELECT",2024-06-16 14:31:03 CST,7/49,90749,LOG,00000,"execute S_5: SELECT i_price, i_name, i_data     FROM bmsql_item     WHERE i_id = $1","parameters: $1 = '39'",,,,,,,,"","client backend"
2024-06-16 14:32:32.136 CST,"raingage","benchmark",15271,"127.0.0.1:45214",666e86a7.3ba7,672,"SELECT",2024-06-16 14:31:03 CST,7/49,90749,LOG,00000,"execute S_6: SELECT s_quantity, s_data,        s_dist_01, s_dist_02, s_dist_03, s_dist_04,        s_dist_05, s_dist_06, s_dist_07, s_dist_08,        s_dist_09, s_dist_10     FROM bmsql_stock     WHERE s_w_id = $1 AND s_i_id = $2  FOR UPDATE","parameters: $1 = '1', $2 = '39'",,,,,,,,"","client backend"
2024-06-16 14:32:32.154 CST,"raingage","benchmark",15271,"127.0.0.1:45214",666e86a7.3ba7,673,"UPDATE",2024-06-16 14:31:03 CST,7/49,90749,LOG,00000,"execute S_7: UPDATE bmsql_stock     SET s_quantity = $1, s_ytd = s_ytd + $2,         s_order_cnt = s_order_cnt + 1,         s_remote_cnt = s_remote_cnt + $3     WHERE s_w_id = $4 AND s_i_id = $5","parameters: $1 = '69', $2 = '3', $3 = '0', $4 = '1', $5 = '39'",,,,,,,,"","client backend"
2024-06-16 14:32:32.174 CST,"raingage","benchmark",15271,"127.0.0.1:45214",666e86a7.3ba7,674,"COMMIT",2024-06-16 14:31:03 CST,7/49,90749,LOG,00000,"execute S_2: COMMIT",,,,,,,,,"","client backend"
2024-06-16 14:32:32.187 CST,"raingage","benchmark",15271,"127.0.0.1:45214",666e86a7.3ba7,675,"BEGIN",2024-06-16 14:31:03 CST,7/50,0,LOG,00000,"execute S_3: BEGIN",,,,,,,,,"","client backend"
2024-06-16 14:32:32.200 CST,"raingage","benchmark",15271,"127.0.0.1:45214",666e86a7.3ba7,676,"SELECT",2024-06-16 14:31:03 CST,7/50,0,LOG,00000,"execute S_4: SELECT d_tax, d_next_o_id     FROM bmsql_district     WHERE d_w_id = $1 AND d_id = $2 ","parameters: $1 = '1', $2 = '1'",,,,,,,,"","client backend"
2024-06-16 14:32:32.247 CST,"raingage","benchmark",15270,"127.0.0.1:45212",666e86a6.3ba6,496,"SELECT",2024-06-16 14:31:02 CST,6/37,90750,LOG,00000,"execute S_1: SELECT c_discount, c_last, c_credit, w_tax     FROM bmsql_customer     JOIN bmsql_warehouse ON (w_id = c_w_id)     WHERE c_w_id = $1 AND c_d_id = $2 AND c_id = $3 FOR UPDATE","parameters: $1 = '1', $2 = '2', $3 = '55'",,,,,,,,"","client backend"
2024-06-16 14:32:32.270 CST,"raingage","benchmark",15271,"127.0.0.1:45214",666e86a7.3ba7,677,"SELECT",2024-06-16 14:31:03 CST,7/50,0,LOG,00000,"execute S_1: SELECT c_discount, c_last, c_credit, w_tax     FROM bmsql_customer     JOIN bmsql_warehouse ON (w_id = c_w_id)     WHERE c_w_id = $1 AND c_d_id = $2 AND c_id = $3 FOR UPDATE","parameters: $1 = '1', $2 = '1', $3 = '24'",,,,,,,,"","client backend"
2024-06-16 14:32:32.309 CST,"raingage","benchmark",15270,"127.0.0.1:45212",666e86a6.3ba6,497,"SELECT",2024-06-16 14:31:02 CST,6/37,90750,LOG,00000,"execute S_1: SELECT c_discount, c_last, c_credit, w_tax     FROM bmsql_customer     JOIN bmsql_warehouse ON (w_id = c_w_id)     WHERE c_w_id = $1 AND c_d_id = $2 AND c_id = $3 FOR UPDATE","parameters: $1 = '1', $2 = '2', $3 = '55'",,,,,,,,"","client backend"
2024-06-16 14:32:32.372 CST,"raingage","benchmark",15270,"127.0.0.1:45212",666e86a6.3ba6,498,"SELECT",2024-06-16 14:31:02 CST,6/37,90750,LOG,00000,"execute S_1: SELECT c_discount, c_last, c_credit, w_tax     FROM bmsql_customer     JOIN bmsql_warehouse ON (w_id = c_w_id)     WHERE c_w_id = $1 AND c_d_id = $2 AND c_id = $3 FOR UPDATE","parameters: $1 = '1', $2 = '2', $3 = '55'",,,,,,,,"","client backend"
2024-06-16 14:32:32.436 CST,"raingage","benchmark",15270,"127.0.0.1:45212",666e86a6.3ba6,499,"SELECT",2024-06-16 14:31:02 CST,6/37,90750,LOG,00000,"execute S_1: SELECT c_discount, c_last, c_credit, w_tax     FROM bmsql_customer     JOIN bmsql_warehouse ON (w_id = c_w_id)     WHERE c_w_id = $1 AND c_d_id = $2 AND c_id = $3 FOR UPDATE","parameters: $1 = '1', $2 = '2', $3 = '55'",,,,,,,,"","client backend"
2024-06-16 14:32:32.505 CST,"raingage","benchmark",15270,"127.0.0.1:45212",666e86a6.3ba6,500,"SELECT",2024-06-16 14:31:02 CST,6/37,90750,LOG,00000,"execute S_1: SELECT c_discount, c_last, c_credit, w_tax     FROM bmsql_customer     JOIN bmsql_warehouse ON (w_id = c_w_id)     WHERE c_w_id = $1 AND c_d_id = $2 AND c_id = $3 FOR UPDATE","parameters: $1 = '1', $2 = '2', $3 = '55'",,,,,,,,"","client backend"
2024-06-16 14:32:32.570 CST,"raingage","benchmark",15270,"127.0.0.1:45212",666e86a6.3ba6,501,"SELECT",2024-06-16 14:31:02 CST,6/37,90750,LOG,00000,"execute S_1: SELECT c_discount, c_last, c_credit, w_tax     FROM bmsql_customer     JOIN bmsql_warehouse ON (w_id = c_w_id)     WHERE c_w_id = $1 AND c_d_id = $2 AND c_id = $3 FOR UPDATE","parameters: $1 = '1', $2 = '2', $3 = '55'",,,,,,,,"","client backend"
2024-06-16 14:32:32.641 CST,"raingage","benchmark",15270,"127.0.0.1:45212",666e86a6.3ba6,502,"SELECT",2024-06-16 14:31:02 CST,6/37,90750,LOG,00000,"execute S_1: SELECT c_discount, c_last, c_credit, w_tax     FROM bmsql_customer     JOIN bmsql_warehouse ON (w_id = c_w_id)     WHERE c_w_id = $1 AND c_d_id = $2 AND c_id = $3 FOR UPDATE","parameters: $1 = '1', $2 = '2', $3 = '55'",,,,,,,,"","client backend"
2024-06-16 14:32:32.661 CST,"raingage","benchmark",15270,"127.0.0.1:45212",666e86a6.3ba6,503,"SELECT",2024-06-16 14:31:02 CST,6/37,90750,LOG,00000,"execute S_5: SELECT i_price, i_name, i_data     FROM bmsql_item     WHERE i_id = $1","parameters: $1 = '104'",,,,,,,,"","client backend"
2024-06-16 14:32:32.679 CST,"raingage","benchmark",15270,"127.0.0.1:45212",666e86a6.3ba6,504,"SELECT",2024-06-16 14:31:02 CST,6/37,90750,LOG,00000,"execute S_6: SELECT s_quantity, s_data,        s_dist_01, s_dist_02, s_dist_03, s_dist_04,        s_dist_05, s_dist_06, s_dist_07, s_dist_08,        s_dist_09, s_dist_10     FROM bmsql_stock     WHERE s_w_id = $1 AND s_i_id = $2  FOR UPDATE","parameters: $1 = '1', $2 = '104'",,,,,,,,"","client backend"
2024-06-16 14:32:32.700 CST,"raingage","benchmark",15270,"127.0.0.1:45212",666e86a6.3ba6,505,"UPDATE",2024-06-16 14:31:02 CST,6/37,90750,LOG,00000,"execute S_7: UPDATE bmsql_stock     SET s_quantity = $1, s_ytd = s_ytd + $2,         s_order_cnt = s_order_cnt + 1,         s_remote_cnt = s_remote_cnt + $3     WHERE s_w_id = $4 AND s_i_id = $5","parameters: $1 = '76', $2 = '4', $3 = '0', $4 = '1', $5 = '104'",,,,,,,,"","client backend"
2024-06-16 14:32:32.718 CST,"raingage","benchmark",15270,"127.0.0.1:45212",666e86a6.3ba6,506,"COMMIT",2024-06-16 14:31:02 CST,6/37,90750,LOG,00000,"execute S_2: COMMIT",,,,,,,,,"","client backend"
2024-06-16 14:32:32.734 CST,"raingage","benchmark",15270,"127.0.0.1:45212",666e86a6.3ba6,507,"BEGIN",2024-06-16 14:31:02 CST,6/38,0,LOG,00000,"execute S_3: BEGIN",,,,,,,,,"","client backend"
2024-06-16 14:32:32.744 CST,"raingage","benchmark",15270,"127.0.0.1:45212",666e86a6.3ba6,508,"SELECT",2024-06-16 14:31:02 CST,6/38,0,LOG,00000,"execute S_4: SELECT d_tax, d_next_o_id     FROM bmsql_district     WHERE d_w_id = $1 AND d_id = $2 ","parameters: $1 = '1', $2 = '4'",,,,,,,,"","client backend"
2024-06-16 14:32:32.790 CST,"raingage","benchmark",15271,"127.0.0.1:45214",666e86a7.3ba7,678,"SELECT",2024-06-16 14:31:03 CST,7/50,90751,LOG,00000,"execute S_1: SELECT c_discount, c_last, c_credit, w_tax     FROM bmsql_customer     JOIN bmsql_warehouse ON (w_id = c_w_id)     WHERE c_w_id = $1 AND c_d_id = $2 AND c_id = $3 FOR UPDATE","parameters: $1 = '1', $2 = '1', $3 = '24'",,,,,,,,"","client backend"
2024-06-16 14:32:32.809 CST,"raingage","benchmark",15270,"127.0.0.1:45212",666e86a6.3ba6,509,"SELECT",2024-06-16 14:31:02 CST,6/38,0,LOG,00000,"execute S_1: SELECT c_discount, c_last, c_credit, w_tax     FROM bmsql_customer     JOIN bmsql_warehouse ON (w_id = c_w_id)     WHERE c_w_id = $1 AND c_d_id = $2 AND c_id = $3 FOR UPDATE","parameters: $1 = '1', $2 = '4', $3 = '82'",,,,,,,,"","client backend"
2024-06-16 14:32:32.858 CST,"raingage","benchmark",15271,"127.0.0.1:45214",666e86a7.3ba7,679,"SELECT",2024-06-16 14:31:03 CST,7/50,90751,LOG,00000,"execute S_1: SELECT c_discount, c_last, c_credit, w_tax     FROM bmsql_customer     JOIN bmsql_warehouse ON (w_id = c_w_id)     WHERE c_w_id = $1 AND c_d_id = $2 AND c_id = $3 FOR UPDATE","parameters: $1 = '1', $2 = '1', $3 = '24'",,,,,,,,"","client backend"
2024-06-16 14:32:32.927 CST,"raingage","benchmark",15271,"127.0.0.1:45214",666e86a7.3ba7,680,"SELECT",2024-06-16 14:31:03 CST,7/50,90751,LOG,00000,"execute S_1: SELECT c_discount, c_last, c_credit, w_tax     FROM bmsql_customer     JOIN bmsql_warehouse ON (w_id = c_w_id)     WHERE c_w_id = $1 AND c_d_id = $2 AND c_id = $3 FOR UPDATE","parameters: $1 = '1', $2 = '1', $3 = '24'",,,,,,,,"","client backend"
2024-06-16 14:32:32.997 CST,"raingage","benchmark",15271,"127.0.0.1:45214",666e86a7.3ba7,681,"SELECT",2024-06-16 14:31:03 CST,7/50,90751,LOG,00000,"execute S_1: SELECT c_discount, c_last, c_credit, w_tax     FROM bmsql_customer     JOIN bmsql_warehouse ON (w_id = c_w_id)     WHERE c_w_id = $1 AND c_d_id = $2 AND c_id = $3 FOR UPDATE","parameters: $1 = '1', $2 = '1', $3 = '24'",,,,,,,,"","client backend"
2024-06-16 14:32:33.062 CST,"raingage","benchmark",15271,"127.0.0.1:45214",666e86a7.3ba7,682,"SELECT",2024-06-16 14:31:03 CST,7/50,90751,LOG,00000,"execute S_1: SELECT c_discount, c_last, c_credit, w_tax     FROM bmsql_customer     JOIN bmsql_warehouse ON (w_id = c_w_id)     WHERE c_w_id = $1 AND c_d_id = $2 AND c_id = $3 FOR UPDATE","parameters: $1 = '1', $2 = '1', $3 = '24'",,,,,,,,"","client backend"
2024-06-16 14:32:33.132 CST,"raingage","benchmark",15271,"127.0.0.1:45214",666e86a7.3ba7,683,"SELECT",2024-06-16 14:31:03 CST,7/50,90751,LOG,00000,"execute S_1: SELECT c_discount, c_last, c_credit, w_tax     FROM bmsql_customer     JOIN bmsql_warehouse ON (w_id = c_w_id)     WHERE c_w_id = $1 AND c_d_id = $2 AND c_id = $3 FOR UPDATE","parameters: $1 = '1', $2 = '1', $3 = '24'",,,,,,,,"","client backend"
2024-06-16 14:32:33.201 CST,"raingage","benchmark",15271,"127.0.0.1:45214",666e86a7.3ba7,684,"SELECT",2024-06-16 14:31:03 CST,7/50,90751,LOG,00000,"execute S_1: SELECT c_discount, c_last, c_credit, w_tax     FROM bmsql_customer     JOIN bmsql_warehouse ON (w_id = c_w_id)     WHERE c_w_id = $1 AND c_d_id = $2 AND c_id = $3 FOR UPDATE","parameters: $1 = '1', $2 = '1', $3 = '24'",,,,,,,,"","client backend"
2024-06-16 14:32:33.216 CST,"raingage","benchmark",15271,"127.0.0.1:45214",666e86a7.3ba7,685,"SELECT",2024-06-16 14:31:03 CST,7/50,90751,LOG,00000,"execute S_5: SELECT i_price, i_name, i_data     FROM bmsql_item     WHERE i_id = $1","parameters: $1 = '13'",,,,,,,,"","client backend"
2024-06-16 14:32:33.237 CST,"raingage","benchmark",15271,"127.0.0.1:45214",666e86a7.3ba7,686,"SELECT",2024-06-16 14:31:03 CST,7/50,90751,LOG,00000,"execute S_6: SELECT s_quantity, s_data,        s_dist_01, s_dist_02, s_dist_03, s_dist_04,        s_dist_05, s_dist_06, s_dist_07, s_dist_08,        s_dist_09, s_dist_10     FROM bmsql_stock     WHERE s_w_id = $1 AND s_i_id = $2  FOR UPDATE","parameters: $1 = '1', $2 = '13'",,,,,,,,"","client backend"
2024-06-16 14:32:33.254 CST,"raingage","benchmark",15271,"127.0.0.1:45214",666e86a7.3ba7,687,"UPDATE",2024-06-16 14:31:03 CST,7/50,90751,LOG,00000,"execute S_7: UPDATE bmsql_stock     SET s_quantity = $1, s_ytd = s_ytd + $2,         s_order_cnt = s_order_cnt + 1,         s_remote_cnt = s_remote_cnt + $3     WHERE s_w_id = $4 AND s_i_id = $5","parameters: $1 = '90', $2 = '4', $3 = '0', $4 = '1', $5 = '13'",,,,,,,,"","client backend"
2024-06-16 14:32:33.271 CST,"raingage","benchmark",15271,"127.0.0.1:45214",666e86a7.3ba7,688,"COMMIT",2024-06-16 14:31:03 CST,7/50,90751,LOG,00000,"execute S_2: COMMIT",,,,,,,,,"","client backend"
2024-06-16 14:32:33.291 CST,"raingage","benchmark",15271,"127.0.0.1:45214",666e86a7.3ba7,689,"BEGIN",2024-06-16 14:31:03 CST,7/51,0,LOG,00000,"execute S_3: BEGIN",,,,,,,,,"","client backend"
2024-06-16 14:32:33.304 CST,"raingage","benchmark",15271,"127.0.0.1:45214",666e86a7.3ba7,690,"SELECT",2024-06-16 14:31:03 CST,7/51,0,LOG,00000,"execute S_4: SELECT d_tax, d_next_o_id     FROM bmsql_district     WHERE d_w_id = $1 AND d_id = $2 ","parameters: $1 = '1', $2 = '4'",,,,,,,,"","client backend"
2024-06-16 14:32:33.338 CST,"raingage","benchmark",15270,"127.0.0.1:45212",666e86a6.3ba6,510,"SELECT",2024-06-16 14:31:02 CST,6/38,90752,LOG,00000,"execute S_1: SELECT c_discount, c_last, c_credit, w_tax     FROM bmsql_customer     JOIN bmsql_warehouse ON (w_id = c_w_id)     WHERE c_w_id = $1 AND c_d_id = $2 AND c_id = $3 FOR UPDATE","parameters: $1 = '1', $2 = '4', $3 = '82'",,,,,,,,"","client backend"
2024-06-16 14:32:33.371 CST,"raingage","benchmark",15271,"127.0.0.1:45214",666e86a7.3ba7,691,"SELECT",2024-06-16 14:31:03 CST,7/51,0,LOG,00000,"execute S_1: SELECT c_discount, c_last, c_credit, w_tax     FROM bmsql_customer     JOIN bmsql_warehouse ON (w_id = c_w_id)     WHERE c_w_id = $1 AND c_d_id = $2 AND c_id = $3 FOR UPDATE","parameters: $1 = '1', $2 = '4', $3 = '51'",,,,,,,,"","client backend"
2024-06-16 14:32:33.400 CST,"raingage","benchmark",15270,"127.0.0.1:45212",666e86a6.3ba6,511,"SELECT",2024-06-16 14:31:02 CST,6/38,90752,LOG,00000,"execute S_1: SELECT c_discount, c_last, c_credit, w_tax     FROM bmsql_customer     JOIN bmsql_warehouse ON (w_id = c_w_id)     WHERE c_w_id = $1 AND c_d_id = $2 AND c_id = $3 FOR UPDATE","parameters: $1 = '1', $2 = '4', $3 = '82'",,,,,,,,"","client backend"
2024-06-16 14:32:33.465 CST,"raingage","benchmark",15270,"127.0.0.1:45212",666e86a6.3ba6,512,"SELECT",2024-06-16 14:31:02 CST,6/38,90752,LOG,00000,"execute S_1: SELECT c_discount, c_last, c_credit, w_tax     FROM bmsql_customer     JOIN bmsql_warehouse ON (w_id = c_w_id)     WHERE c_w_id = $1 AND c_d_id = $2 AND c_id = $3 FOR UPDATE","parameters: $1 = '1', $2 = '4', $3 = '82'",,,,,,,,"","client backend"
2024-06-16 14:32:33.532 CST,"raingage","benchmark",15270,"127.0.0.1:45212",666e86a6.3ba6,513,"SELECT",2024-06-16 14:31:02 CST,6/38,90752,LOG,00000,"execute S_1: SELECT c_discount, c_last, c_credit, w_tax     FROM bmsql_customer     JOIN bmsql_warehouse ON (w_id = c_w_id)     WHERE c_w_id = $1 AND c_d_id = $2 AND c_id = $3 FOR UPDATE","parameters: $1 = '1', $2 = '4', $3 = '82'",,,,,,,,"","client backend"
2024-06-16 14:32:33.597 CST,"raingage","benchmark",15270,"127.0.0.1:45212",666e86a6.3ba6,514,"SELECT",2024-06-16 14:31:02 CST,6/38,90752,LOG,00000,"execute S_1: SELECT c_discount, c_last, c_credit, w_tax     FROM bmsql_customer     JOIN bmsql_warehouse ON (w_id = c_w_id)     WHERE c_w_id = $1 AND c_d_id = $2 AND c_id = $3 FOR UPDATE","parameters: $1 = '1', $2 = '4', $3 = '82'",,,,,,,,"","client backend"
2024-06-16 14:32:33.663 CST,"raingage","benchmark",15270,"127.0.0.1:45212",666e86a6.3ba6,515,"SELECT",2024-06-16 14:31:02 CST,6/38,90752,LOG,00000,"execute S_1: SELECT c_discount, c_last, c_credit, w_tax     FROM bmsql_customer     JOIN bmsql_warehouse ON (w_id = c_w_id)     WHERE c_w_id = $1 AND c_d_id = $2 AND c_id = $3 FOR UPDATE","parameters: $1 = '1', $2 = '4', $3 = '82'",,,,,,,,"","client backend"
2024-06-16 14:32:33.731 CST,"raingage","benchmark",15270,"127.0.0.1:45212",666e86a6.3ba6,516,"SELECT",2024-06-16 14:31:02 CST,6/38,90752,LOG,00000,"execute S_1: SELECT c_discount, c_last, c_credit, w_tax     FROM bmsql_customer     JOIN bmsql_warehouse ON (w_id = c_w_id)     WHERE c_w_id = $1 AND c_d_id = $2 AND c_id = $3 FOR UPDATE","parameters: $1 = '1', $2 = '4', $3 = '82'",,,,,,,,"","client backend"
2024-06-16 14:32:33.747 CST,"raingage","benchmark",15270,"127.0.0.1:45212",666e86a6.3ba6,517,"SELECT",2024-06-16 14:31:02 CST,6/38,90752,LOG,00000,"execute S_5: SELECT i_price, i_name, i_data     FROM bmsql_item     WHERE i_id = $1","parameters: $1 = '64'",,,,,,,,"","client backend"
2024-06-16 14:32:33.764 CST,"raingage","benchmark",15270,"127.0.0.1:45212",666e86a6.3ba6,518,"SELECT",2024-06-16 14:31:02 CST,6/38,90752,LOG,00000,"execute S_6: SELECT s_quantity, s_data,        s_dist_01, s_dist_02, s_dist_03, s_dist_04,        s_dist_05, s_dist_06, s_dist_07, s_dist_08,        s_dist_09, s_dist_10     FROM bmsql_stock     WHERE s_w_id = $1 AND s_i_id = $2  FOR UPDATE","parameters: $1 = '1', $2 = '64'",,,,,,,,"","client backend"
2024-06-16 14:32:33.780 CST,"raingage","benchmark",15270,"127.0.0.1:45212",666e86a6.3ba6,519,"UPDATE",2024-06-16 14:31:02 CST,6/38,90752,LOG,00000,"execute S_7: UPDATE bmsql_stock     SET s_quantity = $1, s_ytd = s_ytd + $2,         s_order_cnt = s_order_cnt + 1,         s_remote_cnt = s_remote_cnt + $3     WHERE s_w_id = $4 AND s_i_id = $5","parameters: $1 = '35', $2 = '4', $3 = '0', $4 = '1', $5 = '64'",,,,,,,,"","client backend"
2024-06-16 14:32:33.792 CST,"raingage","benchmark",15270,"127.0.0.1:45212",666e86a6.3ba6,520,"COMMIT",2024-06-16 14:31:02 CST,6/38,90752,LOG,00000,"execute S_2: COMMIT",,,,,,,,,"","client backend"
2024-06-16 14:32:33.808 CST,"raingage","benchmark",15270,"127.0.0.1:45212",666e86a6.3ba6,521,"BEGIN",2024-06-16 14:31:02 CST,6/39,0,LOG,00000,"execute S_3: BEGIN",,,,,,,,,"","client backend"
2024-06-16 14:32:33.809 CST,"raingage","benchmark",15270,"127.0.0.1:45212",666e86a6.3ba6,522,"SELECT",2024-06-16 14:31:02 CST,6/39,0,LOG,00000,"execute S_4: SELECT d_tax, d_next_o_id     FROM bmsql_district     WHERE d_w_id = $1 AND d_id = $2 ","parameters: $1 = '1', $2 = '4'",,,,,,,,"","client backend"
2024-06-16 14:32:33.862 CST,"raingage","benchmark",15271,"127.0.0.1:45214",666e86a7.3ba7,692,"SELECT",2024-06-16 14:31:03 CST,7/51,90753,LOG,00000,"execute S_1: SELECT c_discount, c_last, c_credit, w_tax     FROM bmsql_customer     JOIN bmsql_warehouse ON (w_id = c_w_id)     WHERE c_w_id = $1 AND c_d_id = $2 AND c_id = $3 FOR UPDATE","parameters: $1 = '1', $2 = '4', $3 = '51'",,,,,,,,"","client backend"
2024-06-16 14:32:33.872 CST,"raingage","benchmark",15270,"127.0.0.1:45212",666e86a6.3ba6,523,"SELECT",2024-06-16 14:31:02 CST,6/39,0,LOG,00000,"execute S_1: SELECT c_discount, c_last, c_credit, w_tax     FROM bmsql_customer     JOIN bmsql_warehouse ON (w_id = c_w_id)     WHERE c_w_id = $1 AND c_d_id = $2 AND c_id = $3 FOR UPDATE","parameters: $1 = '1', $2 = '4', $3 = '51'",,,,,,,,"","client backend"
2024-06-16 14:32:33.925 CST,"raingage","benchmark",15271,"127.0.0.1:45214",666e86a7.3ba7,693,"SELECT",2024-06-16 14:31:03 CST,7/51,90753,LOG,00000,"execute S_1: SELECT c_discount, c_last, c_credit, w_tax     FROM bmsql_customer     JOIN bmsql_warehouse ON (w_id = c_w_id)     WHERE c_w_id = $1 AND c_d_id = $2 AND c_id = $3 FOR UPDATE","parameters: $1 = '1', $2 = '4', $3 = '51'",,,,,,,,"","client backend"
2024-06-16 14:32:33.990 CST,"raingage","benchmark",15271,"127.0.0.1:45214",666e86a7.3ba7,694,"SELECT",2024-06-16 14:31:03 CST,7/51,90753,LOG,00000,"execute S_1: SELECT c_discount, c_last, c_credit, w_tax     FROM bmsql_customer     JOIN bmsql_warehouse ON (w_id = c_w_id)     WHERE c_w_id = $1 AND c_d_id = $2 AND c_id = $3 FOR UPDATE","parameters: $1 = '1', $2 = '4', $3 = '51'",,,,,,,,"","client backend"
2024-06-16 14:32:34.060 CST,"raingage","benchmark",15271,"127.0.0.1:45214",666e86a7.3ba7,695,"SELECT",2024-06-16 14:31:03 CST,7/51,90753,LOG,00000,"execute S_1: SELECT c_discount, c_last, c_credit, w_tax     FROM bmsql_customer     JOIN bmsql_warehouse ON (w_id = c_w_id)     WHERE c_w_id = $1 AND c_d_id = $2 AND c_id = $3 FOR UPDATE","parameters: $1 = '1', $2 = '4', $3 = '51'",,,,,,,,"","client backend"
2024-06-16 14:32:34.126 CST,"raingage","benchmark",15271,"127.0.0.1:45214",666e86a7.3ba7,696,"SELECT",2024-06-16 14:31:03 CST,7/51,90753,LOG,00000,"execute S_1: SELECT c_discount, c_last, c_credit, w_tax     FROM bmsql_customer     JOIN bmsql_warehouse ON (w_id = c_w_id)     WHERE c_w_id = $1 AND c_d_id = $2 AND c_id = $3 FOR UPDATE","parameters: $1 = '1', $2 = '4', $3 = '51'",,,,,,,,"","client backend"
2024-06-16 14:32:34.194 CST,"raingage","benchmark",15271,"127.0.0.1:45214",666e86a7.3ba7,697,"SELECT",2024-06-16 14:31:03 CST,7/51,90753,LOG,00000,"execute S_1: SELECT c_discount, c_last, c_credit, w_tax     FROM bmsql_customer     JOIN bmsql_warehouse ON (w_id = c_w_id)     WHERE c_w_id = $1 AND c_d_id = $2 AND c_id = $3 FOR UPDATE","parameters: $1 = '1', $2 = '4', $3 = '51'",,,,,,,,"","client backend"
2024-06-16 14:32:34.263 CST,"raingage","benchmark",15271,"127.0.0.1:45214",666e86a7.3ba7,698,"SELECT",2024-06-16 14:31:03 CST,7/51,90753,LOG,00000,"execute S_1: SELECT c_discount, c_last, c_credit, w_tax     FROM bmsql_customer     JOIN bmsql_warehouse ON (w_id = c_w_id)     WHERE c_w_id = $1 AND c_d_id = $2 AND c_id = $3 FOR UPDATE","parameters: $1 = '1', $2 = '4', $3 = '51'",,,,,,,,"","client backend"
2024-06-16 14:32:34.276 CST,"raingage","benchmark",15271,"127.0.0.1:45214",666e86a7.3ba7,699,"SELECT",2024-06-16 14:31:03 CST,7/51,90753,LOG,00000,"execute S_5: SELECT i_price, i_name, i_data     FROM bmsql_item     WHERE i_id = $1","parameters: $1 = '49'",,,,,,,,"","client backend"
2024-06-16 14:32:34.294 CST,"raingage","benchmark",15271,"127.0.0.1:45214",666e86a7.3ba7,700,"SELECT",2024-06-16 14:31:03 CST,7/51,90753,LOG,00000,"execute S_6: SELECT s_quantity, s_data,        s_dist_01, s_dist_02, s_dist_03, s_dist_04,        s_dist_05, s_dist_06, s_dist_07, s_dist_08,        s_dist_09, s_dist_10     FROM bmsql_stock     WHERE s_w_id = $1 AND s_i_id = $2  FOR UPDATE","parameters: $1 = '1', $2 = '49'",,,,,,,,"","client backend"
2024-06-16 14:32:34.311 CST,"raingage","benchmark",15271,"127.0.0.1:45214",666e86a7.3ba7,701,"UPDATE",2024-06-16 14:31:03 CST,7/51,90753,LOG,00000,"execute S_7: UPDATE bmsql_stock     SET s_quantity = $1, s_ytd = s_ytd + $2,         s_order_cnt = s_order_cnt + 1,         s_remote_cnt = s_remote_cnt + $3     WHERE s_w_id = $4 AND s_i_id = $5","parameters: $1 = '89', $2 = '4', $3 = '0', $4 = '1', $5 = '49'",,,,,,,,"","client backend"
2024-06-16 14:32:34.323 CST,"raingage","benchmark",15271,"127.0.0.1:45214",666e86a7.3ba7,702,"COMMIT",2024-06-16 14:31:03 CST,7/51,90753,LOG,00000,"execute S_2: COMMIT",,,,,,,,,"","client backend"
2024-06-16 14:32:34.337 CST,"raingage","benchmark",15271,"127.0.0.1:45214",666e86a7.3ba7,703,"BEGIN",2024-06-16 14:31:03 CST,7/52,0,LOG,00000,"execute S_3: BEGIN",,,,,,,,,"","client backend"
2024-06-16 14:32:34.352 CST,"raingage","benchmark",15271,"127.0.0.1:45214",666e86a7.3ba7,704,"SELECT",2024-06-16 14:31:03 CST,7/52,0,LOG,00000,"execute S_4: SELECT d_tax, d_next_o_id     FROM bmsql_district     WHERE d_w_id = $1 AND d_id = $2 ","parameters: $1 = '1', $2 = '4'",,,,,,,,"","client backend"
2024-06-16 14:32:34.391 CST,"raingage","benchmark",15270,"127.0.0.1:45212",666e86a6.3ba6,524,"SELECT",2024-06-16 14:31:02 CST,6/39,90754,LOG,00000,"execute S_1: SELECT c_discount, c_last, c_credit, w_tax     FROM bmsql_customer     JOIN bmsql_warehouse ON (w_id = c_w_id)     WHERE c_w_id = $1 AND c_d_id = $2 AND c_id = $3 FOR UPDATE","parameters: $1 = '1', $2 = '4', $3 = '51'",,,,,,,,"","client backend"
2024-06-16 14:32:34.415 CST,"raingage","benchmark",15271,"127.0.0.1:45214",666e86a7.3ba7,705,"SELECT",2024-06-16 14:31:03 CST,7/52,0,LOG,00000,"execute S_1: SELECT c_discount, c_last, c_credit, w_tax     FROM bmsql_customer     JOIN bmsql_warehouse ON (w_id = c_w_id)     WHERE c_w_id = $1 AND c_d_id = $2 AND c_id = $3 FOR UPDATE","parameters: $1 = '1', $2 = '4', $3 = '49'",,,,,,,,"","client backend"
2024-06-16 14:32:34.455 CST,"raingage","benchmark",15270,"127.0.0.1:45212",666e86a6.3ba6,525,"SELECT",2024-06-16 14:31:02 CST,6/39,90754,LOG,00000,"execute S_1: SELECT c_discount, c_last, c_credit, w_tax     FROM bmsql_customer     JOIN bmsql_warehouse ON (w_id = c_w_id)     WHERE c_w_id = $1 AND c_d_id = $2 AND c_id = $3 FOR UPDATE","parameters: $1 = '1', $2 = '4', $3 = '51'",,,,,,,,"","client backend"
2024-06-16 14:32:34.520 CST,"raingage","benchmark",15270,"127.0.0.1:45212",666e86a6.3ba6,526,"SELECT",2024-06-16 14:31:02 CST,6/39,90754,LOG,00000,"execute S_1: SELECT c_discount, c_last, c_credit, w_tax     FROM bmsql_customer     JOIN bmsql_warehouse ON (w_id = c_w_id)     WHERE c_w_id = $1 AND c_d_id = $2 AND c_id = $3 FOR UPDATE","parameters: $1 = '1', $2 = '4', $3 = '51'",,,,,,,,"","client backend"
2024-06-16 14:32:34.588 CST,"raingage","benchmark",15270,"127.0.0.1:45212",666e86a6.3ba6,527,"SELECT",2024-06-16 14:31:02 CST,6/39,90754,LOG,00000,"execute S_1: SELECT c_discount, c_last, c_credit, w_tax     FROM bmsql_customer     JOIN bmsql_warehouse ON (w_id = c_w_id)     WHERE c_w_id = $1 AND c_d_id = $2 AND c_id = $3 FOR UPDATE","parameters: $1 = '1', $2 = '4', $3 = '51'",,,,,,,,"","client backend"
2024-06-16 14:32:34.652 CST,"raingage","benchmark",15270,"127.0.0.1:45212",666e86a6.3ba6,528,"SELECT",2024-06-16 14:31:02 CST,6/39,90754,LOG,00000,"execute S_1: SELECT c_discount, c_last, c_credit, w_tax     FROM bmsql_customer     JOIN bmsql_warehouse ON (w_id = c_w_id)     WHERE c_w_id = $1 AND c_d_id = $2 AND c_id = $3 FOR UPDATE","parameters: $1 = '1', $2 = '4', $3 = '51'",,,,,,,,"","client backend"
2024-06-16 14:32:34.691 CST,"raingage","benchmark",15272,"127.0.0.1:45216",666e86a7.3ba8,211,"BEGIN",2024-06-16 14:31:03 CST,8/17,0,LOG,00000,"execute S_3: BEGIN",,,,,,,,,"","client backend"
2024-06-16 14:32:34.703 CST,"raingage","benchmark",15272,"127.0.0.1:45216",666e86a7.3ba8,212,"SELECT",2024-06-16 14:31:03 CST,8/17,0,LOG,00000,"execute S_4: SELECT d_tax, d_next_o_id     FROM bmsql_district     WHERE d_w_id = $1 AND d_id = $2 ","parameters: $1 = '1', $2 = '2'",,,,,,,,"","client backend"
2024-06-16 14:32:34.720 CST,"raingage","benchmark",15270,"127.0.0.1:45212",666e86a6.3ba6,529,"SELECT",2024-06-16 14:31:02 CST,6/39,90754,LOG,00000,"execute S_1: SELECT c_discount, c_last, c_credit, w_tax     FROM bmsql_customer     JOIN bmsql_warehouse ON (w_id = c_w_id)     WHERE c_w_id = $1 AND c_d_id = $2 AND c_id = $3 FOR UPDATE","parameters: $1 = '1', $2 = '4', $3 = '51'",,,,,,,,"","client backend"
2024-06-16 14:32:34.766 CST,"raingage","benchmark",15272,"127.0.0.1:45216",666e86a7.3ba8,213,"SELECT",2024-06-16 14:31:03 CST,8/17,0,LOG,00000,"execute S_1: SELECT c_discount, c_last, c_credit, w_tax     FROM bmsql_customer     JOIN bmsql_warehouse ON (w_id = c_w_id)     WHERE c_w_id = $1 AND c_d_id = $2 AND c_id = $3 FOR UPDATE","parameters: $1 = '1', $2 = '2', $3 = '92'",,,,,,,,"","client backend"
2024-06-16 14:32:34.788 CST,"raingage","benchmark",15270,"127.0.0.1:45212",666e86a6.3ba6,530,"SELECT",2024-06-16 14:31:02 CST,6/39,90754,LOG,00000,"execute S_1: SELECT c_discount, c_last, c_credit, w_tax     FROM bmsql_customer     JOIN bmsql_warehouse ON (w_id = c_w_id)     WHERE c_w_id = $1 AND c_d_id = $2 AND c_id = $3 FOR UPDATE","parameters: $1 = '1', $2 = '4', $3 = '51'",,,,,,,,"","client backend"
2024-06-16 14:32:34.800 CST,"raingage","benchmark",15270,"127.0.0.1:45212",666e86a6.3ba6,531,"SELECT",2024-06-16 14:31:02 CST,6/39,90754,LOG,00000,"execute S_5: SELECT i_price, i_name, i_data     FROM bmsql_item     WHERE i_id = $1","parameters: $1 = '49'",,,,,,,,"","client backend"
2024-06-16 14:32:34.811 CST,"raingage","benchmark",15270,"127.0.0.1:45212",666e86a6.3ba6,532,"SELECT",2024-06-16 14:31:02 CST,6/39,90754,LOG,00000,"execute S_6: SELECT s_quantity, s_data,        s_dist_01, s_dist_02, s_dist_03, s_dist_04,        s_dist_05, s_dist_06, s_dist_07, s_dist_08,        s_dist_09, s_dist_10     FROM bmsql_stock     WHERE s_w_id = $1 AND s_i_id = $2  FOR UPDATE","parameters: $1 = '1', $2 = '49'",,,,,,,,"","client backend"
2024-06-16 14:32:34.831 CST,"raingage","benchmark",15270,"127.0.0.1:45212",666e86a6.3ba6,533,"UPDATE",2024-06-16 14:31:02 CST,6/39,90754,LOG,00000,"execute S_7: UPDATE bmsql_stock     SET s_quantity = $1, s_ytd = s_ytd + $2,         s_order_cnt = s_order_cnt + 1,         s_remote_cnt = s_remote_cnt + $3     WHERE s_w_id = $4 AND s_i_id = $5","parameters: $1 = '85', $2 = '4', $3 = '0', $4 = '1', $5 = '49'",,,,,,,,"","client backend"
2024-06-16 14:32:34.843 CST,"raingage","benchmark",15270,"127.0.0.1:45212",666e86a6.3ba6,534,"COMMIT",2024-06-16 14:31:02 CST,6/39,90754,LOG,00000,"execute S_2: COMMIT",,,,,,,,,"","client backend"
2024-06-16 14:32:34.912 CST,"raingage","benchmark",15271,"127.0.0.1:45214",666e86a7.3ba7,706,"SELECT",2024-06-16 14:31:03 CST,7/52,90755,LOG,00000,"execute S_1: SELECT c_discount, c_last, c_credit, w_tax     FROM bmsql_customer     JOIN bmsql_warehouse ON (w_id = c_w_id)     WHERE c_w_id = $1 AND c_d_id = $2 AND c_id = $3 FOR UPDATE","parameters: $1 = '1', $2 = '4', $3 = '49'",,,,,,,,"","client backend"
2024-06-16 14:32:34.980 CST,"raingage","benchmark",15271,"127.0.0.1:45214",666e86a7.3ba7,707,"SELECT",2024-06-16 14:31:03 CST,7/52,90755,LOG,00000,"execute S_1: SELECT c_discount, c_last, c_credit, w_tax     FROM bmsql_customer     JOIN bmsql_warehouse ON (w_id = c_w_id)     WHERE c_w_id = $1 AND c_d_id = $2 AND c_id = $3 FOR UPDATE","parameters: $1 = '1', $2 = '4', $3 = '49'",,,,,,,,"","client backend"
2024-06-16 14:32:35.049 CST,"raingage","benchmark",15271,"127.0.0.1:45214",666e86a7.3ba7,708,"SELECT",2024-06-16 14:31:03 CST,7/52,90755,LOG,00000,"execute S_1: SELECT c_discount, c_last, c_credit, w_tax     FROM bmsql_customer     JOIN bmsql_warehouse ON (w_id = c_w_id)     WHERE c_w_id = $1 AND c_d_id = $2 AND c_id = $3 FOR UPDATE","parameters: $1 = '1', $2 = '4', $3 = '49'",,,,,,,,"","client backend"
2024-06-16 14:32:35.115 CST,"raingage","benchmark",15271,"127.0.0.1:45214",666e86a7.3ba7,709,"SELECT",2024-06-16 14:31:03 CST,7/52,90755,LOG,00000,"execute S_1: SELECT c_discount, c_last, c_credit, w_tax     FROM bmsql_customer     JOIN bmsql_warehouse ON (w_id = c_w_id)     WHERE c_w_id = $1 AND c_d_id = $2 AND c_id = $3 FOR UPDATE","parameters: $1 = '1', $2 = '4', $3 = '49'",,,,,,,,"","client backend"
2024-06-16 14:32:35.178 CST,"raingage","benchmark",15271,"127.0.0.1:45214",666e86a7.3ba7,710,"SELECT",2024-06-16 14:31:03 CST,7/52,90755,LOG,00000,"execute S_1: SELECT c_discount, c_last, c_credit, w_tax     FROM bmsql_customer     JOIN bmsql_warehouse ON (w_id = c_w_id)     WHERE c_w_id = $1 AND c_d_id = $2 AND c_id = $3 FOR UPDATE","parameters: $1 = '1', $2 = '4', $3 = '49'",,,,,,,,"","client backend"
2024-06-16 14:32:35.245 CST,"raingage","benchmark",15271,"127.0.0.1:45214",666e86a7.3ba7,711,"SELECT",2024-06-16 14:31:03 CST,7/52,90755,LOG,00000,"execute S_1: SELECT c_discount, c_last, c_credit, w_tax     FROM bmsql_customer     JOIN bmsql_warehouse ON (w_id = c_w_id)     WHERE c_w_id = $1 AND c_d_id = $2 AND c_id = $3 FOR UPDATE","parameters: $1 = '1', $2 = '4', $3 = '49'",,,,,,,,"","client backend"
2024-06-16 14:32:35.309 CST,"raingage","benchmark",15271,"127.0.0.1:45214",666e86a7.3ba7,712,"SELECT",2024-06-16 14:31:03 CST,7/52,90755,LOG,00000,"execute S_1: SELECT c_discount, c_last, c_credit, w_tax     FROM bmsql_customer     JOIN bmsql_warehouse ON (w_id = c_w_id)     WHERE c_w_id = $1 AND c_d_id = $2 AND c_id = $3 FOR UPDATE","parameters: $1 = '1', $2 = '4', $3 = '49'",,,,,,,,"","client backend"
2024-06-16 14:32:35.325 CST,"raingage","benchmark",15271,"127.0.0.1:45214",666e86a7.3ba7,713,"SELECT",2024-06-16 14:31:03 CST,7/52,90755,LOG,00000,"execute S_5: SELECT i_price, i_name, i_data     FROM bmsql_item     WHERE i_id = $1","parameters: $1 = '27'",,,,,,,,"","client backend"
2024-06-16 14:32:35.341 CST,"raingage","benchmark",15271,"127.0.0.1:45214",666e86a7.3ba7,714,"SELECT",2024-06-16 14:31:03 CST,7/52,90755,LOG,00000,"execute S_6: SELECT s_quantity, s_data,        s_dist_01, s_dist_02, s_dist_03, s_dist_04,        s_dist_05, s_dist_06, s_dist_07, s_dist_08,        s_dist_09, s_dist_10     FROM bmsql_stock     WHERE s_w_id = $1 AND s_i_id = $2  FOR UPDATE","parameters: $1 = '1', $2 = '27'",,,,,,,,"","client backend"
2024-06-16 14:32:35.360 CST,"raingage","benchmark",15271,"127.0.0.1:45214",666e86a7.3ba7,715,"UPDATE",2024-06-16 14:31:03 CST,7/52,90755,LOG,00000,"execute S_7: UPDATE bmsql_stock     SET s_quantity = $1, s_ytd = s_ytd + $2,         s_order_cnt = s_order_cnt + 1,         s_remote_cnt = s_remote_cnt + $3     WHERE s_w_id = $4 AND s_i_id = $5","parameters: $1 = '56', $2 = '2', $3 = '0', $4 = '1', $5 = '27'",,,,,,,,"","client backend"
2024-06-16 14:32:35.373 CST,"raingage","benchmark",15271,"127.0.0.1:45214",666e86a7.3ba7,716,"COMMIT",2024-06-16 14:31:03 CST,7/52,90755,LOG,00000,"execute S_2: COMMIT",,,,,,,,,"","client backend"
2024-06-16 14:32:35.391 CST,"raingage","benchmark",15271,"127.0.0.1:45214",666e86a7.3ba7,717,"BEGIN",2024-06-16 14:31:03 CST,7/53,0,LOG,00000,"execute S_3: BEGIN",,,,,,,,,"","client backend"
2024-06-16 14:32:35.406 CST,"raingage","benchmark",15271,"127.0.0.1:45214",666e86a7.3ba7,718,"SELECT",2024-06-16 14:31:03 CST,7/53,0,LOG,00000,"execute S_4: SELECT d_tax, d_next_o_id     FROM bmsql_district     WHERE d_w_id = $1 AND d_id = $2 ","parameters: $1 = '1', $2 = '4'",,,,,,,,"","client backend"
2024-06-16 14:32:35.439 CST,"raingage","benchmark",15272,"127.0.0.1:45216",666e86a7.3ba8,214,"SELECT",2024-06-16 14:31:03 CST,8/17,90756,LOG,00000,"execute S_1: SELECT c_discount, c_last, c_credit, w_tax     FROM bmsql_customer     JOIN bmsql_warehouse ON (w_id = c_w_id)     WHERE c_w_id = $1 AND c_d_id = $2 AND c_id = $3 FOR UPDATE","parameters: $1 = '1', $2 = '2', $3 = '92'",,,,,,,,"","client backend"
2024-06-16 14:32:35.475 CST,"raingage","benchmark",15271,"127.0.0.1:45214",666e86a7.3ba7,719,"SELECT",2024-06-16 14:31:03 CST,7/53,0,LOG,00000,"execute S_1: SELECT c_discount, c_last, c_credit, w_tax     FROM bmsql_customer     JOIN bmsql_warehouse ON (w_id = c_w_id)     WHERE c_w_id = $1 AND c_d_id = $2 AND c_id = $3 FOR UPDATE","parameters: $1 = '1', $2 = '4', $3 = '26'",,,,,,,,"","client backend"
2024-06-16 14:32:35.506 CST,"raingage","benchmark",15272,"127.0.0.1:45216",666e86a7.3ba8,215,"SELECT",2024-06-16 14:31:03 CST,8/17,90756,LOG,00000,"execute S_1: SELECT c_discount, c_last, c_credit, w_tax     FROM bmsql_customer     JOIN bmsql_warehouse ON (w_id = c_w_id)     WHERE c_w_id = $1 AND c_d_id = $2 AND c_id = $3 FOR UPDATE","parameters: $1 = '1', $2 = '2', $3 = '92'",,,,,,,,"","client backend"
2024-06-16 14:32:35.573 CST,"raingage","benchmark",15272,"127.0.0.1:45216",666e86a7.3ba8,216,"SELECT",2024-06-16 14:31:03 CST,8/17,90756,LOG,00000,"execute S_1: SELECT c_discount, c_last, c_credit, w_tax     FROM bmsql_customer     JOIN bmsql_warehouse ON (w_id = c_w_id)     WHERE c_w_id = $1 AND c_d_id = $2 AND c_id = $3 FOR UPDATE","parameters: $1 = '1', $2 = '2', $3 = '92'",,,,,,,,"","client backend"
2024-06-16 14:32:35.640 CST,"raingage","benchmark",15272,"127.0.0.1:45216",666e86a7.3ba8,217,"SELECT",2024-06-16 14:31:03 CST,8/17,90756,LOG,00000,"execute S_1: SELECT c_discount, c_last, c_credit, w_tax     FROM bmsql_customer     JOIN bmsql_warehouse ON (w_id = c_w_id)     WHERE c_w_id = $1 AND c_d_id = $2 AND c_id = $3 FOR UPDATE","parameters: $1 = '1', $2 = '2', $3 = '92'",,,,,,,,"","client backend"
2024-06-16 14:32:35.706 CST,"raingage","benchmark",15272,"127.0.0.1:45216",666e86a7.3ba8,218,"SELECT",2024-06-16 14:31:03 CST,8/17,90756,LOG,00000,"execute S_1: SELECT c_discount, c_last, c_credit, w_tax     FROM bmsql_customer     JOIN bmsql_warehouse ON (w_id = c_w_id)     WHERE c_w_id = $1 AND c_d_id = $2 AND c_id = $3 FOR UPDATE","parameters: $1 = '1', $2 = '2', $3 = '92'",,,,,,,,"","client backend"
2024-06-16 14:32:35.768 CST,"raingage","benchmark",15272,"127.0.0.1:45216",666e86a7.3ba8,219,"SELECT",2024-06-16 14:31:03 CST,8/17,90756,LOG,00000,"execute S_1: SELECT c_discount, c_last, c_credit, w_tax     FROM bmsql_customer     JOIN bmsql_warehouse ON (w_id = c_w_id)     WHERE c_w_id = $1 AND c_d_id = $2 AND c_id = $3 FOR UPDATE","parameters: $1 = '1', $2 = '2', $3 = '92'",,,,,,,,"","client backend"
2024-06-16 14:32:35.811 CST,"raingage","benchmark",15269,"127.0.0.1:45210",666e86a6.3ba5,467,"BEGIN",2024-06-16 14:31:02 CST,5/35,0,LOG,00000,"execute S_4: BEGIN",,,,,,,,,"","client backend"
2024-06-16 14:32:35.826 CST,"raingage","benchmark",15269,"127.0.0.1:45210",666e86a6.3ba5,468,"SELECT",2024-06-16 14:31:02 CST,5/35,0,LOG,00000,"execute S_5: SELECT d_tax, d_next_o_id     FROM bmsql_district     WHERE d_w_id = $1 AND d_id = $2 ","parameters: $1 = '1', $2 = '3'",,,,,,,,"","client backend"
2024-06-16 14:32:35.833 CST,"raingage","benchmark",15272,"127.0.0.1:45216",666e86a7.3ba8,220,"SELECT",2024-06-16 14:31:03 CST,8/17,90756,LOG,00000,"execute S_1: SELECT c_discount, c_last, c_credit, w_tax     FROM bmsql_customer     JOIN bmsql_warehouse ON (w_id = c_w_id)     WHERE c_w_id = $1 AND c_d_id = $2 AND c_id = $3 FOR UPDATE","parameters: $1 = '1', $2 = '2', $3 = '92'",,,,,,,,"","client backend"
2024-06-16 14:32:35.848 CST,"raingage","benchmark",15272,"127.0.0.1:45216",666e86a7.3ba8,221,"SELECT",2024-06-16 14:31:03 CST,8/17,90756,LOG,00000,"execute S_5: SELECT i_price, i_name, i_data     FROM bmsql_item     WHERE i_id = $1","parameters: $1 = '89'",,,,,,,,"","client backend"
2024-06-16 14:32:35.861 CST,"raingage","benchmark",15272,"127.0.0.1:45216",666e86a7.3ba8,222,"SELECT",2024-06-16 14:31:03 CST,8/17,90756,LOG,00000,"execute S_6: SELECT s_quantity, s_data,        s_dist_01, s_dist_02, s_dist_03, s_dist_04,        s_dist_05, s_dist_06, s_dist_07, s_dist_08,        s_dist_09, s_dist_10     FROM bmsql_stock     WHERE s_w_id = $1 AND s_i_id = $2  FOR UPDATE","parameters: $1 = '1', $2 = '89'",,,,,,,,"","client backend"
2024-06-16 14:32:35.873 CST,"raingage","benchmark",15272,"127.0.0.1:45216",666e86a7.3ba8,223,"UPDATE",2024-06-16 14:31:03 CST,8/17,90756,LOG,00000,"execute S_7: UPDATE bmsql_stock     SET s_quantity = $1, s_ytd = s_ytd + $2,         s_order_cnt = s_order_cnt + 1,         s_remote_cnt = s_remote_cnt + $3     WHERE s_w_id = $4 AND s_i_id = $5","parameters: $1 = '101', $2 = '2', $3 = '0', $4 = '1', $5 = '89'",,,,,,,,"","client backend"
2024-06-16 14:32:35.890 CST,"raingage","benchmark",15269,"127.0.0.1:45210",666e86a6.3ba5,469,"SELECT",2024-06-16 14:31:02 CST,5/35,0,LOG,00000,"execute S_1: SELECT c_discount, c_last, c_credit, w_tax     FROM bmsql_customer     JOIN bmsql_warehouse ON (w_id = c_w_id)     WHERE c_w_id = $1 AND c_d_id = $2 AND c_id = $3 FOR UPDATE","parameters: $1 = '1', $2 = '3', $3 = '76'",,,,,,,,"","client backend"
2024-06-16 14:32:35.892 CST,"raingage","benchmark",15272,"127.0.0.1:45216",666e86a7.3ba8,224,"COMMIT",2024-06-16 14:31:03 CST,8/17,90756,LOG,00000,"execute S_2: COMMIT",,,,,,,,,"","client backend"
2024-06-16 14:32:35.912 CST,"raingage","benchmark",15272,"127.0.0.1:45216",666e86a7.3ba8,225,"BEGIN",2024-06-16 14:31:03 CST,8/18,0,LOG,00000,"execute S_3: BEGIN",,,,,,,,,"","client backend"
2024-06-16 14:32:35.924 CST,"raingage","benchmark",15272,"127.0.0.1:45216",666e86a7.3ba8,226,"SELECT",2024-06-16 14:31:03 CST,8/18,0,LOG,00000,"execute S_4: SELECT d_tax, d_next_o_id     FROM bmsql_district     WHERE d_w_id = $1 AND d_id = $2 ","parameters: $1 = '1', $2 = '4'",,,,,,,,"","client backend"
2024-06-16 14:32:35.958 CST,"raingage","benchmark",15271,"127.0.0.1:45214",666e86a7.3ba7,720,"SELECT",2024-06-16 14:31:03 CST,7/53,90757,LOG,00000,"execute S_1: SELECT c_discount, c_last, c_credit, w_tax     FROM bmsql_customer     JOIN bmsql_warehouse ON (w_id = c_w_id)     WHERE c_w_id = $1 AND c_d_id = $2 AND c_id = $3 FOR UPDATE","parameters: $1 = '1', $2 = '4', $3 = '26'",,,,,,,,"","client backend"
2024-06-16 14:32:35.996 CST,"raingage","benchmark",15272,"127.0.0.1:45216",666e86a7.3ba8,227,"SELECT",2024-06-16 14:31:03 CST,8/18,0,LOG,00000,"execute S_1: SELECT c_discount, c_last, c_credit, w_tax     FROM bmsql_customer     JOIN bmsql_warehouse ON (w_id = c_w_id)     WHERE c_w_id = $1 AND c_d_id = $2 AND c_id = $3 FOR UPDATE","parameters: $1 = '1', $2 = '4', $3 = '54'",,,,,,,,"","client backend"
2024-06-16 14:32:36.026 CST,"raingage","benchmark",15271,"127.0.0.1:45214",666e86a7.3ba7,721,"SELECT",2024-06-16 14:31:03 CST,7/53,90757,LOG,00000,"execute S_1: SELECT c_discount, c_last, c_credit, w_tax     FROM bmsql_customer     JOIN bmsql_warehouse ON (w_id = c_w_id)     WHERE c_w_id = $1 AND c_d_id = $2 AND c_id = $3 FOR UPDATE","parameters: $1 = '1', $2 = '4', $3 = '26'",,,,,,,,"","client backend"
2024-06-16 14:32:36.090 CST,"raingage","benchmark",15271,"127.0.0.1:45214",666e86a7.3ba7,722,"SELECT",2024-06-16 14:31:03 CST,7/53,90757,LOG,00000,"execute S_1: SELECT c_discount, c_last, c_credit, w_tax     FROM bmsql_customer     JOIN bmsql_warehouse ON (w_id = c_w_id)     WHERE c_w_id = $1 AND c_d_id = $2 AND c_id = $3 FOR UPDATE","parameters: $1 = '1', $2 = '4', $3 = '26'",,,,,,,,"","client backend"
2024-06-16 14:32:36.161 CST,"raingage","benchmark",15271,"127.0.0.1:45214",666e86a7.3ba7,723,"SELECT",2024-06-16 14:31:03 CST,7/53,90757,LOG,00000,"execute S_1: SELECT c_discount, c_last, c_credit, w_tax     FROM bmsql_customer     JOIN bmsql_warehouse ON (w_id = c_w_id)     WHERE c_w_id = $1 AND c_d_id = $2 AND c_id = $3 FOR UPDATE","parameters: $1 = '1', $2 = '4', $3 = '26'",,,,,,,,"","client backend"
2024-06-16 14:32:36.231 CST,"raingage","benchmark",15271,"127.0.0.1:45214",666e86a7.3ba7,724,"SELECT",2024-06-16 14:31:03 CST,7/53,90757,LOG,00000,"execute S_1: SELECT c_discount, c_last, c_credit, w_tax     FROM bmsql_customer     JOIN bmsql_warehouse ON (w_id = c_w_id)     WHERE c_w_id = $1 AND c_d_id = $2 AND c_id = $3 FOR UPDATE","parameters: $1 = '1', $2 = '4', $3 = '26'",,,,,,,,"","client backend"
2024-06-16 14:32:36.298 CST,"raingage","benchmark",15271,"127.0.0.1:45214",666e86a7.3ba7,725,"SELECT",2024-06-16 14:31:03 CST,7/53,90757,LOG,00000,"execute S_1: SELECT c_discount, c_last, c_credit, w_tax     FROM bmsql_customer     JOIN bmsql_warehouse ON (w_id = c_w_id)     WHERE c_w_id = $1 AND c_d_id = $2 AND c_id = $3 FOR UPDATE","parameters: $1 = '1', $2 = '4', $3 = '26'",,,,,,,,"","client backend"
2024-06-16 14:32:36.370 CST,"raingage","benchmark",15271,"127.0.0.1:45214",666e86a7.3ba7,726,"SELECT",2024-06-16 14:31:03 CST,7/53,90757,LOG,00000,"execute S_1: SELECT c_discount, c_last, c_credit, w_tax     FROM bmsql_customer     JOIN bmsql_warehouse ON (w_id = c_w_id)     WHERE c_w_id = $1 AND c_d_id = $2 AND c_id = $3 FOR UPDATE","parameters: $1 = '1', $2 = '4', $3 = '26'",,,,,,,,"","client backend"
2024-06-16 14:32:36.387 CST,"raingage","benchmark",15271,"127.0.0.1:45214",666e86a7.3ba7,727,"SELECT",2024-06-16 14:31:03 CST,7/53,90757,LOG,00000,"execute S_5: SELECT i_price, i_name, i_data     FROM bmsql_item     WHERE i_id = $1","parameters: $1 = '3'",,,,,,,,"","client backend"
2024-06-16 14:32:36.399 CST,"raingage","benchmark",15271,"127.0.0.1:45214",666e86a7.3ba7,728,"SELECT",2024-06-16 14:31:03 CST,7/53,90757,LOG,00000,"execute S_6: SELECT s_quantity, s_data,        s_dist_01, s_dist_02, s_dist_03, s_dist_04,        s_dist_05, s_dist_06, s_dist_07, s_dist_08,        s_dist_09, s_dist_10     FROM bmsql_stock     WHERE s_w_id = $1 AND s_i_id = $2  FOR UPDATE","parameters: $1 = '1', $2 = '3'",,,,,,,,"","client backend"
2024-06-16 14:32:36.417 CST,"raingage","benchmark",15271,"127.0.0.1:45214",666e86a7.3ba7,729,"UPDATE",2024-06-16 14:31:03 CST,7/53,90757,LOG,00000,"execute S_7: UPDATE bmsql_stock     SET s_quantity = $1, s_ytd = s_ytd + $2,         s_order_cnt = s_order_cnt + 1,         s_remote_cnt = s_remote_cnt + $3     WHERE s_w_id = $4 AND s_i_id = $5","parameters: $1 = '42', $2 = '3', $3 = '0', $4 = '1', $5 = '3'",,,,,,,,"","client backend"
2024-06-16 14:32:36.434 CST,"raingage","benchmark",15271,"127.0.0.1:45214",666e86a7.3ba7,730,"COMMIT",2024-06-16 14:31:03 CST,7/53,90757,LOG,00000,"execute S_2: COMMIT",,,,,,,,,"","client backend"
2024-06-16 14:32:36.453 CST,"raingage","benchmark",15271,"127.0.0.1:45214",666e86a7.3ba7,731,"BEGIN",2024-06-16 14:31:03 CST,7/54,0,LOG,00000,"execute S_3: BEGIN",,,,,,,,,"","client backend"
2024-06-16 14:32:36.469 CST,"raingage","benchmark",15271,"127.0.0.1:45214",666e86a7.3ba7,732,"SELECT",2024-06-16 14:31:03 CST,7/54,0,LOG,00000,"execute S_4: SELECT d_tax, d_next_o_id     FROM bmsql_district     WHERE d_w_id = $1 AND d_id = $2 ","parameters: $1 = '1', $2 = '4'",,,,,,,,"","client backend"
2024-06-16 14:32:36.506 CST,"raingage","benchmark",15269,"127.0.0.1:45210",666e86a6.3ba5,470,"SELECT",2024-06-16 14:31:02 CST,5/35,90758,LOG,00000,"execute S_1: SELECT c_discount, c_last, c_credit, w_tax     FROM bmsql_customer     JOIN bmsql_warehouse ON (w_id = c_w_id)     WHERE c_w_id = $1 AND c_d_id = $2 AND c_id = $3 FOR UPDATE","parameters: $1 = '1', $2 = '3', $3 = '76'",,,,,,,,"","client backend"
2024-06-16 14:32:36.537 CST,"raingage","benchmark",15271,"127.0.0.1:45214",666e86a7.3ba7,733,"SELECT",2024-06-16 14:31:03 CST,7/54,0,LOG,00000,"execute S_1: SELECT c_discount, c_last, c_credit, w_tax     FROM bmsql_customer     JOIN bmsql_warehouse ON (w_id = c_w_id)     WHERE c_w_id = $1 AND c_d_id = $2 AND c_id = $3 FOR UPDATE","parameters: $1 = '1', $2 = '4', $3 = '28'",,,,,,,,"","client backend"
2024-06-16 14:32:36.568 CST,"raingage","benchmark",15269,"127.0.0.1:45210",666e86a6.3ba5,471,"SELECT",2024-06-16 14:31:02 CST,5/35,90758,LOG,00000,"execute S_1: SELECT c_discount, c_last, c_credit, w_tax     FROM bmsql_customer     JOIN bmsql_warehouse ON (w_id = c_w_id)     WHERE c_w_id = $1 AND c_d_id = $2 AND c_id = $3 FOR UPDATE","parameters: $1 = '1', $2 = '3', $3 = '76'",,,,,,,,"","client backend"
2024-06-16 14:32:36.630 CST,"raingage","benchmark",15269,"127.0.0.1:45210",666e86a6.3ba5,472,"SELECT",2024-06-16 14:31:02 CST,5/35,90758,LOG,00000,"execute S_1: SELECT c_discount, c_last, c_credit, w_tax     FROM bmsql_customer     JOIN bmsql_warehouse ON (w_id = c_w_id)     WHERE c_w_id = $1 AND c_d_id = $2 AND c_id = $3 FOR UPDATE","parameters: $1 = '1', $2 = '3', $3 = '76'",,,,,,,,"","client backend"
2024-06-16 14:32:36.698 CST,"raingage","benchmark",15269,"127.0.0.1:45210",666e86a6.3ba5,473,"SELECT",2024-06-16 14:31:02 CST,5/35,90758,LOG,00000,"execute S_1: SELECT c_discount, c_last, c_credit, w_tax     FROM bmsql_customer     JOIN bmsql_warehouse ON (w_id = c_w_id)     WHERE c_w_id = $1 AND c_d_id = $2 AND c_id = $3 FOR UPDATE","parameters: $1 = '1', $2 = '3', $3 = '76'",,,,,,,,"","client backend"
2024-06-16 14:32:36.771 CST,"raingage","benchmark",15269,"127.0.0.1:45210",666e86a6.3ba5,474,"SELECT",2024-06-16 14:31:02 CST,5/35,90758,LOG,00000,"execute S_1: SELECT c_discount, c_last, c_credit, w_tax     FROM bmsql_customer     JOIN bmsql_warehouse ON (w_id = c_w_id)     WHERE c_w_id = $1 AND c_d_id = $2 AND c_id = $3 FOR UPDATE","parameters: $1 = '1', $2 = '3', $3 = '76'",,,,,,,,"","client backend"
2024-06-16 14:32:36.838 CST,"raingage","benchmark",15269,"127.0.0.1:45210",666e86a6.3ba5,475,"SELECT",2024-06-16 14:31:02 CST,5/35,90758,LOG,00000,"execute S_1: SELECT c_discount, c_last, c_credit, w_tax     FROM bmsql_customer     JOIN bmsql_warehouse ON (w_id = c_w_id)     WHERE c_w_id = $1 AND c_d_id = $2 AND c_id = $3 FOR UPDATE","parameters: $1 = '1', $2 = '3', $3 = '76'",,,,,,,,"","client backend"
2024-06-16 14:32:36.845 CST,"raingage","benchmark",15268,"127.0.0.1:45208",666e86a6.3ba4,353,"BEGIN",2024-06-16 14:31:02 CST,4/27,0,LOG,00000,"execute S_3: BEGIN",,,,,,,,,"","client backend"
2024-06-16 14:32:36.860 CST,"raingage","benchmark",15268,"127.0.0.1:45208",666e86a6.3ba4,354,"SELECT",2024-06-16 14:31:02 CST,4/27,0,LOG,00000,"execute S_4: SELECT d_tax, d_next_o_id     FROM bmsql_district     WHERE d_w_id = $1 AND d_id = $2 ","parameters: $1 = '1', $2 = '2'",,,,,,,,"","client backend"
2024-06-16 14:32:36.895 CST,"raingage","benchmark",15269,"127.0.0.1:45210",666e86a6.3ba5,476,"SELECT",2024-06-16 14:31:02 CST,5/35,90758,LOG,00000,"execute S_1: SELECT c_discount, c_last, c_credit, w_tax     FROM bmsql_customer     JOIN bmsql_warehouse ON (w_id = c_w_id)     WHERE c_w_id = $1 AND c_d_id = $2 AND c_id = $3 FOR UPDATE","parameters: $1 = '1', $2 = '3', $3 = '76'",,,,,,,,"","client backend"
2024-06-16 14:32:36.911 CST,"raingage","benchmark",15269,"127.0.0.1:45210",666e86a6.3ba5,477,"SELECT",2024-06-16 14:31:02 CST,5/35,90758,LOG,00000,"execute S_6: SELECT i_price, i_name, i_data     FROM bmsql_item     WHERE i_id = $1","parameters: $1 = '12'",,,,,,,,"","client backend"
2024-06-16 14:32:36.925 CST,"raingage","benchmark",15269,"127.0.0.1:45210",666e86a6.3ba5,478,"SELECT",2024-06-16 14:31:02 CST,5/35,90758,LOG,00000,"execute S_7: SELECT s_quantity, s_data,        s_dist_01, s_dist_02, s_dist_03, s_dist_04,        s_dist_05, s_dist_06, s_dist_07, s_dist_08,        s_dist_09, s_dist_10     FROM bmsql_stock     WHERE s_w_id = $1 AND s_i_id = $2  FOR UPDATE","parameters: $1 = '1', $2 = '12'",,,,,,,,"","client backend"
2024-06-16 14:32:36.926 CST,"raingage","benchmark",15268,"127.0.0.1:45208",666e86a6.3ba4,355,"SELECT",2024-06-16 14:31:02 CST,4/27,0,LOG,00000,"execute S_1: SELECT c_discount, c_last, c_credit, w_tax     FROM bmsql_customer     JOIN bmsql_warehouse ON (w_id = c_w_id)     WHERE c_w_id = $1 AND c_d_id = $2 AND c_id = $3 FOR UPDATE","parameters: $1 = '1', $2 = '2', $3 = '4'",,,,,,,,"","client backend"
2024-06-16 14:32:36.941 CST,"raingage","benchmark",15269,"127.0.0.1:45210",666e86a6.3ba5,479,"UPDATE",2024-06-16 14:31:02 CST,5/35,90758,LOG,00000,"execute S_8: UPDATE bmsql_stock     SET s_quantity = $1, s_ytd = s_ytd + $2,         s_order_cnt = s_order_cnt + 1,         s_remote_cnt = s_remote_cnt + $3     WHERE s_w_id = $4 AND s_i_id = $5","parameters: $1 = '15', $2 = '3', $3 = '0', $4 = '1', $5 = '12'",,,,,,,,"","client backend"
2024-06-16 14:32:36.953 CST,"raingage","benchmark",15269,"127.0.0.1:45210",666e86a6.3ba5,480,"COMMIT",2024-06-16 14:31:02 CST,5/35,90758,LOG,00000,"execute S_3: COMMIT",,,,,,,,,"","client backend"
2024-06-16 14:32:36.969 CST,"raingage","benchmark",15269,"127.0.0.1:45210",666e86a6.3ba5,481,"BEGIN",2024-06-16 14:31:02 CST,5/36,0,LOG,00000,"execute S_4: BEGIN",,,,,,,,,"","client backend"
2024-06-16 14:32:36.984 CST,"raingage","benchmark",15269,"127.0.0.1:45210",666e86a6.3ba5,482,"SELECT",2024-06-16 14:31:02 CST,5/36,0,LOG,00000,"execute S_5: SELECT d_tax, d_next_o_id     FROM bmsql_district     WHERE d_w_id = $1 AND d_id = $2 ","parameters: $1 = '1', $2 = '4'",,,,,,,,"","client backend"
2024-06-16 14:32:37.022 CST,"raingage","benchmark",15272,"127.0.0.1:45216",666e86a7.3ba8,228,"SELECT",2024-06-16 14:31:03 CST,8/18,90759,LOG,00000,"execute S_1: SELECT c_discount, c_last, c_credit, w_tax     FROM bmsql_customer     JOIN bmsql_warehouse ON (w_id = c_w_id)     WHERE c_w_id = $1 AND c_d_id = $2 AND c_id = $3 FOR UPDATE","parameters: $1 = '1', $2 = '4', $3 = '54'",,,,,,,,"","client backend"
2024-06-16 14:32:37.051 CST,"raingage","benchmark",15269,"127.0.0.1:45210",666e86a6.3ba5,483,"SELECT",2024-06-16 14:31:02 CST,5/36,0,LOG,00000,"execute S_1: SELECT c_discount, c_last, c_credit, w_tax     FROM bmsql_customer     JOIN bmsql_warehouse ON (w_id = c_w_id)     WHERE c_w_id = $1 AND c_d_id = $2 AND c_id = $3 FOR UPDATE","parameters: $1 = '1', $2 = '4', $3 = '95'",,,,,,,,"","client backend"
2024-06-16 14:32:37.094 CST,"raingage","benchmark",15272,"127.0.0.1:45216",666e86a7.3ba8,229,"SELECT",2024-06-16 14:31:03 CST,8/18,90759,LOG,00000,"execute S_1: SELECT c_discount, c_last, c_credit, w_tax     FROM bmsql_customer     JOIN bmsql_warehouse ON (w_id = c_w_id)     WHERE c_w_id = $1 AND c_d_id = $2 AND c_id = $3 FOR UPDATE","parameters: $1 = '1', $2 = '4', $3 = '54'",,,,,,,,"","client backend"
2024-06-16 14:32:37.159 CST,"raingage","benchmark",15272,"127.0.0.1:45216",666e86a7.3ba8,230,"SELECT",2024-06-16 14:31:03 CST,8/18,90759,LOG,00000,"execute S_1: SELECT c_discount, c_last, c_credit, w_tax     FROM bmsql_customer     JOIN bmsql_warehouse ON (w_id = c_w_id)     WHERE c_w_id = $1 AND c_d_id = $2 AND c_id = $3 FOR UPDATE","parameters: $1 = '1', $2 = '4', $3 = '54'",,,,,,,,"","client backend"
2024-06-16 14:32:37.223 CST,"raingage","benchmark",15272,"127.0.0.1:45216",666e86a7.3ba8,231,"SELECT",2024-06-16 14:31:03 CST,8/18,90759,LOG,00000,"execute S_1: SELECT c_discount, c_last, c_credit, w_tax     FROM bmsql_customer     JOIN bmsql_warehouse ON (w_id = c_w_id)     WHERE c_w_id = $1 AND c_d_id = $2 AND c_id = $3 FOR UPDATE","parameters: $1 = '1', $2 = '4', $3 = '54'",,,,,,,,"","client backend"
2024-06-16 14:32:37.294 CST,"raingage","benchmark",15272,"127.0.0.1:45216",666e86a7.3ba8,232,"SELECT",2024-06-16 14:31:03 CST,8/18,90759,LOG,00000,"execute S_1: SELECT c_discount, c_last, c_credit, w_tax     FROM bmsql_customer     JOIN bmsql_warehouse ON (w_id = c_w_id)     WHERE c_w_id = $1 AND c_d_id = $2 AND c_id = $3 FOR UPDATE","parameters: $1 = '1', $2 = '4', $3 = '54'",,,,,,,,"","client backend"
2024-06-16 14:32:37.359 CST,"raingage","benchmark",15272,"127.0.0.1:45216",666e86a7.3ba8,233,"SELECT",2024-06-16 14:31:03 CST,8/18,90759,LOG,00000,"execute S_1: SELECT c_discount, c_last, c_credit, w_tax     FROM bmsql_customer     JOIN bmsql_warehouse ON (w_id = c_w_id)     WHERE c_w_id = $1 AND c_d_id = $2 AND c_id = $3 FOR UPDATE","parameters: $1 = '1', $2 = '4', $3 = '54'",,,,,,,,"","client backend"
2024-06-16 14:32:37.427 CST,"raingage","benchmark",15272,"127.0.0.1:45216",666e86a7.3ba8,234,"SELECT",2024-06-16 14:31:03 CST,8/18,90759,LOG,00000,"execute S_1: SELECT c_discount, c_last, c_credit, w_tax     FROM bmsql_customer     JOIN bmsql_warehouse ON (w_id = c_w_id)     WHERE c_w_id = $1 AND c_d_id = $2 AND c_id = $3 FOR UPDATE","parameters: $1 = '1', $2 = '4', $3 = '54'",,,,,,,,"","client backend"
2024-06-16 14:32:37.436 CST,"raingage","benchmark",15272,"127.0.0.1:45216",666e86a7.3ba8,235,"SELECT",2024-06-16 14:31:03 CST,8/18,90759,LOG,00000,"execute S_5: SELECT i_price, i_name, i_data     FROM bmsql_item     WHERE i_id = $1","parameters: $1 = '17'",,,,,,,,"","client backend"
2024-06-16 14:32:37.448 CST,"raingage","benchmark",15272,"127.0.0.1:45216",666e86a7.3ba8,236,"SELECT",2024-06-16 14:31:03 CST,8/18,90759,LOG,00000,"execute S_6: SELECT s_quantity, s_data,        s_dist_01, s_dist_02, s_dist_03, s_dist_04,        s_dist_05, s_dist_06, s_dist_07, s_dist_08,        s_dist_09, s_dist_10     FROM bmsql_stock     WHERE s_w_id = $1 AND s_i_id = $2  FOR UPDATE","parameters: $1 = '1', $2 = '17'",,,,,,,,"","client backend"
2024-06-16 14:32:37.470 CST,"raingage","benchmark",15272,"127.0.0.1:45216",666e86a7.3ba8,237,"UPDATE",2024-06-16 14:31:03 CST,8/18,90759,LOG,00000,"execute S_7: UPDATE bmsql_stock     SET s_quantity = $1, s_ytd = s_ytd + $2,         s_order_cnt = s_order_cnt + 1,         s_remote_cnt = s_remote_cnt + $3     WHERE s_w_id = $4 AND s_i_id = $5","parameters: $1 = '103', $2 = '3', $3 = '0', $4 = '1', $5 = '17'",,,,,,,,"","client backend"
2024-06-16 14:32:37.488 CST,"raingage","benchmark",15272,"127.0.0.1:45216",666e86a7.3ba8,238,"COMMIT",2024-06-16 14:31:03 CST,8/18,90759,LOG,00000,"execute S_2: COMMIT",,,,,,,,,"","client backend"
2024-06-16 14:32:37.505 CST,"raingage","benchmark",15272,"127.0.0.1:45216",666e86a7.3ba8,239,"BEGIN",2024-06-16 14:31:03 CST,8/19,0,LOG,00000,"execute S_3: BEGIN",,,,,,,,,"","client backend"
2024-06-16 14:32:37.518 CST,"raingage","benchmark",15272,"127.0.0.1:45216",666e86a7.3ba8,240,"SELECT",2024-06-16 14:31:03 CST,8/19,0,LOG,00000,"execute S_4: SELECT d_tax, d_next_o_id     FROM bmsql_district     WHERE d_w_id = $1 AND d_id = $2 ","parameters: $1 = '1', $2 = '4'",,,,,,,,"","client backend"
2024-06-16 14:32:37.560 CST,"raingage","benchmark",15271,"127.0.0.1:45214",666e86a7.3ba7,734,"SELECT",2024-06-16 14:31:03 CST,7/54,90760,LOG,00000,"execute S_1: SELECT c_discount, c_last, c_credit, w_tax     FROM bmsql_customer     JOIN bmsql_warehouse ON (w_id = c_w_id)     WHERE c_w_id = $1 AND c_d_id = $2 AND c_id = $3 FOR UPDATE","parameters: $1 = '1', $2 = '4', $3 = '28'",,,,,,,,"","client backend"
2024-06-16 14:32:37.582 CST,"raingage","benchmark",15272,"127.0.0.1:45216",666e86a7.3ba8,241,"SELECT",2024-06-16 14:31:03 CST,8/19,0,LOG,00000,"execute S_1: SELECT c_discount, c_last, c_credit, w_tax     FROM bmsql_customer     JOIN bmsql_warehouse ON (w_id = c_w_id)     WHERE c_w_id = $1 AND c_d_id = $2 AND c_id = $3 FOR UPDATE","parameters: $1 = '1', $2 = '4', $3 = '95'",,,,,,,,"","client backend"
2024-06-16 14:32:37.623 CST,"raingage","benchmark",15271,"127.0.0.1:45214",666e86a7.3ba7,735,"SELECT",2024-06-16 14:31:03 CST,7/54,90760,LOG,00000,"execute S_1: SELECT c_discount, c_last, c_credit, w_tax     FROM bmsql_customer     JOIN bmsql_warehouse ON (w_id = c_w_id)     WHERE c_w_id = $1 AND c_d_id = $2 AND c_id = $3 FOR UPDATE","parameters: $1 = '1', $2 = '4', $3 = '28'",,,,,,,,"","client backend"
2024-06-16 14:32:37.692 CST,"raingage","benchmark",15271,"127.0.0.1:45214",666e86a7.3ba7,736,"SELECT",2024-06-16 14:31:03 CST,7/54,90760,LOG,00000,"execute S_1: SELECT c_discount, c_last, c_credit, w_tax     FROM bmsql_customer     JOIN bmsql_warehouse ON (w_id = c_w_id)     WHERE c_w_id = $1 AND c_d_id = $2 AND c_id = $3 FOR UPDATE","parameters: $1 = '1', $2 = '4', $3 = '28'",,,,,,,,"","client backend"
2024-06-16 14:32:37.757 CST,"raingage","benchmark",15271,"127.0.0.1:45214",666e86a7.3ba7,737,"SELECT",2024-06-16 14:31:03 CST,7/54,90760,LOG,00000,"execute S_1: SELECT c_discount, c_last, c_credit, w_tax     FROM bmsql_customer     JOIN bmsql_warehouse ON (w_id = c_w_id)     WHERE c_w_id = $1 AND c_d_id = $2 AND c_id = $3 FOR UPDATE","parameters: $1 = '1', $2 = '4', $3 = '28'",,,,,,,,"","client backend"
2024-06-16 14:32:37.828 CST,"raingage","benchmark",15271,"127.0.0.1:45214",666e86a7.3ba7,738,"SELECT",2024-06-16 14:31:03 CST,7/54,90760,LOG,00000,"execute S_1: SELECT c_discount, c_last, c_credit, w_tax     FROM bmsql_customer     JOIN bmsql_warehouse ON (w_id = c_w_id)     WHERE c_w_id = $1 AND c_d_id = $2 AND c_id = $3 FOR UPDATE","parameters: $1 = '1', $2 = '4', $3 = '28'",,,,,,,,"","client backend"
2024-06-16 14:32:37.894 CST,"raingage","benchmark",15271,"127.0.0.1:45214",666e86a7.3ba7,739,"SELECT",2024-06-16 14:31:03 CST,7/54,90760,LOG,00000,"execute S_1: SELECT c_discount, c_last, c_credit, w_tax     FROM bmsql_customer     JOIN bmsql_warehouse ON (w_id = c_w_id)     WHERE c_w_id = $1 AND c_d_id = $2 AND c_id = $3 FOR UPDATE","parameters: $1 = '1', $2 = '4', $3 = '28'",,,,,,,,"","client backend"
2024-06-16 14:32:37.954 CST,"raingage","benchmark",15271,"127.0.0.1:45214",666e86a7.3ba7,740,"SELECT",2024-06-16 14:31:03 CST,7/54,90760,LOG,00000,"execute S_1: SELECT c_discount, c_last, c_credit, w_tax     FROM bmsql_customer     JOIN bmsql_warehouse ON (w_id = c_w_id)     WHERE c_w_id = $1 AND c_d_id = $2 AND c_id = $3 FOR UPDATE","parameters: $1 = '1', $2 = '4', $3 = '28'",,,,,,,,"","client backend"
2024-06-16 14:32:37.966 CST,"raingage","benchmark",15271,"127.0.0.1:45214",666e86a7.3ba7,741,"SELECT",2024-06-16 14:31:03 CST,7/54,90760,LOG,00000,"execute S_5: SELECT i_price, i_name, i_data     FROM bmsql_item     WHERE i_id = $1","parameters: $1 = '24'",,,,,,,,"","client backend"
2024-06-16 14:32:37.979 CST,"raingage","benchmark",15271,"127.0.0.1:45214",666e86a7.3ba7,742,"SELECT",2024-06-16 14:31:03 CST,7/54,90760,LOG,00000,"execute S_6: SELECT s_quantity, s_data,        s_dist_01, s_dist_02, s_dist_03, s_dist_04,        s_dist_05, s_dist_06, s_dist_07, s_dist_08,        s_dist_09, s_dist_10     FROM bmsql_stock     WHERE s_w_id = $1 AND s_i_id = $2  FOR UPDATE","parameters: $1 = '1', $2 = '24'",,,,,,,,"","client backend"
2024-06-16 14:32:37.991 CST,"raingage","benchmark",15271,"127.0.0.1:45214",666e86a7.3ba7,743,"UPDATE",2024-06-16 14:31:03 CST,7/54,90760,LOG,00000,"execute S_7: UPDATE bmsql_stock     SET s_quantity = $1, s_ytd = s_ytd + $2,         s_order_cnt = s_order_cnt + 1,         s_remote_cnt = s_remote_cnt + $3     WHERE s_w_id = $4 AND s_i_id = $5","parameters: $1 = '69', $2 = '4', $3 = '0', $4 = '1', $5 = '24'",,,,,,,,"","client backend"
2024-06-16 14:32:38.009 CST,"raingage","benchmark",15271,"127.0.0.1:45214",666e86a7.3ba7,744,"COMMIT",2024-06-16 14:31:03 CST,7/54,90760,LOG,00000,"execute S_2: COMMIT",,,,,,,,,"","client backend"
2024-06-16 14:32:38.028 CST,"raingage","benchmark",15271,"127.0.0.1:45214",666e86a7.3ba7,745,"BEGIN",2024-06-16 14:31:03 CST,7/55,0,LOG,00000,"execute S_3: BEGIN",,,,,,,,,"","client backend"
2024-06-16 14:32:38.048 CST,"raingage","benchmark",15271,"127.0.0.1:45214",666e86a7.3ba7,746,"SELECT",2024-06-16 14:31:03 CST,7/55,0,LOG,00000,"execute S_4: SELECT d_tax, d_next_o_id     FROM bmsql_district     WHERE d_w_id = $1 AND d_id = $2 ","parameters: $1 = '1', $2 = '1'",,,,,,,,"","client backend"
2024-06-16 14:32:38.074 CST,"raingage","benchmark",15268,"127.0.0.1:45208",666e86a6.3ba4,356,"SELECT",2024-06-16 14:31:02 CST,4/27,90761,LOG,00000,"execute S_1: SELECT c_discount, c_last, c_credit, w_tax     FROM bmsql_customer     JOIN bmsql_warehouse ON (w_id = c_w_id)     WHERE c_w_id = $1 AND c_d_id = $2 AND c_id = $3 FOR UPDATE","parameters: $1 = '1', $2 = '2', $3 = '4'",,,,,,,,"","client backend"
2024-06-16 14:32:38.118 CST,"raingage","benchmark",15271,"127.0.0.1:45214",666e86a7.3ba7,747,"SELECT",2024-06-16 14:31:03 CST,7/55,0,LOG,00000,"execute S_1: SELECT c_discount, c_last, c_credit, w_tax     FROM bmsql_customer     JOIN bmsql_warehouse ON (w_id = c_w_id)     WHERE c_w_id = $1 AND c_d_id = $2 AND c_id = $3 FOR UPDATE","parameters: $1 = '1', $2 = '1', $3 = '91'",,,,,,,,"","client backend"
2024-06-16 14:32:38.145 CST,"raingage","benchmark",15268,"127.0.0.1:45208",666e86a6.3ba4,357,"SELECT",2024-06-16 14:31:02 CST,4/27,90761,LOG,00000,"execute S_1: SELECT c_discount, c_last, c_credit, w_tax     FROM bmsql_customer     JOIN bmsql_warehouse ON (w_id = c_w_id)     WHERE c_w_id = $1 AND c_d_id = $2 AND c_id = $3 FOR UPDATE","parameters: $1 = '1', $2 = '2', $3 = '4'",,,,,,,,"","client backend"
2024-06-16 14:32:38.209 CST,"raingage","benchmark",15268,"127.0.0.1:45208",666e86a6.3ba4,358,"SELECT",2024-06-16 14:31:02 CST,4/27,90761,LOG,00000,"execute S_1: SELECT c_discount, c_last, c_credit, w_tax     FROM bmsql_customer     JOIN bmsql_warehouse ON (w_id = c_w_id)     WHERE c_w_id = $1 AND c_d_id = $2 AND c_id = $3 FOR UPDATE","parameters: $1 = '1', $2 = '2', $3 = '4'",,,,,,,,"","client backend"
2024-06-16 14:32:38.275 CST,"raingage","benchmark",15268,"127.0.0.1:45208",666e86a6.3ba4,359,"SELECT",2024-06-16 14:31:02 CST,4/27,90761,LOG,00000,"execute S_1: SELECT c_discount, c_last, c_credit, w_tax     FROM bmsql_customer     JOIN bmsql_warehouse ON (w_id = c_w_id)     WHERE c_w_id = $1 AND c_d_id = $2 AND c_id = $3 FOR UPDATE","parameters: $1 = '1', $2 = '2', $3 = '4'",,,,,,,,"","client backend"
2024-06-16 14:32:38.340 CST,"raingage","benchmark",15268,"127.0.0.1:45208",666e86a6.3ba4,360,"SELECT",2024-06-16 14:31:02 CST,4/27,90761,LOG,00000,"execute S_1: SELECT c_discount, c_last, c_credit, w_tax     FROM bmsql_customer     JOIN bmsql_warehouse ON (w_id = c_w_id)     WHERE c_w_id = $1 AND c_d_id = $2 AND c_id = $3 FOR UPDATE","parameters: $1 = '1', $2 = '2', $3 = '4'",,,,,,,,"","client backend"
2024-06-16 14:32:38.404 CST,"raingage","benchmark",15268,"127.0.0.1:45208",666e86a6.3ba4,361,"SELECT",2024-06-16 14:31:02 CST,4/27,90761,LOG,00000,"execute S_1: SELECT c_discount, c_last, c_credit, w_tax     FROM bmsql_customer     JOIN bmsql_warehouse ON (w_id = c_w_id)     WHERE c_w_id = $1 AND c_d_id = $2 AND c_id = $3 FOR UPDATE","parameters: $1 = '1', $2 = '2', $3 = '4'",,,,,,,,"","client backend"
2024-06-16 14:32:38.468 CST,"raingage","benchmark",15268,"127.0.0.1:45208",666e86a6.3ba4,362,"SELECT",2024-06-16 14:31:02 CST,4/27,90761,LOG,00000,"execute S_1: SELECT c_discount, c_last, c_credit, w_tax     FROM bmsql_customer     JOIN bmsql_warehouse ON (w_id = c_w_id)     WHERE c_w_id = $1 AND c_d_id = $2 AND c_id = $3 FOR UPDATE","parameters: $1 = '1', $2 = '2', $3 = '4'",,,,,,,,"","client backend"
2024-06-16 14:32:38.485 CST,"raingage","benchmark",15268,"127.0.0.1:45208",666e86a6.3ba4,363,"SELECT",2024-06-16 14:31:02 CST,4/27,90761,LOG,00000,"execute S_5: SELECT i_price, i_name, i_data     FROM bmsql_item     WHERE i_id = $1","parameters: $1 = '52'",,,,,,,,"","client backend"
2024-06-16 14:32:38.491 CST,"raingage","benchmark",15268,"127.0.0.1:45208",666e86a6.3ba4,364,"SELECT",2024-06-16 14:31:02 CST,4/27,90761,LOG,00000,"execute S_6: SELECT s_quantity, s_data,        s_dist_01, s_dist_02, s_dist_03, s_dist_04,        s_dist_05, s_dist_06, s_dist_07, s_dist_08,        s_dist_09, s_dist_10     FROM bmsql_stock     WHERE s_w_id = $1 AND s_i_id = $2  FOR UPDATE","parameters: $1 = '1', $2 = '52'",,,,,,,,"","client backend"
2024-06-16 14:32:38.510 CST,"raingage","benchmark",15268,"127.0.0.1:45208",666e86a6.3ba4,365,"UPDATE",2024-06-16 14:31:02 CST,4/27,90761,LOG,00000,"execute S_7: UPDATE bmsql_stock     SET s_quantity = $1, s_ytd = s_ytd + $2,         s_order_cnt = s_order_cnt + 1,         s_remote_cnt = s_remote_cnt + $3     WHERE s_w_id = $4 AND s_i_id = $5","parameters: $1 = '89', $2 = '4', $3 = '0', $4 = '1', $5 = '52'",,,,,,,,"","client backend"
2024-06-16 14:32:38.524 CST,"raingage","benchmark",15268,"127.0.0.1:45208",666e86a6.3ba4,366,"COMMIT",2024-06-16 14:31:02 CST,4/27,90761,LOG,00000,"execute S_2: COMMIT",,,,,,,,,"","client backend"
2024-06-16 14:32:38.540 CST,"raingage","benchmark",15268,"127.0.0.1:45208",666e86a6.3ba4,367,"BEGIN",2024-06-16 14:31:02 CST,4/28,0,LOG,00000,"execute S_3: BEGIN",,,,,,,,,"","client backend"
2024-06-16 14:32:38.555 CST,"raingage","benchmark",15268,"127.0.0.1:45208",666e86a6.3ba4,368,"SELECT",2024-06-16 14:31:02 CST,4/28,0,LOG,00000,"execute S_4: SELECT d_tax, d_next_o_id     FROM bmsql_district     WHERE d_w_id = $1 AND d_id = $2 ","parameters: $1 = '1', $2 = '1'",,,,,,,,"","client backend"
2024-06-16 14:32:38.583 CST,"raingage","benchmark",15272,"127.0.0.1:45216",666e86a7.3ba8,242,"SELECT waiting",2024-06-16 14:31:03 CST,8/19,0,LOG,00000,"process 15272 still waiting for ShareLock on transaction 90762 after 1000.886 ms","Process holding the lock: 15269. Wait queue: 15272, 15271.",,,,"while locking tuple (7,5) in relation ""bmsql_customer""","SELECT c_discount, c_last, c_credit, w_tax     FROM bmsql_customer     JOIN bmsql_warehouse ON (w_id = c_w_id)     WHERE c_w_id = $1 AND c_d_id = $2 AND c_id = $3 FOR UPDATE",,,"","client backend"
2024-06-16 14:32:38.594 CST,"raingage","benchmark",15269,"127.0.0.1:45210",666e86a6.3ba5,484,"SELECT",2024-06-16 14:31:02 CST,5/36,90762,LOG,00000,"execute S_1: SELECT c_discount, c_last, c_credit, w_tax     FROM bmsql_customer     JOIN bmsql_warehouse ON (w_id = c_w_id)     WHERE c_w_id = $1 AND c_d_id = $2 AND c_id = $3 FOR UPDATE","parameters: $1 = '1', $2 = '4', $3 = '95'",,,,,,,,"","client backend"
2024-06-16 14:32:38.626 CST,"raingage","benchmark",15268,"127.0.0.1:45208",666e86a6.3ba4,369,"SELECT",2024-06-16 14:31:02 CST,4/28,0,LOG,00000,"execute S_1: SELECT c_discount, c_last, c_credit, w_tax     FROM bmsql_customer     JOIN bmsql_warehouse ON (w_id = c_w_id)     WHERE c_w_id = $1 AND c_d_id = $2 AND c_id = $3 FOR UPDATE","parameters: $1 = '1', $2 = '1', $3 = '34'",,,,,,,,"","client backend"
2024-06-16 14:32:38.663 CST,"raingage","benchmark",15269,"127.0.0.1:45210",666e86a6.3ba5,485,"SELECT",2024-06-16 14:31:02 CST,5/36,90762,LOG,00000,"execute S_1: SELECT c_discount, c_last, c_credit, w_tax     FROM bmsql_customer     JOIN bmsql_warehouse ON (w_id = c_w_id)     WHERE c_w_id = $1 AND c_d_id = $2 AND c_id = $3 FOR UPDATE","parameters: $1 = '1', $2 = '4', $3 = '95'",,,,,,,,"","client backend"
2024-06-16 14:32:38.726 CST,"raingage","benchmark",15269,"127.0.0.1:45210",666e86a6.3ba5,486,"SELECT",2024-06-16 14:31:02 CST,5/36,90762,LOG,00000,"execute S_1: SELECT c_discount, c_last, c_credit, w_tax     FROM bmsql_customer     JOIN bmsql_warehouse ON (w_id = c_w_id)     WHERE c_w_id = $1 AND c_d_id = $2 AND c_id = $3 FOR UPDATE","parameters: $1 = '1', $2 = '4', $3 = '95'",,,,,,,,"","client backend"
2024-06-16 14:32:38.796 CST,"raingage","benchmark",15269,"127.0.0.1:45210",666e86a6.3ba5,487,"SELECT",2024-06-16 14:31:02 CST,5/36,90762,LOG,00000,"execute S_1: SELECT c_discount, c_last, c_credit, w_tax     FROM bmsql_customer     JOIN bmsql_warehouse ON (w_id = c_w_id)     WHERE c_w_id = $1 AND c_d_id = $2 AND c_id = $3 FOR UPDATE","parameters: $1 = '1', $2 = '4', $3 = '95'",,,,,,,,"","client backend"
2024-06-16 14:32:38.859 CST,"raingage","benchmark",15269,"127.0.0.1:45210",666e86a6.3ba5,488,"SELECT",2024-06-16 14:31:02 CST,5/36,90762,LOG,00000,"execute S_1: SELECT c_discount, c_last, c_credit, w_tax     FROM bmsql_customer     JOIN bmsql_warehouse ON (w_id = c_w_id)     WHERE c_w_id = $1 AND c_d_id = $2 AND c_id = $3 FOR UPDATE","parameters: $1 = '1', $2 = '4', $3 = '95'",,,,,,,,"","client backend"
2024-06-16 14:32:38.923 CST,"raingage","benchmark",15269,"127.0.0.1:45210",666e86a6.3ba5,489,"SELECT",2024-06-16 14:31:02 CST,5/36,90762,LOG,00000,"execute S_1: SELECT c_discount, c_last, c_credit, w_tax     FROM bmsql_customer     JOIN bmsql_warehouse ON (w_id = c_w_id)     WHERE c_w_id = $1 AND c_d_id = $2 AND c_id = $3 FOR UPDATE","parameters: $1 = '1', $2 = '4', $3 = '95'",,,,,,,,"","client backend"
2024-06-16 14:32:38.985 CST,"raingage","benchmark",15269,"127.0.0.1:45210",666e86a6.3ba5,490,"SELECT",2024-06-16 14:31:02 CST,5/36,90762,LOG,00000,"execute S_1: SELECT c_discount, c_last, c_credit, w_tax     FROM bmsql_customer     JOIN bmsql_warehouse ON (w_id = c_w_id)     WHERE c_w_id = $1 AND c_d_id = $2 AND c_id = $3 FOR UPDATE","parameters: $1 = '1', $2 = '4', $3 = '95'",,,,,,,,"","client backend"
2024-06-16 14:32:39.004 CST,"raingage","benchmark",15269,"127.0.0.1:45210",666e86a6.3ba5,491,"SELECT",2024-06-16 14:31:02 CST,5/36,90762,LOG,00000,"execute S_6: SELECT i_price, i_name, i_data     FROM bmsql_item     WHERE i_id = $1","parameters: $1 = '37'",,,,,,,,"","client backend"
2024-06-16 14:32:39.012 CST,"raingage","benchmark",15269,"127.0.0.1:45210",666e86a6.3ba5,492,"SELECT",2024-06-16 14:31:02 CST,5/36,90762,LOG,00000,"execute S_7: SELECT s_quantity, s_data,        s_dist_01, s_dist_02, s_dist_03, s_dist_04,        s_dist_05, s_dist_06, s_dist_07, s_dist_08,        s_dist_09, s_dist_10     FROM bmsql_stock     WHERE s_w_id = $1 AND s_i_id = $2  FOR UPDATE","parameters: $1 = '1', $2 = '37'",,,,,,,,"","client backend"
2024-06-16 14:32:39.024 CST,"raingage","benchmark",15269,"127.0.0.1:45210",666e86a6.3ba5,493,"UPDATE",2024-06-16 14:31:02 CST,5/36,90762,LOG,00000,"execute S_8: UPDATE bmsql_stock     SET s_quantity = $1, s_ytd = s_ytd + $2,         s_order_cnt = s_order_cnt + 1,         s_remote_cnt = s_remote_cnt + $3     WHERE s_w_id = $4 AND s_i_id = $5","parameters: $1 = '85', $2 = '7', $3 = '0', $4 = '1', $5 = '37'",,,,,,,,"","client backend"
2024-06-16 14:32:39.038 CST,"raingage","benchmark",15269,"127.0.0.1:45210",666e86a6.3ba5,494,"COMMIT",2024-06-16 14:31:02 CST,5/36,90762,LOG,00000,"execute S_3: COMMIT",,,,,,,,,"","client backend"
2024-06-16 14:32:39.040 CST,"raingage","benchmark",15272,"127.0.0.1:45216",666e86a7.3ba8,243,"SELECT waiting",2024-06-16 14:31:03 CST,8/19,0,LOG,00000,"process 15272 acquired ShareLock on transaction 90762 after 1457.219 ms",,,,,"while locking tuple (7,5) in relation ""bmsql_customer""","SELECT c_discount, c_last, c_credit, w_tax     FROM bmsql_customer     JOIN bmsql_warehouse ON (w_id = c_w_id)     WHERE c_w_id = $1 AND c_d_id = $2 AND c_id = $3 FOR UPDATE",,,"","client backend"
2024-06-16 14:32:39.055 CST,"raingage","benchmark",15269,"127.0.0.1:45210",666e86a6.3ba5,495,"BEGIN",2024-06-16 14:31:02 CST,5/37,0,LOG,00000,"execute S_4: BEGIN",,,,,,,,,"","client backend"
2024-06-16 14:32:39.068 CST,"raingage","benchmark",15269,"127.0.0.1:45210",666e86a6.3ba5,496,"SELECT",2024-06-16 14:31:02 CST,5/37,0,LOG,00000,"execute S_5: SELECT d_tax, d_next_o_id     FROM bmsql_district     WHERE d_w_id = $1 AND d_id = $2 ","parameters: $1 = '1', $2 = '2'",,,,,,,,"","client backend"
2024-06-16 14:32:39.103 CST,"raingage","benchmark",15271,"127.0.0.1:45214",666e86a7.3ba7,748,"SELECT",2024-06-16 14:31:03 CST,7/55,90763,LOG,00000,"execute S_1: SELECT c_discount, c_last, c_credit, w_tax     FROM bmsql_customer     JOIN bmsql_warehouse ON (w_id = c_w_id)     WHERE c_w_id = $1 AND c_d_id = $2 AND c_id = $3 FOR UPDATE","parameters: $1 = '1', $2 = '1', $3 = '91'",,,,,,,,"","client backend"
2024-06-16 14:32:39.134 CST,"raingage","benchmark",15269,"127.0.0.1:45210",666e86a6.3ba5,497,"SELECT",2024-06-16 14:31:02 CST,5/37,0,LOG,00000,"execute S_1: SELECT c_discount, c_last, c_credit, w_tax     FROM bmsql_customer     JOIN bmsql_warehouse ON (w_id = c_w_id)     WHERE c_w_id = $1 AND c_d_id = $2 AND c_id = $3 FOR UPDATE","parameters: $1 = '1', $2 = '2', $3 = '52'",,,,,,,,"","client backend"
2024-06-16 14:32:39.168 CST,"raingage","benchmark",15271,"127.0.0.1:45214",666e86a7.3ba7,749,"SELECT",2024-06-16 14:31:03 CST,7/55,90763,LOG,00000,"execute S_1: SELECT c_discount, c_last, c_credit, w_tax     FROM bmsql_customer     JOIN bmsql_warehouse ON (w_id = c_w_id)     WHERE c_w_id = $1 AND c_d_id = $2 AND c_id = $3 FOR UPDATE","parameters: $1 = '1', $2 = '1', $3 = '91'",,,,,,,,"","client backend"
2024-06-16 14:32:39.235 CST,"raingage","benchmark",15271,"127.0.0.1:45214",666e86a7.3ba7,750,"SELECT",2024-06-16 14:31:03 CST,7/55,90763,LOG,00000,"execute S_1: SELECT c_discount, c_last, c_credit, w_tax     FROM bmsql_customer     JOIN bmsql_warehouse ON (w_id = c_w_id)     WHERE c_w_id = $1 AND c_d_id = $2 AND c_id = $3 FOR UPDATE","parameters: $1 = '1', $2 = '1', $3 = '91'",,,,,,,,"","client backend"
2024-06-16 14:32:39.302 CST,"raingage","benchmark",15271,"127.0.0.1:45214",666e86a7.3ba7,751,"SELECT",2024-06-16 14:31:03 CST,7/55,90763,LOG,00000,"execute S_1: SELECT c_discount, c_last, c_credit, w_tax     FROM bmsql_customer     JOIN bmsql_warehouse ON (w_id = c_w_id)     WHERE c_w_id = $1 AND c_d_id = $2 AND c_id = $3 FOR UPDATE","parameters: $1 = '1', $2 = '1', $3 = '91'",,,,,,,,"","client backend"
2024-06-16 14:32:39.364 CST,"raingage","benchmark",15271,"127.0.0.1:45214",666e86a7.3ba7,752,"SELECT",2024-06-16 14:31:03 CST,7/55,90763,LOG,00000,"execute S_1: SELECT c_discount, c_last, c_credit, w_tax     FROM bmsql_customer     JOIN bmsql_warehouse ON (w_id = c_w_id)     WHERE c_w_id = $1 AND c_d_id = $2 AND c_id = $3 FOR UPDATE","parameters: $1 = '1', $2 = '1', $3 = '91'",,,,,,,,"","client backend"
2024-06-16 14:32:39.434 CST,"raingage","benchmark",15271,"127.0.0.1:45214",666e86a7.3ba7,753,"SELECT",2024-06-16 14:31:03 CST,7/55,90763,LOG,00000,"execute S_1: SELECT c_discount, c_last, c_credit, w_tax     FROM bmsql_customer     JOIN bmsql_warehouse ON (w_id = c_w_id)     WHERE c_w_id = $1 AND c_d_id = $2 AND c_id = $3 FOR UPDATE","parameters: $1 = '1', $2 = '1', $3 = '91'",,,,,,,,"","client backend"
2024-06-16 14:32:39.498 CST,"raingage","benchmark",15271,"127.0.0.1:45214",666e86a7.3ba7,754,"SELECT",2024-06-16 14:31:03 CST,7/55,90763,LOG,00000,"execute S_1: SELECT c_discount, c_last, c_credit, w_tax     FROM bmsql_customer     JOIN bmsql_warehouse ON (w_id = c_w_id)     WHERE c_w_id = $1 AND c_d_id = $2 AND c_id = $3 FOR UPDATE","parameters: $1 = '1', $2 = '1', $3 = '91'",,,,,,,,"","client backend"
2024-06-16 14:32:39.510 CST,"raingage","benchmark",15271,"127.0.0.1:45214",666e86a7.3ba7,755,"SELECT",2024-06-16 14:31:03 CST,7/55,90763,LOG,00000,"execute S_5: SELECT i_price, i_name, i_data     FROM bmsql_item     WHERE i_id = $1","parameters: $1 = '50'",,,,,,,,"","client backend"
2024-06-16 14:32:39.525 CST,"raingage","benchmark",15271,"127.0.0.1:45214",666e86a7.3ba7,756,"SELECT",2024-06-16 14:31:03 CST,7/55,90763,LOG,00000,"execute S_6: SELECT s_quantity, s_data,        s_dist_01, s_dist_02, s_dist_03, s_dist_04,        s_dist_05, s_dist_06, s_dist_07, s_dist_08,        s_dist_09, s_dist_10     FROM bmsql_stock     WHERE s_w_id = $1 AND s_i_id = $2  FOR UPDATE","parameters: $1 = '1', $2 = '50'",,,,,,,,"","client backend"
2024-06-16 14:32:39.527 CST,"raingage","benchmark",15271,"127.0.0.1:45214",666e86a7.3ba7,757,"UPDATE",2024-06-16 14:31:03 CST,7/55,90763,LOG,00000,"execute S_7: UPDATE bmsql_stock     SET s_quantity = $1, s_ytd = s_ytd + $2,         s_order_cnt = s_order_cnt + 1,         s_remote_cnt = s_remote_cnt + $3     WHERE s_w_id = $4 AND s_i_id = $5","parameters: $1 = '47', $2 = '1', $3 = '0', $4 = '1', $5 = '50'",,,,,,,,"","client backend"
2024-06-16 14:32:39.543 CST,"raingage","benchmark",15271,"127.0.0.1:45214",666e86a7.3ba7,758,"COMMIT",2024-06-16 14:31:03 CST,7/55,90763,LOG,00000,"execute S_2: COMMIT",,,,,,,,,"","client backend"
2024-06-16 14:32:39.610 CST,"raingage","benchmark",15268,"127.0.0.1:45208",666e86a6.3ba4,370,"SELECT",2024-06-16 14:31:02 CST,4/28,90764,LOG,00000,"execute S_1: SELECT c_discount, c_last, c_credit, w_tax     FROM bmsql_customer     JOIN bmsql_warehouse ON (w_id = c_w_id)     WHERE c_w_id = $1 AND c_d_id = $2 AND c_id = $3 FOR UPDATE","parameters: $1 = '1', $2 = '1', $3 = '34'",,,,,,,,"","client backend"
2024-06-16 14:32:39.678 CST,"raingage","benchmark",15268,"127.0.0.1:45208",666e86a6.3ba4,371,"SELECT",2024-06-16 14:31:02 CST,4/28,90764,LOG,00000,"execute S_1: SELECT c_discount, c_last, c_credit, w_tax     FROM bmsql_customer     JOIN bmsql_warehouse ON (w_id = c_w_id)     WHERE c_w_id = $1 AND c_d_id = $2 AND c_id = $3 FOR UPDATE","parameters: $1 = '1', $2 = '1', $3 = '34'",,,,,,,,"","client backend"
2024-06-16 14:32:39.745 CST,"raingage","benchmark",15268,"127.0.0.1:45208",666e86a6.3ba4,372,"SELECT",2024-06-16 14:31:02 CST,4/28,90764,LOG,00000,"execute S_1: SELECT c_discount, c_last, c_credit, w_tax     FROM bmsql_customer     JOIN bmsql_warehouse ON (w_id = c_w_id)     WHERE c_w_id = $1 AND c_d_id = $2 AND c_id = $3 FOR UPDATE","parameters: $1 = '1', $2 = '1', $3 = '34'",,,,,,,,"","client backend"
2024-06-16 14:32:39.809 CST,"raingage","benchmark",15268,"127.0.0.1:45208",666e86a6.3ba4,373,"SELECT",2024-06-16 14:31:02 CST,4/28,90764,LOG,00000,"execute S_1: SELECT c_discount, c_last, c_credit, w_tax     FROM bmsql_customer     JOIN bmsql_warehouse ON (w_id = c_w_id)     WHERE c_w_id = $1 AND c_d_id = $2 AND c_id = $3 FOR UPDATE","parameters: $1 = '1', $2 = '1', $3 = '34'",,,,,,,,"","client backend"
2024-06-16 14:32:39.880 CST,"raingage","benchmark",15268,"127.0.0.1:45208",666e86a6.3ba4,374,"SELECT",2024-06-16 14:31:02 CST,4/28,90764,LOG,00000,"execute S_1: SELECT c_discount, c_last, c_credit, w_tax     FROM bmsql_customer     JOIN bmsql_warehouse ON (w_id = c_w_id)     WHERE c_w_id = $1 AND c_d_id = $2 AND c_id = $3 FOR UPDATE","parameters: $1 = '1', $2 = '1', $3 = '34'",,,,,,,,"","client backend"
2024-06-16 14:32:39.948 CST,"raingage","benchmark",15268,"127.0.0.1:45208",666e86a6.3ba4,375,"SELECT",2024-06-16 14:31:02 CST,4/28,90764,LOG,00000,"execute S_1: SELECT c_discount, c_last, c_credit, w_tax     FROM bmsql_customer     JOIN bmsql_warehouse ON (w_id = c_w_id)     WHERE c_w_id = $1 AND c_d_id = $2 AND c_id = $3 FOR UPDATE","parameters: $1 = '1', $2 = '1', $3 = '34'",,,,,,,,"","client backend"
2024-06-16 14:32:40.020 CST,"raingage","benchmark",15268,"127.0.0.1:45208",666e86a6.3ba4,376,"SELECT",2024-06-16 14:31:02 CST,4/28,90764,LOG,00000,"execute S_1: SELECT c_discount, c_last, c_credit, w_tax     FROM bmsql_customer     JOIN bmsql_warehouse ON (w_id = c_w_id)     WHERE c_w_id = $1 AND c_d_id = $2 AND c_id = $3 FOR UPDATE","parameters: $1 = '1', $2 = '1', $3 = '34'",,,,,,,,"","client backend"
2024-06-16 14:32:40.040 CST,"raingage","benchmark",15268,"127.0.0.1:45208",666e86a6.3ba4,377,"SELECT",2024-06-16 14:31:02 CST,4/28,90764,LOG,00000,"execute S_5: SELECT i_price, i_name, i_data     FROM bmsql_item     WHERE i_id = $1","parameters: $1 = '69'",,,,,,,,"","client backend"
2024-06-16 14:32:40.058 CST,"raingage","benchmark",15268,"127.0.0.1:45208",666e86a6.3ba4,378,"SELECT",2024-06-16 14:31:02 CST,4/28,90764,LOG,00000,"execute S_6: SELECT s_quantity, s_data,        s_dist_01, s_dist_02, s_dist_03, s_dist_04,        s_dist_05, s_dist_06, s_dist_07, s_dist_08,        s_dist_09, s_dist_10     FROM bmsql_stock     WHERE s_w_id = $1 AND s_i_id = $2  FOR UPDATE","parameters: $1 = '1', $2 = '69'",,,,,,,,"","client backend"
2024-06-16 14:32:40.075 CST,"raingage","benchmark",15268,"127.0.0.1:45208",666e86a6.3ba4,379,"UPDATE",2024-06-16 14:31:02 CST,4/28,90764,LOG,00000,"execute S_7: UPDATE bmsql_stock     SET s_quantity = $1, s_ytd = s_ytd + $2,         s_order_cnt = s_order_cnt + 1,         s_remote_cnt = s_remote_cnt + $3     WHERE s_w_id = $4 AND s_i_id = $5","parameters: $1 = '95', $2 = '5', $3 = '0', $4 = '1', $5 = '69'",,,,,,,,"","client backend"
2024-06-16 14:32:40.091 CST,"raingage","benchmark",15268,"127.0.0.1:45208",666e86a6.3ba4,380,"COMMIT",2024-06-16 14:31:02 CST,4/28,90764,LOG,00000,"execute S_2: COMMIT",,,,,,,,,"","client backend"
2024-06-16 14:32:40.112 CST,"raingage","benchmark",15268,"127.0.0.1:45208",666e86a6.3ba4,381,"BEGIN",2024-06-16 14:31:02 CST,4/29,0,LOG,00000,"execute S_3: BEGIN",,,,,,,,,"","client backend"
2024-06-16 14:32:40.123 CST,"raingage","benchmark",15268,"127.0.0.1:45208",666e86a6.3ba4,382,"SELECT",2024-06-16 14:31:02 CST,4/29,0,LOG,00000,"execute S_4: SELECT d_tax, d_next_o_id     FROM bmsql_district     WHERE d_w_id = $1 AND d_id = $2 ","parameters: $1 = '1', $2 = '1'",,,,,,,,"","client backend"
2024-06-16 14:32:40.165 CST,"raingage","benchmark",15272,"127.0.0.1:45216",666e86a7.3ba8,244,"SELECT",2024-06-16 14:31:03 CST,8/19,90765,LOG,00000,"execute S_1: SELECT c_discount, c_last, c_credit, w_tax     FROM bmsql_customer     JOIN bmsql_warehouse ON (w_id = c_w_id)     WHERE c_w_id = $1 AND c_d_id = $2 AND c_id = $3 FOR UPDATE","parameters: $1 = '1', $2 = '4', $3 = '95'",,,,,,,,"","client backend"
2024-06-16 14:32:40.190 CST,"raingage","benchmark",15268,"127.0.0.1:45208",666e86a6.3ba4,383,"SELECT",2024-06-16 14:31:02 CST,4/29,0,LOG,00000,"execute S_1: SELECT c_discount, c_last, c_credit, w_tax     FROM bmsql_customer     JOIN bmsql_warehouse ON (w_id = c_w_id)     WHERE c_w_id = $1 AND c_d_id = $2 AND c_id = $3 FOR UPDATE","parameters: $1 = '1', $2 = '1', $3 = '28'",,,,,,,,"","client backend"
2024-06-16 14:32:40.232 CST,"raingage","benchmark",15272,"127.0.0.1:45216",666e86a7.3ba8,245,"SELECT",2024-06-16 14:31:03 CST,8/19,90765,LOG,00000,"execute S_1: SELECT c_discount, c_last, c_credit, w_tax     FROM bmsql_customer     JOIN bmsql_warehouse ON (w_id = c_w_id)     WHERE c_w_id = $1 AND c_d_id = $2 AND c_id = $3 FOR UPDATE","parameters: $1 = '1', $2 = '4', $3 = '95'",,,,,,,,"","client backend"
2024-06-16 14:32:40.296 CST,"raingage","benchmark",15272,"127.0.0.1:45216",666e86a7.3ba8,246,"SELECT",2024-06-16 14:31:03 CST,8/19,90765,LOG,00000,"execute S_1: SELECT c_discount, c_last, c_credit, w_tax     FROM bmsql_customer     JOIN bmsql_warehouse ON (w_id = c_w_id)     WHERE c_w_id = $1 AND c_d_id = $2 AND c_id = $3 FOR UPDATE","parameters: $1 = '1', $2 = '4', $3 = '95'",,,,,,,,"","client backend"
2024-06-16 14:32:40.363 CST,"raingage","benchmark",15272,"127.0.0.1:45216",666e86a7.3ba8,247,"SELECT",2024-06-16 14:31:03 CST,8/19,90765,LOG,00000,"execute S_1: SELECT c_discount, c_last, c_credit, w_tax     FROM bmsql_customer     JOIN bmsql_warehouse ON (w_id = c_w_id)     WHERE c_w_id = $1 AND c_d_id = $2 AND c_id = $3 FOR UPDATE","parameters: $1 = '1', $2 = '4', $3 = '95'",,,,,,,,"","client backend"
2024-06-16 14:32:40.434 CST,"raingage","benchmark",15272,"127.0.0.1:45216",666e86a7.3ba8,248,"SELECT",2024-06-16 14:31:03 CST,8/19,90765,LOG,00000,"execute S_1: SELECT c_discount, c_last, c_credit, w_tax     FROM bmsql_customer     JOIN bmsql_warehouse ON (w_id = c_w_id)     WHERE c_w_id = $1 AND c_d_id = $2 AND c_id = $3 FOR UPDATE","parameters: $1 = '1', $2 = '4', $3 = '95'",,,,,,,,"","client backend"
2024-06-16 14:32:40.505 CST,"raingage","benchmark",15272,"127.0.0.1:45216",666e86a7.3ba8,249,"SELECT",2024-06-16 14:31:03 CST,8/19,90765,LOG,00000,"execute S_1: SELECT c_discount, c_last, c_credit, w_tax     FROM bmsql_customer     JOIN bmsql_warehouse ON (w_id = c_w_id)     WHERE c_w_id = $1 AND c_d_id = $2 AND c_id = $3 FOR UPDATE","parameters: $1 = '1', $2 = '4', $3 = '95'",,,,,,,,"","client backend"
2024-06-16 14:32:40.576 CST,"raingage","benchmark",15272,"127.0.0.1:45216",666e86a7.3ba8,250,"SELECT",2024-06-16 14:31:03 CST,8/19,90765,LOG,00000,"execute S_1: SELECT c_discount, c_last, c_credit, w_tax     FROM bmsql_customer     JOIN bmsql_warehouse ON (w_id = c_w_id)     WHERE c_w_id = $1 AND c_d_id = $2 AND c_id = $3 FOR UPDATE","parameters: $1 = '1', $2 = '4', $3 = '95'",,,,,,,,"","client backend"
2024-06-16 14:32:40.593 CST,"raingage","benchmark",15272,"127.0.0.1:45216",666e86a7.3ba8,251,"SELECT",2024-06-16 14:31:03 CST,8/19,90765,LOG,00000,"execute S_5: SELECT i_price, i_name, i_data     FROM bmsql_item     WHERE i_id = $1","parameters: $1 = '37'",,,,,,,,"","client backend"
2024-06-16 14:32:40.615 CST,"raingage","benchmark",15272,"127.0.0.1:45216",666e86a7.3ba8,252,"SELECT",2024-06-16 14:31:03 CST,8/19,90765,LOG,00000,"execute S_6: SELECT s_quantity, s_data,        s_dist_01, s_dist_02, s_dist_03, s_dist_04,        s_dist_05, s_dist_06, s_dist_07, s_dist_08,        s_dist_09, s_dist_10     FROM bmsql_stock     WHERE s_w_id = $1 AND s_i_id = $2  FOR UPDATE","parameters: $1 = '1', $2 = '37'",,,,,,,,"","client backend"
2024-06-16 14:32:40.629 CST,"raingage","benchmark",15272,"127.0.0.1:45216",666e86a7.3ba8,253,"UPDATE",2024-06-16 14:31:03 CST,8/19,90765,LOG,00000,"execute S_7: UPDATE bmsql_stock     SET s_quantity = $1, s_ytd = s_ytd + $2,         s_order_cnt = s_order_cnt + 1,         s_remote_cnt = s_remote_cnt + $3     WHERE s_w_id = $4 AND s_i_id = $5","parameters: $1 = '78', $2 = '7', $3 = '0', $4 = '1', $5 = '37'",,,,,,,,"","client backend"
2024-06-16 14:32:40.644 CST,"raingage","benchmark",15272,"127.0.0.1:45216",666e86a7.3ba8,254,"COMMIT",2024-06-16 14:31:03 CST,8/19,90765,LOG,00000,"execute S_2: COMMIT",,,,,,,,,"","client backend"
2024-06-16 14:32:40.660 CST,"raingage","benchmark",15272,"127.0.0.1:45216",666e86a7.3ba8,255,"BEGIN",2024-06-16 14:31:03 CST,8/20,0,LOG,00000,"execute S_3: BEGIN",,,,,,,,,"","client backend"
2024-06-16 14:32:40.676 CST,"raingage","benchmark",15272,"127.0.0.1:45216",666e86a7.3ba8,256,"SELECT",2024-06-16 14:31:03 CST,8/20,0,LOG,00000,"execute S_4: SELECT d_tax, d_next_o_id     FROM bmsql_district     WHERE d_w_id = $1 AND d_id = $2 ","parameters: $1 = '1', $2 = '1'",,,,,,,,"","client backend"
2024-06-16 14:32:40.717 CST,"raingage","benchmark",15269,"127.0.0.1:45210",666e86a6.3ba5,498,"SELECT",2024-06-16 14:31:02 CST,5/37,90766,LOG,00000,"execute S_1: SELECT c_discount, c_last, c_credit, w_tax     FROM bmsql_customer     JOIN bmsql_warehouse ON (w_id = c_w_id)     WHERE c_w_id = $1 AND c_d_id = $2 AND c_id = $3 FOR UPDATE","parameters: $1 = '1', $2 = '2', $3 = '52'",,,,,,,,"","client backend"
2024-06-16 14:32:40.741 CST,"raingage","benchmark",15272,"127.0.0.1:45216",666e86a7.3ba8,257,"SELECT",2024-06-16 14:31:03 CST,8/20,0,LOG,00000,"execute S_1: SELECT c_discount, c_last, c_credit, w_tax     FROM bmsql_customer     JOIN bmsql_warehouse ON (w_id = c_w_id)     WHERE c_w_id = $1 AND c_d_id = $2 AND c_id = $3 FOR UPDATE","parameters: $1 = '1', $2 = '1', $3 = '28'",,,,,,,,"","client backend"
2024-06-16 14:32:40.785 CST,"raingage","benchmark",15269,"127.0.0.1:45210",666e86a6.3ba5,499,"SELECT",2024-06-16 14:31:02 CST,5/37,90766,LOG,00000,"execute S_1: SELECT c_discount, c_last, c_credit, w_tax     FROM bmsql_customer     JOIN bmsql_warehouse ON (w_id = c_w_id)     WHERE c_w_id = $1 AND c_d_id = $2 AND c_id = $3 FOR UPDATE","parameters: $1 = '1', $2 = '2', $3 = '52'",,,,,,,,"","client backend"
2024-06-16 14:32:40.854 CST,"raingage","benchmark",15269,"127.0.0.1:45210",666e86a6.3ba5,500,"SELECT",2024-06-16 14:31:02 CST,5/37,90766,LOG,00000,"execute S_1: SELECT c_discount, c_last, c_credit, w_tax     FROM bmsql_customer     JOIN bmsql_warehouse ON (w_id = c_w_id)     WHERE c_w_id = $1 AND c_d_id = $2 AND c_id = $3 FOR UPDATE","parameters: $1 = '1', $2 = '2', $3 = '52'",,,,,,,,"","client backend"
2024-06-16 14:32:40.925 CST,"raingage","benchmark",15269,"127.0.0.1:45210",666e86a6.3ba5,501,"SELECT",2024-06-16 14:31:02 CST,5/37,90766,LOG,00000,"execute S_1: SELECT c_discount, c_last, c_credit, w_tax     FROM bmsql_customer     JOIN bmsql_warehouse ON (w_id = c_w_id)     WHERE c_w_id = $1 AND c_d_id = $2 AND c_id = $3 FOR UPDATE","parameters: $1 = '1', $2 = '2', $3 = '52'",,,,,,,,"","client backend"
2024-06-16 14:32:40.995 CST,"raingage","benchmark",15269,"127.0.0.1:45210",666e86a6.3ba5,502,"SELECT",2024-06-16 14:31:02 CST,5/37,90766,LOG,00000,"execute S_1: SELECT c_discount, c_last, c_credit, w_tax     FROM bmsql_customer     JOIN bmsql_warehouse ON (w_id = c_w_id)     WHERE c_w_id = $1 AND c_d_id = $2 AND c_id = $3 FOR UPDATE","parameters: $1 = '1', $2 = '2', $3 = '52'",,,,,,,,"","client backend"
2024-06-16 14:32:41.066 CST,"raingage","benchmark",15269,"127.0.0.1:45210",666e86a6.3ba5,503,"SELECT",2024-06-16 14:31:02 CST,5/37,90766,LOG,00000,"execute S_1: SELECT c_discount, c_last, c_credit, w_tax     FROM bmsql_customer     JOIN bmsql_warehouse ON (w_id = c_w_id)     WHERE c_w_id = $1 AND c_d_id = $2 AND c_id = $3 FOR UPDATE","parameters: $1 = '1', $2 = '2', $3 = '52'",,,,,,,,"","client backend"
2024-06-16 14:32:41.131 CST,"raingage","benchmark",15269,"127.0.0.1:45210",666e86a6.3ba5,504,"SELECT",2024-06-16 14:31:02 CST,5/37,90766,LOG,00000,"execute S_1: SELECT c_discount, c_last, c_credit, w_tax     FROM bmsql_customer     JOIN bmsql_warehouse ON (w_id = c_w_id)     WHERE c_w_id = $1 AND c_d_id = $2 AND c_id = $3 FOR UPDATE","parameters: $1 = '1', $2 = '2', $3 = '52'",,,,,,,,"","client backend"
2024-06-16 14:32:41.152 CST,"raingage","benchmark",15269,"127.0.0.1:45210",666e86a6.3ba5,505,"SELECT",2024-06-16 14:31:02 CST,5/37,90766,LOG,00000,"execute S_6: SELECT i_price, i_name, i_data     FROM bmsql_item     WHERE i_id = $1","parameters: $1 = '82'",,,,,,,,"","client backend"
2024-06-16 14:32:41.167 CST,"raingage","benchmark",15269,"127.0.0.1:45210",666e86a6.3ba5,506,"SELECT",2024-06-16 14:31:02 CST,5/37,90766,LOG,00000,"execute S_7: SELECT s_quantity, s_data,        s_dist_01, s_dist_02, s_dist_03, s_dist_04,        s_dist_05, s_dist_06, s_dist_07, s_dist_08,        s_dist_09, s_dist_10     FROM bmsql_stock     WHERE s_w_id = $1 AND s_i_id = $2  FOR UPDATE","parameters: $1 = '1', $2 = '82'",,,,,,,,"","client backend"
2024-06-16 14:32:41.181 CST,"raingage","benchmark",15269,"127.0.0.1:45210",666e86a6.3ba5,507,"UPDATE",2024-06-16 14:31:02 CST,5/37,90766,LOG,00000,"execute S_8: UPDATE bmsql_stock     SET s_quantity = $1, s_ytd = s_ytd + $2,         s_order_cnt = s_order_cnt + 1,         s_remote_cnt = s_remote_cnt + $3     WHERE s_w_id = $4 AND s_i_id = $5","parameters: $1 = '72', $2 = '5', $3 = '0', $4 = '1', $5 = '82'",,,,,,,,"","client backend"
2024-06-16 14:32:41.200 CST,"raingage","benchmark",15269,"127.0.0.1:45210",666e86a6.3ba5,508,"COMMIT",2024-06-16 14:31:02 CST,5/37,90766,LOG,00000,"execute S_3: COMMIT",,,,,,,,,"","client backend"
2024-06-16 14:32:41.222 CST,"raingage","benchmark",15269,"127.0.0.1:45210",666e86a6.3ba5,509,"BEGIN",2024-06-16 14:31:02 CST,5/38,0,LOG,00000,"execute S_4: BEGIN",,,,,,,,,"","client backend"
2024-06-16 14:32:41.241 CST,"raingage","benchmark",15269,"127.0.0.1:45210",666e86a6.3ba5,510,"SELECT",2024-06-16 14:31:02 CST,5/38,0,LOG,00000,"execute S_5: SELECT d_tax, d_next_o_id     FROM bmsql_district     WHERE d_w_id = $1 AND d_id = $2 ","parameters: $1 = '1', $2 = '1'",,,,,,,,"","client backend"
2024-06-16 14:32:41.264 CST,"raingage","benchmark",15268,"127.0.0.1:45208",666e86a6.3ba4,384,"SELECT",2024-06-16 14:31:02 CST,4/29,90767,LOG,00000,"execute S_1: SELECT c_discount, c_last, c_credit, w_tax     FROM bmsql_customer     JOIN bmsql_warehouse ON (w_id = c_w_id)     WHERE c_w_id = $1 AND c_d_id = $2 AND c_id = $3 FOR UPDATE","parameters: $1 = '1', $2 = '1', $3 = '28'",,,,,,,,"","client backend"
2024-06-16 14:32:41.311 CST,"raingage","benchmark",15269,"127.0.0.1:45210",666e86a6.3ba5,511,"SELECT",2024-06-16 14:31:02 CST,5/38,0,LOG,00000,"execute S_1: SELECT c_discount, c_last, c_credit, w_tax     FROM bmsql_customer     JOIN bmsql_warehouse ON (w_id = c_w_id)     WHERE c_w_id = $1 AND c_d_id = $2 AND c_id = $3 FOR UPDATE","parameters: $1 = '1', $2 = '1', $3 = '17'",,,,,,,,"","client backend"
2024-06-16 14:32:41.331 CST,"raingage","benchmark",15268,"127.0.0.1:45208",666e86a6.3ba4,385,"SELECT",2024-06-16 14:31:02 CST,4/29,90767,LOG,00000,"execute S_1: SELECT c_discount, c_last, c_credit, w_tax     FROM bmsql_customer     JOIN bmsql_warehouse ON (w_id = c_w_id)     WHERE c_w_id = $1 AND c_d_id = $2 AND c_id = $3 FOR UPDATE","parameters: $1 = '1', $2 = '1', $3 = '28'",,,,,,,,"","client backend"
2024-06-16 14:32:41.401 CST,"raingage","benchmark",15268,"127.0.0.1:45208",666e86a6.3ba4,386,"SELECT",2024-06-16 14:31:02 CST,4/29,90767,LOG,00000,"execute S_1: SELECT c_discount, c_last, c_credit, w_tax     FROM bmsql_customer     JOIN bmsql_warehouse ON (w_id = c_w_id)     WHERE c_w_id = $1 AND c_d_id = $2 AND c_id = $3 FOR UPDATE","parameters: $1 = '1', $2 = '1', $3 = '28'",,,,,,,,"","client backend"
2024-06-16 14:32:41.466 CST,"raingage","benchmark",15268,"127.0.0.1:45208",666e86a6.3ba4,387,"SELECT",2024-06-16 14:31:02 CST,4/29,90767,LOG,00000,"execute S_1: SELECT c_discount, c_last, c_credit, w_tax     FROM bmsql_customer     JOIN bmsql_warehouse ON (w_id = c_w_id)     WHERE c_w_id = $1 AND c_d_id = $2 AND c_id = $3 FOR UPDATE","parameters: $1 = '1', $2 = '1', $3 = '28'",,,,,,,,"","client backend"
2024-06-16 14:32:41.533 CST,"raingage","benchmark",15268,"127.0.0.1:45208",666e86a6.3ba4,388,"SELECT",2024-06-16 14:31:02 CST,4/29,90767,LOG,00000,"execute S_1: SELECT c_discount, c_last, c_credit, w_tax     FROM bmsql_customer     JOIN bmsql_warehouse ON (w_id = c_w_id)     WHERE c_w_id = $1 AND c_d_id = $2 AND c_id = $3 FOR UPDATE","parameters: $1 = '1', $2 = '1', $3 = '28'",,,,,,,,"","client backend"
2024-06-16 14:32:41.595 CST,"raingage","benchmark",15268,"127.0.0.1:45208",666e86a6.3ba4,389,"SELECT",2024-06-16 14:31:02 CST,4/29,90767,LOG,00000,"execute S_1: SELECT c_discount, c_last, c_credit, w_tax     FROM bmsql_customer     JOIN bmsql_warehouse ON (w_id = c_w_id)     WHERE c_w_id = $1 AND c_d_id = $2 AND c_id = $3 FOR UPDATE","parameters: $1 = '1', $2 = '1', $3 = '28'",,,,,,,,"","client backend"
2024-06-16 14:32:41.666 CST,"raingage","benchmark",15268,"127.0.0.1:45208",666e86a6.3ba4,390,"SELECT",2024-06-16 14:31:02 CST,4/29,90767,LOG,00000,"execute S_1: SELECT c_discount, c_last, c_credit, w_tax     FROM bmsql_customer     JOIN bmsql_warehouse ON (w_id = c_w_id)     WHERE c_w_id = $1 AND c_d_id = $2 AND c_id = $3 FOR UPDATE","parameters: $1 = '1', $2 = '1', $3 = '28'",,,,,,,,"","client backend"
2024-06-16 14:32:41.687 CST,"raingage","benchmark",15268,"127.0.0.1:45208",666e86a6.3ba4,391,"SELECT",2024-06-16 14:31:02 CST,4/29,90767,LOG,00000,"execute S_5: SELECT i_price, i_name, i_data     FROM bmsql_item     WHERE i_id = $1","parameters: $1 = '24'",,,,,,,,"","client backend"
2024-06-16 14:32:41.700 CST,"raingage","benchmark",15268,"127.0.0.1:45208",666e86a6.3ba4,392,"SELECT",2024-06-16 14:31:02 CST,4/29,90767,LOG,00000,"execute S_6: SELECT s_quantity, s_data,        s_dist_01, s_dist_02, s_dist_03, s_dist_04,        s_dist_05, s_dist_06, s_dist_07, s_dist_08,        s_dist_09, s_dist_10     FROM bmsql_stock     WHERE s_w_id = $1 AND s_i_id = $2  FOR UPDATE","parameters: $1 = '1', $2 = '24'",,,,,,,,"","client backend"
2024-06-16 14:32:41.713 CST,"raingage","benchmark",15268,"127.0.0.1:45208",666e86a6.3ba4,393,"UPDATE",2024-06-16 14:31:02 CST,4/29,90767,LOG,00000,"execute S_7: UPDATE bmsql_stock     SET s_quantity = $1, s_ytd = s_ytd + $2,         s_order_cnt = s_order_cnt + 1,         s_remote_cnt = s_remote_cnt + $3     WHERE s_w_id = $4 AND s_i_id = $5","parameters: $1 = '67', $2 = '2', $3 = '0', $4 = '1', $5 = '24'",,,,,,,,"","client backend"
2024-06-16 14:32:41.729 CST,"raingage","benchmark",15268,"127.0.0.1:45208",666e86a6.3ba4,394,"COMMIT",2024-06-16 14:31:02 CST,4/29,90767,LOG,00000,"execute S_2: COMMIT",,,,,,,,,"","client backend"
2024-06-16 14:32:41.750 CST,"raingage","benchmark",15268,"127.0.0.1:45208",666e86a6.3ba4,395,"BEGIN",2024-06-16 14:31:02 CST,4/30,0,LOG,00000,"execute S_3: BEGIN",,,,,,,,,"","client backend"
2024-06-16 14:32:41.769 CST,"raingage","benchmark",15268,"127.0.0.1:45208",666e86a6.3ba4,396,"SELECT",2024-06-16 14:31:02 CST,4/30,0,LOG,00000,"execute S_4: SELECT d_tax, d_next_o_id     FROM bmsql_district     WHERE d_w_id = $1 AND d_id = $2 ","parameters: $1 = '1', $2 = '1'",,,,,,,,"","client backend"
2024-06-16 14:32:41.798 CST,"raingage","benchmark",15269,"127.0.0.1:45210",666e86a6.3ba5,512,"SELECT",2024-06-16 14:31:02 CST,5/38,90769,LOG,00000,"execute S_1: SELECT c_discount, c_last, c_credit, w_tax     FROM bmsql_customer     JOIN bmsql_warehouse ON (w_id = c_w_id)     WHERE c_w_id = $1 AND c_d_id = $2 AND c_id = $3 FOR UPDATE","parameters: $1 = '1', $2 = '1', $3 = '17'",,,,,,,,"","client backend"
2024-06-16 14:32:41.840 CST,"raingage","benchmark",15268,"127.0.0.1:45208",666e86a6.3ba4,397,"SELECT",2024-06-16 14:31:02 CST,4/30,0,LOG,00000,"execute S_1: SELECT c_discount, c_last, c_credit, w_tax     FROM bmsql_customer     JOIN bmsql_warehouse ON (w_id = c_w_id)     WHERE c_w_id = $1 AND c_d_id = $2 AND c_id = $3 FOR UPDATE","parameters: $1 = '1', $2 = '1', $3 = '17'",,,,,,,,"","client backend"
2024-06-16 14:32:41.863 CST,"raingage","benchmark",15269,"127.0.0.1:45210",666e86a6.3ba5,513,"SELECT",2024-06-16 14:31:02 CST,5/38,90769,LOG,00000,"execute S_1: SELECT c_discount, c_last, c_credit, w_tax     FROM bmsql_customer     JOIN bmsql_warehouse ON (w_id = c_w_id)     WHERE c_w_id = $1 AND c_d_id = $2 AND c_id = $3 FOR UPDATE","parameters: $1 = '1', $2 = '1', $3 = '17'",,,,,,,,"","client backend"
2024-06-16 14:32:41.931 CST,"raingage","benchmark",15269,"127.0.0.1:45210",666e86a6.3ba5,514,"SELECT",2024-06-16 14:31:02 CST,5/38,90769,LOG,00000,"execute S_1: SELECT c_discount, c_last, c_credit, w_tax     FROM bmsql_customer     JOIN bmsql_warehouse ON (w_id = c_w_id)     WHERE c_w_id = $1 AND c_d_id = $2 AND c_id = $3 FOR UPDATE","parameters: $1 = '1', $2 = '1', $3 = '17'",,,,,,,,"","client backend"
2024-06-16 14:32:41.993 CST,"raingage","benchmark",15269,"127.0.0.1:45210",666e86a6.3ba5,515,"SELECT",2024-06-16 14:31:02 CST,5/38,90769,LOG,00000,"execute S_1: SELECT c_discount, c_last, c_credit, w_tax     FROM bmsql_customer     JOIN bmsql_warehouse ON (w_id = c_w_id)     WHERE c_w_id = $1 AND c_d_id = $2 AND c_id = $3 FOR UPDATE","parameters: $1 = '1', $2 = '1', $3 = '17'",,,,,,,,"","client backend"
2024-06-16 14:32:42.065 CST,"raingage","benchmark",15269,"127.0.0.1:45210",666e86a6.3ba5,516,"SELECT",2024-06-16 14:31:02 CST,5/38,90769,LOG,00000,"execute S_1: SELECT c_discount, c_last, c_credit, w_tax     FROM bmsql_customer     JOIN bmsql_warehouse ON (w_id = c_w_id)     WHERE c_w_id = $1 AND c_d_id = $2 AND c_id = $3 FOR UPDATE","parameters: $1 = '1', $2 = '1', $3 = '17'",,,,,,,,"","client backend"
2024-06-16 14:32:42.134 CST,"raingage","benchmark",15269,"127.0.0.1:45210",666e86a6.3ba5,517,"SELECT",2024-06-16 14:31:02 CST,5/38,90769,LOG,00000,"execute S_1: SELECT c_discount, c_last, c_credit, w_tax     FROM bmsql_customer     JOIN bmsql_warehouse ON (w_id = c_w_id)     WHERE c_w_id = $1 AND c_d_id = $2 AND c_id = $3 FOR UPDATE","parameters: $1 = '1', $2 = '1', $3 = '17'",,,,,,,,"","client backend"
2024-06-16 14:32:42.197 CST,"raingage","benchmark",15269,"127.0.0.1:45210",666e86a6.3ba5,518,"SELECT",2024-06-16 14:31:02 CST,5/38,90769,LOG,00000,"execute S_1: SELECT c_discount, c_last, c_credit, w_tax     FROM bmsql_customer     JOIN bmsql_warehouse ON (w_id = c_w_id)     WHERE c_w_id = $1 AND c_d_id = $2 AND c_id = $3 FOR UPDATE","parameters: $1 = '1', $2 = '1', $3 = '17'",,,,,,,,"","client backend"
2024-06-16 14:32:42.217 CST,"raingage","benchmark",15269,"127.0.0.1:45210",666e86a6.3ba5,519,"SELECT",2024-06-16 14:31:02 CST,5/38,90769,LOG,00000,"execute S_6: SELECT i_price, i_name, i_data     FROM bmsql_item     WHERE i_id = $1","parameters: $1 = '18'",,,,,,,,"","client backend"
2024-06-16 14:32:42.236 CST,"raingage","benchmark",15269,"127.0.0.1:45210",666e86a6.3ba5,520,"SELECT",2024-06-16 14:31:02 CST,5/38,90769,LOG,00000,"execute S_7: SELECT s_quantity, s_data,        s_dist_01, s_dist_02, s_dist_03, s_dist_04,        s_dist_05, s_dist_06, s_dist_07, s_dist_08,        s_dist_09, s_dist_10     FROM bmsql_stock     WHERE s_w_id = $1 AND s_i_id = $2  FOR UPDATE","parameters: $1 = '1', $2 = '18'",,,,,,,,"","client backend"
2024-06-16 14:32:42.250 CST,"raingage","benchmark",15269,"127.0.0.1:45210",666e86a6.3ba5,521,"UPDATE",2024-06-16 14:31:02 CST,5/38,90769,LOG,00000,"execute S_8: UPDATE bmsql_stock     SET s_quantity = $1, s_ytd = s_ytd + $2,         s_order_cnt = s_order_cnt + 1,         s_remote_cnt = s_remote_cnt + $3     WHERE s_w_id = $4 AND s_i_id = $5","parameters: $1 = '66', $2 = '1', $3 = '0', $4 = '1', $5 = '18'",,,,,,,,"","client backend"
2024-06-16 14:32:42.269 CST,"raingage","benchmark",15269,"127.0.0.1:45210",666e86a6.3ba5,522,"COMMIT",2024-06-16 14:31:02 CST,5/38,90769,LOG,00000,"execute S_3: COMMIT",,,,,,,,,"","client backend"
2024-06-16 14:32:42.284 CST,"raingage","benchmark",15269,"127.0.0.1:45210",666e86a6.3ba5,523,"BEGIN",2024-06-16 14:31:02 CST,5/39,0,LOG,00000,"execute S_4: BEGIN",,,,,,,,,"","client backend"
2024-06-16 14:32:42.299 CST,"raingage","benchmark",15269,"127.0.0.1:45210",666e86a6.3ba5,524,"SELECT",2024-06-16 14:31:02 CST,5/39,0,LOG,00000,"execute S_5: SELECT d_tax, d_next_o_id     FROM bmsql_district     WHERE d_w_id = $1 AND d_id = $2 ","parameters: $1 = '1', $2 = '1'",,,,,,,,"","client backend"
2024-06-16 14:32:42.334 CST,"raingage","benchmark",15272,"127.0.0.1:45216",666e86a7.3ba8,258,"SELECT",2024-06-16 14:31:03 CST,8/20,90770,LOG,00000,"execute S_1: SELECT c_discount, c_last, c_credit, w_tax     FROM bmsql_customer     JOIN bmsql_warehouse ON (w_id = c_w_id)     WHERE c_w_id = $1 AND c_d_id = $2 AND c_id = $3 FOR UPDATE","parameters: $1 = '1', $2 = '1', $3 = '28'",,,,,,,,"","client backend"
2024-06-16 14:32:42.364 CST,"raingage","benchmark",15269,"127.0.0.1:45210",666e86a6.3ba5,525,"SELECT",2024-06-16 14:31:02 CST,5/39,0,LOG,00000,"execute S_1: SELECT c_discount, c_last, c_credit, w_tax     FROM bmsql_customer     JOIN bmsql_warehouse ON (w_id = c_w_id)     WHERE c_w_id = $1 AND c_d_id = $2 AND c_id = $3 FOR UPDATE","parameters: $1 = '1', $2 = '1', $3 = '2'",,,,,,,,"","client backend"
2024-06-16 14:32:42.403 CST,"raingage","benchmark",15272,"127.0.0.1:45216",666e86a7.3ba8,259,"SELECT",2024-06-16 14:31:03 CST,8/20,90770,LOG,00000,"execute S_1: SELECT c_discount, c_last, c_credit, w_tax     FROM bmsql_customer     JOIN bmsql_warehouse ON (w_id = c_w_id)     WHERE c_w_id = $1 AND c_d_id = $2 AND c_id = $3 FOR UPDATE","parameters: $1 = '1', $2 = '1', $3 = '28'",,,,,,,,"","client backend"
2024-06-16 14:32:42.467 CST,"raingage","benchmark",15272,"127.0.0.1:45216",666e86a7.3ba8,260,"SELECT",2024-06-16 14:31:03 CST,8/20,90770,LOG,00000,"execute S_1: SELECT c_discount, c_last, c_credit, w_tax     FROM bmsql_customer     JOIN bmsql_warehouse ON (w_id = c_w_id)     WHERE c_w_id = $1 AND c_d_id = $2 AND c_id = $3 FOR UPDATE","parameters: $1 = '1', $2 = '1', $3 = '28'",,,,,,,,"","client backend"
2024-06-16 14:32:42.539 CST,"raingage","benchmark",15272,"127.0.0.1:45216",666e86a7.3ba8,261,"SELECT",2024-06-16 14:31:03 CST,8/20,90770,LOG,00000,"execute S_1: SELECT c_discount, c_last, c_credit, w_tax     FROM bmsql_customer     JOIN bmsql_warehouse ON (w_id = c_w_id)     WHERE c_w_id = $1 AND c_d_id = $2 AND c_id = $3 FOR UPDATE","parameters: $1 = '1', $2 = '1', $3 = '28'",,,,,,,,"","client backend"
2024-06-16 14:32:42.609 CST,"raingage","benchmark",15272,"127.0.0.1:45216",666e86a7.3ba8,262,"SELECT",2024-06-16 14:31:03 CST,8/20,90770,LOG,00000,"execute S_1: SELECT c_discount, c_last, c_credit, w_tax     FROM bmsql_customer     JOIN bmsql_warehouse ON (w_id = c_w_id)     WHERE c_w_id = $1 AND c_d_id = $2 AND c_id = $3 FOR UPDATE","parameters: $1 = '1', $2 = '1', $3 = '28'",,,,,,,,"","client backend"
2024-06-16 14:32:42.677 CST,"raingage","benchmark",15272,"127.0.0.1:45216",666e86a7.3ba8,263,"SELECT",2024-06-16 14:31:03 CST,8/20,90770,LOG,00000,"execute S_1: SELECT c_discount, c_last, c_credit, w_tax     FROM bmsql_customer     JOIN bmsql_warehouse ON (w_id = c_w_id)     WHERE c_w_id = $1 AND c_d_id = $2 AND c_id = $3 FOR UPDATE","parameters: $1 = '1', $2 = '1', $3 = '28'",,,,,,,,"","client backend"
2024-06-16 14:32:42.732 CST,"raingage","benchmark",15272,"127.0.0.1:45216",666e86a7.3ba8,264,"SELECT",2024-06-16 14:31:03 CST,8/20,90770,LOG,00000,"execute S_1: SELECT c_discount, c_last, c_credit, w_tax     FROM bmsql_customer     JOIN bmsql_warehouse ON (w_id = c_w_id)     WHERE c_w_id = $1 AND c_d_id = $2 AND c_id = $3 FOR UPDATE","parameters: $1 = '1', $2 = '1', $3 = '28'",,,,,,,,"","client backend"
2024-06-16 14:32:42.751 CST,"raingage","benchmark",15272,"127.0.0.1:45216",666e86a7.3ba8,265,"SELECT",2024-06-16 14:31:03 CST,8/20,90770,LOG,00000,"execute S_5: SELECT i_price, i_name, i_data     FROM bmsql_item     WHERE i_id = $1","parameters: $1 = '24'",,,,,,,,"","client backend"
2024-06-16 14:32:42.771 CST,"raingage","benchmark",15272,"127.0.0.1:45216",666e86a7.3ba8,266,"SELECT",2024-06-16 14:31:03 CST,8/20,90770,LOG,00000,"execute S_6: SELECT s_quantity, s_data,        s_dist_01, s_dist_02, s_dist_03, s_dist_04,        s_dist_05, s_dist_06, s_dist_07, s_dist_08,        s_dist_09, s_dist_10     FROM bmsql_stock     WHERE s_w_id = $1 AND s_i_id = $2  FOR UPDATE","parameters: $1 = '1', $2 = '24'",,,,,,,,"","client backend"
2024-06-16 14:32:42.791 CST,"raingage","benchmark",15272,"127.0.0.1:45216",666e86a7.3ba8,267,"UPDATE",2024-06-16 14:31:03 CST,8/20,90770,LOG,00000,"execute S_7: UPDATE bmsql_stock     SET s_quantity = $1, s_ytd = s_ytd + $2,         s_order_cnt = s_order_cnt + 1,         s_remote_cnt = s_remote_cnt + $3     WHERE s_w_id = $4 AND s_i_id = $5","parameters: $1 = '60', $2 = '7', $3 = '0', $4 = '1', $5 = '24'",,,,,,,,"","client backend"
2024-06-16 14:32:42.806 CST,"raingage","benchmark",15272,"127.0.0.1:45216",666e86a7.3ba8,268,"COMMIT",2024-06-16 14:31:03 CST,8/20,90770,LOG,00000,"execute S_2: COMMIT",,,,,,,,,"","client backend"
2024-06-16 14:32:42.826 CST,"raingage","benchmark",15272,"127.0.0.1:45216",666e86a7.3ba8,269,"BEGIN",2024-06-16 14:31:03 CST,8/21,0,LOG,00000,"execute S_3: BEGIN",,,,,,,,,"","client backend"
2024-06-16 14:32:42.846 CST,"raingage","benchmark",15272,"127.0.0.1:45216",666e86a7.3ba8,270,"SELECT",2024-06-16 14:31:03 CST,8/21,0,LOG,00000,"execute S_4: SELECT d_tax, d_next_o_id     FROM bmsql_district     WHERE d_w_id = $1 AND d_id = $2 ","parameters: $1 = '1', $2 = '1'",,,,,,,,"","client backend"
2024-06-16 14:32:42.879 CST,"raingage","benchmark",15268,"127.0.0.1:45208",666e86a6.3ba4,398,"SELECT",2024-06-16 14:31:02 CST,4/30,90771,LOG,00000,"execute S_1: SELECT c_discount, c_last, c_credit, w_tax     FROM bmsql_customer     JOIN bmsql_warehouse ON (w_id = c_w_id)     WHERE c_w_id = $1 AND c_d_id = $2 AND c_id = $3 FOR UPDATE","parameters: $1 = '1', $2 = '1', $3 = '17'",,,,,,,,"","client backend"
2024-06-16 14:32:42.908 CST,"raingage","benchmark",15272,"127.0.0.1:45216",666e86a7.3ba8,271,"SELECT",2024-06-16 14:31:03 CST,8/21,0,LOG,00000,"execute S_1: SELECT c_discount, c_last, c_credit, w_tax     FROM bmsql_customer     JOIN bmsql_warehouse ON (w_id = c_w_id)     WHERE c_w_id = $1 AND c_d_id = $2 AND c_id = $3 FOR UPDATE","parameters: $1 = '1', $2 = '1', $3 = '80'",,,,,,,,"","client backend"
2024-06-16 14:32:42.943 CST,"raingage","benchmark",15268,"127.0.0.1:45208",666e86a6.3ba4,399,"SELECT",2024-06-16 14:31:02 CST,4/30,90771,LOG,00000,"execute S_1: SELECT c_discount, c_last, c_credit, w_tax     FROM bmsql_customer     JOIN bmsql_warehouse ON (w_id = c_w_id)     WHERE c_w_id = $1 AND c_d_id = $2 AND c_id = $3 FOR UPDATE","parameters: $1 = '1', $2 = '1', $3 = '17'",,,,,,,,"","client backend"
2024-06-16 14:32:43.013 CST,"raingage","benchmark",15268,"127.0.0.1:45208",666e86a6.3ba4,400,"SELECT",2024-06-16 14:31:02 CST,4/30,90771,LOG,00000,"execute S_1: SELECT c_discount, c_last, c_credit, w_tax     FROM bmsql_customer     JOIN bmsql_warehouse ON (w_id = c_w_id)     WHERE c_w_id = $1 AND c_d_id = $2 AND c_id = $3 FOR UPDATE","parameters: $1 = '1', $2 = '1', $3 = '17'",,,,,,,,"","client backend"
2024-06-16 14:32:43.078 CST,"raingage","benchmark",15268,"127.0.0.1:45208",666e86a6.3ba4,401,"SELECT",2024-06-16 14:31:02 CST,4/30,90771,LOG,00000,"execute S_1: SELECT c_discount, c_last, c_credit, w_tax     FROM bmsql_customer     JOIN bmsql_warehouse ON (w_id = c_w_id)     WHERE c_w_id = $1 AND c_d_id = $2 AND c_id = $3 FOR UPDATE","parameters: $1 = '1', $2 = '1', $3 = '17'",,,,,,,,"","client backend"
2024-06-16 14:32:43.149 CST,"raingage","benchmark",15268,"127.0.0.1:45208",666e86a6.3ba4,402,"SELECT",2024-06-16 14:31:02 CST,4/30,90771,LOG,00000,"execute S_1: SELECT c_discount, c_last, c_credit, w_tax     FROM bmsql_customer     JOIN bmsql_warehouse ON (w_id = c_w_id)     WHERE c_w_id = $1 AND c_d_id = $2 AND c_id = $3 FOR UPDATE","parameters: $1 = '1', $2 = '1', $3 = '17'",,,,,,,,"","client backend"
2024-06-16 14:32:43.216 CST,"raingage","benchmark",15268,"127.0.0.1:45208",666e86a6.3ba4,403,"SELECT",2024-06-16 14:31:02 CST,4/30,90771,LOG,00000,"execute S_1: SELECT c_discount, c_last, c_credit, w_tax     FROM bmsql_customer     JOIN bmsql_warehouse ON (w_id = c_w_id)     WHERE c_w_id = $1 AND c_d_id = $2 AND c_id = $3 FOR UPDATE","parameters: $1 = '1', $2 = '1', $3 = '17'",,,,,,,,"","client backend"
2024-06-16 14:32:43.271 CST,"raingage","benchmark",15268,"127.0.0.1:45208",666e86a6.3ba4,404,"SELECT",2024-06-16 14:31:02 CST,4/30,90771,LOG,00000,"execute S_1: SELECT c_discount, c_last, c_credit, w_tax     FROM bmsql_customer     JOIN bmsql_warehouse ON (w_id = c_w_id)     WHERE c_w_id = $1 AND c_d_id = $2 AND c_id = $3 FOR UPDATE","parameters: $1 = '1', $2 = '1', $3 = '17'",,,,,,,,"","client backend"
2024-06-16 14:32:43.292 CST,"raingage","benchmark",15268,"127.0.0.1:45208",666e86a6.3ba4,405,"SELECT",2024-06-16 14:31:02 CST,4/30,90771,LOG,00000,"execute S_5: SELECT i_price, i_name, i_data     FROM bmsql_item     WHERE i_id = $1","parameters: $1 = '18'",,,,,,,,"","client backend"
2024-06-16 14:32:43.304 CST,"raingage","benchmark",15268,"127.0.0.1:45208",666e86a6.3ba4,406,"SELECT",2024-06-16 14:31:02 CST,4/30,90771,LOG,00000,"execute S_6: SELECT s_quantity, s_data,        s_dist_01, s_dist_02, s_dist_03, s_dist_04,        s_dist_05, s_dist_06, s_dist_07, s_dist_08,        s_dist_09, s_dist_10     FROM bmsql_stock     WHERE s_w_id = $1 AND s_i_id = $2  FOR UPDATE","parameters: $1 = '1', $2 = '18'",,,,,,,,"","client backend"
2024-06-16 14:32:43.319 CST,"raingage","benchmark",15268,"127.0.0.1:45208",666e86a6.3ba4,407,"UPDATE",2024-06-16 14:31:02 CST,4/30,90771,LOG,00000,"execute S_7: UPDATE bmsql_stock     SET s_quantity = $1, s_ytd = s_ytd + $2,         s_order_cnt = s_order_cnt + 1,         s_remote_cnt = s_remote_cnt + $3     WHERE s_w_id = $4 AND s_i_id = $5","parameters: $1 = '64', $2 = '2', $3 = '0', $4 = '1', $5 = '18'",,,,,,,,"","client backend"
2024-06-16 14:32:43.338 CST,"raingage","benchmark",15268,"127.0.0.1:45208",666e86a6.3ba4,408,"COMMIT",2024-06-16 14:31:02 CST,4/30,90771,LOG,00000,"execute S_2: COMMIT",,,,,,,,,"","client backend"
2024-06-16 14:32:43.353 CST,"raingage","benchmark",15268,"127.0.0.1:45208",666e86a6.3ba4,409,"BEGIN",2024-06-16 14:31:02 CST,4/31,0,LOG,00000,"execute S_3: BEGIN",,,,,,,,,"","client backend"
2024-06-16 14:32:43.372 CST,"raingage","benchmark",15268,"127.0.0.1:45208",666e86a6.3ba4,410,"SELECT",2024-06-16 14:31:02 CST,4/31,0,LOG,00000,"execute S_4: SELECT d_tax, d_next_o_id     FROM bmsql_district     WHERE d_w_id = $1 AND d_id = $2 ","parameters: $1 = '1', $2 = '1'",,,,,,,,"","client backend"
2024-06-16 14:32:43.409 CST,"raingage","benchmark",15269,"127.0.0.1:45210",666e86a6.3ba5,526,"SELECT",2024-06-16 14:31:02 CST,5/39,90772,LOG,00000,"execute S_1: SELECT c_discount, c_last, c_credit, w_tax     FROM bmsql_customer     JOIN bmsql_warehouse ON (w_id = c_w_id)     WHERE c_w_id = $1 AND c_d_id = $2 AND c_id = $3 FOR UPDATE","parameters: $1 = '1', $2 = '1', $3 = '2'",,,,,,,,"","client backend"
2024-06-16 14:32:43.438 CST,"raingage","benchmark",15268,"127.0.0.1:45208",666e86a6.3ba4,411,"SELECT",2024-06-16 14:31:02 CST,4/31,0,LOG,00000,"execute S_1: SELECT c_discount, c_last, c_credit, w_tax     FROM bmsql_customer     JOIN bmsql_warehouse ON (w_id = c_w_id)     WHERE c_w_id = $1 AND c_d_id = $2 AND c_id = $3 FOR UPDATE","parameters: $1 = '1', $2 = '1', $3 = '80'",,,,,,,,"","client backend"
2024-06-16 14:32:43.477 CST,"raingage","benchmark",15269,"127.0.0.1:45210",666e86a6.3ba5,527,"SELECT",2024-06-16 14:31:02 CST,5/39,90772,LOG,00000,"execute S_1: SELECT c_discount, c_last, c_credit, w_tax     FROM bmsql_customer     JOIN bmsql_warehouse ON (w_id = c_w_id)     WHERE c_w_id = $1 AND c_d_id = $2 AND c_id = $3 FOR UPDATE","parameters: $1 = '1', $2 = '1', $3 = '2'",,,,,,,,"","client backend"
2024-06-16 14:32:43.544 CST,"raingage","benchmark",15269,"127.0.0.1:45210",666e86a6.3ba5,528,"SELECT",2024-06-16 14:31:02 CST,5/39,90772,LOG,00000,"execute S_1: SELECT c_discount, c_last, c_credit, w_tax     FROM bmsql_customer     JOIN bmsql_warehouse ON (w_id = c_w_id)     WHERE c_w_id = $1 AND c_d_id = $2 AND c_id = $3 FOR UPDATE","parameters: $1 = '1', $2 = '1', $3 = '2'",,,,,,,,"","client backend"
2024-06-16 14:32:43.613 CST,"raingage","benchmark",15269,"127.0.0.1:45210",666e86a6.3ba5,529,"SELECT",2024-06-16 14:31:02 CST,5/39,90772,LOG,00000,"execute S_1: SELECT c_discount, c_last, c_credit, w_tax     FROM bmsql_customer     JOIN bmsql_warehouse ON (w_id = c_w_id)     WHERE c_w_id = $1 AND c_d_id = $2 AND c_id = $3 FOR UPDATE","parameters: $1 = '1', $2 = '1', $3 = '2'",,,,,,,,"","client backend"
2024-06-16 14:32:43.679 CST,"raingage","benchmark",15269,"127.0.0.1:45210",666e86a6.3ba5,530,"SELECT",2024-06-16 14:31:02 CST,5/39,90772,LOG,00000,"execute S_1: SELECT c_discount, c_last, c_credit, w_tax     FROM bmsql_customer     JOIN bmsql_warehouse ON (w_id = c_w_id)     WHERE c_w_id = $1 AND c_d_id = $2 AND c_id = $3 FOR UPDATE","parameters: $1 = '1', $2 = '1', $3 = '2'",,,,,,,,"","client backend"
2024-06-16 14:32:43.747 CST,"raingage","benchmark",15269,"127.0.0.1:45210",666e86a6.3ba5,531,"SELECT",2024-06-16 14:31:02 CST,5/39,90772,LOG,00000,"execute S_1: SELECT c_discount, c_last, c_credit, w_tax     FROM bmsql_customer     JOIN bmsql_warehouse ON (w_id = c_w_id)     WHERE c_w_id = $1 AND c_d_id = $2 AND c_id = $3 FOR UPDATE","parameters: $1 = '1', $2 = '1', $3 = '2'",,,,,,,,"","client backend"
2024-06-16 14:32:43.808 CST,"raingage","benchmark",15269,"127.0.0.1:45210",666e86a6.3ba5,532,"SELECT",2024-06-16 14:31:02 CST,5/39,90772,LOG,00000,"execute S_1: SELECT c_discount, c_last, c_credit, w_tax     FROM bmsql_customer     JOIN bmsql_warehouse ON (w_id = c_w_id)     WHERE c_w_id = $1 AND c_d_id = $2 AND c_id = $3 FOR UPDATE","parameters: $1 = '1', $2 = '1', $3 = '2'",,,,,,,,"","client backend"
2024-06-16 14:32:43.818 CST,"raingage","benchmark",15270,"127.0.0.1:45212",666e86a6.3ba6,535,"BEGIN",2024-06-16 14:31:02 CST,6/40,0,LOG,00000,"execute S_3: BEGIN",,,,,,,,,"","client backend"
2024-06-16 14:32:43.823 CST,"raingage","benchmark",15269,"127.0.0.1:45210",666e86a6.3ba5,533,"SELECT",2024-06-16 14:31:02 CST,5/39,90772,LOG,00000,"execute S_6: SELECT i_price, i_name, i_data     FROM bmsql_item     WHERE i_id = $1","parameters: $1 = '35'",,,,,,,,"","client backend"
2024-06-16 14:32:43.837 CST,"raingage","benchmark",15270,"127.0.0.1:45212",666e86a6.3ba6,536,"SELECT",2024-06-16 14:31:02 CST,6/40,0,LOG,00000,"execute S_4: SELECT d_tax, d_next_o_id     FROM bmsql_district     WHERE d_w_id = $1 AND d_id = $2 ","parameters: $1 = '1', $2 = '4'",,,,,,,,"","client backend"
2024-06-16 14:32:43.838 CST,"raingage","benchmark",15269,"127.0.0.1:45210",666e86a6.3ba5,534,"SELECT",2024-06-16 14:31:02 CST,5/39,90772,LOG,00000,"execute S_7: SELECT s_quantity, s_data,        s_dist_01, s_dist_02, s_dist_03, s_dist_04,        s_dist_05, s_dist_06, s_dist_07, s_dist_08,        s_dist_09, s_dist_10     FROM bmsql_stock     WHERE s_w_id = $1 AND s_i_id = $2  FOR UPDATE","parameters: $1 = '1', $2 = '35'",,,,,,,,"","client backend"
2024-06-16 14:32:43.850 CST,"raingage","benchmark",15269,"127.0.0.1:45210",666e86a6.3ba5,535,"UPDATE",2024-06-16 14:31:02 CST,5/39,90772,LOG,00000,"execute S_8: UPDATE bmsql_stock     SET s_quantity = $1, s_ytd = s_ytd + $2,         s_order_cnt = s_order_cnt + 1,         s_remote_cnt = s_remote_cnt + $3     WHERE s_w_id = $4 AND s_i_id = $5","parameters: $1 = '99', $2 = '4', $3 = '0', $4 = '1', $5 = '35'",,,,,,,,"","client backend"
2024-06-16 14:32:43.867 CST,"raingage","benchmark",15269,"127.0.0.1:45210",666e86a6.3ba5,536,"COMMIT",2024-06-16 14:31:02 CST,5/39,90772,LOG,00000,"execute S_3: COMMIT",,,,,,,,,"","client backend"
2024-06-16 14:32:43.888 CST,"raingage","benchmark",15269,"127.0.0.1:45210",666e86a6.3ba5,537,"BEGIN",2024-06-16 14:31:02 CST,5/40,0,LOG,00000,"execute S_4: BEGIN",,,,,,,,,"","client backend"
2024-06-16 14:32:43.904 CST,"raingage","benchmark",15269,"127.0.0.1:45210",666e86a6.3ba5,538,"SELECT",2024-06-16 14:31:02 CST,5/40,0,LOG,00000,"execute S_5: SELECT d_tax, d_next_o_id     FROM bmsql_district     WHERE d_w_id = $1 AND d_id = $2 ","parameters: $1 = '1', $2 = '1'",,,,,,,,"","client backend"
2024-06-16 14:32:43.907 CST,"raingage","benchmark",15270,"127.0.0.1:45212",666e86a6.3ba6,537,"SELECT",2024-06-16 14:31:02 CST,6/40,0,LOG,00000,"execute S_1: SELECT c_discount, c_last, c_credit, w_tax     FROM bmsql_customer     JOIN bmsql_warehouse ON (w_id = c_w_id)     WHERE c_w_id = $1 AND c_d_id = $2 AND c_id = $3 FOR UPDATE","parameters: $1 = '1', $2 = '4', $3 = '26'",,,,,,,,"","client backend"
2024-06-16 14:32:43.935 CST,"raingage","benchmark",15272,"127.0.0.1:45216",666e86a7.3ba8,272,"SELECT",2024-06-16 14:31:03 CST,8/21,90773,LOG,00000,"execute S_1: SELECT c_discount, c_last, c_credit, w_tax     FROM bmsql_customer     JOIN bmsql_warehouse ON (w_id = c_w_id)     WHERE c_w_id = $1 AND c_d_id = $2 AND c_id = $3 FOR UPDATE","parameters: $1 = '1', $2 = '1', $3 = '80'",,,,,,,,"","client backend"
2024-06-16 14:32:43.966 CST,"raingage","benchmark",15269,"127.0.0.1:45210",666e86a6.3ba5,539,"SELECT",2024-06-16 14:31:02 CST,5/40,0,LOG,00000,"execute S_1: SELECT c_discount, c_last, c_credit, w_tax     FROM bmsql_customer     JOIN bmsql_warehouse ON (w_id = c_w_id)     WHERE c_w_id = $1 AND c_d_id = $2 AND c_id = $3 FOR UPDATE","parameters: $1 = '1', $2 = '1', $3 = '21'",,,,,,,,"","client backend"
2024-06-16 14:32:44.000 CST,"raingage","benchmark",15272,"127.0.0.1:45216",666e86a7.3ba8,273,"SELECT",2024-06-16 14:31:03 CST,8/21,90773,LOG,00000,"execute S_1: SELECT c_discount, c_last, c_credit, w_tax     FROM bmsql_customer     JOIN bmsql_warehouse ON (w_id = c_w_id)     WHERE c_w_id = $1 AND c_d_id = $2 AND c_id = $3 FOR UPDATE","parameters: $1 = '1', $2 = '1', $3 = '80'",,,,,,,,"","client backend"
2024-06-16 14:32:44.064 CST,"raingage","benchmark",15272,"127.0.0.1:45216",666e86a7.3ba8,274,"SELECT",2024-06-16 14:31:03 CST,8/21,90773,LOG,00000,"execute S_1: SELECT c_discount, c_last, c_credit, w_tax     FROM bmsql_customer     JOIN bmsql_warehouse ON (w_id = c_w_id)     WHERE c_w_id = $1 AND c_d_id = $2 AND c_id = $3 FOR UPDATE","parameters: $1 = '1', $2 = '1', $3 = '80'",,,,,,,,"","client backend"
2024-06-16 14:32:44.131 CST,"raingage","benchmark",15272,"127.0.0.1:45216",666e86a7.3ba8,275,"SELECT",2024-06-16 14:31:03 CST,8/21,90773,LOG,00000,"execute S_1: SELECT c_discount, c_last, c_credit, w_tax     FROM bmsql_customer     JOIN bmsql_warehouse ON (w_id = c_w_id)     WHERE c_w_id = $1 AND c_d_id = $2 AND c_id = $3 FOR UPDATE","parameters: $1 = '1', $2 = '1', $3 = '80'",,,,,,,,"","client backend"
2024-06-16 14:32:44.202 CST,"raingage","benchmark",15272,"127.0.0.1:45216",666e86a7.3ba8,276,"SELECT",2024-06-16 14:31:03 CST,8/21,90773,LOG,00000,"execute S_1: SELECT c_discount, c_last, c_credit, w_tax     FROM bmsql_customer     JOIN bmsql_warehouse ON (w_id = c_w_id)     WHERE c_w_id = $1 AND c_d_id = $2 AND c_id = $3 FOR UPDATE","parameters: $1 = '1', $2 = '1', $3 = '80'",,,,,,,,"","client backend"
2024-06-16 14:32:44.267 CST,"raingage","benchmark",15272,"127.0.0.1:45216",666e86a7.3ba8,277,"SELECT",2024-06-16 14:31:03 CST,8/21,90773,LOG,00000,"execute S_1: SELECT c_discount, c_last, c_credit, w_tax     FROM bmsql_customer     JOIN bmsql_warehouse ON (w_id = c_w_id)     WHERE c_w_id = $1 AND c_d_id = $2 AND c_id = $3 FOR UPDATE","parameters: $1 = '1', $2 = '1', $3 = '80'",,,,,,,,"","client backend"
2024-06-16 14:32:44.339 CST,"raingage","benchmark",15272,"127.0.0.1:45216",666e86a7.3ba8,278,"SELECT",2024-06-16 14:31:03 CST,8/21,90773,LOG,00000,"execute S_1: SELECT c_discount, c_last, c_credit, w_tax     FROM bmsql_customer     JOIN bmsql_warehouse ON (w_id = c_w_id)     WHERE c_w_id = $1 AND c_d_id = $2 AND c_id = $3 FOR UPDATE","parameters: $1 = '1', $2 = '1', $3 = '80'",,,,,,,,"","client backend"
2024-06-16 14:32:44.359 CST,"raingage","benchmark",15272,"127.0.0.1:45216",666e86a7.3ba8,279,"SELECT",2024-06-16 14:31:03 CST,8/21,90773,LOG,00000,"execute S_5: SELECT i_price, i_name, i_data     FROM bmsql_item     WHERE i_id = $1","parameters: $1 = '60'",,,,,,,,"","client backend"
2024-06-16 14:32:44.373 CST,"raingage","benchmark",15272,"127.0.0.1:45216",666e86a7.3ba8,280,"SELECT",2024-06-16 14:31:03 CST,8/21,90773,LOG,00000,"execute S_6: SELECT s_quantity, s_data,        s_dist_01, s_dist_02, s_dist_03, s_dist_04,        s_dist_05, s_dist_06, s_dist_07, s_dist_08,        s_dist_09, s_dist_10     FROM bmsql_stock     WHERE s_w_id = $1 AND s_i_id = $2  FOR UPDATE","parameters: $1 = '1', $2 = '60'",,,,,,,,"","client backend"
2024-06-16 14:32:44.392 CST,"raingage","benchmark",15272,"127.0.0.1:45216",666e86a7.3ba8,281,"UPDATE",2024-06-16 14:31:03 CST,8/21,90773,LOG,00000,"execute S_7: UPDATE bmsql_stock     SET s_quantity = $1, s_ytd = s_ytd + $2,         s_order_cnt = s_order_cnt + 1,         s_remote_cnt = s_remote_cnt + $3     WHERE s_w_id = $4 AND s_i_id = $5","parameters: $1 = '20', $2 = '4', $3 = '0', $4 = '1', $5 = '60'",,,,,,,,"","client backend"
2024-06-16 14:32:44.410 CST,"raingage","benchmark",15272,"127.0.0.1:45216",666e86a7.3ba8,282,"COMMIT",2024-06-16 14:31:03 CST,8/21,90773,LOG,00000,"execute S_2: COMMIT",,,,,,,,,"","client backend"
2024-06-16 14:32:44.428 CST,"raingage","benchmark",15272,"127.0.0.1:45216",666e86a7.3ba8,283,"BEGIN",2024-06-16 14:31:03 CST,8/22,0,LOG,00000,"execute S_3: BEGIN",,,,,,,,,"","client backend"
2024-06-16 14:32:44.441 CST,"raingage","benchmark",15272,"127.0.0.1:45216",666e86a7.3ba8,284,"SELECT",2024-06-16 14:31:03 CST,8/22,0,LOG,00000,"execute S_4: SELECT d_tax, d_next_o_id     FROM bmsql_district     WHERE d_w_id = $1 AND d_id = $2 ","parameters: $1 = '1', $2 = '1'",,,,,,,,"","client backend"
2024-06-16 14:32:44.482 CST,"raingage","benchmark",15270,"127.0.0.1:45212",666e86a6.3ba6,538,"SELECT",2024-06-16 14:31:02 CST,6/40,90774,LOG,00000,"execute S_1: SELECT c_discount, c_last, c_credit, w_tax     FROM bmsql_customer     JOIN bmsql_warehouse ON (w_id = c_w_id)     WHERE c_w_id = $1 AND c_d_id = $2 AND c_id = $3 FOR UPDATE","parameters: $1 = '1', $2 = '4', $3 = '26'",,,,,,,,"","client backend"
2024-06-16 14:32:44.505 CST,"raingage","benchmark",15272,"127.0.0.1:45216",666e86a7.3ba8,285,"SELECT",2024-06-16 14:31:03 CST,8/22,0,LOG,00000,"execute S_1: SELECT c_discount, c_last, c_credit, w_tax     FROM bmsql_customer     JOIN bmsql_warehouse ON (w_id = c_w_id)     WHERE c_w_id = $1 AND c_d_id = $2 AND c_id = $3 FOR UPDATE","parameters: $1 = '1', $2 = '1', $3 = '21'",,,,,,,,"","client backend"
2024-06-16 14:32:44.552 CST,"raingage","benchmark",15270,"127.0.0.1:45212",666e86a6.3ba6,539,"SELECT",2024-06-16 14:31:02 CST,6/40,90774,LOG,00000,"execute S_1: SELECT c_discount, c_last, c_credit, w_tax     FROM bmsql_customer     JOIN bmsql_warehouse ON (w_id = c_w_id)     WHERE c_w_id = $1 AND c_d_id = $2 AND c_id = $3 FOR UPDATE","parameters: $1 = '1', $2 = '4', $3 = '26'",,,,,,,,"","client backend"
2024-06-16 14:32:44.615 CST,"raingage","benchmark",15270,"127.0.0.1:45212",666e86a6.3ba6,540,"SELECT",2024-06-16 14:31:02 CST,6/40,90774,LOG,00000,"execute S_1: SELECT c_discount, c_last, c_credit, w_tax     FROM bmsql_customer     JOIN bmsql_warehouse ON (w_id = c_w_id)     WHERE c_w_id = $1 AND c_d_id = $2 AND c_id = $3 FOR UPDATE","parameters: $1 = '1', $2 = '4', $3 = '26'",,,,,,,,"","client backend"
2024-06-16 14:32:44.679 CST,"raingage","benchmark",15270,"127.0.0.1:45212",666e86a6.3ba6,541,"SELECT",2024-06-16 14:31:02 CST,6/40,90774,LOG,00000,"execute S_1: SELECT c_discount, c_last, c_credit, w_tax     FROM bmsql_customer     JOIN bmsql_warehouse ON (w_id = c_w_id)     WHERE c_w_id = $1 AND c_d_id = $2 AND c_id = $3 FOR UPDATE","parameters: $1 = '1', $2 = '4', $3 = '26'",,,,,,,,"","client backend"
2024-06-16 14:32:44.751 CST,"raingage","benchmark",15270,"127.0.0.1:45212",666e86a6.3ba6,542,"SELECT",2024-06-16 14:31:02 CST,6/40,90774,LOG,00000,"execute S_1: SELECT c_discount, c_last, c_credit, w_tax     FROM bmsql_customer     JOIN bmsql_warehouse ON (w_id = c_w_id)     WHERE c_w_id = $1 AND c_d_id = $2 AND c_id = $3 FOR UPDATE","parameters: $1 = '1', $2 = '4', $3 = '26'",,,,,,,,"","client backend"
2024-06-16 14:32:44.818 CST,"raingage","benchmark",15270,"127.0.0.1:45212",666e86a6.3ba6,543,"SELECT",2024-06-16 14:31:02 CST,6/40,90774,LOG,00000,"execute S_1: SELECT c_discount, c_last, c_credit, w_tax     FROM bmsql_customer     JOIN bmsql_warehouse ON (w_id = c_w_id)     WHERE c_w_id = $1 AND c_d_id = $2 AND c_id = $3 FOR UPDATE","parameters: $1 = '1', $2 = '4', $3 = '26'",,,,,,,,"","client backend"
2024-06-16 14:32:44.889 CST,"raingage","benchmark",15270,"127.0.0.1:45212",666e86a6.3ba6,544,"SELECT",2024-06-16 14:31:02 CST,6/40,90774,LOG,00000,"execute S_1: SELECT c_discount, c_last, c_credit, w_tax     FROM bmsql_customer     JOIN bmsql_warehouse ON (w_id = c_w_id)     WHERE c_w_id = $1 AND c_d_id = $2 AND c_id = $3 FOR UPDATE","parameters: $1 = '1', $2 = '4', $3 = '26'",,,,,,,,"","client backend"
2024-06-16 14:32:44.904 CST,"raingage","benchmark",15270,"127.0.0.1:45212",666e86a6.3ba6,545,"SELECT",2024-06-16 14:31:02 CST,6/40,90774,LOG,00000,"execute S_5: SELECT i_price, i_name, i_data     FROM bmsql_item     WHERE i_id = $1","parameters: $1 = '3'",,,,,,,,"","client backend"
2024-06-16 14:32:44.908 CST,"raingage","benchmark",15270,"127.0.0.1:45212",666e86a6.3ba6,546,"SELECT",2024-06-16 14:31:02 CST,6/40,90774,LOG,00000,"execute S_6: SELECT s_quantity, s_data,        s_dist_01, s_dist_02, s_dist_03, s_dist_04,        s_dist_05, s_dist_06, s_dist_07, s_dist_08,        s_dist_09, s_dist_10     FROM bmsql_stock     WHERE s_w_id = $1 AND s_i_id = $2  FOR UPDATE","parameters: $1 = '1', $2 = '3'",,,,,,,,"","client backend"
2024-06-16 14:32:44.927 CST,"raingage","benchmark",15270,"127.0.0.1:45212",666e86a6.3ba6,547,"UPDATE",2024-06-16 14:31:02 CST,6/40,90774,LOG,00000,"execute S_7: UPDATE bmsql_stock     SET s_quantity = $1, s_ytd = s_ytd + $2,         s_order_cnt = s_order_cnt + 1,         s_remote_cnt = s_remote_cnt + $3     WHERE s_w_id = $4 AND s_i_id = $5","parameters: $1 = '39', $2 = '3', $3 = '0', $4 = '1', $5 = '3'",,,,,,,,"","client backend"
2024-06-16 14:32:44.945 CST,"raingage","benchmark",15270,"127.0.0.1:45212",666e86a6.3ba6,548,"COMMIT",2024-06-16 14:31:02 CST,6/40,90774,LOG,00000,"execute S_2: COMMIT",,,,,,,,,"","client backend"
2024-06-16 14:32:44.963 CST,"raingage","benchmark",15270,"127.0.0.1:45212",666e86a6.3ba6,549,"BEGIN",2024-06-16 14:31:02 CST,6/41,0,LOG,00000,"execute S_3: BEGIN",,,,,,,,,"","client backend"
2024-06-16 14:32:44.977 CST,"raingage","benchmark",15270,"127.0.0.1:45212",666e86a6.3ba6,550,"SELECT",2024-06-16 14:31:02 CST,6/41,0,LOG,00000,"execute S_4: SELECT d_tax, d_next_o_id     FROM bmsql_district     WHERE d_w_id = $1 AND d_id = $2 ","parameters: $1 = '1', $2 = '1'",,,,,,,,"","client backend"
2024-06-16 14:32:45.019 CST,"raingage","benchmark",15269,"127.0.0.1:45210",666e86a6.3ba5,540,"SELECT",2024-06-16 14:31:02 CST,5/40,90775,LOG,00000,"execute S_1: SELECT c_discount, c_last, c_credit, w_tax     FROM bmsql_customer     JOIN bmsql_warehouse ON (w_id = c_w_id)     WHERE c_w_id = $1 AND c_d_id = $2 AND c_id = $3 FOR UPDATE","parameters: $1 = '1', $2 = '1', $3 = '21'",,,,,,,,"","client backend"
2024-06-16 14:32:45.048 CST,"raingage","benchmark",15270,"127.0.0.1:45212",666e86a6.3ba6,551,"SELECT",2024-06-16 14:31:02 CST,6/41,0,LOG,00000,"execute S_1: SELECT c_discount, c_last, c_credit, w_tax     FROM bmsql_customer     JOIN bmsql_warehouse ON (w_id = c_w_id)     WHERE c_w_id = $1 AND c_d_id = $2 AND c_id = $3 FOR UPDATE","parameters: $1 = '1', $2 = '1', $3 = '78'",,,,,,,,"","client backend"
2024-06-16 14:32:45.084 CST,"raingage","benchmark",15269,"127.0.0.1:45210",666e86a6.3ba5,541,"SELECT",2024-06-16 14:31:02 CST,5/40,90775,LOG,00000,"execute S_1: SELECT c_discount, c_last, c_credit, w_tax     FROM bmsql_customer     JOIN bmsql_warehouse ON (w_id = c_w_id)     WHERE c_w_id = $1 AND c_d_id = $2 AND c_id = $3 FOR UPDATE","parameters: $1 = '1', $2 = '1', $3 = '21'",,,,,,,,"","client backend"
2024-06-16 14:32:45.146 CST,"raingage","benchmark",15269,"127.0.0.1:45210",666e86a6.3ba5,542,"SELECT",2024-06-16 14:31:02 CST,5/40,90775,LOG,00000,"execute S_1: SELECT c_discount, c_last, c_credit, w_tax     FROM bmsql_customer     JOIN bmsql_warehouse ON (w_id = c_w_id)     WHERE c_w_id = $1 AND c_d_id = $2 AND c_id = $3 FOR UPDATE","parameters: $1 = '1', $2 = '1', $3 = '21'",,,,,,,,"","client backend"
2024-06-16 14:32:45.212 CST,"raingage","benchmark",15269,"127.0.0.1:45210",666e86a6.3ba5,543,"SELECT",2024-06-16 14:31:02 CST,5/40,90775,LOG,00000,"execute S_1: SELECT c_discount, c_last, c_credit, w_tax     FROM bmsql_customer     JOIN bmsql_warehouse ON (w_id = c_w_id)     WHERE c_w_id = $1 AND c_d_id = $2 AND c_id = $3 FOR UPDATE","parameters: $1 = '1', $2 = '1', $3 = '21'",,,,,,,,"","client backend"
2024-06-16 14:32:45.280 CST,"raingage","benchmark",15269,"127.0.0.1:45210",666e86a6.3ba5,544,"SELECT",2024-06-16 14:31:02 CST,5/40,90775,LOG,00000,"execute S_1: SELECT c_discount, c_last, c_credit, w_tax     FROM bmsql_customer     JOIN bmsql_warehouse ON (w_id = c_w_id)     WHERE c_w_id = $1 AND c_d_id = $2 AND c_id = $3 FOR UPDATE","parameters: $1 = '1', $2 = '1', $3 = '21'",,,,,,,,"","client backend"
2024-06-16 14:32:45.346 CST,"raingage","benchmark",15269,"127.0.0.1:45210",666e86a6.3ba5,545,"SELECT",2024-06-16 14:31:02 CST,5/40,90775,LOG,00000,"execute S_1: SELECT c_discount, c_last, c_credit, w_tax     FROM bmsql_customer     JOIN bmsql_warehouse ON (w_id = c_w_id)     WHERE c_w_id = $1 AND c_d_id = $2 AND c_id = $3 FOR UPDATE","parameters: $1 = '1', $2 = '1', $3 = '21'",,,,,,,,"","client backend"
2024-06-16 14:32:45.412 CST,"raingage","benchmark",15269,"127.0.0.1:45210",666e86a6.3ba5,546,"SELECT",2024-06-16 14:31:02 CST,5/40,90775,LOG,00000,"execute S_1: SELECT c_discount, c_last, c_credit, w_tax     FROM bmsql_customer     JOIN bmsql_warehouse ON (w_id = c_w_id)     WHERE c_w_id = $1 AND c_d_id = $2 AND c_id = $3 FOR UPDATE","parameters: $1 = '1', $2 = '1', $3 = '21'",,,,,,,,"","client backend"
2024-06-16 14:32:45.429 CST,"raingage","benchmark",15269,"127.0.0.1:45210",666e86a6.3ba5,547,"SELECT",2024-06-16 14:31:02 CST,5/40,90775,LOG,00000,"execute S_6: SELECT i_price, i_name, i_data     FROM bmsql_item     WHERE i_id = $1","parameters: $1 = '46'",,,,,,,,"","client backend"
2024-06-16 14:32:45.440 CST,"raingage","benchmark",15269,"127.0.0.1:45210",666e86a6.3ba5,548,"SELECT",2024-06-16 14:31:02 CST,5/40,90775,LOG,00000,"execute S_7: SELECT s_quantity, s_data,        s_dist_01, s_dist_02, s_dist_03, s_dist_04,        s_dist_05, s_dist_06, s_dist_07, s_dist_08,        s_dist_09, s_dist_10     FROM bmsql_stock     WHERE s_w_id = $1 AND s_i_id = $2  FOR UPDATE","parameters: $1 = '1', $2 = '46'",,,,,,,,"","client backend"
2024-06-16 14:32:45.456 CST,"raingage","benchmark",15269,"127.0.0.1:45210",666e86a6.3ba5,549,"UPDATE",2024-06-16 14:31:02 CST,5/40,90775,LOG,00000,"execute S_8: UPDATE bmsql_stock     SET s_quantity = $1, s_ytd = s_ytd + $2,         s_order_cnt = s_order_cnt + 1,         s_remote_cnt = s_remote_cnt + $3     WHERE s_w_id = $4 AND s_i_id = $5","parameters: $1 = '13', $2 = '3', $3 = '0', $4 = '1', $5 = '46'",,,,,,,,"","client backend"
2024-06-16 14:32:45.473 CST,"raingage","benchmark",15269,"127.0.0.1:45210",666e86a6.3ba5,550,"COMMIT",2024-06-16 14:31:02 CST,5/40,90775,LOG,00000,"execute S_3: COMMIT",,,,,,,,,"","client backend"
2024-06-16 14:32:45.486 CST,"raingage","benchmark",15269,"127.0.0.1:45210",666e86a6.3ba5,551,"BEGIN",2024-06-16 14:31:02 CST,5/41,0,LOG,00000,"execute S_4: BEGIN",,,,,,,,,"","client backend"
2024-06-16 14:32:45.504 CST,"raingage","benchmark",15269,"127.0.0.1:45210",666e86a6.3ba5,552,"SELECT",2024-06-16 14:31:02 CST,5/41,0,LOG,00000,"execute S_5: SELECT d_tax, d_next_o_id     FROM bmsql_district     WHERE d_w_id = $1 AND d_id = $2 ","parameters: $1 = '1', $2 = '1'",,,,,,,,"","client backend"
2024-06-16 14:32:45.543 CST,"raingage","benchmark",15272,"127.0.0.1:45216",666e86a7.3ba8,286,"SELECT",2024-06-16 14:31:03 CST,8/22,90778,LOG,00000,"execute S_1: SELECT c_discount, c_last, c_credit, w_tax     FROM bmsql_customer     JOIN bmsql_warehouse ON (w_id = c_w_id)     WHERE c_w_id = $1 AND c_d_id = $2 AND c_id = $3 FOR UPDATE","parameters: $1 = '1', $2 = '1', $3 = '21'",,,,,,,,"","client backend"
2024-06-16 14:32:45.569 CST,"raingage","benchmark",15269,"127.0.0.1:45210",666e86a6.3ba5,553,"SELECT",2024-06-16 14:31:02 CST,5/41,0,LOG,00000,"execute S_1: SELECT c_discount, c_last, c_credit, w_tax     FROM bmsql_customer     JOIN bmsql_warehouse ON (w_id = c_w_id)     WHERE c_w_id = $1 AND c_d_id = $2 AND c_id = $3 FOR UPDATE","parameters: $1 = '1', $2 = '1', $3 = '78'",,,,,,,,"","client backend"
2024-06-16 14:32:45.613 CST,"raingage","benchmark",15272,"127.0.0.1:45216",666e86a7.3ba8,287,"SELECT",2024-06-16 14:31:03 CST,8/22,90778,LOG,00000,"execute S_1: SELECT c_discount, c_last, c_credit, w_tax     FROM bmsql_customer     JOIN bmsql_warehouse ON (w_id = c_w_id)     WHERE c_w_id = $1 AND c_d_id = $2 AND c_id = $3 FOR UPDATE","parameters: $1 = '1', $2 = '1', $3 = '21'",,,,,,,,"","client backend"
2024-06-16 14:32:45.678 CST,"raingage","benchmark",15272,"127.0.0.1:45216",666e86a7.3ba8,288,"SELECT",2024-06-16 14:31:03 CST,8/22,90778,LOG,00000,"execute S_1: SELECT c_discount, c_last, c_credit, w_tax     FROM bmsql_customer     JOIN bmsql_warehouse ON (w_id = c_w_id)     WHERE c_w_id = $1 AND c_d_id = $2 AND c_id = $3 FOR UPDATE","parameters: $1 = '1', $2 = '1', $3 = '21'",,,,,,,,"","client backend"
2024-06-16 14:32:45.740 CST,"raingage","benchmark",15272,"127.0.0.1:45216",666e86a7.3ba8,289,"SELECT",2024-06-16 14:31:03 CST,8/22,90778,LOG,00000,"execute S_1: SELECT c_discount, c_last, c_credit, w_tax     FROM bmsql_customer     JOIN bmsql_warehouse ON (w_id = c_w_id)     WHERE c_w_id = $1 AND c_d_id = $2 AND c_id = $3 FOR UPDATE","parameters: $1 = '1', $2 = '1', $3 = '21'",,,,,,,,"","client backend"
2024-06-16 14:32:45.810 CST,"raingage","benchmark",15272,"127.0.0.1:45216",666e86a7.3ba8,290,"SELECT",2024-06-16 14:31:03 CST,8/22,90778,LOG,00000,"execute S_1: SELECT c_discount, c_last, c_credit, w_tax     FROM bmsql_customer     JOIN bmsql_warehouse ON (w_id = c_w_id)     WHERE c_w_id = $1 AND c_d_id = $2 AND c_id = $3 FOR UPDATE","parameters: $1 = '1', $2 = '1', $3 = '21'",,,,,,,,"","client backend"
2024-06-16 14:32:45.879 CST,"raingage","benchmark",15272,"127.0.0.1:45216",666e86a7.3ba8,291,"SELECT",2024-06-16 14:31:03 CST,8/22,90778,LOG,00000,"execute S_1: SELECT c_discount, c_last, c_credit, w_tax     FROM bmsql_customer     JOIN bmsql_warehouse ON (w_id = c_w_id)     WHERE c_w_id = $1 AND c_d_id = $2 AND c_id = $3 FOR UPDATE","parameters: $1 = '1', $2 = '1', $3 = '21'",,,,,,,,"","client backend"
2024-06-16 14:32:45.942 CST,"raingage","benchmark",15272,"127.0.0.1:45216",666e86a7.3ba8,292,"SELECT",2024-06-16 14:31:03 CST,8/22,90778,LOG,00000,"execute S_1: SELECT c_discount, c_last, c_credit, w_tax     FROM bmsql_customer     JOIN bmsql_warehouse ON (w_id = c_w_id)     WHERE c_w_id = $1 AND c_d_id = $2 AND c_id = $3 FOR UPDATE","parameters: $1 = '1', $2 = '1', $3 = '21'",,,,,,,,"","client backend"
2024-06-16 14:32:45.958 CST,"raingage","benchmark",15272,"127.0.0.1:45216",666e86a7.3ba8,293,"SELECT",2024-06-16 14:31:03 CST,8/22,90778,LOG,00000,"execute S_5: SELECT i_price, i_name, i_data     FROM bmsql_item     WHERE i_id = $1","parameters: $1 = '46'",,,,,,,,"","client backend"
2024-06-16 14:32:45.972 CST,"raingage","benchmark",15272,"127.0.0.1:45216",666e86a7.3ba8,294,"SELECT",2024-06-16 14:31:03 CST,8/22,90778,LOG,00000,"execute S_6: SELECT s_quantity, s_data,        s_dist_01, s_dist_02, s_dist_03, s_dist_04,        s_dist_05, s_dist_06, s_dist_07, s_dist_08,        s_dist_09, s_dist_10     FROM bmsql_stock     WHERE s_w_id = $1 AND s_i_id = $2  FOR UPDATE","parameters: $1 = '1', $2 = '46'",,,,,,,,"","client backend"
2024-06-16 14:32:45.987 CST,"raingage","benchmark",15272,"127.0.0.1:45216",666e86a7.3ba8,295,"UPDATE",2024-06-16 14:31:03 CST,8/22,90778,LOG,00000,"execute S_7: UPDATE bmsql_stock     SET s_quantity = $1, s_ytd = s_ytd + $2,         s_order_cnt = s_order_cnt + 1,         s_remote_cnt = s_remote_cnt + $3     WHERE s_w_id = $4 AND s_i_id = $5","parameters: $1 = '104', $2 = '5', $3 = '0', $4 = '1', $5 = '46'",,,,,,,,"","client backend"
2024-06-16 14:32:46.002 CST,"raingage","benchmark",15272,"127.0.0.1:45216",666e86a7.3ba8,296,"COMMIT",2024-06-16 14:31:03 CST,8/22,90778,LOG,00000,"execute S_2: COMMIT",,,,,,,,,"","client backend"
2024-06-16 14:32:46.018 CST,"raingage","benchmark",15272,"127.0.0.1:45216",666e86a7.3ba8,297,"BEGIN",2024-06-16 14:31:03 CST,8/23,0,LOG,00000,"execute S_3: BEGIN",,,,,,,,,"","client backend"
2024-06-16 14:32:46.032 CST,"raingage","benchmark",15272,"127.0.0.1:45216",666e86a7.3ba8,298,"SELECT",2024-06-16 14:31:03 CST,8/23,0,LOG,00000,"execute S_4: SELECT d_tax, d_next_o_id     FROM bmsql_district     WHERE d_w_id = $1 AND d_id = $2 ","parameters: $1 = '1', $2 = '1'",,,,,,,,"","client backend"
2024-06-16 14:32:46.074 CST,"raingage","benchmark",15268,"127.0.0.1:45208",666e86a6.3ba4,412,"SELECT",2024-06-16 14:31:02 CST,4/31,90776,LOG,00000,"execute S_1: SELECT c_discount, c_last, c_credit, w_tax     FROM bmsql_customer     JOIN bmsql_warehouse ON (w_id = c_w_id)     WHERE c_w_id = $1 AND c_d_id = $2 AND c_id = $3 FOR UPDATE","parameters: $1 = '1', $2 = '1', $3 = '80'",,,,,,,,"","client backend"
2024-06-16 14:32:46.101 CST,"raingage","benchmark",15272,"127.0.0.1:45216",666e86a7.3ba8,299,"SELECT",2024-06-16 14:31:03 CST,8/23,0,LOG,00000,"execute S_1: SELECT c_discount, c_last, c_credit, w_tax     FROM bmsql_customer     JOIN bmsql_warehouse ON (w_id = c_w_id)     WHERE c_w_id = $1 AND c_d_id = $2 AND c_id = $3 FOR UPDATE","parameters: $1 = '1', $2 = '1', $3 = '24'",,,,,,,,"","client backend"
2024-06-16 14:32:46.137 CST,"raingage","benchmark",15268,"127.0.0.1:45208",666e86a6.3ba4,413,"SELECT",2024-06-16 14:31:02 CST,4/31,90776,LOG,00000,"execute S_1: SELECT c_discount, c_last, c_credit, w_tax     FROM bmsql_customer     JOIN bmsql_warehouse ON (w_id = c_w_id)     WHERE c_w_id = $1 AND c_d_id = $2 AND c_id = $3 FOR UPDATE","parameters: $1 = '1', $2 = '1', $3 = '80'",,,,,,,,"","client backend"
2024-06-16 14:32:46.207 CST,"raingage","benchmark",15268,"127.0.0.1:45208",666e86a6.3ba4,414,"SELECT",2024-06-16 14:31:02 CST,4/31,90776,LOG,00000,"execute S_1: SELECT c_discount, c_last, c_credit, w_tax     FROM bmsql_customer     JOIN bmsql_warehouse ON (w_id = c_w_id)     WHERE c_w_id = $1 AND c_d_id = $2 AND c_id = $3 FOR UPDATE","parameters: $1 = '1', $2 = '1', $3 = '80'",,,,,,,,"","client backend"
2024-06-16 14:32:46.278 CST,"raingage","benchmark",15268,"127.0.0.1:45208",666e86a6.3ba4,415,"SELECT",2024-06-16 14:31:02 CST,4/31,90776,LOG,00000,"execute S_1: SELECT c_discount, c_last, c_credit, w_tax     FROM bmsql_customer     JOIN bmsql_warehouse ON (w_id = c_w_id)     WHERE c_w_id = $1 AND c_d_id = $2 AND c_id = $3 FOR UPDATE","parameters: $1 = '1', $2 = '1', $3 = '80'",,,,,,,,"","client backend"
2024-06-16 14:32:46.348 CST,"raingage","benchmark",15268,"127.0.0.1:45208",666e86a6.3ba4,416,"SELECT",2024-06-16 14:31:02 CST,4/31,90776,LOG,00000,"execute S_1: SELECT c_discount, c_last, c_credit, w_tax     FROM bmsql_customer     JOIN bmsql_warehouse ON (w_id = c_w_id)     WHERE c_w_id = $1 AND c_d_id = $2 AND c_id = $3 FOR UPDATE","parameters: $1 = '1', $2 = '1', $3 = '80'",,,,,,,,"","client backend"
2024-06-16 14:32:46.418 CST,"raingage","benchmark",15268,"127.0.0.1:45208",666e86a6.3ba4,417,"SELECT",2024-06-16 14:31:02 CST,4/31,90776,LOG,00000,"execute S_1: SELECT c_discount, c_last, c_credit, w_tax     FROM bmsql_customer     JOIN bmsql_warehouse ON (w_id = c_w_id)     WHERE c_w_id = $1 AND c_d_id = $2 AND c_id = $3 FOR UPDATE","parameters: $1 = '1', $2 = '1', $3 = '80'",,,,,,,,"","client backend"
2024-06-16 14:32:46.475 CST,"raingage","benchmark",15268,"127.0.0.1:45208",666e86a6.3ba4,418,"SELECT",2024-06-16 14:31:02 CST,4/31,90776,LOG,00000,"execute S_1: SELECT c_discount, c_last, c_credit, w_tax     FROM bmsql_customer     JOIN bmsql_warehouse ON (w_id = c_w_id)     WHERE c_w_id = $1 AND c_d_id = $2 AND c_id = $3 FOR UPDATE","parameters: $1 = '1', $2 = '1', $3 = '80'",,,,,,,,"","client backend"
2024-06-16 14:32:46.491 CST,"raingage","benchmark",15268,"127.0.0.1:45208",666e86a6.3ba4,419,"SELECT",2024-06-16 14:31:02 CST,4/31,90776,LOG,00000,"execute S_5: SELECT i_price, i_name, i_data     FROM bmsql_item     WHERE i_id = $1","parameters: $1 = '60'",,,,,,,,"","client backend"
2024-06-16 14:32:46.511 CST,"raingage","benchmark",15268,"127.0.0.1:45208",666e86a6.3ba4,420,"SELECT",2024-06-16 14:31:02 CST,4/31,90776,LOG,00000,"execute S_6: SELECT s_quantity, s_data,        s_dist_01, s_dist_02, s_dist_03, s_dist_04,        s_dist_05, s_dist_06, s_dist_07, s_dist_08,        s_dist_09, s_dist_10     FROM bmsql_stock     WHERE s_w_id = $1 AND s_i_id = $2  FOR UPDATE","parameters: $1 = '1', $2 = '60'",,,,,,,,"","client backend"
2024-06-16 14:32:46.525 CST,"raingage","benchmark",15268,"127.0.0.1:45208",666e86a6.3ba4,421,"UPDATE",2024-06-16 14:31:02 CST,4/31,90776,LOG,00000,"execute S_7: UPDATE bmsql_stock     SET s_quantity = $1, s_ytd = s_ytd + $2,         s_order_cnt = s_order_cnt + 1,         s_remote_cnt = s_remote_cnt + $3     WHERE s_w_id = $4 AND s_i_id = $5","parameters: $1 = '17', $2 = '3', $3 = '0', $4 = '1', $5 = '60'",,,,,,,,"","client backend"
2024-06-16 14:32:46.543 CST,"raingage","benchmark",15268,"127.0.0.1:45208",666e86a6.3ba4,422,"COMMIT",2024-06-16 14:31:02 CST,4/31,90776,LOG,00000,"execute S_2: COMMIT",,,,,,,,,"","client backend"
2024-06-16 14:32:46.558 CST,"raingage","benchmark",15268,"127.0.0.1:45208",666e86a6.3ba4,423,"BEGIN",2024-06-16 14:31:02 CST,4/32,0,LOG,00000,"execute S_3: BEGIN",,,,,,,,,"","client backend"
2024-06-16 14:32:46.569 CST,"raingage","benchmark",15269,"127.0.0.1:45210",666e86a6.3ba5,554,"SELECT waiting",2024-06-16 14:31:02 CST,5/41,0,LOG,00000,"process 15269 still waiting for ShareLock on transaction 90777 after 1000.647 ms","Process holding the lock: 15270. Wait queue: 15269, 15272.",,,,"while locking tuple (7,13) in relation ""bmsql_customer""","SELECT c_discount, c_last, c_credit, w_tax     FROM bmsql_customer     JOIN bmsql_warehouse ON (w_id = c_w_id)     WHERE c_w_id = $1 AND c_d_id = $2 AND c_id = $3 FOR UPDATE",,,"","client backend"
2024-06-16 14:32:46.572 CST,"raingage","benchmark",15268,"127.0.0.1:45208",666e86a6.3ba4,424,"SELECT",2024-06-16 14:31:02 CST,4/32,0,LOG,00000,"execute S_4: SELECT d_tax, d_next_o_id     FROM bmsql_district     WHERE d_w_id = $1 AND d_id = $2 ","parameters: $1 = '1', $2 = '1'",,,,,,,,"","client backend"
2024-06-16 14:32:46.615 CST,"raingage","benchmark",15270,"127.0.0.1:45212",666e86a6.3ba6,552,"SELECT",2024-06-16 14:31:02 CST,6/41,90777,LOG,00000,"execute S_1: SELECT c_discount, c_last, c_credit, w_tax     FROM bmsql_customer     JOIN bmsql_warehouse ON (w_id = c_w_id)     WHERE c_w_id = $1 AND c_d_id = $2 AND c_id = $3 FOR UPDATE","parameters: $1 = '1', $2 = '1', $3 = '78'",,,,,,,,"","client backend"
2024-06-16 14:32:46.634 CST,"raingage","benchmark",15268,"127.0.0.1:45208",666e86a6.3ba4,425,"SELECT",2024-06-16 14:31:02 CST,4/32,0,LOG,00000,"execute S_1: SELECT c_discount, c_last, c_credit, w_tax     FROM bmsql_customer     JOIN bmsql_warehouse ON (w_id = c_w_id)     WHERE c_w_id = $1 AND c_d_id = $2 AND c_id = $3 FOR UPDATE","parameters: $1 = '1', $2 = '1', $3 = '47'",,,,,,,,"","client backend"
2024-06-16 14:32:46.686 CST,"raingage","benchmark",15270,"127.0.0.1:45212",666e86a6.3ba6,553,"SELECT",2024-06-16 14:31:02 CST,6/41,90777,LOG,00000,"execute S_1: SELECT c_discount, c_last, c_credit, w_tax     FROM bmsql_customer     JOIN bmsql_warehouse ON (w_id = c_w_id)     WHERE c_w_id = $1 AND c_d_id = $2 AND c_id = $3 FOR UPDATE","parameters: $1 = '1', $2 = '1', $3 = '78'",,,,,,,,"","client backend"
2024-06-16 14:32:46.751 CST,"raingage","benchmark",15270,"127.0.0.1:45212",666e86a6.3ba6,554,"SELECT",2024-06-16 14:31:02 CST,6/41,90777,LOG,00000,"execute S_1: SELECT c_discount, c_last, c_credit, w_tax     FROM bmsql_customer     JOIN bmsql_warehouse ON (w_id = c_w_id)     WHERE c_w_id = $1 AND c_d_id = $2 AND c_id = $3 FOR UPDATE","parameters: $1 = '1', $2 = '1', $3 = '78'",,,,,,,,"","client backend"
2024-06-16 14:32:46.817 CST,"raingage","benchmark",15270,"127.0.0.1:45212",666e86a6.3ba6,555,"SELECT",2024-06-16 14:31:02 CST,6/41,90777,LOG,00000,"execute S_1: SELECT c_discount, c_last, c_credit, w_tax     FROM bmsql_customer     JOIN bmsql_warehouse ON (w_id = c_w_id)     WHERE c_w_id = $1 AND c_d_id = $2 AND c_id = $3 FOR UPDATE","parameters: $1 = '1', $2 = '1', $3 = '78'",,,,,,,,"","client backend"
2024-06-16 14:32:46.881 CST,"raingage","benchmark",15270,"127.0.0.1:45212",666e86a6.3ba6,556,"SELECT",2024-06-16 14:31:02 CST,6/41,90777,LOG,00000,"execute S_1: SELECT c_discount, c_last, c_credit, w_tax     FROM bmsql_customer     JOIN bmsql_warehouse ON (w_id = c_w_id)     WHERE c_w_id = $1 AND c_d_id = $2 AND c_id = $3 FOR UPDATE","parameters: $1 = '1', $2 = '1', $3 = '78'",,,,,,,,"","client backend"
2024-06-16 14:32:46.948 CST,"raingage","benchmark",15270,"127.0.0.1:45212",666e86a6.3ba6,557,"SELECT",2024-06-16 14:31:02 CST,6/41,90777,LOG,00000,"execute S_1: SELECT c_discount, c_last, c_credit, w_tax     FROM bmsql_customer     JOIN bmsql_warehouse ON (w_id = c_w_id)     WHERE c_w_id = $1 AND c_d_id = $2 AND c_id = $3 FOR UPDATE","parameters: $1 = '1', $2 = '1', $3 = '78'",,,,,,,,"","client backend"
2024-06-16 14:32:47.005 CST,"raingage","benchmark",15270,"127.0.0.1:45212",666e86a6.3ba6,558,"SELECT",2024-06-16 14:31:02 CST,6/41,90777,LOG,00000,"execute S_1: SELECT c_discount, c_last, c_credit, w_tax     FROM bmsql_customer     JOIN bmsql_warehouse ON (w_id = c_w_id)     WHERE c_w_id = $1 AND c_d_id = $2 AND c_id = $3 FOR UPDATE","parameters: $1 = '1', $2 = '1', $3 = '78'",,,,,,,,"","client backend"
2024-06-16 14:32:47.023 CST,"raingage","benchmark",15270,"127.0.0.1:45212",666e86a6.3ba6,559,"SELECT",2024-06-16 14:31:02 CST,6/41,90777,LOG,00000,"execute S_5: SELECT i_price, i_name, i_data     FROM bmsql_item     WHERE i_id = $1","parameters: $1 = '20'",,,,,,,,"","client backend"
2024-06-16 14:32:47.038 CST,"raingage","benchmark",15270,"127.0.0.1:45212",666e86a6.3ba6,560,"SELECT",2024-06-16 14:31:02 CST,6/41,90777,LOG,00000,"execute S_6: SELECT s_quantity, s_data,        s_dist_01, s_dist_02, s_dist_03, s_dist_04,        s_dist_05, s_dist_06, s_dist_07, s_dist_08,        s_dist_09, s_dist_10     FROM bmsql_stock     WHERE s_w_id = $1 AND s_i_id = $2  FOR UPDATE","parameters: $1 = '1', $2 = '20'",,,,,,,,"","client backend"
2024-06-16 14:32:47.054 CST,"raingage","benchmark",15270,"127.0.0.1:45212",666e86a6.3ba6,561,"UPDATE",2024-06-16 14:31:02 CST,6/41,90777,LOG,00000,"execute S_7: UPDATE bmsql_stock     SET s_quantity = $1, s_ytd = s_ytd + $2,         s_order_cnt = s_order_cnt + 1,         s_remote_cnt = s_remote_cnt + $3     WHERE s_w_id = $4 AND s_i_id = $5","parameters: $1 = '20', $2 = '3', $3 = '0', $4 = '1', $5 = '20'",,,,,,,,"","client backend"
2024-06-16 14:32:47.073 CST,"raingage","benchmark",15270,"127.0.0.1:45212",666e86a6.3ba6,562,"COMMIT",2024-06-16 14:31:02 CST,6/41,90777,LOG,00000,"execute S_2: COMMIT",,,,,,,,,"","client backend"
2024-06-16 14:32:47.075 CST,"raingage","benchmark",15269,"127.0.0.1:45210",666e86a6.3ba5,555,"SELECT waiting",2024-06-16 14:31:02 CST,5/41,0,LOG,00000,"process 15269 acquired ShareLock on transaction 90777 after 1506.076 ms",,,,,"while locking tuple (7,13) in relation ""bmsql_customer""","SELECT c_discount, c_last, c_credit, w_tax     FROM bmsql_customer     JOIN bmsql_warehouse ON (w_id = c_w_id)     WHERE c_w_id = $1 AND c_d_id = $2 AND c_id = $3 FOR UPDATE",,,"","client backend"
2024-06-16 14:32:47.090 CST,"raingage","benchmark",15270,"127.0.0.1:45212",666e86a6.3ba6,563,"BEGIN",2024-06-16 14:31:02 CST,6/42,0,LOG,00000,"execute S_3: BEGIN",,,,,,,,,"","client backend"
2024-06-16 14:32:47.103 CST,"raingage","benchmark",15270,"127.0.0.1:45212",666e86a6.3ba6,564,"SELECT",2024-06-16 14:31:02 CST,6/42,0,LOG,00000,"execute S_4: SELECT d_tax, d_next_o_id     FROM bmsql_district     WHERE d_w_id = $1 AND d_id = $2 ","parameters: $1 = '1', $2 = '1'",,,,,,,,"","client backend"
2024-06-16 14:32:47.139 CST,"raingage","benchmark",15272,"127.0.0.1:45216",666e86a7.3ba8,300,"SELECT",2024-06-16 14:31:03 CST,8/23,90779,LOG,00000,"execute S_1: SELECT c_discount, c_last, c_credit, w_tax     FROM bmsql_customer     JOIN bmsql_warehouse ON (w_id = c_w_id)     WHERE c_w_id = $1 AND c_d_id = $2 AND c_id = $3 FOR UPDATE","parameters: $1 = '1', $2 = '1', $3 = '24'",,,,,,,,"","client backend"
2024-06-16 14:32:47.173 CST,"raingage","benchmark",15270,"127.0.0.1:45212",666e86a6.3ba6,565,"SELECT",2024-06-16 14:31:02 CST,6/42,0,LOG,00000,"execute S_1: SELECT c_discount, c_last, c_credit, w_tax     FROM bmsql_customer     JOIN bmsql_warehouse ON (w_id = c_w_id)     WHERE c_w_id = $1 AND c_d_id = $2 AND c_id = $3 FOR UPDATE","parameters: $1 = '1', $2 = '1', $3 = '26'",,,,,,,,"","client backend"
2024-06-16 14:32:47.206 CST,"raingage","benchmark",15272,"127.0.0.1:45216",666e86a7.3ba8,301,"SELECT",2024-06-16 14:31:03 CST,8/23,90779,LOG,00000,"execute S_1: SELECT c_discount, c_last, c_credit, w_tax     FROM bmsql_customer     JOIN bmsql_warehouse ON (w_id = c_w_id)     WHERE c_w_id = $1 AND c_d_id = $2 AND c_id = $3 FOR UPDATE","parameters: $1 = '1', $2 = '1', $3 = '24'",,,,,,,,"","client backend"
2024-06-16 14:32:47.276 CST,"raingage","benchmark",15272,"127.0.0.1:45216",666e86a7.3ba8,302,"SELECT",2024-06-16 14:31:03 CST,8/23,90779,LOG,00000,"execute S_1: SELECT c_discount, c_last, c_credit, w_tax     FROM bmsql_customer     JOIN bmsql_warehouse ON (w_id = c_w_id)     WHERE c_w_id = $1 AND c_d_id = $2 AND c_id = $3 FOR UPDATE","parameters: $1 = '1', $2 = '1', $3 = '24'",,,,,,,,"","client backend"
2024-06-16 14:32:47.345 CST,"raingage","benchmark",15272,"127.0.0.1:45216",666e86a7.3ba8,303,"SELECT",2024-06-16 14:31:03 CST,8/23,90779,LOG,00000,"execute S_1: SELECT c_discount, c_last, c_credit, w_tax     FROM bmsql_customer     JOIN bmsql_warehouse ON (w_id = c_w_id)     WHERE c_w_id = $1 AND c_d_id = $2 AND c_id = $3 FOR UPDATE","parameters: $1 = '1', $2 = '1', $3 = '24'",,,,,,,,"","client backend"
2024-06-16 14:32:47.414 CST,"raingage","benchmark",15272,"127.0.0.1:45216",666e86a7.3ba8,304,"SELECT",2024-06-16 14:31:03 CST,8/23,90779,LOG,00000,"execute S_1: SELECT c_discount, c_last, c_credit, w_tax     FROM bmsql_customer     JOIN bmsql_warehouse ON (w_id = c_w_id)     WHERE c_w_id = $1 AND c_d_id = $2 AND c_id = $3 FOR UPDATE","parameters: $1 = '1', $2 = '1', $3 = '24'",,,,,,,,"","client backend"
2024-06-16 14:32:47.486 CST,"raingage","benchmark",15272,"127.0.0.1:45216",666e86a7.3ba8,305,"SELECT",2024-06-16 14:31:03 CST,8/23,90779,LOG,00000,"execute S_1: SELECT c_discount, c_last, c_credit, w_tax     FROM bmsql_customer     JOIN bmsql_warehouse ON (w_id = c_w_id)     WHERE c_w_id = $1 AND c_d_id = $2 AND c_id = $3 FOR UPDATE","parameters: $1 = '1', $2 = '1', $3 = '24'",,,,,,,,"","client backend"
2024-06-16 14:32:47.546 CST,"raingage","benchmark",15272,"127.0.0.1:45216",666e86a7.3ba8,306,"SELECT",2024-06-16 14:31:03 CST,8/23,90779,LOG,00000,"execute S_1: SELECT c_discount, c_last, c_credit, w_tax     FROM bmsql_customer     JOIN bmsql_warehouse ON (w_id = c_w_id)     WHERE c_w_id = $1 AND c_d_id = $2 AND c_id = $3 FOR UPDATE","parameters: $1 = '1', $2 = '1', $3 = '24'",,,,,,,,"","client backend"
2024-06-16 14:32:47.564 CST,"raingage","benchmark",15272,"127.0.0.1:45216",666e86a7.3ba8,307,"SELECT",2024-06-16 14:31:03 CST,8/23,90779,LOG,00000,"execute S_5: SELECT i_price, i_name, i_data     FROM bmsql_item     WHERE i_id = $1","parameters: $1 = '39'",,,,,,,,"","client backend"
2024-06-16 14:32:47.577 CST,"raingage","benchmark",15272,"127.0.0.1:45216",666e86a7.3ba8,308,"SELECT",2024-06-16 14:31:03 CST,8/23,90779,LOG,00000,"execute S_6: SELECT s_quantity, s_data,        s_dist_01, s_dist_02, s_dist_03, s_dist_04,        s_dist_05, s_dist_06, s_dist_07, s_dist_08,        s_dist_09, s_dist_10     FROM bmsql_stock     WHERE s_w_id = $1 AND s_i_id = $2  FOR UPDATE","parameters: $1 = '1', $2 = '39'",,,,,,,,"","client backend"
2024-06-16 14:32:47.591 CST,"raingage","benchmark",15272,"127.0.0.1:45216",666e86a7.3ba8,309,"UPDATE",2024-06-16 14:31:03 CST,8/23,90779,LOG,00000,"execute S_7: UPDATE bmsql_stock     SET s_quantity = $1, s_ytd = s_ytd + $2,         s_order_cnt = s_order_cnt + 1,         s_remote_cnt = s_remote_cnt + $3     WHERE s_w_id = $4 AND s_i_id = $5","parameters: $1 = '67', $2 = '2', $3 = '0', $4 = '1', $5 = '39'",,,,,,,,"","client backend"
2024-06-16 14:32:47.611 CST,"raingage","benchmark",15272,"127.0.0.1:45216",666e86a7.3ba8,310,"COMMIT",2024-06-16 14:31:03 CST,8/23,90779,LOG,00000,"execute S_2: COMMIT",,,,,,,,,"","client backend"
2024-06-16 14:32:47.629 CST,"raingage","benchmark",15272,"127.0.0.1:45216",666e86a7.3ba8,311,"BEGIN",2024-06-16 14:31:03 CST,8/24,0,LOG,00000,"execute S_3: BEGIN",,,,,,,,,"","client backend"
2024-06-16 14:32:47.643 CST,"raingage","benchmark",15272,"127.0.0.1:45216",666e86a7.3ba8,312,"SELECT",2024-06-16 14:31:03 CST,8/24,0,LOG,00000,"execute S_4: SELECT d_tax, d_next_o_id     FROM bmsql_district     WHERE d_w_id = $1 AND d_id = $2 ","parameters: $1 = '1', $2 = '1'",,,,,,,,"","client backend"
2024-06-16 14:32:47.674 CST,"raingage","benchmark",15268,"127.0.0.1:45208",666e86a6.3ba4,426,"SELECT",2024-06-16 14:31:02 CST,4/32,90780,LOG,00000,"execute S_1: SELECT c_discount, c_last, c_credit, w_tax     FROM bmsql_customer     JOIN bmsql_warehouse ON (w_id = c_w_id)     WHERE c_w_id = $1 AND c_d_id = $2 AND c_id = $3 FOR UPDATE","parameters: $1 = '1', $2 = '1', $3 = '47'",,,,,,,,"","client backend"
2024-06-16 14:32:47.711 CST,"raingage","benchmark",15272,"127.0.0.1:45216",666e86a7.3ba8,313,"SELECT",2024-06-16 14:31:03 CST,8/24,0,LOG,00000,"execute S_1: SELECT c_discount, c_last, c_credit, w_tax     FROM bmsql_customer     JOIN bmsql_warehouse ON (w_id = c_w_id)     WHERE c_w_id = $1 AND c_d_id = $2 AND c_id = $3 FOR UPDATE","parameters: $1 = '1', $2 = '1', $3 = '38'",,,,,,,,"","client backend"
2024-06-16 14:32:47.738 CST,"raingage","benchmark",15268,"127.0.0.1:45208",666e86a6.3ba4,427,"SELECT",2024-06-16 14:31:02 CST,4/32,90780,LOG,00000,"execute S_1: SELECT c_discount, c_last, c_credit, w_tax     FROM bmsql_customer     JOIN bmsql_warehouse ON (w_id = c_w_id)     WHERE c_w_id = $1 AND c_d_id = $2 AND c_id = $3 FOR UPDATE","parameters: $1 = '1', $2 = '1', $3 = '47'",,,,,,,,"","client backend"
2024-06-16 14:32:47.809 CST,"raingage","benchmark",15268,"127.0.0.1:45208",666e86a6.3ba4,428,"SELECT",2024-06-16 14:31:02 CST,4/32,90780,LOG,00000,"execute S_1: SELECT c_discount, c_last, c_credit, w_tax     FROM bmsql_customer     JOIN bmsql_warehouse ON (w_id = c_w_id)     WHERE c_w_id = $1 AND c_d_id = $2 AND c_id = $3 FOR UPDATE","parameters: $1 = '1', $2 = '1', $3 = '47'",,,,,,,,"","client backend"
2024-06-16 14:32:47.873 CST,"raingage","benchmark",15268,"127.0.0.1:45208",666e86a6.3ba4,429,"SELECT",2024-06-16 14:31:02 CST,4/32,90780,LOG,00000,"execute S_1: SELECT c_discount, c_last, c_credit, w_tax     FROM bmsql_customer     JOIN bmsql_warehouse ON (w_id = c_w_id)     WHERE c_w_id = $1 AND c_d_id = $2 AND c_id = $3 FOR UPDATE","parameters: $1 = '1', $2 = '1', $3 = '47'",,,,,,,,"","client backend"
2024-06-16 14:32:47.940 CST,"raingage","benchmark",15268,"127.0.0.1:45208",666e86a6.3ba4,430,"SELECT",2024-06-16 14:31:02 CST,4/32,90780,LOG,00000,"execute S_1: SELECT c_discount, c_last, c_credit, w_tax     FROM bmsql_customer     JOIN bmsql_warehouse ON (w_id = c_w_id)     WHERE c_w_id = $1 AND c_d_id = $2 AND c_id = $3 FOR UPDATE","parameters: $1 = '1', $2 = '1', $3 = '47'",,,,,,,,"","client backend"
2024-06-16 14:32:48.011 CST,"raingage","benchmark",15268,"127.0.0.1:45208",666e86a6.3ba4,431,"SELECT",2024-06-16 14:31:02 CST,4/32,90780,LOG,00000,"execute S_1: SELECT c_discount, c_last, c_credit, w_tax     FROM bmsql_customer     JOIN bmsql_warehouse ON (w_id = c_w_id)     WHERE c_w_id = $1 AND c_d_id = $2 AND c_id = $3 FOR UPDATE","parameters: $1 = '1', $2 = '1', $3 = '47'",,,,,,,,"","client backend"
2024-06-16 14:32:48.076 CST,"raingage","benchmark",15268,"127.0.0.1:45208",666e86a6.3ba4,432,"SELECT",2024-06-16 14:31:02 CST,4/32,90780,LOG,00000,"execute S_1: SELECT c_discount, c_last, c_credit, w_tax     FROM bmsql_customer     JOIN bmsql_warehouse ON (w_id = c_w_id)     WHERE c_w_id = $1 AND c_d_id = $2 AND c_id = $3 FOR UPDATE","parameters: $1 = '1', $2 = '1', $3 = '47'",,,,,,,,"","client backend"
2024-06-16 14:32:48.092 CST,"raingage","benchmark",15268,"127.0.0.1:45208",666e86a6.3ba4,433,"SELECT",2024-06-16 14:31:02 CST,4/32,90780,LOG,00000,"execute S_5: SELECT i_price, i_name, i_data     FROM bmsql_item     WHERE i_id = $1","parameters: $1 = '57'",,,,,,,,"","client backend"
2024-06-16 14:32:48.106 CST,"raingage","benchmark",15268,"127.0.0.1:45208",666e86a6.3ba4,434,"SELECT",2024-06-16 14:31:02 CST,4/32,90780,LOG,00000,"execute S_6: SELECT s_quantity, s_data,        s_dist_01, s_dist_02, s_dist_03, s_dist_04,        s_dist_05, s_dist_06, s_dist_07, s_dist_08,        s_dist_09, s_dist_10     FROM bmsql_stock     WHERE s_w_id = $1 AND s_i_id = $2  FOR UPDATE","parameters: $1 = '1', $2 = '57'",,,,,,,,"","client backend"
2024-06-16 14:32:48.120 CST,"raingage","benchmark",15268,"127.0.0.1:45208",666e86a6.3ba4,435,"UPDATE",2024-06-16 14:31:02 CST,4/32,90780,LOG,00000,"execute S_7: UPDATE bmsql_stock     SET s_quantity = $1, s_ytd = s_ytd + $2,         s_order_cnt = s_order_cnt + 1,         s_remote_cnt = s_remote_cnt + $3     WHERE s_w_id = $4 AND s_i_id = $5","parameters: $1 = '82', $2 = '2', $3 = '0', $4 = '1', $5 = '57'",,,,,,,,"","client backend"
2024-06-16 14:32:48.136 CST,"raingage","benchmark",15268,"127.0.0.1:45208",666e86a6.3ba4,436,"COMMIT",2024-06-16 14:31:02 CST,4/32,90780,LOG,00000,"execute S_2: COMMIT",,,,,,,,,"","client backend"
2024-06-16 14:32:48.153 CST,"raingage","benchmark",15268,"127.0.0.1:45208",666e86a6.3ba4,437,"BEGIN",2024-06-16 14:31:02 CST,4/33,0,LOG,00000,"execute S_3: BEGIN",,,,,,,,,"","client backend"
2024-06-16 14:32:48.170 CST,"raingage","benchmark",15268,"127.0.0.1:45208",666e86a6.3ba4,438,"SELECT",2024-06-16 14:31:02 CST,4/33,0,LOG,00000,"execute S_4: SELECT d_tax, d_next_o_id     FROM bmsql_district     WHERE d_w_id = $1 AND d_id = $2 ","parameters: $1 = '1', $2 = '1'",,,,,,,,"","client backend"
2024-06-16 14:32:48.203 CST,"raingage","benchmark",15269,"127.0.0.1:45210",666e86a6.3ba5,556,"SELECT",2024-06-16 14:31:02 CST,5/41,90781,LOG,00000,"execute S_1: SELECT c_discount, c_last, c_credit, w_tax     FROM bmsql_customer     JOIN bmsql_warehouse ON (w_id = c_w_id)     WHERE c_w_id = $1 AND c_d_id = $2 AND c_id = $3 FOR UPDATE","parameters: $1 = '1', $2 = '1', $3 = '78'",,,,,,,,"","client backend"
2024-06-16 14:32:48.234 CST,"raingage","benchmark",15268,"127.0.0.1:45208",666e86a6.3ba4,439,"SELECT",2024-06-16 14:31:02 CST,4/33,0,LOG,00000,"execute S_1: SELECT c_discount, c_last, c_credit, w_tax     FROM bmsql_customer     JOIN bmsql_warehouse ON (w_id = c_w_id)     WHERE c_w_id = $1 AND c_d_id = $2 AND c_id = $3 FOR UPDATE","parameters: $1 = '1', $2 = '1', $3 = '38'",,,,,,,,"","client backend"
2024-06-16 14:32:48.266 CST,"raingage","benchmark",15269,"127.0.0.1:45210",666e86a6.3ba5,557,"SELECT",2024-06-16 14:31:02 CST,5/41,90781,LOG,00000,"execute S_1: SELECT c_discount, c_last, c_credit, w_tax     FROM bmsql_customer     JOIN bmsql_warehouse ON (w_id = c_w_id)     WHERE c_w_id = $1 AND c_d_id = $2 AND c_id = $3 FOR UPDATE","parameters: $1 = '1', $2 = '1', $3 = '78'",,,,,,,,"","client backend"
2024-06-16 14:32:48.337 CST,"raingage","benchmark",15269,"127.0.0.1:45210",666e86a6.3ba5,558,"SELECT",2024-06-16 14:31:02 CST,5/41,90781,LOG,00000,"execute S_1: SELECT c_discount, c_last, c_credit, w_tax     FROM bmsql_customer     JOIN bmsql_warehouse ON (w_id = c_w_id)     WHERE c_w_id = $1 AND c_d_id = $2 AND c_id = $3 FOR UPDATE","parameters: $1 = '1', $2 = '1', $3 = '78'",,,,,,,,"","client backend"
2024-06-16 14:32:48.400 CST,"raingage","benchmark",15269,"127.0.0.1:45210",666e86a6.3ba5,559,"SELECT",2024-06-16 14:31:02 CST,5/41,90781,LOG,00000,"execute S_1: SELECT c_discount, c_last, c_credit, w_tax     FROM bmsql_customer     JOIN bmsql_warehouse ON (w_id = c_w_id)     WHERE c_w_id = $1 AND c_d_id = $2 AND c_id = $3 FOR UPDATE","parameters: $1 = '1', $2 = '1', $3 = '78'",,,,,,,,"","client backend"
2024-06-16 14:32:48.471 CST,"raingage","benchmark",15269,"127.0.0.1:45210",666e86a6.3ba5,560,"SELECT",2024-06-16 14:31:02 CST,5/41,90781,LOG,00000,"execute S_1: SELECT c_discount, c_last, c_credit, w_tax     FROM bmsql_customer     JOIN bmsql_warehouse ON (w_id = c_w_id)     WHERE c_w_id = $1 AND c_d_id = $2 AND c_id = $3 FOR UPDATE","parameters: $1 = '1', $2 = '1', $3 = '78'",,,,,,,,"","client backend"
2024-06-16 14:32:48.537 CST,"raingage","benchmark",15269,"127.0.0.1:45210",666e86a6.3ba5,561,"SELECT",2024-06-16 14:31:02 CST,5/41,90781,LOG,00000,"execute S_1: SELECT c_discount, c_last, c_credit, w_tax     FROM bmsql_customer     JOIN bmsql_warehouse ON (w_id = c_w_id)     WHERE c_w_id = $1 AND c_d_id = $2 AND c_id = $3 FOR UPDATE","parameters: $1 = '1', $2 = '1', $3 = '78'",,,,,,,,"","client backend"
2024-06-16 14:32:48.609 CST,"raingage","benchmark",15269,"127.0.0.1:45210",666e86a6.3ba5,562,"SELECT",2024-06-16 14:31:02 CST,5/41,90781,LOG,00000,"execute S_1: SELECT c_discount, c_last, c_credit, w_tax     FROM bmsql_customer     JOIN bmsql_warehouse ON (w_id = c_w_id)     WHERE c_w_id = $1 AND c_d_id = $2 AND c_id = $3 FOR UPDATE","parameters: $1 = '1', $2 = '1', $3 = '78'",,,,,,,,"","client backend"
2024-06-16 14:32:48.614 CST,"raingage","benchmark",15269,"127.0.0.1:45210",666e86a6.3ba5,563,"SELECT",2024-06-16 14:31:02 CST,5/41,90781,LOG,00000,"execute S_6: SELECT i_price, i_name, i_data     FROM bmsql_item     WHERE i_id = $1","parameters: $1 = '20'",,,,,,,,"","client backend"
2024-06-16 14:32:48.633 CST,"raingage","benchmark",15269,"127.0.0.1:45210",666e86a6.3ba5,564,"SELECT",2024-06-16 14:31:02 CST,5/41,90781,LOG,00000,"execute S_7: SELECT s_quantity, s_data,        s_dist_01, s_dist_02, s_dist_03, s_dist_04,        s_dist_05, s_dist_06, s_dist_07, s_dist_08,        s_dist_09, s_dist_10     FROM bmsql_stock     WHERE s_w_id = $1 AND s_i_id = $2  FOR UPDATE","parameters: $1 = '1', $2 = '20'",,,,,,,,"","client backend"
2024-06-16 14:32:48.650 CST,"raingage","benchmark",15269,"127.0.0.1:45210",666e86a6.3ba5,565,"UPDATE",2024-06-16 14:31:02 CST,5/41,90781,LOG,00000,"execute S_8: UPDATE bmsql_stock     SET s_quantity = $1, s_ytd = s_ytd + $2,         s_order_cnt = s_order_cnt + 1,         s_remote_cnt = s_remote_cnt + $3     WHERE s_w_id = $4 AND s_i_id = $5","parameters: $1 = '17', $2 = '3', $3 = '0', $4 = '1', $5 = '20'",,,,,,,,"","client backend"
2024-06-16 14:32:48.669 CST,"raingage","benchmark",15269,"127.0.0.1:45210",666e86a6.3ba5,566,"COMMIT",2024-06-16 14:31:02 CST,5/41,90781,LOG,00000,"execute S_3: COMMIT",,,,,,,,,"","client backend"
2024-06-16 14:32:48.683 CST,"raingage","benchmark",15269,"127.0.0.1:45210",666e86a6.3ba5,567,"BEGIN",2024-06-16 14:31:02 CST,5/42,0,LOG,00000,"execute S_4: BEGIN",,,,,,,,,"","client backend"
2024-06-16 14:32:48.703 CST,"raingage","benchmark",15269,"127.0.0.1:45210",666e86a6.3ba5,568,"SELECT",2024-06-16 14:31:02 CST,5/42,0,LOG,00000,"execute S_5: SELECT d_tax, d_next_o_id     FROM bmsql_district     WHERE d_w_id = $1 AND d_id = $2 ","parameters: $1 = '1', $2 = '4'",,,,,,,,"","client backend"
2024-06-16 14:32:48.734 CST,"raingage","benchmark",15270,"127.0.0.1:45212",666e86a6.3ba6,566,"SELECT",2024-06-16 14:31:02 CST,6/42,90782,LOG,00000,"execute S_1: SELECT c_discount, c_last, c_credit, w_tax     FROM bmsql_customer     JOIN bmsql_warehouse ON (w_id = c_w_id)     WHERE c_w_id = $1 AND c_d_id = $2 AND c_id = $3 FOR UPDATE","parameters: $1 = '1', $2 = '1', $3 = '26'",,,,,,,,"","client backend"
2024-06-16 14:32:48.769 CST,"raingage","benchmark",15269,"127.0.0.1:45210",666e86a6.3ba5,569,"SELECT",2024-06-16 14:31:02 CST,5/42,0,LOG,00000,"execute S_1: SELECT c_discount, c_last, c_credit, w_tax     FROM bmsql_customer     JOIN bmsql_warehouse ON (w_id = c_w_id)     WHERE c_w_id = $1 AND c_d_id = $2 AND c_id = $3 FOR UPDATE","parameters: $1 = '1', $2 = '4', $3 = '13'",,,,,,,,"","client backend"
2024-06-16 14:32:48.797 CST,"raingage","benchmark",15270,"127.0.0.1:45212",666e86a6.3ba6,567,"SELECT",2024-06-16 14:31:02 CST,6/42,90782,LOG,00000,"execute S_1: SELECT c_discount, c_last, c_credit, w_tax     FROM bmsql_customer     JOIN bmsql_warehouse ON (w_id = c_w_id)     WHERE c_w_id = $1 AND c_d_id = $2 AND c_id = $3 FOR UPDATE","parameters: $1 = '1', $2 = '1', $3 = '26'",,,,,,,,"","client backend"
2024-06-16 14:32:48.863 CST,"raingage","benchmark",15270,"127.0.0.1:45212",666e86a6.3ba6,568,"SELECT",2024-06-16 14:31:02 CST,6/42,90782,LOG,00000,"execute S_1: SELECT c_discount, c_last, c_credit, w_tax     FROM bmsql_customer     JOIN bmsql_warehouse ON (w_id = c_w_id)     WHERE c_w_id = $1 AND c_d_id = $2 AND c_id = $3 FOR UPDATE","parameters: $1 = '1', $2 = '1', $3 = '26'",,,,,,,,"","client backend"
2024-06-16 14:32:48.934 CST,"raingage","benchmark",15270,"127.0.0.1:45212",666e86a6.3ba6,569,"SELECT",2024-06-16 14:31:02 CST,6/42,90782,LOG,00000,"execute S_1: SELECT c_discount, c_last, c_credit, w_tax     FROM bmsql_customer     JOIN bmsql_warehouse ON (w_id = c_w_id)     WHERE c_w_id = $1 AND c_d_id = $2 AND c_id = $3 FOR UPDATE","parameters: $1 = '1', $2 = '1', $3 = '26'",,,,,,,,"","client backend"
2024-06-16 14:32:48.998 CST,"raingage","benchmark",15270,"127.0.0.1:45212",666e86a6.3ba6,570,"SELECT",2024-06-16 14:31:02 CST,6/42,90782,LOG,00000,"execute S_1: SELECT c_discount, c_last, c_credit, w_tax     FROM bmsql_customer     JOIN bmsql_warehouse ON (w_id = c_w_id)     WHERE c_w_id = $1 AND c_d_id = $2 AND c_id = $3 FOR UPDATE","parameters: $1 = '1', $2 = '1', $3 = '26'",,,,,,,,"","client backend"
2024-06-16 14:32:49.069 CST,"raingage","benchmark",15270,"127.0.0.1:45212",666e86a6.3ba6,571,"SELECT",2024-06-16 14:31:02 CST,6/42,90782,LOG,00000,"execute S_1: SELECT c_discount, c_last, c_credit, w_tax     FROM bmsql_customer     JOIN bmsql_warehouse ON (w_id = c_w_id)     WHERE c_w_id = $1 AND c_d_id = $2 AND c_id = $3 FOR UPDATE","parameters: $1 = '1', $2 = '1', $3 = '26'",,,,,,,,"","client backend"
2024-06-16 14:32:49.136 CST,"raingage","benchmark",15270,"127.0.0.1:45212",666e86a6.3ba6,572,"SELECT",2024-06-16 14:31:02 CST,6/42,90782,LOG,00000,"execute S_1: SELECT c_discount, c_last, c_credit, w_tax     FROM bmsql_customer     JOIN bmsql_warehouse ON (w_id = c_w_id)     WHERE c_w_id = $1 AND c_d_id = $2 AND c_id = $3 FOR UPDATE","parameters: $1 = '1', $2 = '1', $3 = '26'",,,,,,,,"","client backend"
2024-06-16 14:32:49.138 CST,"raingage","benchmark",15270,"127.0.0.1:45212",666e86a6.3ba6,573,"SELECT",2024-06-16 14:31:02 CST,6/42,90782,LOG,00000,"execute S_5: SELECT i_price, i_name, i_data     FROM bmsql_item     WHERE i_id = $1","parameters: $1 = '3'",,,,,,,,"","client backend"
2024-06-16 14:32:49.153 CST,"raingage","benchmark",15270,"127.0.0.1:45212",666e86a6.3ba6,574,"SELECT",2024-06-16 14:31:02 CST,6/42,90782,LOG,00000,"execute S_6: SELECT s_quantity, s_data,        s_dist_01, s_dist_02, s_dist_03, s_dist_04,        s_dist_05, s_dist_06, s_dist_07, s_dist_08,        s_dist_09, s_dist_10     FROM bmsql_stock     WHERE s_w_id = $1 AND s_i_id = $2  FOR UPDATE","parameters: $1 = '1', $2 = '3'",,,,,,,,"","client backend"
2024-06-16 14:32:49.170 CST,"raingage","benchmark",15270,"127.0.0.1:45212",666e86a6.3ba6,575,"UPDATE",2024-06-16 14:31:02 CST,6/42,90782,LOG,00000,"execute S_7: UPDATE bmsql_stock     SET s_quantity = $1, s_ytd = s_ytd + $2,         s_order_cnt = s_order_cnt + 1,         s_remote_cnt = s_remote_cnt + $3     WHERE s_w_id = $4 AND s_i_id = $5","parameters: $1 = '35', $2 = '4', $3 = '0', $4 = '1', $5 = '3'",,,,,,,,"","client backend"
2024-06-16 14:32:49.187 CST,"raingage","benchmark",15270,"127.0.0.1:45212",666e86a6.3ba6,576,"COMMIT",2024-06-16 14:31:02 CST,6/42,90782,LOG,00000,"execute S_2: COMMIT",,,,,,,,,"","client backend"
2024-06-16 14:32:49.203 CST,"raingage","benchmark",15270,"127.0.0.1:45212",666e86a6.3ba6,577,"BEGIN",2024-06-16 14:31:02 CST,6/43,0,LOG,00000,"execute S_3: BEGIN",,,,,,,,,"","client backend"
2024-06-16 14:32:49.216 CST,"raingage","benchmark",15270,"127.0.0.1:45212",666e86a6.3ba6,578,"SELECT",2024-06-16 14:31:02 CST,6/43,0,LOG,00000,"execute S_4: SELECT d_tax, d_next_o_id     FROM bmsql_district     WHERE d_w_id = $1 AND d_id = $2 ","parameters: $1 = '1', $2 = '4'",,,,,,,,"","client backend"
2024-06-16 14:32:49.235 CST,"raingage","benchmark",15268,"127.0.0.1:45208",666e86a6.3ba4,440,"SELECT waiting",2024-06-16 14:31:02 CST,4/33,0,LOG,00000,"process 15268 still waiting for ShareLock on transaction 90783 after 1001.231 ms","Process holding the lock: 15272. Wait queue: 15268, 15269.",,,,"while locking tuple (1,26) in relation ""bmsql_customer""","SELECT c_discount, c_last, c_credit, w_tax     FROM bmsql_customer     JOIN bmsql_warehouse ON (w_id = c_w_id)     WHERE c_w_id = $1 AND c_d_id = $2 AND c_id = $3 FOR UPDATE",,,"","client backend"
2024-06-16 14:32:49.250 CST,"raingage","benchmark",15272,"127.0.0.1:45216",666e86a7.3ba8,314,"SELECT",2024-06-16 14:31:03 CST,8/24,90783,LOG,00000,"execute S_1: SELECT c_discount, c_last, c_credit, w_tax     FROM bmsql_customer     JOIN bmsql_warehouse ON (w_id = c_w_id)     WHERE c_w_id = $1 AND c_d_id = $2 AND c_id = $3 FOR UPDATE","parameters: $1 = '1', $2 = '1', $3 = '38'",,,,,,,,"","client backend"
2024-06-16 14:32:49.283 CST,"raingage","benchmark",15270,"127.0.0.1:45212",666e86a6.3ba6,579,"SELECT",2024-06-16 14:31:02 CST,6/43,0,LOG,00000,"execute S_1: SELECT c_discount, c_last, c_credit, w_tax     FROM bmsql_customer     JOIN bmsql_warehouse ON (w_id = c_w_id)     WHERE c_w_id = $1 AND c_d_id = $2 AND c_id = $3 FOR UPDATE","parameters: $1 = '1', $2 = '4', $3 = '58'",,,,,,,,"","client backend"
2024-06-16 14:32:49.318 CST,"raingage","benchmark",15272,"127.0.0.1:45216",666e86a7.3ba8,315,"SELECT",2024-06-16 14:31:03 CST,8/24,90783,LOG,00000,"execute S_1: SELECT c_discount, c_last, c_credit, w_tax     FROM bmsql_customer     JOIN bmsql_warehouse ON (w_id = c_w_id)     WHERE c_w_id = $1 AND c_d_id = $2 AND c_id = $3 FOR UPDATE","parameters: $1 = '1', $2 = '1', $3 = '38'",,,,,,,,"","client backend"
2024-06-16 14:32:49.387 CST,"raingage","benchmark",15272,"127.0.0.1:45216",666e86a7.3ba8,316,"SELECT",2024-06-16 14:31:03 CST,8/24,90783,LOG,00000,"execute S_1: SELECT c_discount, c_last, c_credit, w_tax     FROM bmsql_customer     JOIN bmsql_warehouse ON (w_id = c_w_id)     WHERE c_w_id = $1 AND c_d_id = $2 AND c_id = $3 FOR UPDATE","parameters: $1 = '1', $2 = '1', $3 = '38'",,,,,,,,"","client backend"
2024-06-16 14:32:49.460 CST,"raingage","benchmark",15272,"127.0.0.1:45216",666e86a7.3ba8,317,"SELECT",2024-06-16 14:31:03 CST,8/24,90783,LOG,00000,"execute S_1: SELECT c_discount, c_last, c_credit, w_tax     FROM bmsql_customer     JOIN bmsql_warehouse ON (w_id = c_w_id)     WHERE c_w_id = $1 AND c_d_id = $2 AND c_id = $3 FOR UPDATE","parameters: $1 = '1', $2 = '1', $3 = '38'",,,,,,,,"","client backend"
2024-06-16 14:32:49.525 CST,"raingage","benchmark",15272,"127.0.0.1:45216",666e86a7.3ba8,318,"SELECT",2024-06-16 14:31:03 CST,8/24,90783,LOG,00000,"execute S_1: SELECT c_discount, c_last, c_credit, w_tax     FROM bmsql_customer     JOIN bmsql_warehouse ON (w_id = c_w_id)     WHERE c_w_id = $1 AND c_d_id = $2 AND c_id = $3 FOR UPDATE","parameters: $1 = '1', $2 = '1', $3 = '38'",,,,,,,,"","client backend"
2024-06-16 14:32:49.586 CST,"raingage","benchmark",15272,"127.0.0.1:45216",666e86a7.3ba8,319,"SELECT",2024-06-16 14:31:03 CST,8/24,90783,LOG,00000,"execute S_1: SELECT c_discount, c_last, c_credit, w_tax     FROM bmsql_customer     JOIN bmsql_warehouse ON (w_id = c_w_id)     WHERE c_w_id = $1 AND c_d_id = $2 AND c_id = $3 FOR UPDATE","parameters: $1 = '1', $2 = '1', $3 = '38'",,,,,,,,"","client backend"
2024-06-16 14:32:49.649 CST,"raingage","benchmark",15272,"127.0.0.1:45216",666e86a7.3ba8,320,"SELECT",2024-06-16 14:31:03 CST,8/24,90783,LOG,00000,"execute S_1: SELECT c_discount, c_last, c_credit, w_tax     FROM bmsql_customer     JOIN bmsql_warehouse ON (w_id = c_w_id)     WHERE c_w_id = $1 AND c_d_id = $2 AND c_id = $3 FOR UPDATE","parameters: $1 = '1', $2 = '1', $3 = '38'",,,,,,,,"","client backend"
2024-06-16 14:32:49.661 CST,"raingage","benchmark",15272,"127.0.0.1:45216",666e86a7.3ba8,321,"SELECT",2024-06-16 14:31:03 CST,8/24,90783,LOG,00000,"execute S_5: SELECT i_price, i_name, i_data     FROM bmsql_item     WHERE i_id = $1","parameters: $1 = '44'",,,,,,,,"","client backend"
2024-06-16 14:32:49.671 CST,"raingage","benchmark",15272,"127.0.0.1:45216",666e86a7.3ba8,322,"SELECT",2024-06-16 14:31:03 CST,8/24,90783,LOG,00000,"execute S_6: SELECT s_quantity, s_data,        s_dist_01, s_dist_02, s_dist_03, s_dist_04,        s_dist_05, s_dist_06, s_dist_07, s_dist_08,        s_dist_09, s_dist_10     FROM bmsql_stock     WHERE s_w_id = $1 AND s_i_id = $2  FOR UPDATE","parameters: $1 = '1', $2 = '44'",,,,,,,,"","client backend"
2024-06-16 14:32:49.683 CST,"raingage","benchmark",15272,"127.0.0.1:45216",666e86a7.3ba8,323,"UPDATE",2024-06-16 14:31:03 CST,8/24,90783,LOG,00000,"execute S_7: UPDATE bmsql_stock     SET s_quantity = $1, s_ytd = s_ytd + $2,         s_order_cnt = s_order_cnt + 1,         s_remote_cnt = s_remote_cnt + $3     WHERE s_w_id = $4 AND s_i_id = $5","parameters: $1 = '24', $2 = '4', $3 = '0', $4 = '1', $5 = '44'",,,,,,,,"","client backend"
2024-06-16 14:32:49.700 CST,"raingage","benchmark",15272,"127.0.0.1:45216",666e86a7.3ba8,324,"COMMIT",2024-06-16 14:31:03 CST,8/24,90783,LOG,00000,"execute S_2: COMMIT",,,,,,,,,"","client backend"
2024-06-16 14:32:49.702 CST,"raingage","benchmark",15268,"127.0.0.1:45208",666e86a6.3ba4,441,"SELECT waiting",2024-06-16 14:31:02 CST,4/33,0,LOG,00000,"process 15268 acquired ShareLock on transaction 90783 after 1467.831 ms",,,,,"while locking tuple (1,26) in relation ""bmsql_customer""","SELECT c_discount, c_last, c_credit, w_tax     FROM bmsql_customer     JOIN bmsql_warehouse ON (w_id = c_w_id)     WHERE c_w_id = $1 AND c_d_id = $2 AND c_id = $3 FOR UPDATE",,,"","client backend"
2024-06-16 14:32:49.765 CST,"raingage","benchmark",15269,"127.0.0.1:45210",666e86a6.3ba5,570,"SELECT",2024-06-16 14:31:02 CST,5/42,90784,LOG,00000,"execute S_1: SELECT c_discount, c_last, c_credit, w_tax     FROM bmsql_customer     JOIN bmsql_warehouse ON (w_id = c_w_id)     WHERE c_w_id = $1 AND c_d_id = $2 AND c_id = $3 FOR UPDATE","parameters: $1 = '1', $2 = '4', $3 = '13'",,,,,,,,"","client backend"
2024-06-16 14:32:49.829 CST,"raingage","benchmark",15269,"127.0.0.1:45210",666e86a6.3ba5,571,"SELECT",2024-06-16 14:31:02 CST,5/42,90784,LOG,00000,"execute S_1: SELECT c_discount, c_last, c_credit, w_tax     FROM bmsql_customer     JOIN bmsql_warehouse ON (w_id = c_w_id)     WHERE c_w_id = $1 AND c_d_id = $2 AND c_id = $3 FOR UPDATE","parameters: $1 = '1', $2 = '4', $3 = '13'",,,,,,,,"","client backend"
2024-06-16 14:32:49.896 CST,"raingage","benchmark",15269,"127.0.0.1:45210",666e86a6.3ba5,572,"SELECT",2024-06-16 14:31:02 CST,5/42,90784,LOG,00000,"execute S_1: SELECT c_discount, c_last, c_credit, w_tax     FROM bmsql_customer     JOIN bmsql_warehouse ON (w_id = c_w_id)     WHERE c_w_id = $1 AND c_d_id = $2 AND c_id = $3 FOR UPDATE","parameters: $1 = '1', $2 = '4', $3 = '13'",,,,,,,,"","client backend"
2024-06-16 14:32:49.958 CST,"raingage","benchmark",15269,"127.0.0.1:45210",666e86a6.3ba5,573,"SELECT",2024-06-16 14:31:02 CST,5/42,90784,LOG,00000,"execute S_1: SELECT c_discount, c_last, c_credit, w_tax     FROM bmsql_customer     JOIN bmsql_warehouse ON (w_id = c_w_id)     WHERE c_w_id = $1 AND c_d_id = $2 AND c_id = $3 FOR UPDATE","parameters: $1 = '1', $2 = '4', $3 = '13'",,,,,,,,"","client backend"
2024-06-16 14:32:50.024 CST,"raingage","benchmark",15269,"127.0.0.1:45210",666e86a6.3ba5,574,"SELECT",2024-06-16 14:31:02 CST,5/42,90784,LOG,00000,"execute S_1: SELECT c_discount, c_last, c_credit, w_tax     FROM bmsql_customer     JOIN bmsql_warehouse ON (w_id = c_w_id)     WHERE c_w_id = $1 AND c_d_id = $2 AND c_id = $3 FOR UPDATE","parameters: $1 = '1', $2 = '4', $3 = '13'",,,,,,,,"","client backend"
2024-06-16 14:32:50.095 CST,"raingage","benchmark",15269,"127.0.0.1:45210",666e86a6.3ba5,575,"SELECT",2024-06-16 14:31:02 CST,5/42,90784,LOG,00000,"execute S_1: SELECT c_discount, c_last, c_credit, w_tax     FROM bmsql_customer     JOIN bmsql_warehouse ON (w_id = c_w_id)     WHERE c_w_id = $1 AND c_d_id = $2 AND c_id = $3 FOR UPDATE","parameters: $1 = '1', $2 = '4', $3 = '13'",,,,,,,,"","client backend"
2024-06-16 14:32:50.163 CST,"raingage","benchmark",15269,"127.0.0.1:45210",666e86a6.3ba5,576,"SELECT",2024-06-16 14:31:02 CST,5/42,90784,LOG,00000,"execute S_1: SELECT c_discount, c_last, c_credit, w_tax     FROM bmsql_customer     JOIN bmsql_warehouse ON (w_id = c_w_id)     WHERE c_w_id = $1 AND c_d_id = $2 AND c_id = $3 FOR UPDATE","parameters: $1 = '1', $2 = '4', $3 = '13'",,,,,,,,"","client backend"
2024-06-16 14:32:50.177 CST,"raingage","benchmark",15269,"127.0.0.1:45210",666e86a6.3ba5,577,"SELECT",2024-06-16 14:31:02 CST,5/42,90784,LOG,00000,"execute S_6: SELECT i_price, i_name, i_data     FROM bmsql_item     WHERE i_id = $1","parameters: $1 = '71'",,,,,,,,"","client backend"
2024-06-16 14:32:50.190 CST,"raingage","benchmark",15269,"127.0.0.1:45210",666e86a6.3ba5,578,"SELECT",2024-06-16 14:31:02 CST,5/42,90784,LOG,00000,"execute S_7: SELECT s_quantity, s_data,        s_dist_01, s_dist_02, s_dist_03, s_dist_04,        s_dist_05, s_dist_06, s_dist_07, s_dist_08,        s_dist_09, s_dist_10     FROM bmsql_stock     WHERE s_w_id = $1 AND s_i_id = $2  FOR UPDATE","parameters: $1 = '1', $2 = '71'",,,,,,,,"","client backend"
2024-06-16 14:32:50.210 CST,"raingage","benchmark",15269,"127.0.0.1:45210",666e86a6.3ba5,579,"UPDATE",2024-06-16 14:31:02 CST,5/42,90784,LOG,00000,"execute S_8: UPDATE bmsql_stock     SET s_quantity = $1, s_ytd = s_ytd + $2,         s_order_cnt = s_order_cnt + 1,         s_remote_cnt = s_remote_cnt + $3     WHERE s_w_id = $4 AND s_i_id = $5","parameters: $1 = '19', $2 = '2', $3 = '0', $4 = '1', $5 = '71'",,,,,,,,"","client backend"
2024-06-16 14:32:50.229 CST,"raingage","benchmark",15269,"127.0.0.1:45210",666e86a6.3ba5,580,"COMMIT",2024-06-16 14:31:02 CST,5/42,90784,LOG,00000,"execute S_3: COMMIT",,,,,,,,,"","client backend"
2024-06-16 14:32:50.248 CST,"raingage","benchmark",15269,"127.0.0.1:45210",666e86a6.3ba5,581,"BEGIN",2024-06-16 14:31:02 CST,5/43,0,LOG,00000,"execute S_4: BEGIN",,,,,,,,,"","client backend"
2024-06-16 14:32:50.264 CST,"raingage","benchmark",15269,"127.0.0.1:45210",666e86a6.3ba5,582,"SELECT",2024-06-16 14:31:02 CST,5/43,0,LOG,00000,"execute S_5: SELECT d_tax, d_next_o_id     FROM bmsql_district     WHERE d_w_id = $1 AND d_id = $2 ","parameters: $1 = '1', $2 = '3'",,,,,,,,"","client backend"
2024-06-16 14:32:50.302 CST,"raingage","benchmark",15270,"127.0.0.1:45212",666e86a6.3ba6,580,"SELECT",2024-06-16 14:31:02 CST,6/43,90785,LOG,00000,"execute S_1: SELECT c_discount, c_last, c_credit, w_tax     FROM bmsql_customer     JOIN bmsql_warehouse ON (w_id = c_w_id)     WHERE c_w_id = $1 AND c_d_id = $2 AND c_id = $3 FOR UPDATE","parameters: $1 = '1', $2 = '4', $3 = '58'",,,,,,,,"","client backend"
2024-06-16 14:32:50.330 CST,"raingage","benchmark",15269,"127.0.0.1:45210",666e86a6.3ba5,583,"SELECT",2024-06-16 14:31:02 CST,5/43,0,LOG,00000,"execute S_1: SELECT c_discount, c_last, c_credit, w_tax     FROM bmsql_customer     JOIN bmsql_warehouse ON (w_id = c_w_id)     WHERE c_w_id = $1 AND c_d_id = $2 AND c_id = $3 FOR UPDATE","parameters: $1 = '1', $2 = '3', $3 = '16'",,,,,,,,"","client backend"
2024-06-16 14:32:50.371 CST,"raingage","benchmark",15270,"127.0.0.1:45212",666e86a6.3ba6,581,"SELECT",2024-06-16 14:31:02 CST,6/43,90785,LOG,00000,"execute S_1: SELECT c_discount, c_last, c_credit, w_tax     FROM bmsql_customer     JOIN bmsql_warehouse ON (w_id = c_w_id)     WHERE c_w_id = $1 AND c_d_id = $2 AND c_id = $3 FOR UPDATE","parameters: $1 = '1', $2 = '4', $3 = '58'",,,,,,,,"","client backend"
2024-06-16 14:32:50.438 CST,"raingage","benchmark",15270,"127.0.0.1:45212",666e86a6.3ba6,582,"SELECT",2024-06-16 14:31:02 CST,6/43,90785,LOG,00000,"execute S_1: SELECT c_discount, c_last, c_credit, w_tax     FROM bmsql_customer     JOIN bmsql_warehouse ON (w_id = c_w_id)     WHERE c_w_id = $1 AND c_d_id = $2 AND c_id = $3 FOR UPDATE","parameters: $1 = '1', $2 = '4', $3 = '58'",,,,,,,,"","client backend"
2024-06-16 14:32:50.507 CST,"raingage","benchmark",15270,"127.0.0.1:45212",666e86a6.3ba6,583,"SELECT",2024-06-16 14:31:02 CST,6/43,90785,LOG,00000,"execute S_1: SELECT c_discount, c_last, c_credit, w_tax     FROM bmsql_customer     JOIN bmsql_warehouse ON (w_id = c_w_id)     WHERE c_w_id = $1 AND c_d_id = $2 AND c_id = $3 FOR UPDATE","parameters: $1 = '1', $2 = '4', $3 = '58'",,,,,,,,"","client backend"
2024-06-16 14:32:50.577 CST,"raingage","benchmark",15270,"127.0.0.1:45212",666e86a6.3ba6,584,"SELECT",2024-06-16 14:31:02 CST,6/43,90785,LOG,00000,"execute S_1: SELECT c_discount, c_last, c_credit, w_tax     FROM bmsql_customer     JOIN bmsql_warehouse ON (w_id = c_w_id)     WHERE c_w_id = $1 AND c_d_id = $2 AND c_id = $3 FOR UPDATE","parameters: $1 = '1', $2 = '4', $3 = '58'",,,,,,,,"","client backend"
2024-06-16 14:32:50.649 CST,"raingage","benchmark",15270,"127.0.0.1:45212",666e86a6.3ba6,585,"SELECT",2024-06-16 14:31:02 CST,6/43,90785,LOG,00000,"execute S_1: SELECT c_discount, c_last, c_credit, w_tax     FROM bmsql_customer     JOIN bmsql_warehouse ON (w_id = c_w_id)     WHERE c_w_id = $1 AND c_d_id = $2 AND c_id = $3 FOR UPDATE","parameters: $1 = '1', $2 = '4', $3 = '58'",,,,,,,,"","client backend"
2024-06-16 14:32:50.703 CST,"raingage","benchmark",15270,"127.0.0.1:45212",666e86a6.3ba6,586,"SELECT",2024-06-16 14:31:02 CST,6/43,90785,LOG,00000,"execute S_1: SELECT c_discount, c_last, c_credit, w_tax     FROM bmsql_customer     JOIN bmsql_warehouse ON (w_id = c_w_id)     WHERE c_w_id = $1 AND c_d_id = $2 AND c_id = $3 FOR UPDATE","parameters: $1 = '1', $2 = '4', $3 = '58'",,,,,,,,"","client backend"
2024-06-16 14:32:50.723 CST,"raingage","benchmark",15270,"127.0.0.1:45212",666e86a6.3ba6,587,"SELECT",2024-06-16 14:31:02 CST,6/43,90785,LOG,00000,"execute S_5: SELECT i_price, i_name, i_data     FROM bmsql_item     WHERE i_id = $1","parameters: $1 = '45'",,,,,,,,"","client backend"
2024-06-16 14:32:50.740 CST,"raingage","benchmark",15270,"127.0.0.1:45212",666e86a6.3ba6,588,"SELECT",2024-06-16 14:31:02 CST,6/43,90785,LOG,00000,"execute S_6: SELECT s_quantity, s_data,        s_dist_01, s_dist_02, s_dist_03, s_dist_04,        s_dist_05, s_dist_06, s_dist_07, s_dist_08,        s_dist_09, s_dist_10     FROM bmsql_stock     WHERE s_w_id = $1 AND s_i_id = $2  FOR UPDATE","parameters: $1 = '1', $2 = '45'",,,,,,,,"","client backend"
2024-06-16 14:32:50.752 CST,"raingage","benchmark",15270,"127.0.0.1:45212",666e86a6.3ba6,589,"UPDATE",2024-06-16 14:31:02 CST,6/43,90785,LOG,00000,"execute S_7: UPDATE bmsql_stock     SET s_quantity = $1, s_ytd = s_ytd + $2,         s_order_cnt = s_order_cnt + 1,         s_remote_cnt = s_remote_cnt + $3     WHERE s_w_id = $4 AND s_i_id = $5","parameters: $1 = '69', $2 = '2', $3 = '0', $4 = '1', $5 = '45'",,,,,,,,"","client backend"
2024-06-16 14:32:50.770 CST,"raingage","benchmark",15270,"127.0.0.1:45212",666e86a6.3ba6,590,"COMMIT",2024-06-16 14:31:02 CST,6/43,90785,LOG,00000,"execute S_2: COMMIT",,,,,,,,,"","client backend"
2024-06-16 14:32:50.791 CST,"raingage","benchmark",15270,"127.0.0.1:45212",666e86a6.3ba6,591,"BEGIN",2024-06-16 14:31:02 CST,6/44,0,LOG,00000,"execute S_3: BEGIN",,,,,,,,,"","client backend"
2024-06-16 14:32:50.808 CST,"raingage","benchmark",15270,"127.0.0.1:45212",666e86a6.3ba6,592,"SELECT",2024-06-16 14:31:02 CST,6/44,0,LOG,00000,"execute S_4: SELECT d_tax, d_next_o_id     FROM bmsql_district     WHERE d_w_id = $1 AND d_id = $2 ","parameters: $1 = '1', $2 = '3'",,,,,,,,"","client backend"
2024-06-16 14:32:50.840 CST,"raingage","benchmark",15268,"127.0.0.1:45208",666e86a6.3ba4,442,"SELECT",2024-06-16 14:31:02 CST,4/33,90786,LOG,00000,"execute S_1: SELECT c_discount, c_last, c_credit, w_tax     FROM bmsql_customer     JOIN bmsql_warehouse ON (w_id = c_w_id)     WHERE c_w_id = $1 AND c_d_id = $2 AND c_id = $3 FOR UPDATE","parameters: $1 = '1', $2 = '1', $3 = '38'",,,,,,,,"","client backend"
2024-06-16 14:32:50.873 CST,"raingage","benchmark",15270,"127.0.0.1:45212",666e86a6.3ba6,593,"SELECT",2024-06-16 14:31:02 CST,6/44,0,LOG,00000,"execute S_1: SELECT c_discount, c_last, c_credit, w_tax     FROM bmsql_customer     JOIN bmsql_warehouse ON (w_id = c_w_id)     WHERE c_w_id = $1 AND c_d_id = $2 AND c_id = $3 FOR UPDATE","parameters: $1 = '1', $2 = '3', $3 = '27'",,,,,,,,"","client backend"
2024-06-16 14:32:50.910 CST,"raingage","benchmark",15268,"127.0.0.1:45208",666e86a6.3ba4,443,"SELECT",2024-06-16 14:31:02 CST,4/33,90786,LOG,00000,"execute S_1: SELECT c_discount, c_last, c_credit, w_tax     FROM bmsql_customer     JOIN bmsql_warehouse ON (w_id = c_w_id)     WHERE c_w_id = $1 AND c_d_id = $2 AND c_id = $3 FOR UPDATE","parameters: $1 = '1', $2 = '1', $3 = '38'",,,,,,,,"","client backend"
2024-06-16 14:32:50.977 CST,"raingage","benchmark",15268,"127.0.0.1:45208",666e86a6.3ba4,444,"SELECT",2024-06-16 14:31:02 CST,4/33,90786,LOG,00000,"execute S_1: SELECT c_discount, c_last, c_credit, w_tax     FROM bmsql_customer     JOIN bmsql_warehouse ON (w_id = c_w_id)     WHERE c_w_id = $1 AND c_d_id = $2 AND c_id = $3 FOR UPDATE","parameters: $1 = '1', $2 = '1', $3 = '38'",,,,,,,,"","client backend"
2024-06-16 14:32:51.045 CST,"raingage","benchmark",15268,"127.0.0.1:45208",666e86a6.3ba4,445,"SELECT",2024-06-16 14:31:02 CST,4/33,90786,LOG,00000,"execute S_1: SELECT c_discount, c_last, c_credit, w_tax     FROM bmsql_customer     JOIN bmsql_warehouse ON (w_id = c_w_id)     WHERE c_w_id = $1 AND c_d_id = $2 AND c_id = $3 FOR UPDATE","parameters: $1 = '1', $2 = '1', $3 = '38'",,,,,,,,"","client backend"
2024-06-16 14:32:51.107 CST,"raingage","benchmark",15268,"127.0.0.1:45208",666e86a6.3ba4,446,"SELECT",2024-06-16 14:31:02 CST,4/33,90786,LOG,00000,"execute S_1: SELECT c_discount, c_last, c_credit, w_tax     FROM bmsql_customer     JOIN bmsql_warehouse ON (w_id = c_w_id)     WHERE c_w_id = $1 AND c_d_id = $2 AND c_id = $3 FOR UPDATE","parameters: $1 = '1', $2 = '1', $3 = '38'",,,,,,,,"","client backend"
2024-06-16 14:32:51.174 CST,"raingage","benchmark",15268,"127.0.0.1:45208",666e86a6.3ba4,447,"SELECT",2024-06-16 14:31:02 CST,4/33,90786,LOG,00000,"execute S_1: SELECT c_discount, c_last, c_credit, w_tax     FROM bmsql_customer     JOIN bmsql_warehouse ON (w_id = c_w_id)     WHERE c_w_id = $1 AND c_d_id = $2 AND c_id = $3 FOR UPDATE","parameters: $1 = '1', $2 = '1', $3 = '38'",,,,,,,,"","client backend"
2024-06-16 14:32:51.231 CST,"raingage","benchmark",15268,"127.0.0.1:45208",666e86a6.3ba4,448,"SELECT",2024-06-16 14:31:02 CST,4/33,90786,LOG,00000,"execute S_1: SELECT c_discount, c_last, c_credit, w_tax     FROM bmsql_customer     JOIN bmsql_warehouse ON (w_id = c_w_id)     WHERE c_w_id = $1 AND c_d_id = $2 AND c_id = $3 FOR UPDATE","parameters: $1 = '1', $2 = '1', $3 = '38'",,,,,,,,"","client backend"
2024-06-16 14:32:51.251 CST,"raingage","benchmark",15268,"127.0.0.1:45208",666e86a6.3ba4,449,"SELECT",2024-06-16 14:31:02 CST,4/33,90786,LOG,00000,"execute S_5: SELECT i_price, i_name, i_data     FROM bmsql_item     WHERE i_id = $1","parameters: $1 = '44'",,,,,,,,"","client backend"
2024-06-16 14:32:51.264 CST,"raingage","benchmark",15268,"127.0.0.1:45208",666e86a6.3ba4,450,"SELECT",2024-06-16 14:31:02 CST,4/33,90786,LOG,00000,"execute S_6: SELECT s_quantity, s_data,        s_dist_01, s_dist_02, s_dist_03, s_dist_04,        s_dist_05, s_dist_06, s_dist_07, s_dist_08,        s_dist_09, s_dist_10     FROM bmsql_stock     WHERE s_w_id = $1 AND s_i_id = $2  FOR UPDATE","parameters: $1 = '1', $2 = '44'",,,,,,,,"","client backend"
2024-06-16 14:32:51.284 CST,"raingage","benchmark",15268,"127.0.0.1:45208",666e86a6.3ba4,451,"UPDATE",2024-06-16 14:31:02 CST,4/33,90786,LOG,00000,"execute S_7: UPDATE bmsql_stock     SET s_quantity = $1, s_ytd = s_ytd + $2,         s_order_cnt = s_order_cnt + 1,         s_remote_cnt = s_remote_cnt + $3     WHERE s_w_id = $4 AND s_i_id = $5","parameters: $1 = '20', $2 = '4', $3 = '0', $4 = '1', $5 = '44'",,,,,,,,"","client backend"
2024-06-16 14:32:51.301 CST,"raingage","benchmark",15268,"127.0.0.1:45208",666e86a6.3ba4,452,"COMMIT",2024-06-16 14:31:02 CST,4/33,90786,LOG,00000,"execute S_2: COMMIT",,,,,,,,,"","client backend"
2024-06-16 14:32:51.317 CST,"raingage","benchmark",15268,"127.0.0.1:45208",666e86a6.3ba4,453,"BEGIN",2024-06-16 14:31:02 CST,4/34,0,LOG,00000,"execute S_3: BEGIN",,,,,,,,,"","client backend"
2024-06-16 14:32:51.331 CST,"raingage","benchmark",15268,"127.0.0.1:45208",666e86a6.3ba4,454,"SELECT",2024-06-16 14:31:02 CST,4/34,0,LOG,00000,"execute S_4: SELECT d_tax, d_next_o_id     FROM bmsql_district     WHERE d_w_id = $1 AND d_id = $2 ","parameters: $1 = '1', $2 = '3'",,,,,,,,"","client backend"
2024-06-16 14:32:51.372 CST,"raingage","benchmark",15269,"127.0.0.1:45210",666e86a6.3ba5,584,"SELECT",2024-06-16 14:31:02 CST,5/43,90787,LOG,00000,"execute S_1: SELECT c_discount, c_last, c_credit, w_tax     FROM bmsql_customer     JOIN bmsql_warehouse ON (w_id = c_w_id)     WHERE c_w_id = $1 AND c_d_id = $2 AND c_id = $3 FOR UPDATE","parameters: $1 = '1', $2 = '3', $3 = '16'",,,,,,,,"","client backend"
2024-06-16 14:32:51.393 CST,"raingage","benchmark",15268,"127.0.0.1:45208",666e86a6.3ba4,455,"SELECT",2024-06-16 14:31:02 CST,4/34,0,LOG,00000,"execute S_1: SELECT c_discount, c_last, c_credit, w_tax     FROM bmsql_customer     JOIN bmsql_warehouse ON (w_id = c_w_id)     WHERE c_w_id = $1 AND c_d_id = $2 AND c_id = $3 FOR UPDATE","parameters: $1 = '1', $2 = '3', $3 = '27'",,,,,,,,"","client backend"
2024-06-16 14:32:51.438 CST,"raingage","benchmark",15269,"127.0.0.1:45210",666e86a6.3ba5,585,"SELECT",2024-06-16 14:31:02 CST,5/43,90787,LOG,00000,"execute S_1: SELECT c_discount, c_last, c_credit, w_tax     FROM bmsql_customer     JOIN bmsql_warehouse ON (w_id = c_w_id)     WHERE c_w_id = $1 AND c_d_id = $2 AND c_id = $3 FOR UPDATE","parameters: $1 = '1', $2 = '3', $3 = '16'",,,,,,,,"","client backend"
2024-06-16 14:32:51.509 CST,"raingage","benchmark",15269,"127.0.0.1:45210",666e86a6.3ba5,586,"SELECT",2024-06-16 14:31:02 CST,5/43,90787,LOG,00000,"execute S_1: SELECT c_discount, c_last, c_credit, w_tax     FROM bmsql_customer     JOIN bmsql_warehouse ON (w_id = c_w_id)     WHERE c_w_id = $1 AND c_d_id = $2 AND c_id = $3 FOR UPDATE","parameters: $1 = '1', $2 = '3', $3 = '16'",,,,,,,,"","client backend"
2024-06-16 14:32:51.574 CST,"raingage","benchmark",15269,"127.0.0.1:45210",666e86a6.3ba5,587,"SELECT",2024-06-16 14:31:02 CST,5/43,90787,LOG,00000,"execute S_1: SELECT c_discount, c_last, c_credit, w_tax     FROM bmsql_customer     JOIN bmsql_warehouse ON (w_id = c_w_id)     WHERE c_w_id = $1 AND c_d_id = $2 AND c_id = $3 FOR UPDATE","parameters: $1 = '1', $2 = '3', $3 = '16'",,,,,,,,"","client backend"
2024-06-16 14:32:51.643 CST,"raingage","benchmark",15269,"127.0.0.1:45210",666e86a6.3ba5,588,"SELECT",2024-06-16 14:31:02 CST,5/43,90787,LOG,00000,"execute S_1: SELECT c_discount, c_last, c_credit, w_tax     FROM bmsql_customer     JOIN bmsql_warehouse ON (w_id = c_w_id)     WHERE c_w_id = $1 AND c_d_id = $2 AND c_id = $3 FOR UPDATE","parameters: $1 = '1', $2 = '3', $3 = '16'",,,,,,,,"","client backend"
2024-06-16 14:32:51.712 CST,"raingage","benchmark",15269,"127.0.0.1:45210",666e86a6.3ba5,589,"SELECT",2024-06-16 14:31:02 CST,5/43,90787,LOG,00000,"execute S_1: SELECT c_discount, c_last, c_credit, w_tax     FROM bmsql_customer     JOIN bmsql_warehouse ON (w_id = c_w_id)     WHERE c_w_id = $1 AND c_d_id = $2 AND c_id = $3 FOR UPDATE","parameters: $1 = '1', $2 = '3', $3 = '16'",,,,,,,,"","client backend"
2024-06-16 14:32:51.774 CST,"raingage","benchmark",15269,"127.0.0.1:45210",666e86a6.3ba5,590,"SELECT",2024-06-16 14:31:02 CST,5/43,90787,LOG,00000,"execute S_1: SELECT c_discount, c_last, c_credit, w_tax     FROM bmsql_customer     JOIN bmsql_warehouse ON (w_id = c_w_id)     WHERE c_w_id = $1 AND c_d_id = $2 AND c_id = $3 FOR UPDATE","parameters: $1 = '1', $2 = '3', $3 = '16'",,,,,,,,"","client backend"
2024-06-16 14:32:51.791 CST,"raingage","benchmark",15269,"127.0.0.1:45210",666e86a6.3ba5,591,"SELECT",2024-06-16 14:31:02 CST,5/43,90787,LOG,00000,"execute S_6: SELECT i_price, i_name, i_data     FROM bmsql_item     WHERE i_id = $1","parameters: $1 = '83'",,,,,,,,"","client backend"
2024-06-16 14:32:51.805 CST,"raingage","benchmark",15269,"127.0.0.1:45210",666e86a6.3ba5,592,"SELECT",2024-06-16 14:31:02 CST,5/43,90787,LOG,00000,"execute S_7: SELECT s_quantity, s_data,        s_dist_01, s_dist_02, s_dist_03, s_dist_04,        s_dist_05, s_dist_06, s_dist_07, s_dist_08,        s_dist_09, s_dist_10     FROM bmsql_stock     WHERE s_w_id = $1 AND s_i_id = $2  FOR UPDATE","parameters: $1 = '1', $2 = '83'",,,,,,,,"","client backend"
2024-06-16 14:32:51.821 CST,"raingage","benchmark",15269,"127.0.0.1:45210",666e86a6.3ba5,593,"UPDATE",2024-06-16 14:31:02 CST,5/43,90787,LOG,00000,"execute S_8: UPDATE bmsql_stock     SET s_quantity = $1, s_ytd = s_ytd + $2,         s_order_cnt = s_order_cnt + 1,         s_remote_cnt = s_remote_cnt + $3     WHERE s_w_id = $4 AND s_i_id = $5","parameters: $1 = '90', $2 = '2', $3 = '0', $4 = '1', $5 = '83'",,,,,,,,"","client backend"
2024-06-16 14:32:51.841 CST,"raingage","benchmark",15269,"127.0.0.1:45210",666e86a6.3ba5,594,"COMMIT",2024-06-16 14:31:02 CST,5/43,90787,LOG,00000,"execute S_3: COMMIT",,,,,,,,,"","client backend"
2024-06-16 14:32:51.908 CST,"raingage","benchmark",15270,"127.0.0.1:45212",666e86a6.3ba6,594,"SELECT",2024-06-16 14:31:02 CST,6/44,90788,LOG,00000,"execute S_1: SELECT c_discount, c_last, c_credit, w_tax     FROM bmsql_customer     JOIN bmsql_warehouse ON (w_id = c_w_id)     WHERE c_w_id = $1 AND c_d_id = $2 AND c_id = $3 FOR UPDATE","parameters: $1 = '1', $2 = '3', $3 = '27'",,,,,,,,"","client backend"
2024-06-16 14:32:51.971 CST,"raingage","benchmark",15270,"127.0.0.1:45212",666e86a6.3ba6,595,"SELECT",2024-06-16 14:31:02 CST,6/44,90788,LOG,00000,"execute S_1: SELECT c_discount, c_last, c_credit, w_tax     FROM bmsql_customer     JOIN bmsql_warehouse ON (w_id = c_w_id)     WHERE c_w_id = $1 AND c_d_id = $2 AND c_id = $3 FOR UPDATE","parameters: $1 = '1', $2 = '3', $3 = '27'",,,,,,,,"","client backend"
2024-06-16 14:32:52.035 CST,"raingage","benchmark",15270,"127.0.0.1:45212",666e86a6.3ba6,596,"SELECT",2024-06-16 14:31:02 CST,6/44,90788,LOG,00000,"execute S_1: SELECT c_discount, c_last, c_credit, w_tax     FROM bmsql_customer     JOIN bmsql_warehouse ON (w_id = c_w_id)     WHERE c_w_id = $1 AND c_d_id = $2 AND c_id = $3 FOR UPDATE","parameters: $1 = '1', $2 = '3', $3 = '27'",,,,,,,,"","client backend"
2024-06-16 14:32:52.102 CST,"raingage","benchmark",15270,"127.0.0.1:45212",666e86a6.3ba6,597,"SELECT",2024-06-16 14:31:02 CST,6/44,90788,LOG,00000,"execute S_1: SELECT c_discount, c_last, c_credit, w_tax     FROM bmsql_customer     JOIN bmsql_warehouse ON (w_id = c_w_id)     WHERE c_w_id = $1 AND c_d_id = $2 AND c_id = $3 FOR UPDATE","parameters: $1 = '1', $2 = '3', $3 = '27'",,,,,,,,"","client backend"
2024-06-16 14:32:52.168 CST,"raingage","benchmark",15270,"127.0.0.1:45212",666e86a6.3ba6,598,"SELECT",2024-06-16 14:31:02 CST,6/44,90788,LOG,00000,"execute S_1: SELECT c_discount, c_last, c_credit, w_tax     FROM bmsql_customer     JOIN bmsql_warehouse ON (w_id = c_w_id)     WHERE c_w_id = $1 AND c_d_id = $2 AND c_id = $3 FOR UPDATE","parameters: $1 = '1', $2 = '3', $3 = '27'",,,,,,,,"","client backend"
2024-06-16 14:32:52.237 CST,"raingage","benchmark",15270,"127.0.0.1:45212",666e86a6.3ba6,599,"SELECT",2024-06-16 14:31:02 CST,6/44,90788,LOG,00000,"execute S_1: SELECT c_discount, c_last, c_credit, w_tax     FROM bmsql_customer     JOIN bmsql_warehouse ON (w_id = c_w_id)     WHERE c_w_id = $1 AND c_d_id = $2 AND c_id = $3 FOR UPDATE","parameters: $1 = '1', $2 = '3', $3 = '27'",,,,,,,,"","client backend"
2024-06-16 14:32:52.304 CST,"raingage","benchmark",15270,"127.0.0.1:45212",666e86a6.3ba6,600,"SELECT",2024-06-16 14:31:02 CST,6/44,90788,LOG,00000,"execute S_1: SELECT c_discount, c_last, c_credit, w_tax     FROM bmsql_customer     JOIN bmsql_warehouse ON (w_id = c_w_id)     WHERE c_w_id = $1 AND c_d_id = $2 AND c_id = $3 FOR UPDATE","parameters: $1 = '1', $2 = '3', $3 = '27'",,,,,,,,"","client backend"
2024-06-16 14:32:52.322 CST,"raingage","benchmark",15270,"127.0.0.1:45212",666e86a6.3ba6,601,"SELECT",2024-06-16 14:31:02 CST,6/44,90788,LOG,00000,"execute S_5: SELECT i_price, i_name, i_data     FROM bmsql_item     WHERE i_id = $1","parameters: $1 = '19'",,,,,,,,"","client backend"
2024-06-16 14:32:52.341 CST,"raingage","benchmark",15270,"127.0.0.1:45212",666e86a6.3ba6,602,"SELECT",2024-06-16 14:31:02 CST,6/44,90788,LOG,00000,"execute S_6: SELECT s_quantity, s_data,        s_dist_01, s_dist_02, s_dist_03, s_dist_04,        s_dist_05, s_dist_06, s_dist_07, s_dist_08,        s_dist_09, s_dist_10     FROM bmsql_stock     WHERE s_w_id = $1 AND s_i_id = $2  FOR UPDATE","parameters: $1 = '1', $2 = '19'",,,,,,,,"","client backend"
2024-06-16 14:32:52.353 CST,"raingage","benchmark",15270,"127.0.0.1:45212",666e86a6.3ba6,603,"UPDATE",2024-06-16 14:31:02 CST,6/44,90788,LOG,00000,"execute S_7: UPDATE bmsql_stock     SET s_quantity = $1, s_ytd = s_ytd + $2,         s_order_cnt = s_order_cnt + 1,         s_remote_cnt = s_remote_cnt + $3     WHERE s_w_id = $4 AND s_i_id = $5","parameters: $1 = '38', $2 = '6', $3 = '0', $4 = '1', $5 = '19'",,,,,,,,"","client backend"
2024-06-16 14:32:52.365 CST,"raingage","benchmark",15270,"127.0.0.1:45212",666e86a6.3ba6,604,"COMMIT",2024-06-16 14:31:02 CST,6/44,90788,LOG,00000,"execute S_2: COMMIT",,,,,,,,,"","client backend"
2024-06-16 14:32:52.378 CST,"raingage","benchmark",15270,"127.0.0.1:45212",666e86a6.3ba6,605,"BEGIN",2024-06-16 14:31:02 CST,6/45,0,LOG,00000,"execute S_3: BEGIN",,,,,,,,,"","client backend"
2024-06-16 14:32:52.396 CST,"raingage","benchmark",15270,"127.0.0.1:45212",666e86a6.3ba6,606,"SELECT",2024-06-16 14:31:02 CST,6/45,0,LOG,00000,"execute S_4: SELECT d_tax, d_next_o_id     FROM bmsql_district     WHERE d_w_id = $1 AND d_id = $2 ","parameters: $1 = '1', $2 = '4'",,,,,,,,"","client backend"
2024-06-16 14:32:52.435 CST,"raingage","benchmark",15268,"127.0.0.1:45208",666e86a6.3ba4,456,"SELECT",2024-06-16 14:31:02 CST,4/34,90789,LOG,00000,"execute S_1: SELECT c_discount, c_last, c_credit, w_tax     FROM bmsql_customer     JOIN bmsql_warehouse ON (w_id = c_w_id)     WHERE c_w_id = $1 AND c_d_id = $2 AND c_id = $3 FOR UPDATE","parameters: $1 = '1', $2 = '3', $3 = '27'",,,,,,,,"","client backend"
2024-06-16 14:32:52.467 CST,"raingage","benchmark",15270,"127.0.0.1:45212",666e86a6.3ba6,607,"SELECT",2024-06-16 14:31:02 CST,6/45,0,LOG,00000,"execute S_1: SELECT c_discount, c_last, c_credit, w_tax     FROM bmsql_customer     JOIN bmsql_warehouse ON (w_id = c_w_id)     WHERE c_w_id = $1 AND c_d_id = $2 AND c_id = $3 FOR UPDATE","parameters: $1 = '1', $2 = '4', $3 = '23'",,,,,,,,"","client backend"
2024-06-16 14:32:52.503 CST,"raingage","benchmark",15268,"127.0.0.1:45208",666e86a6.3ba4,457,"SELECT",2024-06-16 14:31:02 CST,4/34,90789,LOG,00000,"execute S_1: SELECT c_discount, c_last, c_credit, w_tax     FROM bmsql_customer     JOIN bmsql_warehouse ON (w_id = c_w_id)     WHERE c_w_id = $1 AND c_d_id = $2 AND c_id = $3 FOR UPDATE","parameters: $1 = '1', $2 = '3', $3 = '27'",,,,,,,,"","client backend"
2024-06-16 14:32:52.567 CST,"raingage","benchmark",15268,"127.0.0.1:45208",666e86a6.3ba4,458,"SELECT",2024-06-16 14:31:02 CST,4/34,90789,LOG,00000,"execute S_1: SELECT c_discount, c_last, c_credit, w_tax     FROM bmsql_customer     JOIN bmsql_warehouse ON (w_id = c_w_id)     WHERE c_w_id = $1 AND c_d_id = $2 AND c_id = $3 FOR UPDATE","parameters: $1 = '1', $2 = '3', $3 = '27'",,,,,,,,"","client backend"
2024-06-16 14:32:52.638 CST,"raingage","benchmark",15268,"127.0.0.1:45208",666e86a6.3ba4,459,"SELECT",2024-06-16 14:31:02 CST,4/34,90789,LOG,00000,"execute S_1: SELECT c_discount, c_last, c_credit, w_tax     FROM bmsql_customer     JOIN bmsql_warehouse ON (w_id = c_w_id)     WHERE c_w_id = $1 AND c_d_id = $2 AND c_id = $3 FOR UPDATE","parameters: $1 = '1', $2 = '3', $3 = '27'",,,,,,,,"","client backend"
2024-06-16 14:32:52.700 CST,"raingage","benchmark",15268,"127.0.0.1:45208",666e86a6.3ba4,460,"SELECT",2024-06-16 14:31:02 CST,4/34,90789,LOG,00000,"execute S_1: SELECT c_discount, c_last, c_credit, w_tax     FROM bmsql_customer     JOIN bmsql_warehouse ON (w_id = c_w_id)     WHERE c_w_id = $1 AND c_d_id = $2 AND c_id = $3 FOR UPDATE","parameters: $1 = '1', $2 = '3', $3 = '27'",,,,,,,,"","client backend"
2024-06-16 14:32:52.767 CST,"raingage","benchmark",15268,"127.0.0.1:45208",666e86a6.3ba4,461,"SELECT",2024-06-16 14:31:02 CST,4/34,90789,LOG,00000,"execute S_1: SELECT c_discount, c_last, c_credit, w_tax     FROM bmsql_customer     JOIN bmsql_warehouse ON (w_id = c_w_id)     WHERE c_w_id = $1 AND c_d_id = $2 AND c_id = $3 FOR UPDATE","parameters: $1 = '1', $2 = '3', $3 = '27'",,,,,,,,"","client backend"
2024-06-16 14:32:52.830 CST,"raingage","benchmark",15268,"127.0.0.1:45208",666e86a6.3ba4,462,"SELECT",2024-06-16 14:31:02 CST,4/34,90789,LOG,00000,"execute S_1: SELECT c_discount, c_last, c_credit, w_tax     FROM bmsql_customer     JOIN bmsql_warehouse ON (w_id = c_w_id)     WHERE c_w_id = $1 AND c_d_id = $2 AND c_id = $3 FOR UPDATE","parameters: $1 = '1', $2 = '3', $3 = '27'",,,,,,,,"","client backend"
2024-06-16 14:32:52.848 CST,"raingage","benchmark",15268,"127.0.0.1:45208",666e86a6.3ba4,463,"SELECT",2024-06-16 14:31:02 CST,4/34,90789,LOG,00000,"execute S_5: SELECT i_price, i_name, i_data     FROM bmsql_item     WHERE i_id = $1","parameters: $1 = '19'",,,,,,,,"","client backend"
2024-06-16 14:32:52.860 CST,"raingage","benchmark",15268,"127.0.0.1:45208",666e86a6.3ba4,464,"SELECT",2024-06-16 14:31:02 CST,4/34,90789,LOG,00000,"execute S_6: SELECT s_quantity, s_data,        s_dist_01, s_dist_02, s_dist_03, s_dist_04,        s_dist_05, s_dist_06, s_dist_07, s_dist_08,        s_dist_09, s_dist_10     FROM bmsql_stock     WHERE s_w_id = $1 AND s_i_id = $2  FOR UPDATE","parameters: $1 = '1', $2 = '19'",,,,,,,,"","client backend"
2024-06-16 14:32:52.880 CST,"raingage","benchmark",15268,"127.0.0.1:45208",666e86a6.3ba4,465,"UPDATE",2024-06-16 14:31:02 CST,4/34,90789,LOG,00000,"execute S_7: UPDATE bmsql_stock     SET s_quantity = $1, s_ytd = s_ytd + $2,         s_order_cnt = s_order_cnt + 1,         s_remote_cnt = s_remote_cnt + $3     WHERE s_w_id = $4 AND s_i_id = $5","parameters: $1 = '35', $2 = '3', $3 = '0', $4 = '1', $5 = '19'",,,,,,,,"","client backend"
2024-06-16 14:32:52.895 CST,"raingage","benchmark",15268,"127.0.0.1:45208",666e86a6.3ba4,466,"COMMIT",2024-06-16 14:31:02 CST,4/34,90789,LOG,00000,"execute S_2: COMMIT",,,,,,,,,"","client backend"
2024-06-16 14:32:52.913 CST,"raingage","benchmark",15268,"127.0.0.1:45208",666e86a6.3ba4,467,"BEGIN",2024-06-16 14:31:02 CST,4/35,0,LOG,00000,"execute S_3: BEGIN",,,,,,,,,"","client backend"
2024-06-16 14:32:52.924 CST,"raingage","benchmark",15268,"127.0.0.1:45208",666e86a6.3ba4,468,"SELECT",2024-06-16 14:31:02 CST,4/35,0,LOG,00000,"execute S_4: SELECT d_tax, d_next_o_id     FROM bmsql_district     WHERE d_w_id = $1 AND d_id = $2 ","parameters: $1 = '1', $2 = '4'",,,,,,,,"","client backend"
2024-06-16 14:32:52.965 CST,"raingage","benchmark",15270,"127.0.0.1:45212",666e86a6.3ba6,608,"SELECT",2024-06-16 14:31:02 CST,6/45,90790,LOG,00000,"execute S_1: SELECT c_discount, c_last, c_credit, w_tax     FROM bmsql_customer     JOIN bmsql_warehouse ON (w_id = c_w_id)     WHERE c_w_id = $1 AND c_d_id = $2 AND c_id = $3 FOR UPDATE","parameters: $1 = '1', $2 = '4', $3 = '23'",,,,,,,,"","client backend"
2024-06-16 14:32:52.993 CST,"raingage","benchmark",15268,"127.0.0.1:45208",666e86a6.3ba4,469,"SELECT",2024-06-16 14:31:02 CST,4/35,0,LOG,00000,"execute S_1: SELECT c_discount, c_last, c_credit, w_tax     FROM bmsql_customer     JOIN bmsql_warehouse ON (w_id = c_w_id)     WHERE c_w_id = $1 AND c_d_id = $2 AND c_id = $3 FOR UPDATE","parameters: $1 = '1', $2 = '4', $3 = '85'",,,,,,,,"","client backend"
2024-06-16 14:32:53.037 CST,"raingage","benchmark",15270,"127.0.0.1:45212",666e86a6.3ba6,609,"SELECT",2024-06-16 14:31:02 CST,6/45,90790,LOG,00000,"execute S_1: SELECT c_discount, c_last, c_credit, w_tax     FROM bmsql_customer     JOIN bmsql_warehouse ON (w_id = c_w_id)     WHERE c_w_id = $1 AND c_d_id = $2 AND c_id = $3 FOR UPDATE","parameters: $1 = '1', $2 = '4', $3 = '23'",,,,,,,,"","client backend"
2024-06-16 14:32:53.103 CST,"raingage","benchmark",15270,"127.0.0.1:45212",666e86a6.3ba6,610,"SELECT",2024-06-16 14:31:02 CST,6/45,90790,LOG,00000,"execute S_1: SELECT c_discount, c_last, c_credit, w_tax     FROM bmsql_customer     JOIN bmsql_warehouse ON (w_id = c_w_id)     WHERE c_w_id = $1 AND c_d_id = $2 AND c_id = $3 FOR UPDATE","parameters: $1 = '1', $2 = '4', $3 = '23'",,,,,,,,"","client backend"
2024-06-16 14:32:53.170 CST,"raingage","benchmark",15270,"127.0.0.1:45212",666e86a6.3ba6,611,"SELECT",2024-06-16 14:31:02 CST,6/45,90790,LOG,00000,"execute S_1: SELECT c_discount, c_last, c_credit, w_tax     FROM bmsql_customer     JOIN bmsql_warehouse ON (w_id = c_w_id)     WHERE c_w_id = $1 AND c_d_id = $2 AND c_id = $3 FOR UPDATE","parameters: $1 = '1', $2 = '4', $3 = '23'",,,,,,,,"","client backend"
2024-06-16 14:32:53.240 CST,"raingage","benchmark",15270,"127.0.0.1:45212",666e86a6.3ba6,612,"SELECT",2024-06-16 14:31:02 CST,6/45,90790,LOG,00000,"execute S_1: SELECT c_discount, c_last, c_credit, w_tax     FROM bmsql_customer     JOIN bmsql_warehouse ON (w_id = c_w_id)     WHERE c_w_id = $1 AND c_d_id = $2 AND c_id = $3 FOR UPDATE","parameters: $1 = '1', $2 = '4', $3 = '23'",,,,,,,,"","client backend"
2024-06-16 14:32:53.311 CST,"raingage","benchmark",15270,"127.0.0.1:45212",666e86a6.3ba6,613,"SELECT",2024-06-16 14:31:02 CST,6/45,90790,LOG,00000,"execute S_1: SELECT c_discount, c_last, c_credit, w_tax     FROM bmsql_customer     JOIN bmsql_warehouse ON (w_id = c_w_id)     WHERE c_w_id = $1 AND c_d_id = $2 AND c_id = $3 FOR UPDATE","parameters: $1 = '1', $2 = '4', $3 = '23'",,,,,,,,"","client backend"
2024-06-16 14:32:53.377 CST,"raingage","benchmark",15270,"127.0.0.1:45212",666e86a6.3ba6,614,"SELECT",2024-06-16 14:31:02 CST,6/45,90790,LOG,00000,"execute S_1: SELECT c_discount, c_last, c_credit, w_tax     FROM bmsql_customer     JOIN bmsql_warehouse ON (w_id = c_w_id)     WHERE c_w_id = $1 AND c_d_id = $2 AND c_id = $3 FOR UPDATE","parameters: $1 = '1', $2 = '4', $3 = '23'",,,,,,,,"","client backend"
2024-06-16 14:32:53.393 CST,"raingage","benchmark",15270,"127.0.0.1:45212",666e86a6.3ba6,615,"SELECT",2024-06-16 14:31:02 CST,6/45,90790,LOG,00000,"execute S_5: SELECT i_price, i_name, i_data     FROM bmsql_item     WHERE i_id = $1","parameters: $1 = '48'",,,,,,,,"","client backend"
2024-06-16 14:32:53.412 CST,"raingage","benchmark",15270,"127.0.0.1:45212",666e86a6.3ba6,616,"SELECT",2024-06-16 14:31:02 CST,6/45,90790,LOG,00000,"execute S_6: SELECT s_quantity, s_data,        s_dist_01, s_dist_02, s_dist_03, s_dist_04,        s_dist_05, s_dist_06, s_dist_07, s_dist_08,        s_dist_09, s_dist_10     FROM bmsql_stock     WHERE s_w_id = $1 AND s_i_id = $2  FOR UPDATE","parameters: $1 = '1', $2 = '48'",,,,,,,,"","client backend"
2024-06-16 14:32:53.433 CST,"raingage","benchmark",15270,"127.0.0.1:45212",666e86a6.3ba6,617,"UPDATE",2024-06-16 14:31:02 CST,6/45,90790,LOG,00000,"execute S_7: UPDATE bmsql_stock     SET s_quantity = $1, s_ytd = s_ytd + $2,         s_order_cnt = s_order_cnt + 1,         s_remote_cnt = s_remote_cnt + $3     WHERE s_w_id = $4 AND s_i_id = $5","parameters: $1 = '64', $2 = '7', $3 = '0', $4 = '1', $5 = '48'",,,,,,,,"","client backend"
2024-06-16 14:32:53.449 CST,"raingage","benchmark",15270,"127.0.0.1:45212",666e86a6.3ba6,618,"COMMIT",2024-06-16 14:31:02 CST,6/45,90790,LOG,00000,"execute S_2: COMMIT",,,,,,,,,"","client backend"
2024-06-16 14:32:53.466 CST,"raingage","benchmark",15270,"127.0.0.1:45212",666e86a6.3ba6,619,"BEGIN",2024-06-16 14:31:02 CST,6/46,0,LOG,00000,"execute S_3: BEGIN",,,,,,,,,"","client backend"
2024-06-16 14:32:53.467 CST,"raingage","benchmark",15270,"127.0.0.1:45212",666e86a6.3ba6,620,"SELECT",2024-06-16 14:31:02 CST,6/46,0,LOG,00000,"execute S_4: SELECT d_tax, d_next_o_id     FROM bmsql_district     WHERE d_w_id = $1 AND d_id = $2 ","parameters: $1 = '1', $2 = '4'",,,,,,,,"","client backend"
2024-06-16 14:32:53.515 CST,"raingage","benchmark",15268,"127.0.0.1:45208",666e86a6.3ba4,470,"SELECT",2024-06-16 14:31:02 CST,4/35,90791,LOG,00000,"execute S_1: SELECT c_discount, c_last, c_credit, w_tax     FROM bmsql_customer     JOIN bmsql_warehouse ON (w_id = c_w_id)     WHERE c_w_id = $1 AND c_d_id = $2 AND c_id = $3 FOR UPDATE","parameters: $1 = '1', $2 = '4', $3 = '85'",,,,,,,,"","client backend"
2024-06-16 14:32:53.530 CST,"raingage","benchmark",15270,"127.0.0.1:45212",666e86a6.3ba6,621,"SELECT",2024-06-16 14:31:02 CST,6/46,0,LOG,00000,"execute S_1: SELECT c_discount, c_last, c_credit, w_tax     FROM bmsql_customer     JOIN bmsql_warehouse ON (w_id = c_w_id)     WHERE c_w_id = $1 AND c_d_id = $2 AND c_id = $3 FOR UPDATE","parameters: $1 = '1', $2 = '4', $3 = '85'",,,,,,,,"","client backend"
2024-06-16 14:32:53.585 CST,"raingage","benchmark",15268,"127.0.0.1:45208",666e86a6.3ba4,471,"SELECT",2024-06-16 14:31:02 CST,4/35,90791,LOG,00000,"execute S_1: SELECT c_discount, c_last, c_credit, w_tax     FROM bmsql_customer     JOIN bmsql_warehouse ON (w_id = c_w_id)     WHERE c_w_id = $1 AND c_d_id = $2 AND c_id = $3 FOR UPDATE","parameters: $1 = '1', $2 = '4', $3 = '85'",,,,,,,,"","client backend"
2024-06-16 14:32:53.648 CST,"raingage","benchmark",15268,"127.0.0.1:45208",666e86a6.3ba4,472,"SELECT",2024-06-16 14:31:02 CST,4/35,90791,LOG,00000,"execute S_1: SELECT c_discount, c_last, c_credit, w_tax     FROM bmsql_customer     JOIN bmsql_warehouse ON (w_id = c_w_id)     WHERE c_w_id = $1 AND c_d_id = $2 AND c_id = $3 FOR UPDATE","parameters: $1 = '1', $2 = '4', $3 = '85'",,,,,,,,"","client backend"
2024-06-16 14:32:53.718 CST,"raingage","benchmark",15268,"127.0.0.1:45208",666e86a6.3ba4,473,"SELECT",2024-06-16 14:31:02 CST,4/35,90791,LOG,00000,"execute S_1: SELECT c_discount, c_last, c_credit, w_tax     FROM bmsql_customer     JOIN bmsql_warehouse ON (w_id = c_w_id)     WHERE c_w_id = $1 AND c_d_id = $2 AND c_id = $3 FOR UPDATE","parameters: $1 = '1', $2 = '4', $3 = '85'",,,,,,,,"","client backend"
2024-06-16 14:32:53.787 CST,"raingage","benchmark",15268,"127.0.0.1:45208",666e86a6.3ba4,474,"SELECT",2024-06-16 14:31:02 CST,4/35,90791,LOG,00000,"execute S_1: SELECT c_discount, c_last, c_credit, w_tax     FROM bmsql_customer     JOIN bmsql_warehouse ON (w_id = c_w_id)     WHERE c_w_id = $1 AND c_d_id = $2 AND c_id = $3 FOR UPDATE","parameters: $1 = '1', $2 = '4', $3 = '85'",,,,,,,,"","client backend"
2024-06-16 14:32:53.856 CST,"raingage","benchmark",15268,"127.0.0.1:45208",666e86a6.3ba4,475,"SELECT",2024-06-16 14:31:02 CST,4/35,90791,LOG,00000,"execute S_1: SELECT c_discount, c_last, c_credit, w_tax     FROM bmsql_customer     JOIN bmsql_warehouse ON (w_id = c_w_id)     WHERE c_w_id = $1 AND c_d_id = $2 AND c_id = $3 FOR UPDATE","parameters: $1 = '1', $2 = '4', $3 = '85'",,,,,,,,"","client backend"
2024-06-16 14:32:53.921 CST,"raingage","benchmark",15268,"127.0.0.1:45208",666e86a6.3ba4,476,"SELECT",2024-06-16 14:31:02 CST,4/35,90791,LOG,00000,"execute S_1: SELECT c_discount, c_last, c_credit, w_tax     FROM bmsql_customer     JOIN bmsql_warehouse ON (w_id = c_w_id)     WHERE c_w_id = $1 AND c_d_id = $2 AND c_id = $3 FOR UPDATE","parameters: $1 = '1', $2 = '4', $3 = '85'",,,,,,,,"","client backend"
2024-06-16 14:32:53.940 CST,"raingage","benchmark",15268,"127.0.0.1:45208",666e86a6.3ba4,477,"SELECT",2024-06-16 14:31:02 CST,4/35,90791,LOG,00000,"execute S_5: SELECT i_price, i_name, i_data     FROM bmsql_item     WHERE i_id = $1","parameters: $1 = '67'",,,,,,,,"","client backend"
2024-06-16 14:32:53.956 CST,"raingage","benchmark",15268,"127.0.0.1:45208",666e86a6.3ba4,478,"SELECT",2024-06-16 14:31:02 CST,4/35,90791,LOG,00000,"execute S_6: SELECT s_quantity, s_data,        s_dist_01, s_dist_02, s_dist_03, s_dist_04,        s_dist_05, s_dist_06, s_dist_07, s_dist_08,        s_dist_09, s_dist_10     FROM bmsql_stock     WHERE s_w_id = $1 AND s_i_id = $2  FOR UPDATE","parameters: $1 = '1', $2 = '67'",,,,,,,,"","client backend"
2024-06-16 14:32:53.968 CST,"raingage","benchmark",15268,"127.0.0.1:45208",666e86a6.3ba4,479,"UPDATE",2024-06-16 14:31:02 CST,4/35,90791,LOG,00000,"execute S_7: UPDATE bmsql_stock     SET s_quantity = $1, s_ytd = s_ytd + $2,         s_order_cnt = s_order_cnt + 1,         s_remote_cnt = s_remote_cnt + $3     WHERE s_w_id = $4 AND s_i_id = $5","parameters: $1 = '104', $2 = '4', $3 = '0', $4 = '1', $5 = '67'",,,,,,,,"","client backend"
2024-06-16 14:32:53.987 CST,"raingage","benchmark",15268,"127.0.0.1:45208",666e86a6.3ba4,480,"COMMIT",2024-06-16 14:31:02 CST,4/35,90791,LOG,00000,"execute S_2: COMMIT",,,,,,,,,"","client backend"
2024-06-16 14:32:53.994 CST,"raingage","benchmark",15268,"127.0.0.1:45208",666e86a6.3ba4,481,"BEGIN",2024-06-16 14:31:02 CST,4/36,0,LOG,00000,"execute S_3: BEGIN",,,,,,,,,"","client backend"
2024-06-16 14:32:54.005 CST,"raingage","benchmark",15268,"127.0.0.1:45208",666e86a6.3ba4,482,"SELECT",2024-06-16 14:31:02 CST,4/36,0,LOG,00000,"execute S_4: SELECT d_tax, d_next_o_id     FROM bmsql_district     WHERE d_w_id = $1 AND d_id = $2 ","parameters: $1 = '1', $2 = '3'",,,,,,,,"","client backend"
2024-06-16 14:32:54.055 CST,"raingage","benchmark",15270,"127.0.0.1:45212",666e86a6.3ba6,622,"SELECT",2024-06-16 14:31:02 CST,6/46,90792,LOG,00000,"execute S_1: SELECT c_discount, c_last, c_credit, w_tax     FROM bmsql_customer     JOIN bmsql_warehouse ON (w_id = c_w_id)     WHERE c_w_id = $1 AND c_d_id = $2 AND c_id = $3 FOR UPDATE","parameters: $1 = '1', $2 = '4', $3 = '85'",,,,,,,,"","client backend"
2024-06-16 14:32:54.071 CST,"raingage","benchmark",15268,"127.0.0.1:45208",666e86a6.3ba4,483,"SELECT",2024-06-16 14:31:02 CST,4/36,0,LOG,00000,"execute S_1: SELECT c_discount, c_last, c_credit, w_tax     FROM bmsql_customer     JOIN bmsql_warehouse ON (w_id = c_w_id)     WHERE c_w_id = $1 AND c_d_id = $2 AND c_id = $3 FOR UPDATE","parameters: $1 = '1', $2 = '3', $3 = '91'",,,,,,,,"","client backend"
2024-06-16 14:32:54.126 CST,"raingage","benchmark",15270,"127.0.0.1:45212",666e86a6.3ba6,623,"SELECT",2024-06-16 14:31:02 CST,6/46,90792,LOG,00000,"execute S_1: SELECT c_discount, c_last, c_credit, w_tax     FROM bmsql_customer     JOIN bmsql_warehouse ON (w_id = c_w_id)     WHERE c_w_id = $1 AND c_d_id = $2 AND c_id = $3 FOR UPDATE","parameters: $1 = '1', $2 = '4', $3 = '85'",,,,,,,,"","client backend"
2024-06-16 14:32:54.196 CST,"raingage","benchmark",15270,"127.0.0.1:45212",666e86a6.3ba6,624,"SELECT",2024-06-16 14:31:02 CST,6/46,90792,LOG,00000,"execute S_1: SELECT c_discount, c_last, c_credit, w_tax     FROM bmsql_customer     JOIN bmsql_warehouse ON (w_id = c_w_id)     WHERE c_w_id = $1 AND c_d_id = $2 AND c_id = $3 FOR UPDATE","parameters: $1 = '1', $2 = '4', $3 = '85'",,,,,,,,"","client backend"
2024-06-16 14:32:54.267 CST,"raingage","benchmark",15270,"127.0.0.1:45212",666e86a6.3ba6,625,"SELECT",2024-06-16 14:31:02 CST,6/46,90792,LOG,00000,"execute S_1: SELECT c_discount, c_last, c_credit, w_tax     FROM bmsql_customer     JOIN bmsql_warehouse ON (w_id = c_w_id)     WHERE c_w_id = $1 AND c_d_id = $2 AND c_id = $3 FOR UPDATE","parameters: $1 = '1', $2 = '4', $3 = '85'",,,,,,,,"","client backend"
2024-06-16 14:32:54.331 CST,"raingage","benchmark",15270,"127.0.0.1:45212",666e86a6.3ba6,626,"SELECT",2024-06-16 14:31:02 CST,6/46,90792,LOG,00000,"execute S_1: SELECT c_discount, c_last, c_credit, w_tax     FROM bmsql_customer     JOIN bmsql_warehouse ON (w_id = c_w_id)     WHERE c_w_id = $1 AND c_d_id = $2 AND c_id = $3 FOR UPDATE","parameters: $1 = '1', $2 = '4', $3 = '85'",,,,,,,,"","client backend"
2024-06-16 14:32:54.393 CST,"raingage","benchmark",15270,"127.0.0.1:45212",666e86a6.3ba6,627,"SELECT",2024-06-16 14:31:02 CST,6/46,90792,LOG,00000,"execute S_1: SELECT c_discount, c_last, c_credit, w_tax     FROM bmsql_customer     JOIN bmsql_warehouse ON (w_id = c_w_id)     WHERE c_w_id = $1 AND c_d_id = $2 AND c_id = $3 FOR UPDATE","parameters: $1 = '1', $2 = '4', $3 = '85'",,,,,,,,"","client backend"
2024-06-16 14:32:54.457 CST,"raingage","benchmark",15270,"127.0.0.1:45212",666e86a6.3ba6,628,"SELECT",2024-06-16 14:31:02 CST,6/46,90792,LOG,00000,"execute S_1: SELECT c_discount, c_last, c_credit, w_tax     FROM bmsql_customer     JOIN bmsql_warehouse ON (w_id = c_w_id)     WHERE c_w_id = $1 AND c_d_id = $2 AND c_id = $3 FOR UPDATE","parameters: $1 = '1', $2 = '4', $3 = '85'",,,,,,,,"","client backend"
2024-06-16 14:32:54.474 CST,"raingage","benchmark",15270,"127.0.0.1:45212",666e86a6.3ba6,629,"SELECT",2024-06-16 14:31:02 CST,6/46,90792,LOG,00000,"execute S_5: SELECT i_price, i_name, i_data     FROM bmsql_item     WHERE i_id = $1","parameters: $1 = '67'",,,,,,,,"","client backend"
2024-06-16 14:32:54.496 CST,"raingage","benchmark",15270,"127.0.0.1:45212",666e86a6.3ba6,630,"SELECT",2024-06-16 14:31:02 CST,6/46,90792,LOG,00000,"execute S_6: SELECT s_quantity, s_data,        s_dist_01, s_dist_02, s_dist_03, s_dist_04,        s_dist_05, s_dist_06, s_dist_07, s_dist_08,        s_dist_09, s_dist_10     FROM bmsql_stock     WHERE s_w_id = $1 AND s_i_id = $2  FOR UPDATE","parameters: $1 = '1', $2 = '67'",,,,,,,,"","client backend"
2024-06-16 14:32:54.517 CST,"raingage","benchmark",15270,"127.0.0.1:45212",666e86a6.3ba6,631,"UPDATE",2024-06-16 14:31:02 CST,6/46,90792,LOG,00000,"execute S_7: UPDATE bmsql_stock     SET s_quantity = $1, s_ytd = s_ytd + $2,         s_order_cnt = s_order_cnt + 1,         s_remote_cnt = s_remote_cnt + $3     WHERE s_w_id = $4 AND s_i_id = $5","parameters: $1 = '100', $2 = '4', $3 = '0', $4 = '1', $5 = '67'",,,,,,,,"","client backend"
2024-06-16 14:32:54.531 CST,"raingage","benchmark",15270,"127.0.0.1:45212",666e86a6.3ba6,632,"COMMIT",2024-06-16 14:31:02 CST,6/46,90792,LOG,00000,"execute S_2: COMMIT",,,,,,,,,"","client backend"
2024-06-16 14:32:54.553 CST,"raingage","benchmark",15270,"127.0.0.1:45212",666e86a6.3ba6,633,"BEGIN",2024-06-16 14:31:02 CST,6/47,0,LOG,00000,"execute S_3: BEGIN",,,,,,,,,"","client backend"
2024-06-16 14:32:54.573 CST,"raingage","benchmark",15270,"127.0.0.1:45212",666e86a6.3ba6,634,"SELECT",2024-06-16 14:31:02 CST,6/47,0,LOG,00000,"execute S_4: SELECT d_tax, d_next_o_id     FROM bmsql_district     WHERE d_w_id = $1 AND d_id = $2 ","parameters: $1 = '1', $2 = '3'",,,,,,,,"","client backend"
2024-06-16 14:32:54.597 CST,"raingage","benchmark",15268,"127.0.0.1:45208",666e86a6.3ba4,484,"SELECT",2024-06-16 14:31:02 CST,4/36,90793,LOG,00000,"execute S_1: SELECT c_discount, c_last, c_credit, w_tax     FROM bmsql_customer     JOIN bmsql_warehouse ON (w_id = c_w_id)     WHERE c_w_id = $1 AND c_d_id = $2 AND c_id = $3 FOR UPDATE","parameters: $1 = '1', $2 = '3', $3 = '91'",,,,,,,,"","client backend"
2024-06-16 14:32:54.641 CST,"raingage","benchmark",15270,"127.0.0.1:45212",666e86a6.3ba6,635,"SELECT",2024-06-16 14:31:02 CST,6/47,0,LOG,00000,"execute S_1: SELECT c_discount, c_last, c_credit, w_tax     FROM bmsql_customer     JOIN bmsql_warehouse ON (w_id = c_w_id)     WHERE c_w_id = $1 AND c_d_id = $2 AND c_id = $3 FOR UPDATE","parameters: $1 = '1', $2 = '3', $3 = '91'",,,,,,,,"","client backend"
2024-06-16 14:32:54.662 CST,"raingage","benchmark",15268,"127.0.0.1:45208",666e86a6.3ba4,485,"SELECT",2024-06-16 14:31:02 CST,4/36,90793,LOG,00000,"execute S_1: SELECT c_discount, c_last, c_credit, w_tax     FROM bmsql_customer     JOIN bmsql_warehouse ON (w_id = c_w_id)     WHERE c_w_id = $1 AND c_d_id = $2 AND c_id = $3 FOR UPDATE","parameters: $1 = '1', $2 = '3', $3 = '91'",,,,,,,,"","client backend"
2024-06-16 14:32:54.730 CST,"raingage","benchmark",15268,"127.0.0.1:45208",666e86a6.3ba4,486,"SELECT",2024-06-16 14:31:02 CST,4/36,90793,LOG,00000,"execute S_1: SELECT c_discount, c_last, c_credit, w_tax     FROM bmsql_customer     JOIN bmsql_warehouse ON (w_id = c_w_id)     WHERE c_w_id = $1 AND c_d_id = $2 AND c_id = $3 FOR UPDATE","parameters: $1 = '1', $2 = '3', $3 = '91'",,,,,,,,"","client backend"
2024-06-16 14:32:54.794 CST,"raingage","benchmark",15268,"127.0.0.1:45208",666e86a6.3ba4,487,"SELECT",2024-06-16 14:31:02 CST,4/36,90793,LOG,00000,"execute S_1: SELECT c_discount, c_last, c_credit, w_tax     FROM bmsql_customer     JOIN bmsql_warehouse ON (w_id = c_w_id)     WHERE c_w_id = $1 AND c_d_id = $2 AND c_id = $3 FOR UPDATE","parameters: $1 = '1', $2 = '3', $3 = '91'",,,,,,,,"","client backend"
2024-06-16 14:32:54.859 CST,"raingage","benchmark",15268,"127.0.0.1:45208",666e86a6.3ba4,488,"SELECT",2024-06-16 14:31:02 CST,4/36,90793,LOG,00000,"execute S_1: SELECT c_discount, c_last, c_credit, w_tax     FROM bmsql_customer     JOIN bmsql_warehouse ON (w_id = c_w_id)     WHERE c_w_id = $1 AND c_d_id = $2 AND c_id = $3 FOR UPDATE","parameters: $1 = '1', $2 = '3', $3 = '91'",,,,,,,,"","client backend"
2024-06-16 14:32:54.929 CST,"raingage","benchmark",15268,"127.0.0.1:45208",666e86a6.3ba4,489,"SELECT",2024-06-16 14:31:02 CST,4/36,90793,LOG,00000,"execute S_1: SELECT c_discount, c_last, c_credit, w_tax     FROM bmsql_customer     JOIN bmsql_warehouse ON (w_id = c_w_id)     WHERE c_w_id = $1 AND c_d_id = $2 AND c_id = $3 FOR UPDATE","parameters: $1 = '1', $2 = '3', $3 = '91'",,,,,,,,"","client backend"
2024-06-16 14:32:55.001 CST,"raingage","benchmark",15268,"127.0.0.1:45208",666e86a6.3ba4,490,"SELECT",2024-06-16 14:31:02 CST,4/36,90793,LOG,00000,"execute S_1: SELECT c_discount, c_last, c_credit, w_tax     FROM bmsql_customer     JOIN bmsql_warehouse ON (w_id = c_w_id)     WHERE c_w_id = $1 AND c_d_id = $2 AND c_id = $3 FOR UPDATE","parameters: $1 = '1', $2 = '3', $3 = '91'",,,,,,,,"","client backend"
2024-06-16 14:32:55.017 CST,"raingage","benchmark",15268,"127.0.0.1:45208",666e86a6.3ba4,491,"SELECT",2024-06-16 14:31:02 CST,4/36,90793,LOG,00000,"execute S_5: SELECT i_price, i_name, i_data     FROM bmsql_item     WHERE i_id = $1","parameters: $1 = '50'",,,,,,,,"","client backend"
2024-06-16 14:32:55.030 CST,"raingage","benchmark",15268,"127.0.0.1:45208",666e86a6.3ba4,492,"SELECT",2024-06-16 14:31:02 CST,4/36,90793,LOG,00000,"execute S_6: SELECT s_quantity, s_data,        s_dist_01, s_dist_02, s_dist_03, s_dist_04,        s_dist_05, s_dist_06, s_dist_07, s_dist_08,        s_dist_09, s_dist_10     FROM bmsql_stock     WHERE s_w_id = $1 AND s_i_id = $2  FOR UPDATE","parameters: $1 = '1', $2 = '50'",,,,,,,,"","client backend"
2024-06-16 14:32:55.042 CST,"raingage","benchmark",15268,"127.0.0.1:45208",666e86a6.3ba4,493,"UPDATE",2024-06-16 14:31:02 CST,4/36,90793,LOG,00000,"execute S_7: UPDATE bmsql_stock     SET s_quantity = $1, s_ytd = s_ytd + $2,         s_order_cnt = s_order_cnt + 1,         s_remote_cnt = s_remote_cnt + $3     WHERE s_w_id = $4 AND s_i_id = $5","parameters: $1 = '45', $2 = '2', $3 = '0', $4 = '1', $5 = '50'",,,,,,,,"","client backend"
2024-06-16 14:32:55.054 CST,"raingage","benchmark",15268,"127.0.0.1:45208",666e86a6.3ba4,494,"COMMIT",2024-06-16 14:31:02 CST,4/36,90793,LOG,00000,"execute S_2: COMMIT",,,,,,,,,"","client backend"
2024-06-16 14:32:55.071 CST,"raingage","benchmark",15268,"127.0.0.1:45208",666e86a6.3ba4,495,"BEGIN",2024-06-16 14:31:02 CST,4/37,0,LOG,00000,"execute S_3: BEGIN",,,,,,,,,"","client backend"
2024-06-16 14:32:55.090 CST,"raingage","benchmark",15268,"127.0.0.1:45208",666e86a6.3ba4,496,"SELECT",2024-06-16 14:31:02 CST,4/37,0,LOG,00000,"execute S_4: SELECT d_tax, d_next_o_id     FROM bmsql_district     WHERE d_w_id = $1 AND d_id = $2 ","parameters: $1 = '1', $2 = '2'",,,,,,,,"","client backend"
2024-06-16 14:32:55.117 CST,"raingage","benchmark",15270,"127.0.0.1:45212",666e86a6.3ba6,636,"SELECT",2024-06-16 14:31:02 CST,6/47,90794,LOG,00000,"execute S_1: SELECT c_discount, c_last, c_credit, w_tax     FROM bmsql_customer     JOIN bmsql_warehouse ON (w_id = c_w_id)     WHERE c_w_id = $1 AND c_d_id = $2 AND c_id = $3 FOR UPDATE","parameters: $1 = '1', $2 = '3', $3 = '91'",,,,,,,,"","client backend"
2024-06-16 14:32:55.155 CST,"raingage","benchmark",15268,"127.0.0.1:45208",666e86a6.3ba4,497,"SELECT",2024-06-16 14:31:02 CST,4/37,0,LOG,00000,"execute S_1: SELECT c_discount, c_last, c_credit, w_tax     FROM bmsql_customer     JOIN bmsql_warehouse ON (w_id = c_w_id)     WHERE c_w_id = $1 AND c_d_id = $2 AND c_id = $3 FOR UPDATE","parameters: $1 = '1', $2 = '2', $3 = '18'",,,,,,,,"","client backend"
2024-06-16 14:32:55.186 CST,"raingage","benchmark",15270,"127.0.0.1:45212",666e86a6.3ba6,637,"SELECT",2024-06-16 14:31:02 CST,6/47,90794,LOG,00000,"execute S_1: SELECT c_discount, c_last, c_credit, w_tax     FROM bmsql_customer     JOIN bmsql_warehouse ON (w_id = c_w_id)     WHERE c_w_id = $1 AND c_d_id = $2 AND c_id = $3 FOR UPDATE","parameters: $1 = '1', $2 = '3', $3 = '91'",,,,,,,,"","client backend"
2024-06-16 14:32:55.254 CST,"raingage","benchmark",15270,"127.0.0.1:45212",666e86a6.3ba6,638,"SELECT",2024-06-16 14:31:02 CST,6/47,90794,LOG,00000,"execute S_1: SELECT c_discount, c_last, c_credit, w_tax     FROM bmsql_customer     JOIN bmsql_warehouse ON (w_id = c_w_id)     WHERE c_w_id = $1 AND c_d_id = $2 AND c_id = $3 FOR UPDATE","parameters: $1 = '1', $2 = '3', $3 = '91'",,,,,,,,"","client backend"
2024-06-16 14:32:55.322 CST,"raingage","benchmark",15270,"127.0.0.1:45212",666e86a6.3ba6,639,"SELECT",2024-06-16 14:31:02 CST,6/47,90794,LOG,00000,"execute S_1: SELECT c_discount, c_last, c_credit, w_tax     FROM bmsql_customer     JOIN bmsql_warehouse ON (w_id = c_w_id)     WHERE c_w_id = $1 AND c_d_id = $2 AND c_id = $3 FOR UPDATE","parameters: $1 = '1', $2 = '3', $3 = '91'",,,,,,,,"","client backend"
2024-06-16 14:32:55.393 CST,"raingage","benchmark",15270,"127.0.0.1:45212",666e86a6.3ba6,640,"SELECT",2024-06-16 14:31:02 CST,6/47,90794,LOG,00000,"execute S_1: SELECT c_discount, c_last, c_credit, w_tax     FROM bmsql_customer     JOIN bmsql_warehouse ON (w_id = c_w_id)     WHERE c_w_id = $1 AND c_d_id = $2 AND c_id = $3 FOR UPDATE","parameters: $1 = '1', $2 = '3', $3 = '91'",,,,,,,,"","client backend"
2024-06-16 14:32:55.457 CST,"raingage","benchmark",15270,"127.0.0.1:45212",666e86a6.3ba6,641,"SELECT",2024-06-16 14:31:02 CST,6/47,90794,LOG,00000,"execute S_1: SELECT c_discount, c_last, c_credit, w_tax     FROM bmsql_customer     JOIN bmsql_warehouse ON (w_id = c_w_id)     WHERE c_w_id = $1 AND c_d_id = $2 AND c_id = $3 FOR UPDATE","parameters: $1 = '1', $2 = '3', $3 = '91'",,,,,,,,"","client backend"
2024-06-16 14:32:55.523 CST,"raingage","benchmark",15270,"127.0.0.1:45212",666e86a6.3ba6,642,"SELECT",2024-06-16 14:31:02 CST,6/47,90794,LOG,00000,"execute S_1: SELECT c_discount, c_last, c_credit, w_tax     FROM bmsql_customer     JOIN bmsql_warehouse ON (w_id = c_w_id)     WHERE c_w_id = $1 AND c_d_id = $2 AND c_id = $3 FOR UPDATE","parameters: $1 = '1', $2 = '3', $3 = '91'",,,,,,,,"","client backend"
2024-06-16 14:32:55.542 CST,"raingage","benchmark",15270,"127.0.0.1:45212",666e86a6.3ba6,643,"SELECT",2024-06-16 14:31:02 CST,6/47,90794,LOG,00000,"execute S_5: SELECT i_price, i_name, i_data     FROM bmsql_item     WHERE i_id = $1","parameters: $1 = '50'",,,,,,,,"","client backend"
2024-06-16 14:32:55.556 CST,"raingage","benchmark",15270,"127.0.0.1:45212",666e86a6.3ba6,644,"SELECT",2024-06-16 14:31:02 CST,6/47,90794,LOG,00000,"execute S_6: SELECT s_quantity, s_data,        s_dist_01, s_dist_02, s_dist_03, s_dist_04,        s_dist_05, s_dist_06, s_dist_07, s_dist_08,        s_dist_09, s_dist_10     FROM bmsql_stock     WHERE s_w_id = $1 AND s_i_id = $2  FOR UPDATE","parameters: $1 = '1', $2 = '50'",,,,,,,,"","client backend"
2024-06-16 14:32:55.576 CST,"raingage","benchmark",15270,"127.0.0.1:45212",666e86a6.3ba6,645,"UPDATE",2024-06-16 14:31:02 CST,6/47,90794,LOG,00000,"execute S_7: UPDATE bmsql_stock     SET s_quantity = $1, s_ytd = s_ytd + $2,         s_order_cnt = s_order_cnt + 1,         s_remote_cnt = s_remote_cnt + $3     WHERE s_w_id = $4 AND s_i_id = $5","parameters: $1 = '43', $2 = '2', $3 = '0', $4 = '1', $5 = '50'",,,,,,,,"","client backend"
2024-06-16 14:32:55.593 CST,"raingage","benchmark",15270,"127.0.0.1:45212",666e86a6.3ba6,646,"COMMIT",2024-06-16 14:31:02 CST,6/47,90794,LOG,00000,"execute S_2: COMMIT",,,,,,,,,"","client backend"
2024-06-16 14:32:55.606 CST,"raingage","benchmark",15270,"127.0.0.1:45212",666e86a6.3ba6,647,"BEGIN",2024-06-16 14:31:02 CST,6/48,0,LOG,00000,"execute S_3: BEGIN",,,,,,,,,"","client backend"
2024-06-16 14:32:55.626 CST,"raingage","benchmark",15270,"127.0.0.1:45212",666e86a6.3ba6,648,"SELECT",2024-06-16 14:31:02 CST,6/48,0,LOG,00000,"execute S_4: SELECT d_tax, d_next_o_id     FROM bmsql_district     WHERE d_w_id = $1 AND d_id = $2 ","parameters: $1 = '1', $2 = '4'",,,,,,,,"","client backend"
2024-06-16 14:32:55.659 CST,"raingage","benchmark",15268,"127.0.0.1:45208",666e86a6.3ba4,498,"SELECT",2024-06-16 14:31:02 CST,4/37,90795,LOG,00000,"execute S_1: SELECT c_discount, c_last, c_credit, w_tax     FROM bmsql_customer     JOIN bmsql_warehouse ON (w_id = c_w_id)     WHERE c_w_id = $1 AND c_d_id = $2 AND c_id = $3 FOR UPDATE","parameters: $1 = '1', $2 = '2', $3 = '18'",,,,,,,,"","client backend"
2024-06-16 14:32:55.689 CST,"raingage","benchmark",15270,"127.0.0.1:45212",666e86a6.3ba6,649,"SELECT",2024-06-16 14:31:02 CST,6/48,0,LOG,00000,"execute S_1: SELECT c_discount, c_last, c_credit, w_tax     FROM bmsql_customer     JOIN bmsql_warehouse ON (w_id = c_w_id)     WHERE c_w_id = $1 AND c_d_id = $2 AND c_id = $3 FOR UPDATE","parameters: $1 = '1', $2 = '4', $3 = '45'",,,,,,,,"","client backend"
2024-06-16 14:32:55.723 CST,"raingage","benchmark",15268,"127.0.0.1:45208",666e86a6.3ba4,499,"SELECT",2024-06-16 14:31:02 CST,4/37,90795,LOG,00000,"execute S_1: SELECT c_discount, c_last, c_credit, w_tax     FROM bmsql_customer     JOIN bmsql_warehouse ON (w_id = c_w_id)     WHERE c_w_id = $1 AND c_d_id = $2 AND c_id = $3 FOR UPDATE","parameters: $1 = '1', $2 = '2', $3 = '18'",,,,,,,,"","client backend"
2024-06-16 14:32:55.787 CST,"raingage","benchmark",15268,"127.0.0.1:45208",666e86a6.3ba4,500,"SELECT",2024-06-16 14:31:02 CST,4/37,90795,LOG,00000,"execute S_1: SELECT c_discount, c_last, c_credit, w_tax     FROM bmsql_customer     JOIN bmsql_warehouse ON (w_id = c_w_id)     WHERE c_w_id = $1 AND c_d_id = $2 AND c_id = $3 FOR UPDATE","parameters: $1 = '1', $2 = '2', $3 = '18'",,,,,,,,"","client backend"
2024-06-16 14:32:55.853 CST,"raingage","benchmark",15268,"127.0.0.1:45208",666e86a6.3ba4,501,"SELECT",2024-06-16 14:31:02 CST,4/37,90795,LOG,00000,"execute S_1: SELECT c_discount, c_last, c_credit, w_tax     FROM bmsql_customer     JOIN bmsql_warehouse ON (w_id = c_w_id)     WHERE c_w_id = $1 AND c_d_id = $2 AND c_id = $3 FOR UPDATE","parameters: $1 = '1', $2 = '2', $3 = '18'",,,,,,,,"","client backend"
2024-06-16 14:32:55.916 CST,"raingage","benchmark",15268,"127.0.0.1:45208",666e86a6.3ba4,502,"SELECT",2024-06-16 14:31:02 CST,4/37,90795,LOG,00000,"execute S_1: SELECT c_discount, c_last, c_credit, w_tax     FROM bmsql_customer     JOIN bmsql_warehouse ON (w_id = c_w_id)     WHERE c_w_id = $1 AND c_d_id = $2 AND c_id = $3 FOR UPDATE","parameters: $1 = '1', $2 = '2', $3 = '18'",,,,,,,,"","client backend"
2024-06-16 14:32:55.983 CST,"raingage","benchmark",15268,"127.0.0.1:45208",666e86a6.3ba4,503,"SELECT",2024-06-16 14:31:02 CST,4/37,90795,LOG,00000,"execute S_1: SELECT c_discount, c_last, c_credit, w_tax     FROM bmsql_customer     JOIN bmsql_warehouse ON (w_id = c_w_id)     WHERE c_w_id = $1 AND c_d_id = $2 AND c_id = $3 FOR UPDATE","parameters: $1 = '1', $2 = '2', $3 = '18'",,,,,,,,"","client backend"
2024-06-16 14:32:56.051 CST,"raingage","benchmark",15268,"127.0.0.1:45208",666e86a6.3ba4,504,"SELECT",2024-06-16 14:31:02 CST,4/37,90795,LOG,00000,"execute S_1: SELECT c_discount, c_last, c_credit, w_tax     FROM bmsql_customer     JOIN bmsql_warehouse ON (w_id = c_w_id)     WHERE c_w_id = $1 AND c_d_id = $2 AND c_id = $3 FOR UPDATE","parameters: $1 = '1', $2 = '2', $3 = '18'",,,,,,,,"","client backend"
2024-06-16 14:32:56.070 CST,"raingage","benchmark",15268,"127.0.0.1:45208",666e86a6.3ba4,505,"SELECT",2024-06-16 14:31:02 CST,4/37,90795,LOG,00000,"execute S_5: SELECT i_price, i_name, i_data     FROM bmsql_item     WHERE i_id = $1","parameters: $1 = '31'",,,,,,,,"","client backend"
2024-06-16 14:32:56.085 CST,"raingage","benchmark",15268,"127.0.0.1:45208",666e86a6.3ba4,506,"SELECT",2024-06-16 14:31:02 CST,4/37,90795,LOG,00000,"execute S_6: SELECT s_quantity, s_data,        s_dist_01, s_dist_02, s_dist_03, s_dist_04,        s_dist_05, s_dist_06, s_dist_07, s_dist_08,        s_dist_09, s_dist_10     FROM bmsql_stock     WHERE s_w_id = $1 AND s_i_id = $2  FOR UPDATE","parameters: $1 = '1', $2 = '31'",,,,,,,,"","client backend"
2024-06-16 14:32:56.105 CST,"raingage","benchmark",15268,"127.0.0.1:45208",666e86a6.3ba4,507,"UPDATE",2024-06-16 14:31:02 CST,4/37,90795,LOG,00000,"execute S_7: UPDATE bmsql_stock     SET s_quantity = $1, s_ytd = s_ytd + $2,         s_order_cnt = s_order_cnt + 1,         s_remote_cnt = s_remote_cnt + $3     WHERE s_w_id = $4 AND s_i_id = $5","parameters: $1 = '16', $2 = '4', $3 = '0', $4 = '1', $5 = '31'",,,,,,,,"","client backend"
2024-06-16 14:32:56.121 CST,"raingage","benchmark",15268,"127.0.0.1:45208",666e86a6.3ba4,508,"COMMIT",2024-06-16 14:31:02 CST,4/37,90795,LOG,00000,"execute S_2: COMMIT",,,,,,,,,"","client backend"
2024-06-16 14:32:56.144 CST,"raingage","benchmark",15268,"127.0.0.1:45208",666e86a6.3ba4,509,"BEGIN",2024-06-16 14:31:02 CST,4/38,0,LOG,00000,"execute S_3: BEGIN",,,,,,,,,"","client backend"
2024-06-16 14:32:56.157 CST,"raingage","benchmark",15268,"127.0.0.1:45208",666e86a6.3ba4,510,"SELECT",2024-06-16 14:31:02 CST,4/38,0,LOG,00000,"execute S_4: SELECT d_tax, d_next_o_id     FROM bmsql_district     WHERE d_w_id = $1 AND d_id = $2 ","parameters: $1 = '1', $2 = '4'",,,,,,,,"","client backend"
2024-06-16 14:32:56.190 CST,"raingage","benchmark",15270,"127.0.0.1:45212",666e86a6.3ba6,650,"SELECT",2024-06-16 14:31:02 CST,6/48,90796,LOG,00000,"execute S_1: SELECT c_discount, c_last, c_credit, w_tax     FROM bmsql_customer     JOIN bmsql_warehouse ON (w_id = c_w_id)     WHERE c_w_id = $1 AND c_d_id = $2 AND c_id = $3 FOR UPDATE","parameters: $1 = '1', $2 = '4', $3 = '45'",,,,,,,,"","client backend"
2024-06-16 14:32:56.220 CST,"raingage","benchmark",15268,"127.0.0.1:45208",666e86a6.3ba4,511,"SELECT",2024-06-16 14:31:02 CST,4/38,0,LOG,00000,"execute S_1: SELECT c_discount, c_last, c_credit, w_tax     FROM bmsql_customer     JOIN bmsql_warehouse ON (w_id = c_w_id)     WHERE c_w_id = $1 AND c_d_id = $2 AND c_id = $3 FOR UPDATE","parameters: $1 = '1', $2 = '4', $3 = '45'",,,,,,,,"","client backend"
2024-06-16 14:32:56.262 CST,"raingage","benchmark",15270,"127.0.0.1:45212",666e86a6.3ba6,651,"SELECT",2024-06-16 14:31:02 CST,6/48,90796,LOG,00000,"execute S_1: SELECT c_discount, c_last, c_credit, w_tax     FROM bmsql_customer     JOIN bmsql_warehouse ON (w_id = c_w_id)     WHERE c_w_id = $1 AND c_d_id = $2 AND c_id = $3 FOR UPDATE","parameters: $1 = '1', $2 = '4', $3 = '45'",,,,,,,,"","client backend"
2024-06-16 14:32:56.328 CST,"raingage","benchmark",15270,"127.0.0.1:45212",666e86a6.3ba6,652,"SELECT",2024-06-16 14:31:02 CST,6/48,90796,LOG,00000,"execute S_1: SELECT c_discount, c_last, c_credit, w_tax     FROM bmsql_customer     JOIN bmsql_warehouse ON (w_id = c_w_id)     WHERE c_w_id = $1 AND c_d_id = $2 AND c_id = $3 FOR UPDATE","parameters: $1 = '1', $2 = '4', $3 = '45'",,,,,,,,"","client backend"
2024-06-16 14:32:56.391 CST,"raingage","benchmark",15270,"127.0.0.1:45212",666e86a6.3ba6,653,"SELECT",2024-06-16 14:31:02 CST,6/48,90796,LOG,00000,"execute S_1: SELECT c_discount, c_last, c_credit, w_tax     FROM bmsql_customer     JOIN bmsql_warehouse ON (w_id = c_w_id)     WHERE c_w_id = $1 AND c_d_id = $2 AND c_id = $3 FOR UPDATE","parameters: $1 = '1', $2 = '4', $3 = '45'",,,,,,,,"","client backend"
2024-06-16 14:32:56.454 CST,"raingage","benchmark",15270,"127.0.0.1:45212",666e86a6.3ba6,654,"SELECT",2024-06-16 14:31:02 CST,6/48,90796,LOG,00000,"execute S_1: SELECT c_discount, c_last, c_credit, w_tax     FROM bmsql_customer     JOIN bmsql_warehouse ON (w_id = c_w_id)     WHERE c_w_id = $1 AND c_d_id = $2 AND c_id = $3 FOR UPDATE","parameters: $1 = '1', $2 = '4', $3 = '45'",,,,,,,,"","client backend"
2024-06-16 14:32:56.518 CST,"raingage","benchmark",15270,"127.0.0.1:45212",666e86a6.3ba6,655,"SELECT",2024-06-16 14:31:02 CST,6/48,90796,LOG,00000,"execute S_1: SELECT c_discount, c_last, c_credit, w_tax     FROM bmsql_customer     JOIN bmsql_warehouse ON (w_id = c_w_id)     WHERE c_w_id = $1 AND c_d_id = $2 AND c_id = $3 FOR UPDATE","parameters: $1 = '1', $2 = '4', $3 = '45'",,,,,,,,"","client backend"
2024-06-16 14:32:56.590 CST,"raingage","benchmark",15270,"127.0.0.1:45212",666e86a6.3ba6,656,"SELECT",2024-06-16 14:31:02 CST,6/48,90796,LOG,00000,"execute S_1: SELECT c_discount, c_last, c_credit, w_tax     FROM bmsql_customer     JOIN bmsql_warehouse ON (w_id = c_w_id)     WHERE c_w_id = $1 AND c_d_id = $2 AND c_id = $3 FOR UPDATE","parameters: $1 = '1', $2 = '4', $3 = '45'",,,,,,,,"","client backend"
2024-06-16 14:32:56.604 CST,"raingage","benchmark",15270,"127.0.0.1:45212",666e86a6.3ba6,657,"SELECT",2024-06-16 14:31:02 CST,6/48,90796,LOG,00000,"execute S_5: SELECT i_price, i_name, i_data     FROM bmsql_item     WHERE i_id = $1","parameters: $1 = '72'",,,,,,,,"","client backend"
2024-06-16 14:32:56.618 CST,"raingage","benchmark",15270,"127.0.0.1:45212",666e86a6.3ba6,658,"SELECT",2024-06-16 14:31:02 CST,6/48,90796,LOG,00000,"execute S_6: SELECT s_quantity, s_data,        s_dist_01, s_dist_02, s_dist_03, s_dist_04,        s_dist_05, s_dist_06, s_dist_07, s_dist_08,        s_dist_09, s_dist_10     FROM bmsql_stock     WHERE s_w_id = $1 AND s_i_id = $2  FOR UPDATE","parameters: $1 = '1', $2 = '72'",,,,,,,,"","client backend"
2024-06-16 14:32:56.633 CST,"raingage","benchmark",15270,"127.0.0.1:45212",666e86a6.3ba6,659,"UPDATE",2024-06-16 14:31:02 CST,6/48,90796,LOG,00000,"execute S_7: UPDATE bmsql_stock     SET s_quantity = $1, s_ytd = s_ytd + $2,         s_order_cnt = s_order_cnt + 1,         s_remote_cnt = s_remote_cnt + $3     WHERE s_w_id = $4 AND s_i_id = $5","parameters: $1 = '26', $2 = '4', $3 = '0', $4 = '1', $5 = '72'",,,,,,,,"","client backend"
2024-06-16 14:32:56.645 CST,"raingage","benchmark",15270,"127.0.0.1:45212",666e86a6.3ba6,660,"COMMIT",2024-06-16 14:31:02 CST,6/48,90796,LOG,00000,"execute S_2: COMMIT",,,,,,,,,"","client backend"
2024-06-16 14:32:56.661 CST,"raingage","benchmark",15270,"127.0.0.1:45212",666e86a6.3ba6,661,"BEGIN",2024-06-16 14:31:02 CST,6/49,0,LOG,00000,"execute S_3: BEGIN",,,,,,,,,"","client backend"
2024-06-16 14:32:56.675 CST,"raingage","benchmark",15270,"127.0.0.1:45212",666e86a6.3ba6,662,"SELECT",2024-06-16 14:31:02 CST,6/49,0,LOG,00000,"execute S_4: SELECT d_tax, d_next_o_id     FROM bmsql_district     WHERE d_w_id = $1 AND d_id = $2 ","parameters: $1 = '1', $2 = '4'",,,,,,,,"","client backend"
2024-06-16 14:32:56.717 CST,"raingage","benchmark",15268,"127.0.0.1:45208",666e86a6.3ba4,512,"SELECT",2024-06-16 14:31:02 CST,4/38,90797,LOG,00000,"execute S_1: SELECT c_discount, c_last, c_credit, w_tax     FROM bmsql_customer     JOIN bmsql_warehouse ON (w_id = c_w_id)     WHERE c_w_id = $1 AND c_d_id = $2 AND c_id = $3 FOR UPDATE","parameters: $1 = '1', $2 = '4', $3 = '45'",,,,,,,,"","client backend"
2024-06-16 14:32:56.744 CST,"raingage","benchmark",15270,"127.0.0.1:45212",666e86a6.3ba6,663,"SELECT",2024-06-16 14:31:02 CST,6/49,0,LOG,00000,"execute S_1: SELECT c_discount, c_last, c_credit, w_tax     FROM bmsql_customer     JOIN bmsql_warehouse ON (w_id = c_w_id)     WHERE c_w_id = $1 AND c_d_id = $2 AND c_id = $3 FOR UPDATE","parameters: $1 = '1', $2 = '4', $3 = '27'",,,,,,,,"","client backend"
2024-06-16 14:32:56.788 CST,"raingage","benchmark",15268,"127.0.0.1:45208",666e86a6.3ba4,513,"SELECT",2024-06-16 14:31:02 CST,4/38,90797,LOG,00000,"execute S_1: SELECT c_discount, c_last, c_credit, w_tax     FROM bmsql_customer     JOIN bmsql_warehouse ON (w_id = c_w_id)     WHERE c_w_id = $1 AND c_d_id = $2 AND c_id = $3 FOR UPDATE","parameters: $1 = '1', $2 = '4', $3 = '45'",,,,,,,,"","client backend"
2024-06-16 14:32:56.858 CST,"raingage","benchmark",15268,"127.0.0.1:45208",666e86a6.3ba4,514,"SELECT",2024-06-16 14:31:02 CST,4/38,90797,LOG,00000,"execute S_1: SELECT c_discount, c_last, c_credit, w_tax     FROM bmsql_customer     JOIN bmsql_warehouse ON (w_id = c_w_id)     WHERE c_w_id = $1 AND c_d_id = $2 AND c_id = $3 FOR UPDATE","parameters: $1 = '1', $2 = '4', $3 = '45'",,,,,,,,"","client backend"
2024-06-16 14:32:56.930 CST,"raingage","benchmark",15268,"127.0.0.1:45208",666e86a6.3ba4,515,"SELECT",2024-06-16 14:31:02 CST,4/38,90797,LOG,00000,"execute S_1: SELECT c_discount, c_last, c_credit, w_tax     FROM bmsql_customer     JOIN bmsql_warehouse ON (w_id = c_w_id)     WHERE c_w_id = $1 AND c_d_id = $2 AND c_id = $3 FOR UPDATE","parameters: $1 = '1', $2 = '4', $3 = '45'",,,,,,,,"","client backend"
2024-06-16 14:32:56.997 CST,"raingage","benchmark",15268,"127.0.0.1:45208",666e86a6.3ba4,516,"SELECT",2024-06-16 14:31:02 CST,4/38,90797,LOG,00000,"execute S_1: SELECT c_discount, c_last, c_credit, w_tax     FROM bmsql_customer     JOIN bmsql_warehouse ON (w_id = c_w_id)     WHERE c_w_id = $1 AND c_d_id = $2 AND c_id = $3 FOR UPDATE","parameters: $1 = '1', $2 = '4', $3 = '45'",,,,,,,,"","client backend"
2024-06-16 14:32:57.060 CST,"raingage","benchmark",15268,"127.0.0.1:45208",666e86a6.3ba4,517,"SELECT",2024-06-16 14:31:02 CST,4/38,90797,LOG,00000,"execute S_1: SELECT c_discount, c_last, c_credit, w_tax     FROM bmsql_customer     JOIN bmsql_warehouse ON (w_id = c_w_id)     WHERE c_w_id = $1 AND c_d_id = $2 AND c_id = $3 FOR UPDATE","parameters: $1 = '1', $2 = '4', $3 = '45'",,,,,,,,"","client backend"
2024-06-16 14:32:57.131 CST,"raingage","benchmark",15268,"127.0.0.1:45208",666e86a6.3ba4,518,"SELECT",2024-06-16 14:31:02 CST,4/38,90797,LOG,00000,"execute S_1: SELECT c_discount, c_last, c_credit, w_tax     FROM bmsql_customer     JOIN bmsql_warehouse ON (w_id = c_w_id)     WHERE c_w_id = $1 AND c_d_id = $2 AND c_id = $3 FOR UPDATE","parameters: $1 = '1', $2 = '4', $3 = '45'",,,,,,,,"","client backend"
2024-06-16 14:32:57.150 CST,"raingage","benchmark",15268,"127.0.0.1:45208",666e86a6.3ba4,519,"SELECT",2024-06-16 14:31:02 CST,4/38,90797,LOG,00000,"execute S_5: SELECT i_price, i_name, i_data     FROM bmsql_item     WHERE i_id = $1","parameters: $1 = '72'",,,,,,,,"","client backend"
2024-06-16 14:32:57.162 CST,"raingage","benchmark",15268,"127.0.0.1:45208",666e86a6.3ba4,520,"SELECT",2024-06-16 14:31:02 CST,4/38,90797,LOG,00000,"execute S_6: SELECT s_quantity, s_data,        s_dist_01, s_dist_02, s_dist_03, s_dist_04,        s_dist_05, s_dist_06, s_dist_07, s_dist_08,        s_dist_09, s_dist_10     FROM bmsql_stock     WHERE s_w_id = $1 AND s_i_id = $2  FOR UPDATE","parameters: $1 = '1', $2 = '72'",,,,,,,,"","client backend"
2024-06-16 14:32:57.174 CST,"raingage","benchmark",15268,"127.0.0.1:45208",666e86a6.3ba4,521,"UPDATE",2024-06-16 14:31:02 CST,4/38,90797,LOG,00000,"execute S_7: UPDATE bmsql_stock     SET s_quantity = $1, s_ytd = s_ytd + $2,         s_order_cnt = s_order_cnt + 1,         s_remote_cnt = s_remote_cnt + $3     WHERE s_w_id = $4 AND s_i_id = $5","parameters: $1 = '19', $2 = '7', $3 = '0', $4 = '1', $5 = '72'",,,,,,,,"","client backend"
2024-06-16 14:32:57.185 CST,"raingage","benchmark",15268,"127.0.0.1:45208",666e86a6.3ba4,522,"COMMIT",2024-06-16 14:31:02 CST,4/38,90797,LOG,00000,"execute S_2: COMMIT",,,,,,,,,"","client backend"
2024-06-16 14:32:57.203 CST,"raingage","benchmark",15268,"127.0.0.1:45208",666e86a6.3ba4,523,"BEGIN",2024-06-16 14:31:02 CST,4/39,0,LOG,00000,"execute S_3: BEGIN",,,,,,,,,"","client backend"
2024-06-16 14:32:57.214 CST,"raingage","benchmark",15268,"127.0.0.1:45208",666e86a6.3ba4,524,"SELECT",2024-06-16 14:31:02 CST,4/39,0,LOG,00000,"execute S_4: SELECT d_tax, d_next_o_id     FROM bmsql_district     WHERE d_w_id = $1 AND d_id = $2 ","parameters: $1 = '1', $2 = '4'",,,,,,,,"","client backend"
2024-06-16 14:32:57.250 CST,"raingage","benchmark",15270,"127.0.0.1:45212",666e86a6.3ba6,664,"SELECT",2024-06-16 14:31:02 CST,6/49,90798,LOG,00000,"execute S_1: SELECT c_discount, c_last, c_credit, w_tax     FROM bmsql_customer     JOIN bmsql_warehouse ON (w_id = c_w_id)     WHERE c_w_id = $1 AND c_d_id = $2 AND c_id = $3 FOR UPDATE","parameters: $1 = '1', $2 = '4', $3 = '27'",,,,,,,,"","client backend"
2024-06-16 14:32:57.279 CST,"raingage","benchmark",15268,"127.0.0.1:45208",666e86a6.3ba4,525,"SELECT",2024-06-16 14:31:02 CST,4/39,0,LOG,00000,"execute S_1: SELECT c_discount, c_last, c_credit, w_tax     FROM bmsql_customer     JOIN bmsql_warehouse ON (w_id = c_w_id)     WHERE c_w_id = $1 AND c_d_id = $2 AND c_id = $3 FOR UPDATE","parameters: $1 = '1', $2 = '4', $3 = '27'",,,,,,,,"","client backend"
2024-06-16 14:32:57.316 CST,"raingage","benchmark",15270,"127.0.0.1:45212",666e86a6.3ba6,665,"SELECT",2024-06-16 14:31:02 CST,6/49,90798,LOG,00000,"execute S_1: SELECT c_discount, c_last, c_credit, w_tax     FROM bmsql_customer     JOIN bmsql_warehouse ON (w_id = c_w_id)     WHERE c_w_id = $1 AND c_d_id = $2 AND c_id = $3 FOR UPDATE","parameters: $1 = '1', $2 = '4', $3 = '27'",,,,,,,,"","client backend"
2024-06-16 14:32:57.379 CST,"raingage","benchmark",15270,"127.0.0.1:45212",666e86a6.3ba6,666,"SELECT",2024-06-16 14:31:02 CST,6/49,90798,LOG,00000,"execute S_1: SELECT c_discount, c_last, c_credit, w_tax     FROM bmsql_customer     JOIN bmsql_warehouse ON (w_id = c_w_id)     WHERE c_w_id = $1 AND c_d_id = $2 AND c_id = $3 FOR UPDATE","parameters: $1 = '1', $2 = '4', $3 = '27'",,,,,,,,"","client backend"
2024-06-16 14:32:57.444 CST,"raingage","benchmark",15270,"127.0.0.1:45212",666e86a6.3ba6,667,"SELECT",2024-06-16 14:31:02 CST,6/49,90798,LOG,00000,"execute S_1: SELECT c_discount, c_last, c_credit, w_tax     FROM bmsql_customer     JOIN bmsql_warehouse ON (w_id = c_w_id)     WHERE c_w_id = $1 AND c_d_id = $2 AND c_id = $3 FOR UPDATE","parameters: $1 = '1', $2 = '4', $3 = '27'",,,,,,,,"","client backend"
2024-06-16 14:32:57.507 CST,"raingage","benchmark",15270,"127.0.0.1:45212",666e86a6.3ba6,668,"SELECT",2024-06-16 14:31:02 CST,6/49,90798,LOG,00000,"execute S_1: SELECT c_discount, c_last, c_credit, w_tax     FROM bmsql_customer     JOIN bmsql_warehouse ON (w_id = c_w_id)     WHERE c_w_id = $1 AND c_d_id = $2 AND c_id = $3 FOR UPDATE","parameters: $1 = '1', $2 = '4', $3 = '27'",,,,,,,,"","client backend"
2024-06-16 14:32:57.578 CST,"raingage","benchmark",15270,"127.0.0.1:45212",666e86a6.3ba6,669,"SELECT",2024-06-16 14:31:02 CST,6/49,90798,LOG,00000,"execute S_1: SELECT c_discount, c_last, c_credit, w_tax     FROM bmsql_customer     JOIN bmsql_warehouse ON (w_id = c_w_id)     WHERE c_w_id = $1 AND c_d_id = $2 AND c_id = $3 FOR UPDATE","parameters: $1 = '1', $2 = '4', $3 = '27'",,,,,,,,"","client backend"
2024-06-16 14:32:57.649 CST,"raingage","benchmark",15270,"127.0.0.1:45212",666e86a6.3ba6,670,"SELECT",2024-06-16 14:31:02 CST,6/49,90798,LOG,00000,"execute S_1: SELECT c_discount, c_last, c_credit, w_tax     FROM bmsql_customer     JOIN bmsql_warehouse ON (w_id = c_w_id)     WHERE c_w_id = $1 AND c_d_id = $2 AND c_id = $3 FOR UPDATE","parameters: $1 = '1', $2 = '4', $3 = '27'",,,,,,,,"","client backend"
2024-06-16 14:32:57.661 CST,"raingage","benchmark",15270,"127.0.0.1:45212",666e86a6.3ba6,671,"SELECT",2024-06-16 14:31:02 CST,6/49,90798,LOG,00000,"execute S_5: SELECT i_price, i_name, i_data     FROM bmsql_item     WHERE i_id = $1","parameters: $1 = '19'",,,,,,,,"","client backend"
2024-06-16 14:32:57.673 CST,"raingage","benchmark",15270,"127.0.0.1:45212",666e86a6.3ba6,672,"SELECT",2024-06-16 14:31:02 CST,6/49,90798,LOG,00000,"execute S_6: SELECT s_quantity, s_data,        s_dist_01, s_dist_02, s_dist_03, s_dist_04,        s_dist_05, s_dist_06, s_dist_07, s_dist_08,        s_dist_09, s_dist_10     FROM bmsql_stock     WHERE s_w_id = $1 AND s_i_id = $2  FOR UPDATE","parameters: $1 = '1', $2 = '19'",,,,,,,,"","client backend"
2024-06-16 14:32:57.686 CST,"raingage","benchmark",15270,"127.0.0.1:45212",666e86a6.3ba6,673,"UPDATE",2024-06-16 14:31:02 CST,6/49,90798,LOG,00000,"execute S_7: UPDATE bmsql_stock     SET s_quantity = $1, s_ytd = s_ytd + $2,         s_order_cnt = s_order_cnt + 1,         s_remote_cnt = s_remote_cnt + $3     WHERE s_w_id = $4 AND s_i_id = $5","parameters: $1 = '28', $2 = '7', $3 = '0', $4 = '1', $5 = '19'",,,,,,,,"","client backend"
2024-06-16 14:32:57.698 CST,"raingage","benchmark",15270,"127.0.0.1:45212",666e86a6.3ba6,674,"COMMIT",2024-06-16 14:31:02 CST,6/49,90798,LOG,00000,"execute S_2: COMMIT",,,,,,,,,"","client backend"
2024-06-16 14:32:57.713 CST,"raingage","benchmark",15270,"127.0.0.1:45212",666e86a6.3ba6,675,"BEGIN",2024-06-16 14:31:02 CST,6/50,0,LOG,00000,"execute S_3: BEGIN",,,,,,,,,"","client backend"
2024-06-16 14:32:57.725 CST,"raingage","benchmark",15270,"127.0.0.1:45212",666e86a6.3ba6,676,"SELECT",2024-06-16 14:31:02 CST,6/50,0,LOG,00000,"execute S_4: SELECT d_tax, d_next_o_id     FROM bmsql_district     WHERE d_w_id = $1 AND d_id = $2 ","parameters: $1 = '1', $2 = '4'",,,,,,,,"","client backend"
2024-06-16 14:32:57.762 CST,"raingage","benchmark",15268,"127.0.0.1:45208",666e86a6.3ba4,526,"SELECT",2024-06-16 14:31:02 CST,4/39,90799,LOG,00000,"execute S_1: SELECT c_discount, c_last, c_credit, w_tax     FROM bmsql_customer     JOIN bmsql_warehouse ON (w_id = c_w_id)     WHERE c_w_id = $1 AND c_d_id = $2 AND c_id = $3 FOR UPDATE","parameters: $1 = '1', $2 = '4', $3 = '27'",,,,,,,,"","client backend"
2024-06-16 14:32:57.791 CST,"raingage","benchmark",15270,"127.0.0.1:45212",666e86a6.3ba6,677,"SELECT",2024-06-16 14:31:02 CST,6/50,0,LOG,00000,"execute S_1: SELECT c_discount, c_last, c_credit, w_tax     FROM bmsql_customer     JOIN bmsql_warehouse ON (w_id = c_w_id)     WHERE c_w_id = $1 AND c_d_id = $2 AND c_id = $3 FOR UPDATE","parameters: $1 = '1', $2 = '4', $3 = '23'",,,,,,,,"","client backend"
2024-06-16 14:32:57.826 CST,"raingage","benchmark",15268,"127.0.0.1:45208",666e86a6.3ba4,527,"SELECT",2024-06-16 14:31:02 CST,4/39,90799,LOG,00000,"execute S_1: SELECT c_discount, c_last, c_credit, w_tax     FROM bmsql_customer     JOIN bmsql_warehouse ON (w_id = c_w_id)     WHERE c_w_id = $1 AND c_d_id = $2 AND c_id = $3 FOR UPDATE","parameters: $1 = '1', $2 = '4', $3 = '27'",,,,,,,,"","client backend"
2024-06-16 14:32:57.895 CST,"raingage","benchmark",15268,"127.0.0.1:45208",666e86a6.3ba4,528,"SELECT",2024-06-16 14:31:02 CST,4/39,90799,LOG,00000,"execute S_1: SELECT c_discount, c_last, c_credit, w_tax     FROM bmsql_customer     JOIN bmsql_warehouse ON (w_id = c_w_id)     WHERE c_w_id = $1 AND c_d_id = $2 AND c_id = $3 FOR UPDATE","parameters: $1 = '1', $2 = '4', $3 = '27'",,,,,,,,"","client backend"
2024-06-16 14:32:57.961 CST,"raingage","benchmark",15268,"127.0.0.1:45208",666e86a6.3ba4,529,"SELECT",2024-06-16 14:31:02 CST,4/39,90799,LOG,00000,"execute S_1: SELECT c_discount, c_last, c_credit, w_tax     FROM bmsql_customer     JOIN bmsql_warehouse ON (w_id = c_w_id)     WHERE c_w_id = $1 AND c_d_id = $2 AND c_id = $3 FOR UPDATE","parameters: $1 = '1', $2 = '4', $3 = '27'",,,,,,,,"","client backend"
2024-06-16 14:32:58.025 CST,"raingage","benchmark",15268,"127.0.0.1:45208",666e86a6.3ba4,530,"SELECT",2024-06-16 14:31:02 CST,4/39,90799,LOG,00000,"execute S_1: SELECT c_discount, c_last, c_credit, w_tax     FROM bmsql_customer     JOIN bmsql_warehouse ON (w_id = c_w_id)     WHERE c_w_id = $1 AND c_d_id = $2 AND c_id = $3 FOR UPDATE","parameters: $1 = '1', $2 = '4', $3 = '27'",,,,,,,,"","client backend"
2024-06-16 14:32:58.090 CST,"raingage","benchmark",15268,"127.0.0.1:45208",666e86a6.3ba4,531,"SELECT",2024-06-16 14:31:02 CST,4/39,90799,LOG,00000,"execute S_1: SELECT c_discount, c_last, c_credit, w_tax     FROM bmsql_customer     JOIN bmsql_warehouse ON (w_id = c_w_id)     WHERE c_w_id = $1 AND c_d_id = $2 AND c_id = $3 FOR UPDATE","parameters: $1 = '1', $2 = '4', $3 = '27'",,,,,,,,"","client backend"
2024-06-16 14:32:58.152 CST,"raingage","benchmark",15268,"127.0.0.1:45208",666e86a6.3ba4,532,"SELECT",2024-06-16 14:31:02 CST,4/39,90799,LOG,00000,"execute S_1: SELECT c_discount, c_last, c_credit, w_tax     FROM bmsql_customer     JOIN bmsql_warehouse ON (w_id = c_w_id)     WHERE c_w_id = $1 AND c_d_id = $2 AND c_id = $3 FOR UPDATE","parameters: $1 = '1', $2 = '4', $3 = '27'",,,,,,,,"","client backend"
2024-06-16 14:32:58.166 CST,"raingage","benchmark",15268,"127.0.0.1:45208",666e86a6.3ba4,533,"SELECT",2024-06-16 14:31:02 CST,4/39,90799,LOG,00000,"execute S_5: SELECT i_price, i_name, i_data     FROM bmsql_item     WHERE i_id = $1","parameters: $1 = '19'",,,,,,,,"","client backend"
2024-06-16 14:32:58.187 CST,"raingage","benchmark",15268,"127.0.0.1:45208",666e86a6.3ba4,534,"SELECT",2024-06-16 14:31:02 CST,4/39,90799,LOG,00000,"execute S_6: SELECT s_quantity, s_data,        s_dist_01, s_dist_02, s_dist_03, s_dist_04,        s_dist_05, s_dist_06, s_dist_07, s_dist_08,        s_dist_09, s_dist_10     FROM bmsql_stock     WHERE s_w_id = $1 AND s_i_id = $2  FOR UPDATE","parameters: $1 = '1', $2 = '19'",,,,,,,,"","client backend"
2024-06-16 14:32:58.204 CST,"raingage","benchmark",15268,"127.0.0.1:45208",666e86a6.3ba4,535,"UPDATE",2024-06-16 14:31:02 CST,4/39,90799,LOG,00000,"execute S_7: UPDATE bmsql_stock     SET s_quantity = $1, s_ytd = s_ytd + $2,         s_order_cnt = s_order_cnt + 1,         s_remote_cnt = s_remote_cnt + $3     WHERE s_w_id = $4 AND s_i_id = $5","parameters: $1 = '25', $2 = '3', $3 = '0', $4 = '1', $5 = '19'",,,,,,,,"","client backend"
2024-06-16 14:32:58.216 CST,"raingage","benchmark",15268,"127.0.0.1:45208",666e86a6.3ba4,536,"COMMIT",2024-06-16 14:31:02 CST,4/39,90799,LOG,00000,"execute S_2: COMMIT",,,,,,,,,"","client backend"
2024-06-16 14:32:58.232 CST,"raingage","benchmark",15268,"127.0.0.1:45208",666e86a6.3ba4,537,"BEGIN",2024-06-16 14:31:02 CST,4/40,0,LOG,00000,"execute S_3: BEGIN",,,,,,,,,"","client backend"
2024-06-16 14:32:58.250 CST,"raingage","benchmark",15268,"127.0.0.1:45208",666e86a6.3ba4,538,"SELECT",2024-06-16 14:31:02 CST,4/40,0,LOG,00000,"execute S_4: SELECT d_tax, d_next_o_id     FROM bmsql_district     WHERE d_w_id = $1 AND d_id = $2 ","parameters: $1 = '1', $2 = '4'",,,,,,,,"","client backend"
2024-06-16 14:32:58.283 CST,"raingage","benchmark",15270,"127.0.0.1:45212",666e86a6.3ba6,678,"SELECT",2024-06-16 14:31:02 CST,6/50,90800,LOG,00000,"execute S_1: SELECT c_discount, c_last, c_credit, w_tax     FROM bmsql_customer     JOIN bmsql_warehouse ON (w_id = c_w_id)     WHERE c_w_id = $1 AND c_d_id = $2 AND c_id = $3 FOR UPDATE","parameters: $1 = '1', $2 = '4', $3 = '23'",,,,,,,,"","client backend"
2024-06-16 14:32:58.318 CST,"raingage","benchmark",15268,"127.0.0.1:45208",666e86a6.3ba4,539,"SELECT",2024-06-16 14:31:02 CST,4/40,0,LOG,00000,"execute S_1: SELECT c_discount, c_last, c_credit, w_tax     FROM bmsql_customer     JOIN bmsql_warehouse ON (w_id = c_w_id)     WHERE c_w_id = $1 AND c_d_id = $2 AND c_id = $3 FOR UPDATE","parameters: $1 = '1', $2 = '4', $3 = '23'",,,,,,,,"","client backend"
2024-06-16 14:32:58.346 CST,"raingage","benchmark",15270,"127.0.0.1:45212",666e86a6.3ba6,679,"SELECT",2024-06-16 14:31:02 CST,6/50,90800,LOG,00000,"execute S_1: SELECT c_discount, c_last, c_credit, w_tax     FROM bmsql_customer     JOIN bmsql_warehouse ON (w_id = c_w_id)     WHERE c_w_id = $1 AND c_d_id = $2 AND c_id = $3 FOR UPDATE","parameters: $1 = '1', $2 = '4', $3 = '23'",,,,,,,,"","client backend"
2024-06-16 14:32:58.413 CST,"raingage","benchmark",15270,"127.0.0.1:45212",666e86a6.3ba6,680,"SELECT",2024-06-16 14:31:02 CST,6/50,90800,LOG,00000,"execute S_1: SELECT c_discount, c_last, c_credit, w_tax     FROM bmsql_customer     JOIN bmsql_warehouse ON (w_id = c_w_id)     WHERE c_w_id = $1 AND c_d_id = $2 AND c_id = $3 FOR UPDATE","parameters: $1 = '1', $2 = '4', $3 = '23'",,,,,,,,"","client backend"
2024-06-16 14:32:58.477 CST,"raingage","benchmark",15270,"127.0.0.1:45212",666e86a6.3ba6,681,"SELECT",2024-06-16 14:31:02 CST,6/50,90800,LOG,00000,"execute S_1: SELECT c_discount, c_last, c_credit, w_tax     FROM bmsql_customer     JOIN bmsql_warehouse ON (w_id = c_w_id)     WHERE c_w_id = $1 AND c_d_id = $2 AND c_id = $3 FOR UPDATE","parameters: $1 = '1', $2 = '4', $3 = '23'",,,,,,,,"","client backend"
2024-06-16 14:32:58.539 CST,"raingage","benchmark",15270,"127.0.0.1:45212",666e86a6.3ba6,682,"SELECT",2024-06-16 14:31:02 CST,6/50,90800,LOG,00000,"execute S_1: SELECT c_discount, c_last, c_credit, w_tax     FROM bmsql_customer     JOIN bmsql_warehouse ON (w_id = c_w_id)     WHERE c_w_id = $1 AND c_d_id = $2 AND c_id = $3 FOR UPDATE","parameters: $1 = '1', $2 = '4', $3 = '23'",,,,,,,,"","client backend"
2024-06-16 14:32:58.611 CST,"raingage","benchmark",15270,"127.0.0.1:45212",666e86a6.3ba6,683,"SELECT",2024-06-16 14:31:02 CST,6/50,90800,LOG,00000,"execute S_1: SELECT c_discount, c_last, c_credit, w_tax     FROM bmsql_customer     JOIN bmsql_warehouse ON (w_id = c_w_id)     WHERE c_w_id = $1 AND c_d_id = $2 AND c_id = $3 FOR UPDATE","parameters: $1 = '1', $2 = '4', $3 = '23'",,,,,,,,"","client backend"
2024-06-16 14:32:58.672 CST,"raingage","benchmark",15272,"127.0.0.1:45216",666e86a7.3ba8,325,"BEGIN",2024-06-16 14:31:03 CST,8/25,0,LOG,00000,"execute S_3: BEGIN",,,,,,,,,"","client backend"
2024-06-16 14:32:58.678 CST,"raingage","benchmark",15270,"127.0.0.1:45212",666e86a6.3ba6,684,"SELECT",2024-06-16 14:31:02 CST,6/50,90800,LOG,00000,"execute S_1: SELECT c_discount, c_last, c_credit, w_tax     FROM bmsql_customer     JOIN bmsql_warehouse ON (w_id = c_w_id)     WHERE c_w_id = $1 AND c_d_id = $2 AND c_id = $3 FOR UPDATE","parameters: $1 = '1', $2 = '4', $3 = '23'",,,,,,,,"","client backend"
2024-06-16 14:32:58.686 CST,"raingage","benchmark",15272,"127.0.0.1:45216",666e86a7.3ba8,326,"SELECT",2024-06-16 14:31:03 CST,8/25,0,LOG,00000,"execute S_4: SELECT d_tax, d_next_o_id     FROM bmsql_district     WHERE d_w_id = $1 AND d_id = $2 ","parameters: $1 = '1', $2 = '3'",,,,,,,,"","client backend"
2024-06-16 14:32:58.690 CST,"raingage","benchmark",15270,"127.0.0.1:45212",666e86a6.3ba6,685,"SELECT",2024-06-16 14:31:02 CST,6/50,90800,LOG,00000,"execute S_5: SELECT i_price, i_name, i_data     FROM bmsql_item     WHERE i_id = $1","parameters: $1 = '48'",,,,,,,,"","client backend"
2024-06-16 14:32:58.704 CST,"raingage","benchmark",15270,"127.0.0.1:45212",666e86a6.3ba6,686,"SELECT",2024-06-16 14:31:02 CST,6/50,90800,LOG,00000,"execute S_6: SELECT s_quantity, s_data,        s_dist_01, s_dist_02, s_dist_03, s_dist_04,        s_dist_05, s_dist_06, s_dist_07, s_dist_08,        s_dist_09, s_dist_10     FROM bmsql_stock     WHERE s_w_id = $1 AND s_i_id = $2  FOR UPDATE","parameters: $1 = '1', $2 = '48'",,,,,,,,"","client backend"
2024-06-16 14:32:58.719 CST,"raingage","benchmark",15270,"127.0.0.1:45212",666e86a6.3ba6,687,"UPDATE",2024-06-16 14:31:02 CST,6/50,90800,LOG,00000,"execute S_7: UPDATE bmsql_stock     SET s_quantity = $1, s_ytd = s_ytd + $2,         s_order_cnt = s_order_cnt + 1,         s_remote_cnt = s_remote_cnt + $3     WHERE s_w_id = $4 AND s_i_id = $5","parameters: $1 = '62', $2 = '2', $3 = '0', $4 = '1', $5 = '48'",,,,,,,,"","client backend"
2024-06-16 14:32:58.737 CST,"raingage","benchmark",15270,"127.0.0.1:45212",666e86a6.3ba6,688,"COMMIT",2024-06-16 14:31:02 CST,6/50,90800,LOG,00000,"execute S_2: COMMIT",,,,,,,,,"","client backend"
2024-06-16 14:32:58.749 CST,"raingage","benchmark",15272,"127.0.0.1:45216",666e86a7.3ba8,327,"SELECT",2024-06-16 14:31:03 CST,8/25,0,LOG,00000,"execute S_1: SELECT c_discount, c_last, c_credit, w_tax     FROM bmsql_customer     JOIN bmsql_warehouse ON (w_id = c_w_id)     WHERE c_w_id = $1 AND c_d_id = $2 AND c_id = $3 FOR UPDATE","parameters: $1 = '1', $2 = '3', $3 = '20'",,,,,,,,"","client backend"
2024-06-16 14:32:58.801 CST,"raingage","benchmark",15268,"127.0.0.1:45208",666e86a6.3ba4,540,"SELECT",2024-06-16 14:31:02 CST,4/40,90801,LOG,00000,"execute S_1: SELECT c_discount, c_last, c_credit, w_tax     FROM bmsql_customer     JOIN bmsql_warehouse ON (w_id = c_w_id)     WHERE c_w_id = $1 AND c_d_id = $2 AND c_id = $3 FOR UPDATE","parameters: $1 = '1', $2 = '4', $3 = '23'",,,,,,,,"","client backend"
2024-06-16 14:32:58.869 CST,"raingage","benchmark",15268,"127.0.0.1:45208",666e86a6.3ba4,541,"SELECT",2024-06-16 14:31:02 CST,4/40,90801,LOG,00000,"execute S_1: SELECT c_discount, c_last, c_credit, w_tax     FROM bmsql_customer     JOIN bmsql_warehouse ON (w_id = c_w_id)     WHERE c_w_id = $1 AND c_d_id = $2 AND c_id = $3 FOR UPDATE","parameters: $1 = '1', $2 = '4', $3 = '23'",,,,,,,,"","client backend"
2024-06-16 14:32:58.940 CST,"raingage","benchmark",15268,"127.0.0.1:45208",666e86a6.3ba4,542,"SELECT",2024-06-16 14:31:02 CST,4/40,90801,LOG,00000,"execute S_1: SELECT c_discount, c_last, c_credit, w_tax     FROM bmsql_customer     JOIN bmsql_warehouse ON (w_id = c_w_id)     WHERE c_w_id = $1 AND c_d_id = $2 AND c_id = $3 FOR UPDATE","parameters: $1 = '1', $2 = '4', $3 = '23'",,,,,,,,"","client backend"
2024-06-16 14:32:59.011 CST,"raingage","benchmark",15268,"127.0.0.1:45208",666e86a6.3ba4,543,"SELECT",2024-06-16 14:31:02 CST,4/40,90801,LOG,00000,"execute S_1: SELECT c_discount, c_last, c_credit, w_tax     FROM bmsql_customer     JOIN bmsql_warehouse ON (w_id = c_w_id)     WHERE c_w_id = $1 AND c_d_id = $2 AND c_id = $3 FOR UPDATE","parameters: $1 = '1', $2 = '4', $3 = '23'",,,,,,,,"","client backend"
2024-06-16 14:32:59.080 CST,"raingage","benchmark",15268,"127.0.0.1:45208",666e86a6.3ba4,544,"SELECT",2024-06-16 14:31:02 CST,4/40,90801,LOG,00000,"execute S_1: SELECT c_discount, c_last, c_credit, w_tax     FROM bmsql_customer     JOIN bmsql_warehouse ON (w_id = c_w_id)     WHERE c_w_id = $1 AND c_d_id = $2 AND c_id = $3 FOR UPDATE","parameters: $1 = '1', $2 = '4', $3 = '23'",,,,,,,,"","client backend"
2024-06-16 14:32:59.145 CST,"raingage","benchmark",15268,"127.0.0.1:45208",666e86a6.3ba4,545,"SELECT",2024-06-16 14:31:02 CST,4/40,90801,LOG,00000,"execute S_1: SELECT c_discount, c_last, c_credit, w_tax     FROM bmsql_customer     JOIN bmsql_warehouse ON (w_id = c_w_id)     WHERE c_w_id = $1 AND c_d_id = $2 AND c_id = $3 FOR UPDATE","parameters: $1 = '1', $2 = '4', $3 = '23'",,,,,,,,"","client backend"
2024-06-16 14:32:59.210 CST,"raingage","benchmark",15268,"127.0.0.1:45208",666e86a6.3ba4,546,"SELECT",2024-06-16 14:31:02 CST,4/40,90801,LOG,00000,"execute S_1: SELECT c_discount, c_last, c_credit, w_tax     FROM bmsql_customer     JOIN bmsql_warehouse ON (w_id = c_w_id)     WHERE c_w_id = $1 AND c_d_id = $2 AND c_id = $3 FOR UPDATE","parameters: $1 = '1', $2 = '4', $3 = '23'",,,,,,,,"","client backend"
2024-06-16 14:32:59.223 CST,"raingage","benchmark",15268,"127.0.0.1:45208",666e86a6.3ba4,547,"SELECT",2024-06-16 14:31:02 CST,4/40,90801,LOG,00000,"execute S_5: SELECT i_price, i_name, i_data     FROM bmsql_item     WHERE i_id = $1","parameters: $1 = '48'",,,,,,,,"","client backend"
2024-06-16 14:32:59.241 CST,"raingage","benchmark",15268,"127.0.0.1:45208",666e86a6.3ba4,548,"SELECT",2024-06-16 14:31:02 CST,4/40,90801,LOG,00000,"execute S_6: SELECT s_quantity, s_data,        s_dist_01, s_dist_02, s_dist_03, s_dist_04,        s_dist_05, s_dist_06, s_dist_07, s_dist_08,        s_dist_09, s_dist_10     FROM bmsql_stock     WHERE s_w_id = $1 AND s_i_id = $2  FOR UPDATE","parameters: $1 = '1', $2 = '48'",,,,,,,,"","client backend"
2024-06-16 14:32:59.255 CST,"raingage","benchmark",15268,"127.0.0.1:45208",666e86a6.3ba4,549,"UPDATE",2024-06-16 14:31:02 CST,4/40,90801,LOG,00000,"execute S_7: UPDATE bmsql_stock     SET s_quantity = $1, s_ytd = s_ytd + $2,         s_order_cnt = s_order_cnt + 1,         s_remote_cnt = s_remote_cnt + $3     WHERE s_w_id = $4 AND s_i_id = $5","parameters: $1 = '60', $2 = '2', $3 = '0', $4 = '1', $5 = '48'",,,,,,,,"","client backend"
2024-06-16 14:32:59.267 CST,"raingage","benchmark",15268,"127.0.0.1:45208",666e86a6.3ba4,550,"COMMIT",2024-06-16 14:31:02 CST,4/40,90801,LOG,00000,"execute S_2: COMMIT",,,,,,,,,"","client backend"
2024-06-16 14:32:59.290 CST,"raingage","benchmark",15268,"127.0.0.1:45208",666e86a6.3ba4,551,"BEGIN",2024-06-16 14:31:02 CST,4/41,0,LOG,00000,"execute S_3: BEGIN",,,,,,,,,"","client backend"
2024-06-16 14:32:59.304 CST,"raingage","benchmark",15268,"127.0.0.1:45208",666e86a6.3ba4,552,"SELECT",2024-06-16 14:31:02 CST,4/41,0,LOG,00000,"execute S_4: SELECT d_tax, d_next_o_id     FROM bmsql_district     WHERE d_w_id = $1 AND d_id = $2 ","parameters: $1 = '1', $2 = '2'",,,,,,,,"","client backend"
2024-06-16 14:32:59.336 CST,"raingage","benchmark",15272,"127.0.0.1:45216",666e86a7.3ba8,328,"SELECT",2024-06-16 14:31:03 CST,8/25,90802,LOG,00000,"execute S_1: SELECT c_discount, c_last, c_credit, w_tax     FROM bmsql_customer     JOIN bmsql_warehouse ON (w_id = c_w_id)     WHERE c_w_id = $1 AND c_d_id = $2 AND c_id = $3 FOR UPDATE","parameters: $1 = '1', $2 = '3', $3 = '20'",,,,,,,,"","client backend"
2024-06-16 14:32:59.368 CST,"raingage","benchmark",15268,"127.0.0.1:45208",666e86a6.3ba4,553,"SELECT",2024-06-16 14:31:02 CST,4/41,0,LOG,00000,"execute S_1: SELECT c_discount, c_last, c_credit, w_tax     FROM bmsql_customer     JOIN bmsql_warehouse ON (w_id = c_w_id)     WHERE c_w_id = $1 AND c_d_id = $2 AND c_id = $3 FOR UPDATE","parameters: $1 = '1', $2 = '2', $3 = '43'",,,,,,,,"","client backend"
2024-06-16 14:32:59.407 CST,"raingage","benchmark",15272,"127.0.0.1:45216",666e86a7.3ba8,329,"SELECT",2024-06-16 14:31:03 CST,8/25,90802,LOG,00000,"execute S_1: SELECT c_discount, c_last, c_credit, w_tax     FROM bmsql_customer     JOIN bmsql_warehouse ON (w_id = c_w_id)     WHERE c_w_id = $1 AND c_d_id = $2 AND c_id = $3 FOR UPDATE","parameters: $1 = '1', $2 = '3', $3 = '20'",,,,,,,,"","client backend"
2024-06-16 14:32:59.477 CST,"raingage","benchmark",15272,"127.0.0.1:45216",666e86a7.3ba8,330,"SELECT",2024-06-16 14:31:03 CST,8/25,90802,LOG,00000,"execute S_1: SELECT c_discount, c_last, c_credit, w_tax     FROM bmsql_customer     JOIN bmsql_warehouse ON (w_id = c_w_id)     WHERE c_w_id = $1 AND c_d_id = $2 AND c_id = $3 FOR UPDATE","parameters: $1 = '1', $2 = '3', $3 = '20'",,,,,,,,"","client backend"
2024-06-16 14:32:59.547 CST,"raingage","benchmark",15272,"127.0.0.1:45216",666e86a7.3ba8,331,"SELECT",2024-06-16 14:31:03 CST,8/25,90802,LOG,00000,"execute S_1: SELECT c_discount, c_last, c_credit, w_tax     FROM bmsql_customer     JOIN bmsql_warehouse ON (w_id = c_w_id)     WHERE c_w_id = $1 AND c_d_id = $2 AND c_id = $3 FOR UPDATE","parameters: $1 = '1', $2 = '3', $3 = '20'",,,,,,,,"","client backend"
2024-06-16 14:32:59.611 CST,"raingage","benchmark",15272,"127.0.0.1:45216",666e86a7.3ba8,332,"SELECT",2024-06-16 14:31:03 CST,8/25,90802,LOG,00000,"execute S_1: SELECT c_discount, c_last, c_credit, w_tax     FROM bmsql_customer     JOIN bmsql_warehouse ON (w_id = c_w_id)     WHERE c_w_id = $1 AND c_d_id = $2 AND c_id = $3 FOR UPDATE","parameters: $1 = '1', $2 = '3', $3 = '20'",,,,,,,,"","client backend"
2024-06-16 14:32:59.679 CST,"raingage","benchmark",15272,"127.0.0.1:45216",666e86a7.3ba8,333,"SELECT",2024-06-16 14:31:03 CST,8/25,90802,LOG,00000,"execute S_1: SELECT c_discount, c_last, c_credit, w_tax     FROM bmsql_customer     JOIN bmsql_warehouse ON (w_id = c_w_id)     WHERE c_w_id = $1 AND c_d_id = $2 AND c_id = $3 FOR UPDATE","parameters: $1 = '1', $2 = '3', $3 = '20'",,,,,,,,"","client backend"
2024-06-16 14:32:59.748 CST,"raingage","benchmark",15272,"127.0.0.1:45216",666e86a7.3ba8,334,"SELECT",2024-06-16 14:31:03 CST,8/25,90802,LOG,00000,"execute S_1: SELECT c_discount, c_last, c_credit, w_tax     FROM bmsql_customer     JOIN bmsql_warehouse ON (w_id = c_w_id)     WHERE c_w_id = $1 AND c_d_id = $2 AND c_id = $3 FOR UPDATE","parameters: $1 = '1', $2 = '3', $3 = '20'",,,,,,,,"","client backend"
2024-06-16 14:32:59.749 CST,"raingage","benchmark",15272,"127.0.0.1:45216",666e86a7.3ba8,335,"SELECT",2024-06-16 14:31:03 CST,8/25,90802,LOG,00000,"execute S_5: SELECT i_price, i_name, i_data     FROM bmsql_item     WHERE i_id = $1","parameters: $1 = '100'",,,,,,,,"","client backend"
2024-06-16 14:32:59.767 CST,"raingage","benchmark",15272,"127.0.0.1:45216",666e86a7.3ba8,336,"SELECT",2024-06-16 14:31:03 CST,8/25,90802,LOG,00000,"execute S_6: SELECT s_quantity, s_data,        s_dist_01, s_dist_02, s_dist_03, s_dist_04,        s_dist_05, s_dist_06, s_dist_07, s_dist_08,        s_dist_09, s_dist_10     FROM bmsql_stock     WHERE s_w_id = $1 AND s_i_id = $2  FOR UPDATE","parameters: $1 = '1', $2 = '100'",,,,,,,,"","client backend"
2024-06-16 14:32:59.787 CST,"raingage","benchmark",15272,"127.0.0.1:45216",666e86a7.3ba8,337,"UPDATE",2024-06-16 14:31:03 CST,8/25,90802,LOG,00000,"execute S_7: UPDATE bmsql_stock     SET s_quantity = $1, s_ytd = s_ytd + $2,         s_order_cnt = s_order_cnt + 1,         s_remote_cnt = s_remote_cnt + $3     WHERE s_w_id = $4 AND s_i_id = $5","parameters: $1 = '73', $2 = '2', $3 = '0', $4 = '1', $5 = '100'",,,,,,,,"","client backend"
2024-06-16 14:32:59.799 CST,"raingage","benchmark",15272,"127.0.0.1:45216",666e86a7.3ba8,338,"COMMIT",2024-06-16 14:31:03 CST,8/25,90802,LOG,00000,"execute S_2: COMMIT",,,,,,,,,"","client backend"
2024-06-16 14:32:59.821 CST,"raingage","benchmark",15272,"127.0.0.1:45216",666e86a7.3ba8,339,"BEGIN",2024-06-16 14:31:03 CST,8/26,0,LOG,00000,"execute S_3: BEGIN",,,,,,,,,"","client backend"
2024-06-16 14:32:59.834 CST,"raingage","benchmark",15272,"127.0.0.1:45216",666e86a7.3ba8,340,"SELECT",2024-06-16 14:31:03 CST,8/26,0,LOG,00000,"execute S_4: SELECT d_tax, d_next_o_id     FROM bmsql_district     WHERE d_w_id = $1 AND d_id = $2 ","parameters: $1 = '1', $2 = '2'",,,,,,,,"","client backend"
2024-06-16 14:32:59.867 CST,"raingage","benchmark",15268,"127.0.0.1:45208",666e86a6.3ba4,554,"SELECT",2024-06-16 14:31:02 CST,4/41,90803,LOG,00000,"execute S_1: SELECT c_discount, c_last, c_credit, w_tax     FROM bmsql_customer     JOIN bmsql_warehouse ON (w_id = c_w_id)     WHERE c_w_id = $1 AND c_d_id = $2 AND c_id = $3 FOR UPDATE","parameters: $1 = '1', $2 = '2', $3 = '43'",,,,,,,,"","client backend"
2024-06-16 14:32:59.907 CST,"raingage","benchmark",15272,"127.0.0.1:45216",666e86a7.3ba8,341,"SELECT",2024-06-16 14:31:03 CST,8/26,0,LOG,00000,"execute S_1: SELECT c_discount, c_last, c_credit, w_tax     FROM bmsql_customer     JOIN bmsql_warehouse ON (w_id = c_w_id)     WHERE c_w_id = $1 AND c_d_id = $2 AND c_id = $3 FOR UPDATE","parameters: $1 = '1', $2 = '2', $3 = '43'",,,,,,,,"","client backend"
2024-06-16 14:32:59.934 CST,"raingage","benchmark",15268,"127.0.0.1:45208",666e86a6.3ba4,555,"SELECT",2024-06-16 14:31:02 CST,4/41,90803,LOG,00000,"execute S_1: SELECT c_discount, c_last, c_credit, w_tax     FROM bmsql_customer     JOIN bmsql_warehouse ON (w_id = c_w_id)     WHERE c_w_id = $1 AND c_d_id = $2 AND c_id = $3 FOR UPDATE","parameters: $1 = '1', $2 = '2', $3 = '43'",,,,,,,,"","client backend"
2024-06-16 14:33:00.003 CST,"raingage","benchmark",15268,"127.0.0.1:45208",666e86a6.3ba4,556,"SELECT",2024-06-16 14:31:02 CST,4/41,90803,LOG,00000,"execute S_1: SELECT c_discount, c_last, c_credit, w_tax     FROM bmsql_customer     JOIN bmsql_warehouse ON (w_id = c_w_id)     WHERE c_w_id = $1 AND c_d_id = $2 AND c_id = $3 FOR UPDATE","parameters: $1 = '1', $2 = '2', $3 = '43'",,,,,,,,"","client backend"
2024-06-16 14:33:00.070 CST,"raingage","benchmark",15268,"127.0.0.1:45208",666e86a6.3ba4,557,"SELECT",2024-06-16 14:31:02 CST,4/41,90803,LOG,00000,"execute S_1: SELECT c_discount, c_last, c_credit, w_tax     FROM bmsql_customer     JOIN bmsql_warehouse ON (w_id = c_w_id)     WHERE c_w_id = $1 AND c_d_id = $2 AND c_id = $3 FOR UPDATE","parameters: $1 = '1', $2 = '2', $3 = '43'",,,,,,,,"","client backend"
2024-06-16 14:33:00.141 CST,"raingage","benchmark",15268,"127.0.0.1:45208",666e86a6.3ba4,558,"SELECT",2024-06-16 14:31:02 CST,4/41,90803,LOG,00000,"execute S_1: SELECT c_discount, c_last, c_credit, w_tax     FROM bmsql_customer     JOIN bmsql_warehouse ON (w_id = c_w_id)     WHERE c_w_id = $1 AND c_d_id = $2 AND c_id = $3 FOR UPDATE","parameters: $1 = '1', $2 = '2', $3 = '43'",,,,,,,,"","client backend"
2024-06-16 14:33:00.207 CST,"raingage","benchmark",15268,"127.0.0.1:45208",666e86a6.3ba4,559,"SELECT",2024-06-16 14:31:02 CST,4/41,90803,LOG,00000,"execute S_1: SELECT c_discount, c_last, c_credit, w_tax     FROM bmsql_customer     JOIN bmsql_warehouse ON (w_id = c_w_id)     WHERE c_w_id = $1 AND c_d_id = $2 AND c_id = $3 FOR UPDATE","parameters: $1 = '1', $2 = '2', $3 = '43'",,,,,,,,"","client backend"
2024-06-16 14:33:00.271 CST,"raingage","benchmark",15268,"127.0.0.1:45208",666e86a6.3ba4,560,"SELECT",2024-06-16 14:31:02 CST,4/41,90803,LOG,00000,"execute S_1: SELECT c_discount, c_last, c_credit, w_tax     FROM bmsql_customer     JOIN bmsql_warehouse ON (w_id = c_w_id)     WHERE c_w_id = $1 AND c_d_id = $2 AND c_id = $3 FOR UPDATE","parameters: $1 = '1', $2 = '2', $3 = '43'",,,,,,,,"","client backend"
2024-06-16 14:33:00.285 CST,"raingage","benchmark",15268,"127.0.0.1:45208",666e86a6.3ba4,561,"SELECT",2024-06-16 14:31:02 CST,4/41,90803,LOG,00000,"execute S_5: SELECT i_price, i_name, i_data     FROM bmsql_item     WHERE i_id = $1","parameters: $1 = '98'",,,,,,,,"","client backend"
2024-06-16 14:33:00.305 CST,"raingage","benchmark",15268,"127.0.0.1:45208",666e86a6.3ba4,562,"SELECT",2024-06-16 14:31:02 CST,4/41,90803,LOG,00000,"execute S_6: SELECT s_quantity, s_data,        s_dist_01, s_dist_02, s_dist_03, s_dist_04,        s_dist_05, s_dist_06, s_dist_07, s_dist_08,        s_dist_09, s_dist_10     FROM bmsql_stock     WHERE s_w_id = $1 AND s_i_id = $2  FOR UPDATE","parameters: $1 = '1', $2 = '98'",,,,,,,,"","client backend"
2024-06-16 14:33:00.321 CST,"raingage","benchmark",15268,"127.0.0.1:45208",666e86a6.3ba4,563,"UPDATE",2024-06-16 14:31:02 CST,4/41,90803,LOG,00000,"execute S_7: UPDATE bmsql_stock     SET s_quantity = $1, s_ytd = s_ytd + $2,         s_order_cnt = s_order_cnt + 1,         s_remote_cnt = s_remote_cnt + $3     WHERE s_w_id = $4 AND s_i_id = $5","parameters: $1 = '41', $2 = '1', $3 = '0', $4 = '1', $5 = '98'",,,,,,,,"","client backend"
2024-06-16 14:33:00.339 CST,"raingage","benchmark",15268,"127.0.0.1:45208",666e86a6.3ba4,564,"COMMIT",2024-06-16 14:31:02 CST,4/41,90803,LOG,00000,"execute S_2: COMMIT",,,,,,,,,"","client backend"
2024-06-16 14:33:00.360 CST,"raingage","benchmark",15268,"127.0.0.1:45208",666e86a6.3ba4,565,"BEGIN",2024-06-16 14:31:02 CST,4/42,0,LOG,00000,"execute S_3: BEGIN",,,,,,,,,"","client backend"
2024-06-16 14:33:00.368 CST,"raingage","benchmark",15268,"127.0.0.1:45208",666e86a6.3ba4,566,"SELECT",2024-06-16 14:31:02 CST,4/42,0,LOG,00000,"execute S_4: SELECT d_tax, d_next_o_id     FROM bmsql_district     WHERE d_w_id = $1 AND d_id = $2 ","parameters: $1 = '1', $2 = '3'",,,,,,,,"","client backend"
2024-06-16 14:33:00.408 CST,"raingage","benchmark",15272,"127.0.0.1:45216",666e86a7.3ba8,342,"SELECT",2024-06-16 14:31:03 CST,8/26,90804,LOG,00000,"execute S_1: SELECT c_discount, c_last, c_credit, w_tax     FROM bmsql_customer     JOIN bmsql_warehouse ON (w_id = c_w_id)     WHERE c_w_id = $1 AND c_d_id = $2 AND c_id = $3 FOR UPDATE","parameters: $1 = '1', $2 = '2', $3 = '43'",,,,,,,,"","client backend"
2024-06-16 14:33:00.438 CST,"raingage","benchmark",15268,"127.0.0.1:45208",666e86a6.3ba4,567,"SELECT",2024-06-16 14:31:02 CST,4/42,0,LOG,00000,"execute S_1: SELECT c_discount, c_last, c_credit, w_tax     FROM bmsql_customer     JOIN bmsql_warehouse ON (w_id = c_w_id)     WHERE c_w_id = $1 AND c_d_id = $2 AND c_id = $3 FOR UPDATE","parameters: $1 = '1', $2 = '3', $3 = '36'",,,,,,,,"","client backend"
2024-06-16 14:33:00.475 CST,"raingage","benchmark",15272,"127.0.0.1:45216",666e86a7.3ba8,343,"SELECT",2024-06-16 14:31:03 CST,8/26,90804,LOG,00000,"execute S_1: SELECT c_discount, c_last, c_credit, w_tax     FROM bmsql_customer     JOIN bmsql_warehouse ON (w_id = c_w_id)     WHERE c_w_id = $1 AND c_d_id = $2 AND c_id = $3 FOR UPDATE","parameters: $1 = '1', $2 = '2', $3 = '43'",,,,,,,,"","client backend"
2024-06-16 14:33:00.542 CST,"raingage","benchmark",15272,"127.0.0.1:45216",666e86a7.3ba8,344,"SELECT",2024-06-16 14:31:03 CST,8/26,90804,LOG,00000,"execute S_1: SELECT c_discount, c_last, c_credit, w_tax     FROM bmsql_customer     JOIN bmsql_warehouse ON (w_id = c_w_id)     WHERE c_w_id = $1 AND c_d_id = $2 AND c_id = $3 FOR UPDATE","parameters: $1 = '1', $2 = '2', $3 = '43'",,,,,,,,"","client backend"
2024-06-16 14:33:00.611 CST,"raingage","benchmark",15272,"127.0.0.1:45216",666e86a7.3ba8,345,"SELECT",2024-06-16 14:31:03 CST,8/26,90804,LOG,00000,"execute S_1: SELECT c_discount, c_last, c_credit, w_tax     FROM bmsql_customer     JOIN bmsql_warehouse ON (w_id = c_w_id)     WHERE c_w_id = $1 AND c_d_id = $2 AND c_id = $3 FOR UPDATE","parameters: $1 = '1', $2 = '2', $3 = '43'",,,,,,,,"","client backend"
2024-06-16 14:33:00.684 CST,"raingage","benchmark",15272,"127.0.0.1:45216",666e86a7.3ba8,346,"SELECT",2024-06-16 14:31:03 CST,8/26,90804,LOG,00000,"execute S_1: SELECT c_discount, c_last, c_credit, w_tax     FROM bmsql_customer     JOIN bmsql_warehouse ON (w_id = c_w_id)     WHERE c_w_id = $1 AND c_d_id = $2 AND c_id = $3 FOR UPDATE","parameters: $1 = '1', $2 = '2', $3 = '43'",,,,,,,,"","client backend"
2024-06-16 14:33:00.751 CST,"raingage","benchmark",15272,"127.0.0.1:45216",666e86a7.3ba8,347,"SELECT",2024-06-16 14:31:03 CST,8/26,90804,LOG,00000,"execute S_1: SELECT c_discount, c_last, c_credit, w_tax     FROM bmsql_customer     JOIN bmsql_warehouse ON (w_id = c_w_id)     WHERE c_w_id = $1 AND c_d_id = $2 AND c_id = $3 FOR UPDATE","parameters: $1 = '1', $2 = '2', $3 = '43'",,,,,,,,"","client backend"
2024-06-16 14:33:00.812 CST,"raingage","benchmark",15269,"127.0.0.1:45210",666e86a6.3ba5,595,"BEGIN",2024-06-16 14:31:02 CST,5/44,0,LOG,00000,"execute S_4: BEGIN",,,,,,,,,"","client backend"
2024-06-16 14:33:00.820 CST,"raingage","benchmark",15272,"127.0.0.1:45216",666e86a7.3ba8,348,"SELECT",2024-06-16 14:31:03 CST,8/26,90804,LOG,00000,"execute S_1: SELECT c_discount, c_last, c_credit, w_tax     FROM bmsql_customer     JOIN bmsql_warehouse ON (w_id = c_w_id)     WHERE c_w_id = $1 AND c_d_id = $2 AND c_id = $3 FOR UPDATE","parameters: $1 = '1', $2 = '2', $3 = '43'",,,,,,,,"","client backend"
2024-06-16 14:33:00.825 CST,"raingage","benchmark",15269,"127.0.0.1:45210",666e86a6.3ba5,596,"SELECT",2024-06-16 14:31:02 CST,5/44,0,LOG,00000,"execute S_5: SELECT d_tax, d_next_o_id     FROM bmsql_district     WHERE d_w_id = $1 AND d_id = $2 ","parameters: $1 = '1', $2 = '4'",,,,,,,,"","client backend"
2024-06-16 14:33:00.834 CST,"raingage","benchmark",15272,"127.0.0.1:45216",666e86a7.3ba8,349,"SELECT",2024-06-16 14:31:03 CST,8/26,90804,LOG,00000,"execute S_5: SELECT i_price, i_name, i_data     FROM bmsql_item     WHERE i_id = $1","parameters: $1 = '98'",,,,,,,,"","client backend"
2024-06-16 14:33:00.852 CST,"raingage","benchmark",15272,"127.0.0.1:45216",666e86a7.3ba8,350,"SELECT",2024-06-16 14:31:03 CST,8/26,90804,LOG,00000,"execute S_6: SELECT s_quantity, s_data,        s_dist_01, s_dist_02, s_dist_03, s_dist_04,        s_dist_05, s_dist_06, s_dist_07, s_dist_08,        s_dist_09, s_dist_10     FROM bmsql_stock     WHERE s_w_id = $1 AND s_i_id = $2  FOR UPDATE","parameters: $1 = '1', $2 = '98'",,,,,,,,"","client backend"
2024-06-16 14:33:00.871 CST,"raingage","benchmark",15272,"127.0.0.1:45216",666e86a7.3ba8,351,"UPDATE",2024-06-16 14:31:03 CST,8/26,90804,LOG,00000,"execute S_7: UPDATE bmsql_stock     SET s_quantity = $1, s_ytd = s_ytd + $2,         s_order_cnt = s_order_cnt + 1,         s_remote_cnt = s_remote_cnt + $3     WHERE s_w_id = $4 AND s_i_id = $5","parameters: $1 = '37', $2 = '4', $3 = '0', $4 = '1', $5 = '98'",,,,,,,,"","client backend"
2024-06-16 14:33:00.887 CST,"raingage","benchmark",15272,"127.0.0.1:45216",666e86a7.3ba8,352,"COMMIT",2024-06-16 14:31:03 CST,8/26,90804,LOG,00000,"execute S_2: COMMIT",,,,,,,,,"","client backend"
2024-06-16 14:33:00.894 CST,"raingage","benchmark",15269,"127.0.0.1:45210",666e86a6.3ba5,597,"SELECT",2024-06-16 14:31:02 CST,5/44,0,LOG,00000,"execute S_1: SELECT c_discount, c_last, c_credit, w_tax     FROM bmsql_customer     JOIN bmsql_warehouse ON (w_id = c_w_id)     WHERE c_w_id = $1 AND c_d_id = $2 AND c_id = $3 FOR UPDATE","parameters: $1 = '1', $2 = '4', $3 = '23'",,,,,,,,"","client backend"
2024-06-16 14:33:00.905 CST,"raingage","benchmark",15272,"127.0.0.1:45216",666e86a7.3ba8,353,"BEGIN",2024-06-16 14:31:03 CST,8/27,0,LOG,00000,"execute S_3: BEGIN",,,,,,,,,"","client backend"
2024-06-16 14:33:00.907 CST,"raingage","benchmark",15272,"127.0.0.1:45216",666e86a7.3ba8,354,"SELECT",2024-06-16 14:31:03 CST,8/27,0,LOG,00000,"execute S_4: SELECT d_tax, d_next_o_id     FROM bmsql_district     WHERE d_w_id = $1 AND d_id = $2 ","parameters: $1 = '1', $2 = '3'",,,,,,,,"","client backend"
2024-06-16 14:33:00.952 CST,"raingage","benchmark",15268,"127.0.0.1:45208",666e86a6.3ba4,568,"SELECT",2024-06-16 14:31:02 CST,4/42,90805,LOG,00000,"execute S_1: SELECT c_discount, c_last, c_credit, w_tax     FROM bmsql_customer     JOIN bmsql_warehouse ON (w_id = c_w_id)     WHERE c_w_id = $1 AND c_d_id = $2 AND c_id = $3 FOR UPDATE","parameters: $1 = '1', $2 = '3', $3 = '36'",,,,,,,,"","client backend"
2024-06-16 14:33:00.971 CST,"raingage","benchmark",15272,"127.0.0.1:45216",666e86a7.3ba8,355,"SELECT",2024-06-16 14:31:03 CST,8/27,0,LOG,00000,"execute S_1: SELECT c_discount, c_last, c_credit, w_tax     FROM bmsql_customer     JOIN bmsql_warehouse ON (w_id = c_w_id)     WHERE c_w_id = $1 AND c_d_id = $2 AND c_id = $3 FOR UPDATE","parameters: $1 = '1', $2 = '3', $3 = '36'",,,,,,,,"","client backend"
2024-06-16 14:33:01.023 CST,"raingage","benchmark",15268,"127.0.0.1:45208",666e86a6.3ba4,569,"SELECT",2024-06-16 14:31:02 CST,4/42,90805,LOG,00000,"execute S_1: SELECT c_discount, c_last, c_credit, w_tax     FROM bmsql_customer     JOIN bmsql_warehouse ON (w_id = c_w_id)     WHERE c_w_id = $1 AND c_d_id = $2 AND c_id = $3 FOR UPDATE","parameters: $1 = '1', $2 = '3', $3 = '36'",,,,,,,,"","client backend"
2024-06-16 14:33:01.088 CST,"raingage","benchmark",15268,"127.0.0.1:45208",666e86a6.3ba4,570,"SELECT",2024-06-16 14:31:02 CST,4/42,90805,LOG,00000,"execute S_1: SELECT c_discount, c_last, c_credit, w_tax     FROM bmsql_customer     JOIN bmsql_warehouse ON (w_id = c_w_id)     WHERE c_w_id = $1 AND c_d_id = $2 AND c_id = $3 FOR UPDATE","parameters: $1 = '1', $2 = '3', $3 = '36'",,,,,,,,"","client backend"
2024-06-16 14:33:01.156 CST,"raingage","benchmark",15268,"127.0.0.1:45208",666e86a6.3ba4,571,"SELECT",2024-06-16 14:31:02 CST,4/42,90805,LOG,00000,"execute S_1: SELECT c_discount, c_last, c_credit, w_tax     FROM bmsql_customer     JOIN bmsql_warehouse ON (w_id = c_w_id)     WHERE c_w_id = $1 AND c_d_id = $2 AND c_id = $3 FOR UPDATE","parameters: $1 = '1', $2 = '3', $3 = '36'",,,,,,,,"","client backend"
2024-06-16 14:33:01.224 CST,"raingage","benchmark",15268,"127.0.0.1:45208",666e86a6.3ba4,572,"SELECT",2024-06-16 14:31:02 CST,4/42,90805,LOG,00000,"execute S_1: SELECT c_discount, c_last, c_credit, w_tax     FROM bmsql_customer     JOIN bmsql_warehouse ON (w_id = c_w_id)     WHERE c_w_id = $1 AND c_d_id = $2 AND c_id = $3 FOR UPDATE","parameters: $1 = '1', $2 = '3', $3 = '36'",,,,,,,,"","client backend"
2024-06-16 14:33:01.290 CST,"raingage","benchmark",15268,"127.0.0.1:45208",666e86a6.3ba4,573,"SELECT",2024-06-16 14:31:02 CST,4/42,90805,LOG,00000,"execute S_1: SELECT c_discount, c_last, c_credit, w_tax     FROM bmsql_customer     JOIN bmsql_warehouse ON (w_id = c_w_id)     WHERE c_w_id = $1 AND c_d_id = $2 AND c_id = $3 FOR UPDATE","parameters: $1 = '1', $2 = '3', $3 = '36'",,,,,,,,"","client backend"
2024-06-16 14:33:01.359 CST,"raingage","benchmark",15268,"127.0.0.1:45208",666e86a6.3ba4,574,"SELECT",2024-06-16 14:31:02 CST,4/42,90805,LOG,00000,"execute S_1: SELECT c_discount, c_last, c_credit, w_tax     FROM bmsql_customer     JOIN bmsql_warehouse ON (w_id = c_w_id)     WHERE c_w_id = $1 AND c_d_id = $2 AND c_id = $3 FOR UPDATE","parameters: $1 = '1', $2 = '3', $3 = '36'",,,,,,,,"","client backend"
2024-06-16 14:33:01.373 CST,"raingage","benchmark",15268,"127.0.0.1:45208",666e86a6.3ba4,575,"SELECT",2024-06-16 14:31:02 CST,4/42,90805,LOG,00000,"execute S_5: SELECT i_price, i_name, i_data     FROM bmsql_item     WHERE i_id = $1","parameters: $1 = '12'",,,,,,,,"","client backend"
2024-06-16 14:33:01.393 CST,"raingage","benchmark",15268,"127.0.0.1:45208",666e86a6.3ba4,576,"SELECT",2024-06-16 14:31:02 CST,4/42,90805,LOG,00000,"execute S_6: SELECT s_quantity, s_data,        s_dist_01, s_dist_02, s_dist_03, s_dist_04,        s_dist_05, s_dist_06, s_dist_07, s_dist_08,        s_dist_09, s_dist_10     FROM bmsql_stock     WHERE s_w_id = $1 AND s_i_id = $2  FOR UPDATE","parameters: $1 = '1', $2 = '12'",,,,,,,,"","client backend"
2024-06-16 14:33:01.405 CST,"raingage","benchmark",15268,"127.0.0.1:45208",666e86a6.3ba4,577,"UPDATE",2024-06-16 14:31:02 CST,4/42,90805,LOG,00000,"execute S_7: UPDATE bmsql_stock     SET s_quantity = $1, s_ytd = s_ytd + $2,         s_order_cnt = s_order_cnt + 1,         s_remote_cnt = s_remote_cnt + $3     WHERE s_w_id = $4 AND s_i_id = $5","parameters: $1 = '11', $2 = '4', $3 = '0', $4 = '1', $5 = '12'",,,,,,,,"","client backend"
2024-06-16 14:33:01.424 CST,"raingage","benchmark",15268,"127.0.0.1:45208",666e86a6.3ba4,578,"COMMIT",2024-06-16 14:31:02 CST,4/42,90805,LOG,00000,"execute S_2: COMMIT",,,,,,,,,"","client backend"
2024-06-16 14:33:01.438 CST,"raingage","benchmark",15268,"127.0.0.1:45208",666e86a6.3ba4,579,"BEGIN",2024-06-16 14:31:02 CST,4/43,0,LOG,00000,"execute S_3: BEGIN",,,,,,,,,"","client backend"
2024-06-16 14:33:01.454 CST,"raingage","benchmark",15268,"127.0.0.1:45208",666e86a6.3ba4,580,"SELECT",2024-06-16 14:31:02 CST,4/43,0,LOG,00000,"execute S_4: SELECT d_tax, d_next_o_id     FROM bmsql_district     WHERE d_w_id = $1 AND d_id = $2 ","parameters: $1 = '1', $2 = '3'",,,,,,,,"","client backend"
2024-06-16 14:33:01.494 CST,"raingage","benchmark",15269,"127.0.0.1:45210",666e86a6.3ba5,598,"SELECT",2024-06-16 14:31:02 CST,5/44,90806,LOG,00000,"execute S_1: SELECT c_discount, c_last, c_credit, w_tax     FROM bmsql_customer     JOIN bmsql_warehouse ON (w_id = c_w_id)     WHERE c_w_id = $1 AND c_d_id = $2 AND c_id = $3 FOR UPDATE","parameters: $1 = '1', $2 = '4', $3 = '23'",,,,,,,,"","client backend"
2024-06-16 14:33:01.524 CST,"raingage","benchmark",15268,"127.0.0.1:45208",666e86a6.3ba4,581,"SELECT",2024-06-16 14:31:02 CST,4/43,0,LOG,00000,"execute S_1: SELECT c_discount, c_last, c_credit, w_tax     FROM bmsql_customer     JOIN bmsql_warehouse ON (w_id = c_w_id)     WHERE c_w_id = $1 AND c_d_id = $2 AND c_id = $3 FOR UPDATE","parameters: $1 = '1', $2 = '3', $3 = '60'",,,,,,,,"","client backend"
2024-06-16 14:33:01.556 CST,"raingage","benchmark",15269,"127.0.0.1:45210",666e86a6.3ba5,599,"SELECT",2024-06-16 14:31:02 CST,5/44,90806,LOG,00000,"execute S_1: SELECT c_discount, c_last, c_credit, w_tax     FROM bmsql_customer     JOIN bmsql_warehouse ON (w_id = c_w_id)     WHERE c_w_id = $1 AND c_d_id = $2 AND c_id = $3 FOR UPDATE","parameters: $1 = '1', $2 = '4', $3 = '23'",,,,,,,,"","client backend"
2024-06-16 14:33:01.621 CST,"raingage","benchmark",15269,"127.0.0.1:45210",666e86a6.3ba5,600,"SELECT",2024-06-16 14:31:02 CST,5/44,90806,LOG,00000,"execute S_1: SELECT c_discount, c_last, c_credit, w_tax     FROM bmsql_customer     JOIN bmsql_warehouse ON (w_id = c_w_id)     WHERE c_w_id = $1 AND c_d_id = $2 AND c_id = $3 FOR UPDATE","parameters: $1 = '1', $2 = '4', $3 = '23'",,,,,,,,"","client backend"
2024-06-16 14:33:01.691 CST,"raingage","benchmark",15269,"127.0.0.1:45210",666e86a6.3ba5,601,"SELECT",2024-06-16 14:31:02 CST,5/44,90806,LOG,00000,"execute S_1: SELECT c_discount, c_last, c_credit, w_tax     FROM bmsql_customer     JOIN bmsql_warehouse ON (w_id = c_w_id)     WHERE c_w_id = $1 AND c_d_id = $2 AND c_id = $3 FOR UPDATE","parameters: $1 = '1', $2 = '4', $3 = '23'",,,,,,,,"","client backend"
2024-06-16 14:33:01.756 CST,"raingage","benchmark",15269,"127.0.0.1:45210",666e86a6.3ba5,602,"SELECT",2024-06-16 14:31:02 CST,5/44,90806,LOG,00000,"execute S_1: SELECT c_discount, c_last, c_credit, w_tax     FROM bmsql_customer     JOIN bmsql_warehouse ON (w_id = c_w_id)     WHERE c_w_id = $1 AND c_d_id = $2 AND c_id = $3 FOR UPDATE","parameters: $1 = '1', $2 = '4', $3 = '23'",,,,,,,,"","client backend"
2024-06-16 14:33:01.827 CST,"raingage","benchmark",15269,"127.0.0.1:45210",666e86a6.3ba5,603,"SELECT",2024-06-16 14:31:02 CST,5/44,90806,LOG,00000,"execute S_1: SELECT c_discount, c_last, c_credit, w_tax     FROM bmsql_customer     JOIN bmsql_warehouse ON (w_id = c_w_id)     WHERE c_w_id = $1 AND c_d_id = $2 AND c_id = $3 FOR UPDATE","parameters: $1 = '1', $2 = '4', $3 = '23'",,,,,,,,"","client backend"
2024-06-16 14:33:01.896 CST,"raingage","benchmark",15269,"127.0.0.1:45210",666e86a6.3ba5,604,"SELECT",2024-06-16 14:31:02 CST,5/44,90806,LOG,00000,"execute S_1: SELECT c_discount, c_last, c_credit, w_tax     FROM bmsql_customer     JOIN bmsql_warehouse ON (w_id = c_w_id)     WHERE c_w_id = $1 AND c_d_id = $2 AND c_id = $3 FOR UPDATE","parameters: $1 = '1', $2 = '4', $3 = '23'",,,,,,,,"","client backend"
2024-06-16 14:33:01.915 CST,"raingage","benchmark",15269,"127.0.0.1:45210",666e86a6.3ba5,605,"SELECT",2024-06-16 14:31:02 CST,5/44,90806,LOG,00000,"execute S_6: SELECT i_price, i_name, i_data     FROM bmsql_item     WHERE i_id = $1","parameters: $1 = '48'",,,,,,,,"","client backend"
2024-06-16 14:33:01.935 CST,"raingage","benchmark",15269,"127.0.0.1:45210",666e86a6.3ba5,606,"SELECT",2024-06-16 14:31:02 CST,5/44,90806,LOG,00000,"execute S_7: SELECT s_quantity, s_data,        s_dist_01, s_dist_02, s_dist_03, s_dist_04,        s_dist_05, s_dist_06, s_dist_07, s_dist_08,        s_dist_09, s_dist_10     FROM bmsql_stock     WHERE s_w_id = $1 AND s_i_id = $2  FOR UPDATE","parameters: $1 = '1', $2 = '48'",,,,,,,,"","client backend"
2024-06-16 14:33:01.951 CST,"raingage","benchmark",15269,"127.0.0.1:45210",666e86a6.3ba5,607,"UPDATE",2024-06-16 14:31:02 CST,5/44,90806,LOG,00000,"execute S_8: UPDATE bmsql_stock     SET s_quantity = $1, s_ytd = s_ytd + $2,         s_order_cnt = s_order_cnt + 1,         s_remote_cnt = s_remote_cnt + $3     WHERE s_w_id = $4 AND s_i_id = $5","parameters: $1 = '56', $2 = '4', $3 = '0', $4 = '1', $5 = '48'",,,,,,,,"","client backend"
2024-06-16 14:33:01.963 CST,"raingage","benchmark",15269,"127.0.0.1:45210",666e86a6.3ba5,608,"COMMIT",2024-06-16 14:31:02 CST,5/44,90806,LOG,00000,"execute S_3: COMMIT",,,,,,,,,"","client backend"
2024-06-16 14:33:01.977 CST,"raingage","benchmark",15269,"127.0.0.1:45210",666e86a6.3ba5,609,"BEGIN",2024-06-16 14:31:02 CST,5/45,0,LOG,00000,"execute S_4: BEGIN",,,,,,,,,"","client backend"
2024-06-16 14:33:01.994 CST,"raingage","benchmark",15269,"127.0.0.1:45210",666e86a6.3ba5,610,"SELECT",2024-06-16 14:31:02 CST,5/45,0,LOG,00000,"execute S_5: SELECT d_tax, d_next_o_id     FROM bmsql_district     WHERE d_w_id = $1 AND d_id = $2 ","parameters: $1 = '1', $2 = '3'",,,,,,,,"","client backend"
2024-06-16 14:33:02.027 CST,"raingage","benchmark",15272,"127.0.0.1:45216",666e86a7.3ba8,356,"SELECT",2024-06-16 14:31:03 CST,8/27,90807,LOG,00000,"execute S_1: SELECT c_discount, c_last, c_credit, w_tax     FROM bmsql_customer     JOIN bmsql_warehouse ON (w_id = c_w_id)     WHERE c_w_id = $1 AND c_d_id = $2 AND c_id = $3 FOR UPDATE","parameters: $1 = '1', $2 = '3', $3 = '36'",,,,,,,,"","client backend"
2024-06-16 14:33:02.065 CST,"raingage","benchmark",15269,"127.0.0.1:45210",666e86a6.3ba5,611,"SELECT",2024-06-16 14:31:02 CST,5/45,0,LOG,00000,"execute S_1: SELECT c_discount, c_last, c_credit, w_tax     FROM bmsql_customer     JOIN bmsql_warehouse ON (w_id = c_w_id)     WHERE c_w_id = $1 AND c_d_id = $2 AND c_id = $3 FOR UPDATE","parameters: $1 = '1', $2 = '3', $3 = '60'",,,,,,,,"","client backend"
2024-06-16 14:33:02.094 CST,"raingage","benchmark",15272,"127.0.0.1:45216",666e86a7.3ba8,357,"SELECT",2024-06-16 14:31:03 CST,8/27,90807,LOG,00000,"execute S_1: SELECT c_discount, c_last, c_credit, w_tax     FROM bmsql_customer     JOIN bmsql_warehouse ON (w_id = c_w_id)     WHERE c_w_id = $1 AND c_d_id = $2 AND c_id = $3 FOR UPDATE","parameters: $1 = '1', $2 = '3', $3 = '36'",,,,,,,,"","client backend"
2024-06-16 14:33:02.158 CST,"raingage","benchmark",15272,"127.0.0.1:45216",666e86a7.3ba8,358,"SELECT",2024-06-16 14:31:03 CST,8/27,90807,LOG,00000,"execute S_1: SELECT c_discount, c_last, c_credit, w_tax     FROM bmsql_customer     JOIN bmsql_warehouse ON (w_id = c_w_id)     WHERE c_w_id = $1 AND c_d_id = $2 AND c_id = $3 FOR UPDATE","parameters: $1 = '1', $2 = '3', $3 = '36'",,,,,,,,"","client backend"
2024-06-16 14:33:02.226 CST,"raingage","benchmark",15272,"127.0.0.1:45216",666e86a7.3ba8,359,"SELECT",2024-06-16 14:31:03 CST,8/27,90807,LOG,00000,"execute S_1: SELECT c_discount, c_last, c_credit, w_tax     FROM bmsql_customer     JOIN bmsql_warehouse ON (w_id = c_w_id)     WHERE c_w_id = $1 AND c_d_id = $2 AND c_id = $3 FOR UPDATE","parameters: $1 = '1', $2 = '3', $3 = '36'",,,,,,,,"","client backend"
2024-06-16 14:33:02.292 CST,"raingage","benchmark",15272,"127.0.0.1:45216",666e86a7.3ba8,360,"SELECT",2024-06-16 14:31:03 CST,8/27,90807,LOG,00000,"execute S_1: SELECT c_discount, c_last, c_credit, w_tax     FROM bmsql_customer     JOIN bmsql_warehouse ON (w_id = c_w_id)     WHERE c_w_id = $1 AND c_d_id = $2 AND c_id = $3 FOR UPDATE","parameters: $1 = '1', $2 = '3', $3 = '36'",,,,,,,,"","client backend"
2024-06-16 14:33:02.356 CST,"raingage","benchmark",15272,"127.0.0.1:45216",666e86a7.3ba8,361,"SELECT",2024-06-16 14:31:03 CST,8/27,90807,LOG,00000,"execute S_1: SELECT c_discount, c_last, c_credit, w_tax     FROM bmsql_customer     JOIN bmsql_warehouse ON (w_id = c_w_id)     WHERE c_w_id = $1 AND c_d_id = $2 AND c_id = $3 FOR UPDATE","parameters: $1 = '1', $2 = '3', $3 = '36'",,,,,,,,"","client backend"
2024-06-16 14:33:02.423 CST,"raingage","benchmark",15272,"127.0.0.1:45216",666e86a7.3ba8,362,"SELECT",2024-06-16 14:31:03 CST,8/27,90807,LOG,00000,"execute S_1: SELECT c_discount, c_last, c_credit, w_tax     FROM bmsql_customer     JOIN bmsql_warehouse ON (w_id = c_w_id)     WHERE c_w_id = $1 AND c_d_id = $2 AND c_id = $3 FOR UPDATE","parameters: $1 = '1', $2 = '3', $3 = '36'",,,,,,,,"","client backend"
2024-06-16 14:33:02.426 CST,"raingage","benchmark",15272,"127.0.0.1:45216",666e86a7.3ba8,363,"SELECT",2024-06-16 14:31:03 CST,8/27,90807,LOG,00000,"execute S_5: SELECT i_price, i_name, i_data     FROM bmsql_item     WHERE i_id = $1","parameters: $1 = '12'",,,,,,,,"","client backend"
2024-06-16 14:33:02.438 CST,"raingage","benchmark",15272,"127.0.0.1:45216",666e86a7.3ba8,364,"SELECT",2024-06-16 14:31:03 CST,8/27,90807,LOG,00000,"execute S_6: SELECT s_quantity, s_data,        s_dist_01, s_dist_02, s_dist_03, s_dist_04,        s_dist_05, s_dist_06, s_dist_07, s_dist_08,        s_dist_09, s_dist_10     FROM bmsql_stock     WHERE s_w_id = $1 AND s_i_id = $2  FOR UPDATE","parameters: $1 = '1', $2 = '12'",,,,,,,,"","client backend"
2024-06-16 14:33:02.453 CST,"raingage","benchmark",15272,"127.0.0.1:45216",666e86a7.3ba8,365,"UPDATE",2024-06-16 14:31:03 CST,8/27,90807,LOG,00000,"execute S_7: UPDATE bmsql_stock     SET s_quantity = $1, s_ytd = s_ytd + $2,         s_order_cnt = s_order_cnt + 1,         s_remote_cnt = s_remote_cnt + $3     WHERE s_w_id = $4 AND s_i_id = $5","parameters: $1 = '102', $2 = '5', $3 = '0', $4 = '1', $5 = '12'",,,,,,,,"","client backend"
2024-06-16 14:33:02.466 CST,"raingage","benchmark",15272,"127.0.0.1:45216",666e86a7.3ba8,366,"COMMIT",2024-06-16 14:31:03 CST,8/27,90807,LOG,00000,"execute S_2: COMMIT",,,,,,,,,"","client backend"
2024-06-16 14:33:02.486 CST,"raingage","benchmark",15272,"127.0.0.1:45216",666e86a7.3ba8,367,"BEGIN",2024-06-16 14:31:03 CST,8/28,0,LOG,00000,"execute S_3: BEGIN",,,,,,,,,"","client backend"
2024-06-16 14:33:02.501 CST,"raingage","benchmark",15272,"127.0.0.1:45216",666e86a7.3ba8,368,"SELECT",2024-06-16 14:31:03 CST,8/28,0,LOG,00000,"execute S_4: SELECT d_tax, d_next_o_id     FROM bmsql_district     WHERE d_w_id = $1 AND d_id = $2 ","parameters: $1 = '1', $2 = '3'",,,,,,,,"","client backend"
2024-06-16 14:33:02.536 CST,"raingage","benchmark",15268,"127.0.0.1:45208",666e86a6.3ba4,582,"SELECT",2024-06-16 14:31:02 CST,4/43,90808,LOG,00000,"execute S_1: SELECT c_discount, c_last, c_credit, w_tax     FROM bmsql_customer     JOIN bmsql_warehouse ON (w_id = c_w_id)     WHERE c_w_id = $1 AND c_d_id = $2 AND c_id = $3 FOR UPDATE","parameters: $1 = '1', $2 = '3', $3 = '60'",,,,,,,,"","client backend"
2024-06-16 14:33:02.566 CST,"raingage","benchmark",15272,"127.0.0.1:45216",666e86a7.3ba8,369,"SELECT",2024-06-16 14:31:03 CST,8/28,0,LOG,00000,"execute S_1: SELECT c_discount, c_last, c_credit, w_tax     FROM bmsql_customer     JOIN bmsql_warehouse ON (w_id = c_w_id)     WHERE c_w_id = $1 AND c_d_id = $2 AND c_id = $3 FOR UPDATE","parameters: $1 = '1', $2 = '3', $3 = '71'",,,,,,,,"","client backend"
2024-06-16 14:33:02.605 CST,"raingage","benchmark",15268,"127.0.0.1:45208",666e86a6.3ba4,583,"SELECT",2024-06-16 14:31:02 CST,4/43,90808,LOG,00000,"execute S_1: SELECT c_discount, c_last, c_credit, w_tax     FROM bmsql_customer     JOIN bmsql_warehouse ON (w_id = c_w_id)     WHERE c_w_id = $1 AND c_d_id = $2 AND c_id = $3 FOR UPDATE","parameters: $1 = '1', $2 = '3', $3 = '60'",,,,,,,,"","client backend"
2024-06-16 14:33:02.668 CST,"raingage","benchmark",15268,"127.0.0.1:45208",666e86a6.3ba4,584,"SELECT",2024-06-16 14:31:02 CST,4/43,90808,LOG,00000,"execute S_1: SELECT c_discount, c_last, c_credit, w_tax     FROM bmsql_customer     JOIN bmsql_warehouse ON (w_id = c_w_id)     WHERE c_w_id = $1 AND c_d_id = $2 AND c_id = $3 FOR UPDATE","parameters: $1 = '1', $2 = '3', $3 = '60'",,,,,,,,"","client backend"
2024-06-16 14:33:02.732 CST,"raingage","benchmark",15268,"127.0.0.1:45208",666e86a6.3ba4,585,"SELECT",2024-06-16 14:31:02 CST,4/43,90808,LOG,00000,"execute S_1: SELECT c_discount, c_last, c_credit, w_tax     FROM bmsql_customer     JOIN bmsql_warehouse ON (w_id = c_w_id)     WHERE c_w_id = $1 AND c_d_id = $2 AND c_id = $3 FOR UPDATE","parameters: $1 = '1', $2 = '3', $3 = '60'",,,,,,,,"","client backend"
2024-06-16 14:33:02.800 CST,"raingage","benchmark",15268,"127.0.0.1:45208",666e86a6.3ba4,586,"SELECT",2024-06-16 14:31:02 CST,4/43,90808,LOG,00000,"execute S_1: SELECT c_discount, c_last, c_credit, w_tax     FROM bmsql_customer     JOIN bmsql_warehouse ON (w_id = c_w_id)     WHERE c_w_id = $1 AND c_d_id = $2 AND c_id = $3 FOR UPDATE","parameters: $1 = '1', $2 = '3', $3 = '60'",,,,,,,,"","client backend"
2024-06-16 14:33:02.869 CST,"raingage","benchmark",15268,"127.0.0.1:45208",666e86a6.3ba4,587,"SELECT",2024-06-16 14:31:02 CST,4/43,90808,LOG,00000,"execute S_1: SELECT c_discount, c_last, c_credit, w_tax     FROM bmsql_customer     JOIN bmsql_warehouse ON (w_id = c_w_id)     WHERE c_w_id = $1 AND c_d_id = $2 AND c_id = $3 FOR UPDATE","parameters: $1 = '1', $2 = '3', $3 = '60'",,,,,,,,"","client backend"
2024-06-16 14:33:02.940 CST,"raingage","benchmark",15268,"127.0.0.1:45208",666e86a6.3ba4,588,"SELECT",2024-06-16 14:31:02 CST,4/43,90808,LOG,00000,"execute S_1: SELECT c_discount, c_last, c_credit, w_tax     FROM bmsql_customer     JOIN bmsql_warehouse ON (w_id = c_w_id)     WHERE c_w_id = $1 AND c_d_id = $2 AND c_id = $3 FOR UPDATE","parameters: $1 = '1', $2 = '3', $3 = '60'",,,,,,,,"","client backend"
2024-06-16 14:33:02.957 CST,"raingage","benchmark",15268,"127.0.0.1:45208",666e86a6.3ba4,589,"SELECT",2024-06-16 14:31:02 CST,4/43,90808,LOG,00000,"execute S_5: SELECT i_price, i_name, i_data     FROM bmsql_item     WHERE i_id = $1","parameters: $1 = '95'",,,,,,,,"","client backend"
2024-06-16 14:33:02.966 CST,"raingage","benchmark",15268,"127.0.0.1:45208",666e86a6.3ba4,590,"SELECT",2024-06-16 14:31:02 CST,4/43,90808,LOG,00000,"execute S_6: SELECT s_quantity, s_data,        s_dist_01, s_dist_02, s_dist_03, s_dist_04,        s_dist_05, s_dist_06, s_dist_07, s_dist_08,        s_dist_09, s_dist_10     FROM bmsql_stock     WHERE s_w_id = $1 AND s_i_id = $2  FOR UPDATE","parameters: $1 = '1', $2 = '95'",,,,,,,,"","client backend"
2024-06-16 14:33:02.980 CST,"raingage","benchmark",15268,"127.0.0.1:45208",666e86a6.3ba4,591,"UPDATE",2024-06-16 14:31:02 CST,4/43,90808,LOG,00000,"execute S_7: UPDATE bmsql_stock     SET s_quantity = $1, s_ytd = s_ytd + $2,         s_order_cnt = s_order_cnt + 1,         s_remote_cnt = s_remote_cnt + $3     WHERE s_w_id = $4 AND s_i_id = $5","parameters: $1 = '79', $2 = '2', $3 = '0', $4 = '1', $5 = '95'",,,,,,,,"","client backend"
2024-06-16 14:33:02.993 CST,"raingage","benchmark",15268,"127.0.0.1:45208",666e86a6.3ba4,592,"COMMIT",2024-06-16 14:31:02 CST,4/43,90808,LOG,00000,"execute S_2: COMMIT",,,,,,,,,"","client backend"
2024-06-16 14:33:03.008 CST,"raingage","benchmark",15268,"127.0.0.1:45208",666e86a6.3ba4,593,"BEGIN",2024-06-16 14:31:02 CST,4/44,0,LOG,00000,"execute S_3: BEGIN",,,,,,,,,"","client backend"
2024-06-16 14:33:03.024 CST,"raingage","benchmark",15268,"127.0.0.1:45208",666e86a6.3ba4,594,"SELECT",2024-06-16 14:31:02 CST,4/44,0,LOG,00000,"execute S_4: SELECT d_tax, d_next_o_id     FROM bmsql_district     WHERE d_w_id = $1 AND d_id = $2 ","parameters: $1 = '1', $2 = '3'",,,,,,,,"","client backend"
2024-06-16 14:33:03.062 CST,"raingage","benchmark",15272,"127.0.0.1:45216",666e86a7.3ba8,370,"SELECT",2024-06-16 14:31:03 CST,8/28,90809,LOG,00000,"execute S_1: SELECT c_discount, c_last, c_credit, w_tax     FROM bmsql_customer     JOIN bmsql_warehouse ON (w_id = c_w_id)     WHERE c_w_id = $1 AND c_d_id = $2 AND c_id = $3 FOR UPDATE","parameters: $1 = '1', $2 = '3', $3 = '71'",,,,,,,,"","client backend"
2024-06-16 14:33:03.093 CST,"raingage","benchmark",15268,"127.0.0.1:45208",666e86a6.3ba4,595,"SELECT",2024-06-16 14:31:02 CST,4/44,0,LOG,00000,"execute S_1: SELECT c_discount, c_last, c_credit, w_tax     FROM bmsql_customer     JOIN bmsql_warehouse ON (w_id = c_w_id)     WHERE c_w_id = $1 AND c_d_id = $2 AND c_id = $3 FOR UPDATE","parameters: $1 = '1', $2 = '3', $3 = '8'",,,,,,,,"","client backend"
2024-06-16 14:33:03.130 CST,"raingage","benchmark",15272,"127.0.0.1:45216",666e86a7.3ba8,371,"SELECT",2024-06-16 14:31:03 CST,8/28,90809,LOG,00000,"execute S_1: SELECT c_discount, c_last, c_credit, w_tax     FROM bmsql_customer     JOIN bmsql_warehouse ON (w_id = c_w_id)     WHERE c_w_id = $1 AND c_d_id = $2 AND c_id = $3 FOR UPDATE","parameters: $1 = '1', $2 = '3', $3 = '71'",,,,,,,,"","client backend"
2024-06-16 14:33:03.194 CST,"raingage","benchmark",15272,"127.0.0.1:45216",666e86a7.3ba8,372,"SELECT",2024-06-16 14:31:03 CST,8/28,90809,LOG,00000,"execute S_1: SELECT c_discount, c_last, c_credit, w_tax     FROM bmsql_customer     JOIN bmsql_warehouse ON (w_id = c_w_id)     WHERE c_w_id = $1 AND c_d_id = $2 AND c_id = $3 FOR UPDATE","parameters: $1 = '1', $2 = '3', $3 = '71'",,,,,,,,"","client backend"
2024-06-16 14:33:03.258 CST,"raingage","benchmark",15272,"127.0.0.1:45216",666e86a7.3ba8,373,"SELECT",2024-06-16 14:31:03 CST,8/28,90809,LOG,00000,"execute S_1: SELECT c_discount, c_last, c_credit, w_tax     FROM bmsql_customer     JOIN bmsql_warehouse ON (w_id = c_w_id)     WHERE c_w_id = $1 AND c_d_id = $2 AND c_id = $3 FOR UPDATE","parameters: $1 = '1', $2 = '3', $3 = '71'",,,,,,,,"","client backend"
2024-06-16 14:33:03.323 CST,"raingage","benchmark",15272,"127.0.0.1:45216",666e86a7.3ba8,374,"SELECT",2024-06-16 14:31:03 CST,8/28,90809,LOG,00000,"execute S_1: SELECT c_discount, c_last, c_credit, w_tax     FROM bmsql_customer     JOIN bmsql_warehouse ON (w_id = c_w_id)     WHERE c_w_id = $1 AND c_d_id = $2 AND c_id = $3 FOR UPDATE","parameters: $1 = '1', $2 = '3', $3 = '71'",,,,,,,,"","client backend"
2024-06-16 14:33:03.393 CST,"raingage","benchmark",15272,"127.0.0.1:45216",666e86a7.3ba8,375,"SELECT",2024-06-16 14:31:03 CST,8/28,90809,LOG,00000,"execute S_1: SELECT c_discount, c_last, c_credit, w_tax     FROM bmsql_customer     JOIN bmsql_warehouse ON (w_id = c_w_id)     WHERE c_w_id = $1 AND c_d_id = $2 AND c_id = $3 FOR UPDATE","parameters: $1 = '1', $2 = '3', $3 = '71'",,,,,,,,"","client backend"
2024-06-16 14:33:03.456 CST,"raingage","benchmark",15272,"127.0.0.1:45216",666e86a7.3ba8,376,"SELECT",2024-06-16 14:31:03 CST,8/28,90809,LOG,00000,"execute S_1: SELECT c_discount, c_last, c_credit, w_tax     FROM bmsql_customer     JOIN bmsql_warehouse ON (w_id = c_w_id)     WHERE c_w_id = $1 AND c_d_id = $2 AND c_id = $3 FOR UPDATE","parameters: $1 = '1', $2 = '3', $3 = '71'",,,,,,,,"","client backend"
2024-06-16 14:33:03.467 CST,"raingage","benchmark",15272,"127.0.0.1:45216",666e86a7.3ba8,377,"SELECT",2024-06-16 14:31:03 CST,8/28,90809,LOG,00000,"execute S_5: SELECT i_price, i_name, i_data     FROM bmsql_item     WHERE i_id = $1","parameters: $1 = '78'",,,,,,,,"","client backend"
2024-06-16 14:33:03.481 CST,"raingage","benchmark",15272,"127.0.0.1:45216",666e86a7.3ba8,378,"SELECT",2024-06-16 14:31:03 CST,8/28,90809,LOG,00000,"execute S_6: SELECT s_quantity, s_data,        s_dist_01, s_dist_02, s_dist_03, s_dist_04,        s_dist_05, s_dist_06, s_dist_07, s_dist_08,        s_dist_09, s_dist_10     FROM bmsql_stock     WHERE s_w_id = $1 AND s_i_id = $2  FOR UPDATE","parameters: $1 = '1', $2 = '78'",,,,,,,,"","client backend"
2024-06-16 14:33:03.502 CST,"raingage","benchmark",15272,"127.0.0.1:45216",666e86a7.3ba8,379,"UPDATE",2024-06-16 14:31:03 CST,8/28,90809,LOG,00000,"execute S_7: UPDATE bmsql_stock     SET s_quantity = $1, s_ytd = s_ytd + $2,         s_order_cnt = s_order_cnt + 1,         s_remote_cnt = s_remote_cnt + $3     WHERE s_w_id = $4 AND s_i_id = $5","parameters: $1 = '40', $2 = '6', $3 = '0', $4 = '1', $5 = '78'",,,,,,,,"","client backend"
2024-06-16 14:33:03.519 CST,"raingage","benchmark",15272,"127.0.0.1:45216",666e86a7.3ba8,380,"COMMIT",2024-06-16 14:31:03 CST,8/28,90809,LOG,00000,"execute S_2: COMMIT",,,,,,,,,"","client backend"
2024-06-16 14:33:03.543 CST,"raingage","benchmark",15272,"127.0.0.1:45216",666e86a7.3ba8,381,"BEGIN",2024-06-16 14:31:03 CST,8/29,0,LOG,00000,"execute S_3: BEGIN",,,,,,,,,"","client backend"
2024-06-16 14:33:03.559 CST,"raingage","benchmark",15272,"127.0.0.1:45216",666e86a7.3ba8,382,"SELECT",2024-06-16 14:31:03 CST,8/29,0,LOG,00000,"execute S_4: SELECT d_tax, d_next_o_id     FROM bmsql_district     WHERE d_w_id = $1 AND d_id = $2 ","parameters: $1 = '1', $2 = '1'",,,,,,,,"","client backend"
2024-06-16 14:33:03.592 CST,"raingage","benchmark",15269,"127.0.0.1:45210",666e86a6.3ba5,612,"SELECT",2024-06-16 14:31:02 CST,5/45,90810,LOG,00000,"execute S_1: SELECT c_discount, c_last, c_credit, w_tax     FROM bmsql_customer     JOIN bmsql_warehouse ON (w_id = c_w_id)     WHERE c_w_id = $1 AND c_d_id = $2 AND c_id = $3 FOR UPDATE","parameters: $1 = '1', $2 = '3', $3 = '60'",,,,,,,,"","client backend"
2024-06-16 14:33:03.631 CST,"raingage","benchmark",15272,"127.0.0.1:45216",666e86a7.3ba8,383,"SELECT",2024-06-16 14:31:03 CST,8/29,0,LOG,00000,"execute S_1: SELECT c_discount, c_last, c_credit, w_tax     FROM bmsql_customer     JOIN bmsql_warehouse ON (w_id = c_w_id)     WHERE c_w_id = $1 AND c_d_id = $2 AND c_id = $3 FOR UPDATE","parameters: $1 = '1', $2 = '1', $3 = '21'",,,,,,,,"","client backend"
2024-06-16 14:33:03.657 CST,"raingage","benchmark",15269,"127.0.0.1:45210",666e86a6.3ba5,613,"SELECT",2024-06-16 14:31:02 CST,5/45,90810,LOG,00000,"execute S_1: SELECT c_discount, c_last, c_credit, w_tax     FROM bmsql_customer     JOIN bmsql_warehouse ON (w_id = c_w_id)     WHERE c_w_id = $1 AND c_d_id = $2 AND c_id = $3 FOR UPDATE","parameters: $1 = '1', $2 = '3', $3 = '60'",,,,,,,,"","client backend"
2024-06-16 14:33:03.722 CST,"raingage","benchmark",15269,"127.0.0.1:45210",666e86a6.3ba5,614,"SELECT",2024-06-16 14:31:02 CST,5/45,90810,LOG,00000,"execute S_1: SELECT c_discount, c_last, c_credit, w_tax     FROM bmsql_customer     JOIN bmsql_warehouse ON (w_id = c_w_id)     WHERE c_w_id = $1 AND c_d_id = $2 AND c_id = $3 FOR UPDATE","parameters: $1 = '1', $2 = '3', $3 = '60'",,,,,,,,"","client backend"
2024-06-16 14:33:03.793 CST,"raingage","benchmark",15269,"127.0.0.1:45210",666e86a6.3ba5,615,"SELECT",2024-06-16 14:31:02 CST,5/45,90810,LOG,00000,"execute S_1: SELECT c_discount, c_last, c_credit, w_tax     FROM bmsql_customer     JOIN bmsql_warehouse ON (w_id = c_w_id)     WHERE c_w_id = $1 AND c_d_id = $2 AND c_id = $3 FOR UPDATE","parameters: $1 = '1', $2 = '3', $3 = '60'",,,,,,,,"","client backend"
2024-06-16 14:33:03.862 CST,"raingage","benchmark",15269,"127.0.0.1:45210",666e86a6.3ba5,616,"SELECT",2024-06-16 14:31:02 CST,5/45,90810,LOG,00000,"execute S_1: SELECT c_discount, c_last, c_credit, w_tax     FROM bmsql_customer     JOIN bmsql_warehouse ON (w_id = c_w_id)     WHERE c_w_id = $1 AND c_d_id = $2 AND c_id = $3 FOR UPDATE","parameters: $1 = '1', $2 = '3', $3 = '60'",,,,,,,,"","client backend"
2024-06-16 14:33:03.925 CST,"raingage","benchmark",15269,"127.0.0.1:45210",666e86a6.3ba5,617,"SELECT",2024-06-16 14:31:02 CST,5/45,90810,LOG,00000,"execute S_1: SELECT c_discount, c_last, c_credit, w_tax     FROM bmsql_customer     JOIN bmsql_warehouse ON (w_id = c_w_id)     WHERE c_w_id = $1 AND c_d_id = $2 AND c_id = $3 FOR UPDATE","parameters: $1 = '1', $2 = '3', $3 = '60'",,,,,,,,"","client backend"
2024-06-16 14:33:03.995 CST,"raingage","benchmark",15269,"127.0.0.1:45210",666e86a6.3ba5,618,"SELECT",2024-06-16 14:31:02 CST,5/45,90810,LOG,00000,"execute S_1: SELECT c_discount, c_last, c_credit, w_tax     FROM bmsql_customer     JOIN bmsql_warehouse ON (w_id = c_w_id)     WHERE c_w_id = $1 AND c_d_id = $2 AND c_id = $3 FOR UPDATE","parameters: $1 = '1', $2 = '3', $3 = '60'",,,,,,,,"","client backend"
2024-06-16 14:33:04.009 CST,"raingage","benchmark",15269,"127.0.0.1:45210",666e86a6.3ba5,619,"SELECT",2024-06-16 14:31:02 CST,5/45,90810,LOG,00000,"execute S_6: SELECT i_price, i_name, i_data     FROM bmsql_item     WHERE i_id = $1","parameters: $1 = '95'",,,,,,,,"","client backend"
2024-06-16 14:33:04.021 CST,"raingage","benchmark",15269,"127.0.0.1:45210",666e86a6.3ba5,620,"SELECT",2024-06-16 14:31:02 CST,5/45,90810,LOG,00000,"execute S_7: SELECT s_quantity, s_data,        s_dist_01, s_dist_02, s_dist_03, s_dist_04,        s_dist_05, s_dist_06, s_dist_07, s_dist_08,        s_dist_09, s_dist_10     FROM bmsql_stock     WHERE s_w_id = $1 AND s_i_id = $2  FOR UPDATE","parameters: $1 = '1', $2 = '95'",,,,,,,,"","client backend"
2024-06-16 14:33:04.039 CST,"raingage","benchmark",15269,"127.0.0.1:45210",666e86a6.3ba5,621,"UPDATE",2024-06-16 14:31:02 CST,5/45,90810,LOG,00000,"execute S_8: UPDATE bmsql_stock     SET s_quantity = $1, s_ytd = s_ytd + $2,         s_order_cnt = s_order_cnt + 1,         s_remote_cnt = s_remote_cnt + $3     WHERE s_w_id = $4 AND s_i_id = $5","parameters: $1 = '77', $2 = '2', $3 = '0', $4 = '1', $5 = '95'",,,,,,,,"","client backend"
2024-06-16 14:33:04.051 CST,"raingage","benchmark",15269,"127.0.0.1:45210",666e86a6.3ba5,622,"COMMIT",2024-06-16 14:31:02 CST,5/45,90810,LOG,00000,"execute S_3: COMMIT",,,,,,,,,"","client backend"
2024-06-16 14:33:04.067 CST,"raingage","benchmark",15269,"127.0.0.1:45210",666e86a6.3ba5,623,"BEGIN",2024-06-16 14:31:02 CST,5/46,0,LOG,00000,"execute S_4: BEGIN",,,,,,,,,"","client backend"
2024-06-16 14:33:04.080 CST,"raingage","benchmark",15269,"127.0.0.1:45210",666e86a6.3ba5,624,"SELECT",2024-06-16 14:31:02 CST,5/46,0,LOG,00000,"execute S_5: SELECT d_tax, d_next_o_id     FROM bmsql_district     WHERE d_w_id = $1 AND d_id = $2 ","parameters: $1 = '1', $2 = '2'",,,,,,,,"","client backend"
2024-06-16 14:33:04.116 CST,"raingage","benchmark",15268,"127.0.0.1:45208",666e86a6.3ba4,596,"SELECT",2024-06-16 14:31:02 CST,4/44,90811,LOG,00000,"execute S_1: SELECT c_discount, c_last, c_credit, w_tax     FROM bmsql_customer     JOIN bmsql_warehouse ON (w_id = c_w_id)     WHERE c_w_id = $1 AND c_d_id = $2 AND c_id = $3 FOR UPDATE","parameters: $1 = '1', $2 = '3', $3 = '8'",,,,,,,,"","client backend"
2024-06-16 14:33:04.150 CST,"raingage","benchmark",15269,"127.0.0.1:45210",666e86a6.3ba5,625,"SELECT",2024-06-16 14:31:02 CST,5/46,0,LOG,00000,"execute S_1: SELECT c_discount, c_last, c_credit, w_tax     FROM bmsql_customer     JOIN bmsql_warehouse ON (w_id = c_w_id)     WHERE c_w_id = $1 AND c_d_id = $2 AND c_id = $3 FOR UPDATE","parameters: $1 = '1', $2 = '2', $3 = '85'",,,,,,,,"","client backend"
2024-06-16 14:33:04.185 CST,"raingage","benchmark",15268,"127.0.0.1:45208",666e86a6.3ba4,597,"SELECT",2024-06-16 14:31:02 CST,4/44,90811,LOG,00000,"execute S_1: SELECT c_discount, c_last, c_credit, w_tax     FROM bmsql_customer     JOIN bmsql_warehouse ON (w_id = c_w_id)     WHERE c_w_id = $1 AND c_d_id = $2 AND c_id = $3 FOR UPDATE","parameters: $1 = '1', $2 = '3', $3 = '8'",,,,,,,,"","client backend"
2024-06-16 14:33:04.254 CST,"raingage","benchmark",15268,"127.0.0.1:45208",666e86a6.3ba4,598,"SELECT",2024-06-16 14:31:02 CST,4/44,90811,LOG,00000,"execute S_1: SELECT c_discount, c_last, c_credit, w_tax     FROM bmsql_customer     JOIN bmsql_warehouse ON (w_id = c_w_id)     WHERE c_w_id = $1 AND c_d_id = $2 AND c_id = $3 FOR UPDATE","parameters: $1 = '1', $2 = '3', $3 = '8'",,,,,,,,"","client backend"
2024-06-16 14:33:04.323 CST,"raingage","benchmark",15268,"127.0.0.1:45208",666e86a6.3ba4,599,"SELECT",2024-06-16 14:31:02 CST,4/44,90811,LOG,00000,"execute S_1: SELECT c_discount, c_last, c_credit, w_tax     FROM bmsql_customer     JOIN bmsql_warehouse ON (w_id = c_w_id)     WHERE c_w_id = $1 AND c_d_id = $2 AND c_id = $3 FOR UPDATE","parameters: $1 = '1', $2 = '3', $3 = '8'",,,,,,,,"","client backend"
2024-06-16 14:33:04.391 CST,"raingage","benchmark",15268,"127.0.0.1:45208",666e86a6.3ba4,600,"SELECT",2024-06-16 14:31:02 CST,4/44,90811,LOG,00000,"execute S_1: SELECT c_discount, c_last, c_credit, w_tax     FROM bmsql_customer     JOIN bmsql_warehouse ON (w_id = c_w_id)     WHERE c_w_id = $1 AND c_d_id = $2 AND c_id = $3 FOR UPDATE","parameters: $1 = '1', $2 = '3', $3 = '8'",,,,,,,,"","client backend"
2024-06-16 14:33:04.454 CST,"raingage","benchmark",15268,"127.0.0.1:45208",666e86a6.3ba4,601,"SELECT",2024-06-16 14:31:02 CST,4/44,90811,LOG,00000,"execute S_1: SELECT c_discount, c_last, c_credit, w_tax     FROM bmsql_customer     JOIN bmsql_warehouse ON (w_id = c_w_id)     WHERE c_w_id = $1 AND c_d_id = $2 AND c_id = $3 FOR UPDATE","parameters: $1 = '1', $2 = '3', $3 = '8'",,,,,,,,"","client backend"
2024-06-16 14:33:04.518 CST,"raingage","benchmark",15268,"127.0.0.1:45208",666e86a6.3ba4,602,"SELECT",2024-06-16 14:31:02 CST,4/44,90811,LOG,00000,"execute S_1: SELECT c_discount, c_last, c_credit, w_tax     FROM bmsql_customer     JOIN bmsql_warehouse ON (w_id = c_w_id)     WHERE c_w_id = $1 AND c_d_id = $2 AND c_id = $3 FOR UPDATE","parameters: $1 = '1', $2 = '3', $3 = '8'",,,,,,,,"","client backend"
2024-06-16 14:33:04.522 CST,"raingage","benchmark",15268,"127.0.0.1:45208",666e86a6.3ba4,603,"SELECT",2024-06-16 14:31:02 CST,4/44,90811,LOG,00000,"execute S_5: SELECT i_price, i_name, i_data     FROM bmsql_item     WHERE i_id = $1","parameters: $1 = '109'",,,,,,,,"","client backend"
2024-06-16 14:33:04.538 CST,"raingage","benchmark",15268,"127.0.0.1:45208",666e86a6.3ba4,604,"SELECT",2024-06-16 14:31:02 CST,4/44,90811,LOG,00000,"execute S_6: SELECT s_quantity, s_data,        s_dist_01, s_dist_02, s_dist_03, s_dist_04,        s_dist_05, s_dist_06, s_dist_07, s_dist_08,        s_dist_09, s_dist_10     FROM bmsql_stock     WHERE s_w_id = $1 AND s_i_id = $2  FOR UPDATE","parameters: $1 = '1', $2 = '109'",,,,,,,,"","client backend"
2024-06-16 14:33:04.558 CST,"raingage","benchmark",15268,"127.0.0.1:45208",666e86a6.3ba4,605,"UPDATE",2024-06-16 14:31:02 CST,4/44,90811,LOG,00000,"execute S_7: UPDATE bmsql_stock     SET s_quantity = $1, s_ytd = s_ytd + $2,         s_order_cnt = s_order_cnt + 1,         s_remote_cnt = s_remote_cnt + $3     WHERE s_w_id = $4 AND s_i_id = $5","parameters: $1 = '73', $2 = '6', $3 = '0', $4 = '1', $5 = '109'",,,,,,,,"","client backend"
2024-06-16 14:33:04.571 CST,"raingage","benchmark",15268,"127.0.0.1:45208",666e86a6.3ba4,606,"COMMIT",2024-06-16 14:31:02 CST,4/44,90811,LOG,00000,"execute S_2: COMMIT",,,,,,,,,"","client backend"
2024-06-16 14:33:04.585 CST,"raingage","benchmark",15268,"127.0.0.1:45208",666e86a6.3ba4,607,"BEGIN",2024-06-16 14:31:02 CST,4/45,0,LOG,00000,"execute S_3: BEGIN",,,,,,,,,"","client backend"
2024-06-16 14:33:04.598 CST,"raingage","benchmark",15268,"127.0.0.1:45208",666e86a6.3ba4,608,"SELECT",2024-06-16 14:31:02 CST,4/45,0,LOG,00000,"execute S_4: SELECT d_tax, d_next_o_id     FROM bmsql_district     WHERE d_w_id = $1 AND d_id = $2 ","parameters: $1 = '1', $2 = '2'",,,,,,,,"","client backend"
2024-06-16 14:33:04.640 CST,"raingage","benchmark",15272,"127.0.0.1:45216",666e86a7.3ba8,384,"SELECT",2024-06-16 14:31:03 CST,8/29,90812,LOG,00000,"execute S_1: SELECT c_discount, c_last, c_credit, w_tax     FROM bmsql_customer     JOIN bmsql_warehouse ON (w_id = c_w_id)     WHERE c_w_id = $1 AND c_d_id = $2 AND c_id = $3 FOR UPDATE","parameters: $1 = '1', $2 = '1', $3 = '21'",,,,,,,,"","client backend"
2024-06-16 14:33:04.669 CST,"raingage","benchmark",15268,"127.0.0.1:45208",666e86a6.3ba4,609,"SELECT",2024-06-16 14:31:02 CST,4/45,0,LOG,00000,"execute S_1: SELECT c_discount, c_last, c_credit, w_tax     FROM bmsql_customer     JOIN bmsql_warehouse ON (w_id = c_w_id)     WHERE c_w_id = $1 AND c_d_id = $2 AND c_id = $3 FOR UPDATE","parameters: $1 = '1', $2 = '2', $3 = '85'",,,,,,,,"","client backend"
2024-06-16 14:33:04.709 CST,"raingage","benchmark",15272,"127.0.0.1:45216",666e86a7.3ba8,385,"SELECT",2024-06-16 14:31:03 CST,8/29,90812,LOG,00000,"execute S_1: SELECT c_discount, c_last, c_credit, w_tax     FROM bmsql_customer     JOIN bmsql_warehouse ON (w_id = c_w_id)     WHERE c_w_id = $1 AND c_d_id = $2 AND c_id = $3 FOR UPDATE","parameters: $1 = '1', $2 = '1', $3 = '21'",,,,,,,,"","client backend"
2024-06-16 14:33:04.772 CST,"raingage","benchmark",15272,"127.0.0.1:45216",666e86a7.3ba8,386,"SELECT",2024-06-16 14:31:03 CST,8/29,90812,LOG,00000,"execute S_1: SELECT c_discount, c_last, c_credit, w_tax     FROM bmsql_customer     JOIN bmsql_warehouse ON (w_id = c_w_id)     WHERE c_w_id = $1 AND c_d_id = $2 AND c_id = $3 FOR UPDATE","parameters: $1 = '1', $2 = '1', $3 = '21'",,,,,,,,"","client backend"
2024-06-16 14:33:04.838 CST,"raingage","benchmark",15272,"127.0.0.1:45216",666e86a7.3ba8,387,"SELECT",2024-06-16 14:31:03 CST,8/29,90812,LOG,00000,"execute S_1: SELECT c_discount, c_last, c_credit, w_tax     FROM bmsql_customer     JOIN bmsql_warehouse ON (w_id = c_w_id)     WHERE c_w_id = $1 AND c_d_id = $2 AND c_id = $3 FOR UPDATE","parameters: $1 = '1', $2 = '1', $3 = '21'",,,,,,,,"","client backend"
2024-06-16 14:33:04.903 CST,"raingage","benchmark",15272,"127.0.0.1:45216",666e86a7.3ba8,388,"SELECT",2024-06-16 14:31:03 CST,8/29,90812,LOG,00000,"execute S_1: SELECT c_discount, c_last, c_credit, w_tax     FROM bmsql_customer     JOIN bmsql_warehouse ON (w_id = c_w_id)     WHERE c_w_id = $1 AND c_d_id = $2 AND c_id = $3 FOR UPDATE","parameters: $1 = '1', $2 = '1', $3 = '21'",,,,,,,,"","client backend"
2024-06-16 14:33:04.971 CST,"raingage","benchmark",15272,"127.0.0.1:45216",666e86a7.3ba8,389,"SELECT",2024-06-16 14:31:03 CST,8/29,90812,LOG,00000,"execute S_1: SELECT c_discount, c_last, c_credit, w_tax     FROM bmsql_customer     JOIN bmsql_warehouse ON (w_id = c_w_id)     WHERE c_w_id = $1 AND c_d_id = $2 AND c_id = $3 FOR UPDATE","parameters: $1 = '1', $2 = '1', $3 = '21'",,,,,,,,"","client backend"
2024-06-16 14:33:05.035 CST,"raingage","benchmark",15272,"127.0.0.1:45216",666e86a7.3ba8,390,"SELECT",2024-06-16 14:31:03 CST,8/29,90812,LOG,00000,"execute S_1: SELECT c_discount, c_last, c_credit, w_tax     FROM bmsql_customer     JOIN bmsql_warehouse ON (w_id = c_w_id)     WHERE c_w_id = $1 AND c_d_id = $2 AND c_id = $3 FOR UPDATE","parameters: $1 = '1', $2 = '1', $3 = '21'",,,,,,,,"","client backend"
2024-06-16 14:33:05.052 CST,"raingage","benchmark",15272,"127.0.0.1:45216",666e86a7.3ba8,391,"SELECT",2024-06-16 14:31:03 CST,8/29,90812,LOG,00000,"execute S_5: SELECT i_price, i_name, i_data     FROM bmsql_item     WHERE i_id = $1","parameters: $1 = '47'",,,,,,,,"","client backend"
2024-06-16 14:33:05.053 CST,"raingage","benchmark",15272,"127.0.0.1:45216",666e86a7.3ba8,392,"SELECT",2024-06-16 14:31:03 CST,8/29,90812,LOG,00000,"execute S_6: SELECT s_quantity, s_data,        s_dist_01, s_dist_02, s_dist_03, s_dist_04,        s_dist_05, s_dist_06, s_dist_07, s_dist_08,        s_dist_09, s_dist_10     FROM bmsql_stock     WHERE s_w_id = $1 AND s_i_id = $2  FOR UPDATE","parameters: $1 = '1', $2 = '47'",,,,,,,,"","client backend"
2024-06-16 14:33:05.074 CST,"raingage","benchmark",15272,"127.0.0.1:45216",666e86a7.3ba8,393,"UPDATE",2024-06-16 14:31:03 CST,8/29,90812,LOG,00000,"execute S_7: UPDATE bmsql_stock     SET s_quantity = $1, s_ytd = s_ytd + $2,         s_order_cnt = s_order_cnt + 1,         s_remote_cnt = s_remote_cnt + $3     WHERE s_w_id = $4 AND s_i_id = $5","parameters: $1 = '74', $2 = '2', $3 = '0', $4 = '1', $5 = '47'",,,,,,,,"","client backend"
2024-06-16 14:33:05.090 CST,"raingage","benchmark",15272,"127.0.0.1:45216",666e86a7.3ba8,394,"COMMIT",2024-06-16 14:31:03 CST,8/29,90812,LOG,00000,"execute S_2: COMMIT",,,,,,,,,"","client backend"
2024-06-16 14:33:05.159 CST,"raingage","benchmark",15269,"127.0.0.1:45210",666e86a6.3ba5,626,"SELECT",2024-06-16 14:31:02 CST,5/46,90813,LOG,00000,"execute S_1: SELECT c_discount, c_last, c_credit, w_tax     FROM bmsql_customer     JOIN bmsql_warehouse ON (w_id = c_w_id)     WHERE c_w_id = $1 AND c_d_id = $2 AND c_id = $3 FOR UPDATE","parameters: $1 = '1', $2 = '2', $3 = '85'",,,,,,,,"","client backend"
2024-06-16 14:33:05.226 CST,"raingage","benchmark",15269,"127.0.0.1:45210",666e86a6.3ba5,627,"SELECT",2024-06-16 14:31:02 CST,5/46,90813,LOG,00000,"execute S_1: SELECT c_discount, c_last, c_credit, w_tax     FROM bmsql_customer     JOIN bmsql_warehouse ON (w_id = c_w_id)     WHERE c_w_id = $1 AND c_d_id = $2 AND c_id = $3 FOR UPDATE","parameters: $1 = '1', $2 = '2', $3 = '85'",,,,,,,,"","client backend"
2024-06-16 14:33:05.295 CST,"raingage","benchmark",15269,"127.0.0.1:45210",666e86a6.3ba5,628,"SELECT",2024-06-16 14:31:02 CST,5/46,90813,LOG,00000,"execute S_1: SELECT c_discount, c_last, c_credit, w_tax     FROM bmsql_customer     JOIN bmsql_warehouse ON (w_id = c_w_id)     WHERE c_w_id = $1 AND c_d_id = $2 AND c_id = $3 FOR UPDATE","parameters: $1 = '1', $2 = '2', $3 = '85'",,,,,,,,"","client backend"
2024-06-16 14:33:05.366 CST,"raingage","benchmark",15269,"127.0.0.1:45210",666e86a6.3ba5,629,"SELECT",2024-06-16 14:31:02 CST,5/46,90813,LOG,00000,"execute S_1: SELECT c_discount, c_last, c_credit, w_tax     FROM bmsql_customer     JOIN bmsql_warehouse ON (w_id = c_w_id)     WHERE c_w_id = $1 AND c_d_id = $2 AND c_id = $3 FOR UPDATE","parameters: $1 = '1', $2 = '2', $3 = '85'",,,,,,,,"","client backend"
2024-06-16 14:33:05.434 CST,"raingage","benchmark",15269,"127.0.0.1:45210",666e86a6.3ba5,630,"SELECT",2024-06-16 14:31:02 CST,5/46,90813,LOG,00000,"execute S_1: SELECT c_discount, c_last, c_credit, w_tax     FROM bmsql_customer     JOIN bmsql_warehouse ON (w_id = c_w_id)     WHERE c_w_id = $1 AND c_d_id = $2 AND c_id = $3 FOR UPDATE","parameters: $1 = '1', $2 = '2', $3 = '85'",,,,,,,,"","client backend"
2024-06-16 14:33:05.498 CST,"raingage","benchmark",15269,"127.0.0.1:45210",666e86a6.3ba5,631,"SELECT",2024-06-16 14:31:02 CST,5/46,90813,LOG,00000,"execute S_1: SELECT c_discount, c_last, c_credit, w_tax     FROM bmsql_customer     JOIN bmsql_warehouse ON (w_id = c_w_id)     WHERE c_w_id = $1 AND c_d_id = $2 AND c_id = $3 FOR UPDATE","parameters: $1 = '1', $2 = '2', $3 = '85'",,,,,,,,"","client backend"
2024-06-16 14:33:05.569 CST,"raingage","benchmark",15269,"127.0.0.1:45210",666e86a6.3ba5,632,"SELECT",2024-06-16 14:31:02 CST,5/46,90813,LOG,00000,"execute S_1: SELECT c_discount, c_last, c_credit, w_tax     FROM bmsql_customer     JOIN bmsql_warehouse ON (w_id = c_w_id)     WHERE c_w_id = $1 AND c_d_id = $2 AND c_id = $3 FOR UPDATE","parameters: $1 = '1', $2 = '2', $3 = '85'",,,,,,,,"","client backend"
2024-06-16 14:33:05.574 CST,"raingage","benchmark",15269,"127.0.0.1:45210",666e86a6.3ba5,633,"SELECT",2024-06-16 14:31:02 CST,5/46,90813,LOG,00000,"execute S_6: SELECT i_price, i_name, i_data     FROM bmsql_item     WHERE i_id = $1","parameters: $1 = '67'",,,,,,,,"","client backend"
2024-06-16 14:33:05.586 CST,"raingage","benchmark",15269,"127.0.0.1:45210",666e86a6.3ba5,634,"SELECT",2024-06-16 14:31:02 CST,5/46,90813,LOG,00000,"execute S_7: SELECT s_quantity, s_data,        s_dist_01, s_dist_02, s_dist_03, s_dist_04,        s_dist_05, s_dist_06, s_dist_07, s_dist_08,        s_dist_09, s_dist_10     FROM bmsql_stock     WHERE s_w_id = $1 AND s_i_id = $2  FOR UPDATE","parameters: $1 = '1', $2 = '67'",,,,,,,,"","client backend"
2024-06-16 14:33:05.605 CST,"raingage","benchmark",15269,"127.0.0.1:45210",666e86a6.3ba5,635,"UPDATE",2024-06-16 14:31:02 CST,5/46,90813,LOG,00000,"execute S_8: UPDATE bmsql_stock     SET s_quantity = $1, s_ytd = s_ytd + $2,         s_order_cnt = s_order_cnt + 1,         s_remote_cnt = s_remote_cnt + $3     WHERE s_w_id = $4 AND s_i_id = $5","parameters: $1 = '98', $2 = '2', $3 = '0', $4 = '1', $5 = '67'",,,,,,,,"","client backend"
2024-06-16 14:33:05.624 CST,"raingage","benchmark",15269,"127.0.0.1:45210",666e86a6.3ba5,636,"COMMIT",2024-06-16 14:31:02 CST,5/46,90813,LOG,00000,"execute S_3: COMMIT",,,,,,,,,"","client backend"
2024-06-16 14:33:05.646 CST,"raingage","benchmark",15269,"127.0.0.1:45210",666e86a6.3ba5,637,"BEGIN",2024-06-16 14:31:02 CST,5/47,0,LOG,00000,"execute S_4: BEGIN",,,,,,,,,"","client backend"
2024-06-16 14:33:05.662 CST,"raingage","benchmark",15269,"127.0.0.1:45210",666e86a6.3ba5,638,"SELECT",2024-06-16 14:31:02 CST,5/47,0,LOG,00000,"execute S_5: SELECT d_tax, d_next_o_id     FROM bmsql_district     WHERE d_w_id = $1 AND d_id = $2 ","parameters: $1 = '1', $2 = '1'",,,,,,,,"","client backend"
2024-06-16 14:33:05.697 CST,"raingage","benchmark",15268,"127.0.0.1:45208",666e86a6.3ba4,610,"SELECT",2024-06-16 14:31:02 CST,4/45,90814,LOG,00000,"execute S_1: SELECT c_discount, c_last, c_credit, w_tax     FROM bmsql_customer     JOIN bmsql_warehouse ON (w_id = c_w_id)     WHERE c_w_id = $1 AND c_d_id = $2 AND c_id = $3 FOR UPDATE","parameters: $1 = '1', $2 = '2', $3 = '85'",,,,,,,,"","client backend"
2024-06-16 14:33:05.733 CST,"raingage","benchmark",15269,"127.0.0.1:45210",666e86a6.3ba5,639,"SELECT",2024-06-16 14:31:02 CST,5/47,0,LOG,00000,"execute S_1: SELECT c_discount, c_last, c_credit, w_tax     FROM bmsql_customer     JOIN bmsql_warehouse ON (w_id = c_w_id)     WHERE c_w_id = $1 AND c_d_id = $2 AND c_id = $3 FOR UPDATE","parameters: $1 = '1', $2 = '1', $3 = '73'",,,,,,,,"","client backend"
2024-06-16 14:33:05.764 CST,"raingage","benchmark",15268,"127.0.0.1:45208",666e86a6.3ba4,611,"SELECT",2024-06-16 14:31:02 CST,4/45,90814,LOG,00000,"execute S_1: SELECT c_discount, c_last, c_credit, w_tax     FROM bmsql_customer     JOIN bmsql_warehouse ON (w_id = c_w_id)     WHERE c_w_id = $1 AND c_d_id = $2 AND c_id = $3 FOR UPDATE","parameters: $1 = '1', $2 = '2', $3 = '85'",,,,,,,,"","client backend"
2024-06-16 14:33:05.835 CST,"raingage","benchmark",15268,"127.0.0.1:45208",666e86a6.3ba4,612,"SELECT",2024-06-16 14:31:02 CST,4/45,90814,LOG,00000,"execute S_1: SELECT c_discount, c_last, c_credit, w_tax     FROM bmsql_customer     JOIN bmsql_warehouse ON (w_id = c_w_id)     WHERE c_w_id = $1 AND c_d_id = $2 AND c_id = $3 FOR UPDATE","parameters: $1 = '1', $2 = '2', $3 = '85'",,,,,,,,"","client backend"
2024-06-16 14:33:05.903 CST,"raingage","benchmark",15268,"127.0.0.1:45208",666e86a6.3ba4,613,"SELECT",2024-06-16 14:31:02 CST,4/45,90814,LOG,00000,"execute S_1: SELECT c_discount, c_last, c_credit, w_tax     FROM bmsql_customer     JOIN bmsql_warehouse ON (w_id = c_w_id)     WHERE c_w_id = $1 AND c_d_id = $2 AND c_id = $3 FOR UPDATE","parameters: $1 = '1', $2 = '2', $3 = '85'",,,,,,,,"","client backend"
2024-06-16 14:33:05.970 CST,"raingage","benchmark",15268,"127.0.0.1:45208",666e86a6.3ba4,614,"SELECT",2024-06-16 14:31:02 CST,4/45,90814,LOG,00000,"execute S_1: SELECT c_discount, c_last, c_credit, w_tax     FROM bmsql_customer     JOIN bmsql_warehouse ON (w_id = c_w_id)     WHERE c_w_id = $1 AND c_d_id = $2 AND c_id = $3 FOR UPDATE","parameters: $1 = '1', $2 = '2', $3 = '85'",,,,,,,,"","client backend"
2024-06-16 14:33:06.033 CST,"raingage","benchmark",15268,"127.0.0.1:45208",666e86a6.3ba4,615,"SELECT",2024-06-16 14:31:02 CST,4/45,90814,LOG,00000,"execute S_1: SELECT c_discount, c_last, c_credit, w_tax     FROM bmsql_customer     JOIN bmsql_warehouse ON (w_id = c_w_id)     WHERE c_w_id = $1 AND c_d_id = $2 AND c_id = $3 FOR UPDATE","parameters: $1 = '1', $2 = '2', $3 = '85'",,,,,,,,"","client backend"
2024-06-16 14:33:06.095 CST,"raingage","benchmark",15268,"127.0.0.1:45208",666e86a6.3ba4,616,"SELECT",2024-06-16 14:31:02 CST,4/45,90814,LOG,00000,"execute S_1: SELECT c_discount, c_last, c_credit, w_tax     FROM bmsql_customer     JOIN bmsql_warehouse ON (w_id = c_w_id)     WHERE c_w_id = $1 AND c_d_id = $2 AND c_id = $3 FOR UPDATE","parameters: $1 = '1', $2 = '2', $3 = '85'",,,,,,,,"","client backend"
2024-06-16 14:33:06.107 CST,"raingage","benchmark",15268,"127.0.0.1:45208",666e86a6.3ba4,617,"SELECT",2024-06-16 14:31:02 CST,4/45,90814,LOG,00000,"execute S_5: SELECT i_price, i_name, i_data     FROM bmsql_item     WHERE i_id = $1","parameters: $1 = '67'",,,,,,,,"","client backend"
2024-06-16 14:33:06.128 CST,"raingage","benchmark",15268,"127.0.0.1:45208",666e86a6.3ba4,618,"SELECT",2024-06-16 14:31:02 CST,4/45,90814,LOG,00000,"execute S_6: SELECT s_quantity, s_data,        s_dist_01, s_dist_02, s_dist_03, s_dist_04,        s_dist_05, s_dist_06, s_dist_07, s_dist_08,        s_dist_09, s_dist_10     FROM bmsql_stock     WHERE s_w_id = $1 AND s_i_id = $2  FOR UPDATE","parameters: $1 = '1', $2 = '67'",,,,,,,,"","client backend"
2024-06-16 14:33:06.148 CST,"raingage","benchmark",15268,"127.0.0.1:45208",666e86a6.3ba4,619,"UPDATE",2024-06-16 14:31:02 CST,4/45,90814,LOG,00000,"execute S_7: UPDATE bmsql_stock     SET s_quantity = $1, s_ytd = s_ytd + $2,         s_order_cnt = s_order_cnt + 1,         s_remote_cnt = s_remote_cnt + $3     WHERE s_w_id = $4 AND s_i_id = $5","parameters: $1 = '95', $2 = '3', $3 = '0', $4 = '1', $5 = '67'",,,,,,,,"","client backend"
2024-06-16 14:33:06.167 CST,"raingage","benchmark",15268,"127.0.0.1:45208",666e86a6.3ba4,620,"COMMIT",2024-06-16 14:31:02 CST,4/45,90814,LOG,00000,"execute S_2: COMMIT",,,,,,,,,"","client backend"
2024-06-16 14:33:06.186 CST,"raingage","benchmark",15268,"127.0.0.1:45208",666e86a6.3ba4,621,"BEGIN",2024-06-16 14:31:02 CST,4/46,0,LOG,00000,"execute S_3: BEGIN",,,,,,,,,"","client backend"
2024-06-16 14:33:06.199 CST,"raingage","benchmark",15268,"127.0.0.1:45208",666e86a6.3ba4,622,"SELECT",2024-06-16 14:31:02 CST,4/46,0,LOG,00000,"execute S_4: SELECT d_tax, d_next_o_id     FROM bmsql_district     WHERE d_w_id = $1 AND d_id = $2 ","parameters: $1 = '1', $2 = '1'",,,,,,,,"","client backend"
2024-06-16 14:33:06.232 CST,"raingage","benchmark",15269,"127.0.0.1:45210",666e86a6.3ba5,640,"SELECT",2024-06-16 14:31:02 CST,5/47,90815,LOG,00000,"execute S_1: SELECT c_discount, c_last, c_credit, w_tax     FROM bmsql_customer     JOIN bmsql_warehouse ON (w_id = c_w_id)     WHERE c_w_id = $1 AND c_d_id = $2 AND c_id = $3 FOR UPDATE","parameters: $1 = '1', $2 = '1', $3 = '73'",,,,,,,,"","client backend"
2024-06-16 14:33:06.268 CST,"raingage","benchmark",15268,"127.0.0.1:45208",666e86a6.3ba4,623,"SELECT",2024-06-16 14:31:02 CST,4/46,0,LOG,00000,"execute S_1: SELECT c_discount, c_last, c_credit, w_tax     FROM bmsql_customer     JOIN bmsql_warehouse ON (w_id = c_w_id)     WHERE c_w_id = $1 AND c_d_id = $2 AND c_id = $3 FOR UPDATE","parameters: $1 = '1', $2 = '1', $3 = '8'",,,,,,,,"","client backend"
2024-06-16 14:33:06.295 CST,"raingage","benchmark",15269,"127.0.0.1:45210",666e86a6.3ba5,641,"SELECT",2024-06-16 14:31:02 CST,5/47,90815,LOG,00000,"execute S_1: SELECT c_discount, c_last, c_credit, w_tax     FROM bmsql_customer     JOIN bmsql_warehouse ON (w_id = c_w_id)     WHERE c_w_id = $1 AND c_d_id = $2 AND c_id = $3 FOR UPDATE","parameters: $1 = '1', $2 = '1', $3 = '73'",,,,,,,,"","client backend"
2024-06-16 14:33:06.365 CST,"raingage","benchmark",15269,"127.0.0.1:45210",666e86a6.3ba5,642,"SELECT",2024-06-16 14:31:02 CST,5/47,90815,LOG,00000,"execute S_1: SELECT c_discount, c_last, c_credit, w_tax     FROM bmsql_customer     JOIN bmsql_warehouse ON (w_id = c_w_id)     WHERE c_w_id = $1 AND c_d_id = $2 AND c_id = $3 FOR UPDATE","parameters: $1 = '1', $2 = '1', $3 = '73'",,,,,,,,"","client backend"
2024-06-16 14:33:06.426 CST,"raingage","benchmark",15271,"127.0.0.1:45214",666e86a7.3ba7,759,"BEGIN",2024-06-16 14:31:03 CST,7/56,0,LOG,00000,"execute S_3: BEGIN",,,,,,,,,"","client backend"
2024-06-16 14:33:06.430 CST,"raingage","benchmark",15269,"127.0.0.1:45210",666e86a6.3ba5,643,"SELECT",2024-06-16 14:31:02 CST,5/47,90815,LOG,00000,"execute S_1: SELECT c_discount, c_last, c_credit, w_tax     FROM bmsql_customer     JOIN bmsql_warehouse ON (w_id = c_w_id)     WHERE c_w_id = $1 AND c_d_id = $2 AND c_id = $3 FOR UPDATE","parameters: $1 = '1', $2 = '1', $3 = '73'",,,,,,,,"","client backend"
2024-06-16 14:33:06.440 CST,"raingage","benchmark",15271,"127.0.0.1:45214",666e86a7.3ba7,760,"SELECT",2024-06-16 14:31:03 CST,7/56,0,LOG,00000,"execute S_4: SELECT d_tax, d_next_o_id     FROM bmsql_district     WHERE d_w_id = $1 AND d_id = $2 ","parameters: $1 = '1', $2 = '1'",,,,,,,,"","client backend"
2024-06-16 14:33:06.497 CST,"raingage","benchmark",15269,"127.0.0.1:45210",666e86a6.3ba5,644,"SELECT",2024-06-16 14:31:02 CST,5/47,90815,LOG,00000,"execute S_1: SELECT c_discount, c_last, c_credit, w_tax     FROM bmsql_customer     JOIN bmsql_warehouse ON (w_id = c_w_id)     WHERE c_w_id = $1 AND c_d_id = $2 AND c_id = $3 FOR UPDATE","parameters: $1 = '1', $2 = '1', $3 = '73'",,,,,,,,"","client backend"
2024-06-16 14:33:06.503 CST,"raingage","benchmark",15271,"127.0.0.1:45214",666e86a7.3ba7,761,"SELECT",2024-06-16 14:31:03 CST,7/56,0,LOG,00000,"execute S_1: SELECT c_discount, c_last, c_credit, w_tax     FROM bmsql_customer     JOIN bmsql_warehouse ON (w_id = c_w_id)     WHERE c_w_id = $1 AND c_d_id = $2 AND c_id = $3 FOR UPDATE","parameters: $1 = '1', $2 = '1', $3 = '46'",,,,,,,,"","client backend"
2024-06-16 14:33:06.561 CST,"raingage","benchmark",15269,"127.0.0.1:45210",666e86a6.3ba5,645,"SELECT",2024-06-16 14:31:02 CST,5/47,90815,LOG,00000,"execute S_1: SELECT c_discount, c_last, c_credit, w_tax     FROM bmsql_customer     JOIN bmsql_warehouse ON (w_id = c_w_id)     WHERE c_w_id = $1 AND c_d_id = $2 AND c_id = $3 FOR UPDATE","parameters: $1 = '1', $2 = '1', $3 = '73'",,,,,,,,"","client backend"
2024-06-16 14:33:06.625 CST,"raingage","benchmark",15269,"127.0.0.1:45210",666e86a6.3ba5,646,"SELECT",2024-06-16 14:31:02 CST,5/47,90815,LOG,00000,"execute S_1: SELECT c_discount, c_last, c_credit, w_tax     FROM bmsql_customer     JOIN bmsql_warehouse ON (w_id = c_w_id)     WHERE c_w_id = $1 AND c_d_id = $2 AND c_id = $3 FOR UPDATE","parameters: $1 = '1', $2 = '1', $3 = '73'",,,,,,,,"","client backend"
2024-06-16 14:33:06.640 CST,"raingage","benchmark",15269,"127.0.0.1:45210",666e86a6.3ba5,647,"SELECT",2024-06-16 14:31:02 CST,5/47,90815,LOG,00000,"execute S_6: SELECT i_price, i_name, i_data     FROM bmsql_item     WHERE i_id = $1","parameters: $1 = '10'",,,,,,,,"","client backend"
2024-06-16 14:33:06.656 CST,"raingage","benchmark",15269,"127.0.0.1:45210",666e86a6.3ba5,648,"SELECT",2024-06-16 14:31:02 CST,5/47,90815,LOG,00000,"execute S_7: SELECT s_quantity, s_data,        s_dist_01, s_dist_02, s_dist_03, s_dist_04,        s_dist_05, s_dist_06, s_dist_07, s_dist_08,        s_dist_09, s_dist_10     FROM bmsql_stock     WHERE s_w_id = $1 AND s_i_id = $2  FOR UPDATE","parameters: $1 = '1', $2 = '10'",,,,,,,,"","client backend"
2024-06-16 14:33:06.670 CST,"raingage","benchmark",15269,"127.0.0.1:45210",666e86a6.3ba5,649,"UPDATE",2024-06-16 14:31:02 CST,5/47,90815,LOG,00000,"execute S_8: UPDATE bmsql_stock     SET s_quantity = $1, s_ytd = s_ytd + $2,         s_order_cnt = s_order_cnt + 1,         s_remote_cnt = s_remote_cnt + $3     WHERE s_w_id = $4 AND s_i_id = $5","parameters: $1 = '101', $2 = '1', $3 = '0', $4 = '1', $5 = '10'",,,,,,,,"","client backend"
2024-06-16 14:33:06.690 CST,"raingage","benchmark",15269,"127.0.0.1:45210",666e86a6.3ba5,650,"COMMIT",2024-06-16 14:31:02 CST,5/47,90815,LOG,00000,"execute S_3: COMMIT",,,,,,,,,"","client backend"
2024-06-16 14:33:06.708 CST,"raingage","benchmark",15269,"127.0.0.1:45210",666e86a6.3ba5,651,"BEGIN",2024-06-16 14:31:02 CST,5/48,0,LOG,00000,"execute S_4: BEGIN",,,,,,,,,"","client backend"
2024-06-16 14:33:06.728 CST,"raingage","benchmark",15269,"127.0.0.1:45210",666e86a6.3ba5,652,"SELECT",2024-06-16 14:31:02 CST,5/48,0,LOG,00000,"execute S_5: SELECT d_tax, d_next_o_id     FROM bmsql_district     WHERE d_w_id = $1 AND d_id = $2 ","parameters: $1 = '1', $2 = '1'",,,,,,,,"","client backend"
2024-06-16 14:33:06.763 CST,"raingage","benchmark",15268,"127.0.0.1:45208",666e86a6.3ba4,624,"SELECT",2024-06-16 14:31:02 CST,4/46,90816,LOG,00000,"execute S_1: SELECT c_discount, c_last, c_credit, w_tax     FROM bmsql_customer     JOIN bmsql_warehouse ON (w_id = c_w_id)     WHERE c_w_id = $1 AND c_d_id = $2 AND c_id = $3 FOR UPDATE","parameters: $1 = '1', $2 = '1', $3 = '8'",,,,,,,,"","client backend"
2024-06-16 14:33:06.798 CST,"raingage","benchmark",15269,"127.0.0.1:45210",666e86a6.3ba5,653,"SELECT",2024-06-16 14:31:02 CST,5/48,0,LOG,00000,"execute S_1: SELECT c_discount, c_last, c_credit, w_tax     FROM bmsql_customer     JOIN bmsql_warehouse ON (w_id = c_w_id)     WHERE c_w_id = $1 AND c_d_id = $2 AND c_id = $3 FOR UPDATE","parameters: $1 = '1', $2 = '1', $3 = '47'",,,,,,,,"","client backend"
2024-06-16 14:33:06.833 CST,"raingage","benchmark",15268,"127.0.0.1:45208",666e86a6.3ba4,625,"SELECT",2024-06-16 14:31:02 CST,4/46,90816,LOG,00000,"execute S_1: SELECT c_discount, c_last, c_credit, w_tax     FROM bmsql_customer     JOIN bmsql_warehouse ON (w_id = c_w_id)     WHERE c_w_id = $1 AND c_d_id = $2 AND c_id = $3 FOR UPDATE","parameters: $1 = '1', $2 = '1', $3 = '8'",,,,,,,,"","client backend"
2024-06-16 14:33:06.899 CST,"raingage","benchmark",15268,"127.0.0.1:45208",666e86a6.3ba4,626,"SELECT",2024-06-16 14:31:02 CST,4/46,90816,LOG,00000,"execute S_1: SELECT c_discount, c_last, c_credit, w_tax     FROM bmsql_customer     JOIN bmsql_warehouse ON (w_id = c_w_id)     WHERE c_w_id = $1 AND c_d_id = $2 AND c_id = $3 FOR UPDATE","parameters: $1 = '1', $2 = '1', $3 = '8'",,,,,,,,"","client backend"
2024-06-16 14:33:06.964 CST,"raingage","benchmark",15268,"127.0.0.1:45208",666e86a6.3ba4,627,"SELECT",2024-06-16 14:31:02 CST,4/46,90816,LOG,00000,"execute S_1: SELECT c_discount, c_last, c_credit, w_tax     FROM bmsql_customer     JOIN bmsql_warehouse ON (w_id = c_w_id)     WHERE c_w_id = $1 AND c_d_id = $2 AND c_id = $3 FOR UPDATE","parameters: $1 = '1', $2 = '1', $3 = '8'",,,,,,,,"","client backend"
2024-06-16 14:33:07.032 CST,"raingage","benchmark",15268,"127.0.0.1:45208",666e86a6.3ba4,628,"SELECT",2024-06-16 14:31:02 CST,4/46,90816,LOG,00000,"execute S_1: SELECT c_discount, c_last, c_credit, w_tax     FROM bmsql_customer     JOIN bmsql_warehouse ON (w_id = c_w_id)     WHERE c_w_id = $1 AND c_d_id = $2 AND c_id = $3 FOR UPDATE","parameters: $1 = '1', $2 = '1', $3 = '8'",,,,,,,,"","client backend"
2024-06-16 14:33:07.097 CST,"raingage","benchmark",15268,"127.0.0.1:45208",666e86a6.3ba4,629,"SELECT",2024-06-16 14:31:02 CST,4/46,90816,LOG,00000,"execute S_1: SELECT c_discount, c_last, c_credit, w_tax     FROM bmsql_customer     JOIN bmsql_warehouse ON (w_id = c_w_id)     WHERE c_w_id = $1 AND c_d_id = $2 AND c_id = $3 FOR UPDATE","parameters: $1 = '1', $2 = '1', $3 = '8'",,,,,,,,"","client backend"
2024-06-16 14:33:07.168 CST,"raingage","benchmark",15268,"127.0.0.1:45208",666e86a6.3ba4,630,"SELECT",2024-06-16 14:31:02 CST,4/46,90816,LOG,00000,"execute S_1: SELECT c_discount, c_last, c_credit, w_tax     FROM bmsql_customer     JOIN bmsql_warehouse ON (w_id = c_w_id)     WHERE c_w_id = $1 AND c_d_id = $2 AND c_id = $3 FOR UPDATE","parameters: $1 = '1', $2 = '1', $3 = '8'",,,,,,,,"","client backend"
2024-06-16 14:33:07.185 CST,"raingage","benchmark",15268,"127.0.0.1:45208",666e86a6.3ba4,631,"SELECT",2024-06-16 14:31:02 CST,4/46,90816,LOG,00000,"execute S_5: SELECT i_price, i_name, i_data     FROM bmsql_item     WHERE i_id = $1","parameters: $1 = '108'",,,,,,,,"","client backend"
2024-06-16 14:33:07.199 CST,"raingage","benchmark",15268,"127.0.0.1:45208",666e86a6.3ba4,632,"SELECT",2024-06-16 14:31:02 CST,4/46,90816,LOG,00000,"execute S_6: SELECT s_quantity, s_data,        s_dist_01, s_dist_02, s_dist_03, s_dist_04,        s_dist_05, s_dist_06, s_dist_07, s_dist_08,        s_dist_09, s_dist_10     FROM bmsql_stock     WHERE s_w_id = $1 AND s_i_id = $2  FOR UPDATE","parameters: $1 = '1', $2 = '108'",,,,,,,,"","client backend"
2024-06-16 14:33:07.212 CST,"raingage","benchmark",15268,"127.0.0.1:45208",666e86a6.3ba4,633,"UPDATE",2024-06-16 14:31:02 CST,4/46,90816,LOG,00000,"execute S_7: UPDATE bmsql_stock     SET s_quantity = $1, s_ytd = s_ytd + $2,         s_order_cnt = s_order_cnt + 1,         s_remote_cnt = s_remote_cnt + $3     WHERE s_w_id = $4 AND s_i_id = $5","parameters: $1 = '90', $2 = '4', $3 = '0', $4 = '1', $5 = '108'",,,,,,,,"","client backend"
2024-06-16 14:33:07.225 CST,"raingage","benchmark",15268,"127.0.0.1:45208",666e86a6.3ba4,634,"COMMIT",2024-06-16 14:31:02 CST,4/46,90816,LOG,00000,"execute S_2: COMMIT",,,,,,,,,"","client backend"
2024-06-16 14:33:07.248 CST,"raingage","benchmark",15268,"127.0.0.1:45208",666e86a6.3ba4,635,"BEGIN",2024-06-16 14:31:02 CST,4/47,0,LOG,00000,"execute S_3: BEGIN",,,,,,,,,"","client backend"
2024-06-16 14:33:07.261 CST,"raingage","benchmark",15268,"127.0.0.1:45208",666e86a6.3ba4,636,"SELECT",2024-06-16 14:31:02 CST,4/47,0,LOG,00000,"execute S_4: SELECT d_tax, d_next_o_id     FROM bmsql_district     WHERE d_w_id = $1 AND d_id = $2 ","parameters: $1 = '1', $2 = '1'",,,,,,,,"","client backend"
2024-06-16 14:33:07.294 CST,"raingage","benchmark",15271,"127.0.0.1:45214",666e86a7.3ba7,762,"SELECT",2024-06-16 14:31:03 CST,7/56,90817,LOG,00000,"execute S_1: SELECT c_discount, c_last, c_credit, w_tax     FROM bmsql_customer     JOIN bmsql_warehouse ON (w_id = c_w_id)     WHERE c_w_id = $1 AND c_d_id = $2 AND c_id = $3 FOR UPDATE","parameters: $1 = '1', $2 = '1', $3 = '46'",,,,,,,,"","client backend"
2024-06-16 14:33:07.325 CST,"raingage","benchmark",15268,"127.0.0.1:45208",666e86a6.3ba4,637,"SELECT",2024-06-16 14:31:02 CST,4/47,0,LOG,00000,"execute S_1: SELECT c_discount, c_last, c_credit, w_tax     FROM bmsql_customer     JOIN bmsql_warehouse ON (w_id = c_w_id)     WHERE c_w_id = $1 AND c_d_id = $2 AND c_id = $3 FOR UPDATE","parameters: $1 = '1', $2 = '1', $3 = '47'",,,,,,,,"","client backend"
2024-06-16 14:33:07.364 CST,"raingage","benchmark",15271,"127.0.0.1:45214",666e86a7.3ba7,763,"SELECT",2024-06-16 14:31:03 CST,7/56,90817,LOG,00000,"execute S_1: SELECT c_discount, c_last, c_credit, w_tax     FROM bmsql_customer     JOIN bmsql_warehouse ON (w_id = c_w_id)     WHERE c_w_id = $1 AND c_d_id = $2 AND c_id = $3 FOR UPDATE","parameters: $1 = '1', $2 = '1', $3 = '46'",,,,,,,,"","client backend"
2024-06-16 14:33:07.434 CST,"raingage","benchmark",15271,"127.0.0.1:45214",666e86a7.3ba7,764,"SELECT",2024-06-16 14:31:03 CST,7/56,90817,LOG,00000,"execute S_1: SELECT c_discount, c_last, c_credit, w_tax     FROM bmsql_customer     JOIN bmsql_warehouse ON (w_id = c_w_id)     WHERE c_w_id = $1 AND c_d_id = $2 AND c_id = $3 FOR UPDATE","parameters: $1 = '1', $2 = '1', $3 = '46'",,,,,,,,"","client backend"
2024-06-16 14:33:07.501 CST,"raingage","benchmark",15271,"127.0.0.1:45214",666e86a7.3ba7,765,"SELECT",2024-06-16 14:31:03 CST,7/56,90817,LOG,00000,"execute S_1: SELECT c_discount, c_last, c_credit, w_tax     FROM bmsql_customer     JOIN bmsql_warehouse ON (w_id = c_w_id)     WHERE c_w_id = $1 AND c_d_id = $2 AND c_id = $3 FOR UPDATE","parameters: $1 = '1', $2 = '1', $3 = '46'",,,,,,,,"","client backend"
2024-06-16 14:33:07.564 CST,"raingage","benchmark",15271,"127.0.0.1:45214",666e86a7.3ba7,766,"SELECT",2024-06-16 14:31:03 CST,7/56,90817,LOG,00000,"execute S_1: SELECT c_discount, c_last, c_credit, w_tax     FROM bmsql_customer     JOIN bmsql_warehouse ON (w_id = c_w_id)     WHERE c_w_id = $1 AND c_d_id = $2 AND c_id = $3 FOR UPDATE","parameters: $1 = '1', $2 = '1', $3 = '46'",,,,,,,,"","client backend"
2024-06-16 14:33:07.631 CST,"raingage","benchmark",15271,"127.0.0.1:45214",666e86a7.3ba7,767,"SELECT",2024-06-16 14:31:03 CST,7/56,90817,LOG,00000,"execute S_1: SELECT c_discount, c_last, c_credit, w_tax     FROM bmsql_customer     JOIN bmsql_warehouse ON (w_id = c_w_id)     WHERE c_w_id = $1 AND c_d_id = $2 AND c_id = $3 FOR UPDATE","parameters: $1 = '1', $2 = '1', $3 = '46'",,,,,,,,"","client backend"
2024-06-16 14:33:07.693 CST,"raingage","benchmark",15271,"127.0.0.1:45214",666e86a7.3ba7,768,"SELECT",2024-06-16 14:31:03 CST,7/56,90817,LOG,00000,"execute S_1: SELECT c_discount, c_last, c_credit, w_tax     FROM bmsql_customer     JOIN bmsql_warehouse ON (w_id = c_w_id)     WHERE c_w_id = $1 AND c_d_id = $2 AND c_id = $3 FOR UPDATE","parameters: $1 = '1', $2 = '1', $3 = '46'",,,,,,,,"","client backend"
2024-06-16 14:33:07.711 CST,"raingage","benchmark",15270,"127.0.0.1:45212",666e86a6.3ba6,689,"BEGIN",2024-06-16 14:31:02 CST,6/51,0,LOG,00000,"execute S_3: BEGIN",,,,,,,,,"","client backend"
2024-06-16 14:33:07.712 CST,"raingage","benchmark",15271,"127.0.0.1:45214",666e86a7.3ba7,769,"SELECT",2024-06-16 14:31:03 CST,7/56,90817,LOG,00000,"execute S_5: SELECT i_price, i_name, i_data     FROM bmsql_item     WHERE i_id = $1","parameters: $1 = '41'",,,,,,,,"","client backend"
2024-06-16 14:33:07.725 CST,"raingage","benchmark",15271,"127.0.0.1:45214",666e86a7.3ba7,770,"SELECT",2024-06-16 14:31:03 CST,7/56,90817,LOG,00000,"execute S_6: SELECT s_quantity, s_data,        s_dist_01, s_dist_02, s_dist_03, s_dist_04,        s_dist_05, s_dist_06, s_dist_07, s_dist_08,        s_dist_09, s_dist_10     FROM bmsql_stock     WHERE s_w_id = $1 AND s_i_id = $2  FOR UPDATE","parameters: $1 = '1', $2 = '41'",,,,,,,,"","client backend"
2024-06-16 14:33:07.727 CST,"raingage","benchmark",15270,"127.0.0.1:45212",666e86a6.3ba6,690,"SELECT",2024-06-16 14:31:02 CST,6/51,0,LOG,00000,"execute S_4: SELECT d_tax, d_next_o_id     FROM bmsql_district     WHERE d_w_id = $1 AND d_id = $2 ","parameters: $1 = '1', $2 = '2'",,,,,,,,"","client backend"
2024-06-16 14:33:07.744 CST,"raingage","benchmark",15271,"127.0.0.1:45214",666e86a7.3ba7,771,"UPDATE",2024-06-16 14:31:03 CST,7/56,90817,LOG,00000,"execute S_7: UPDATE bmsql_stock     SET s_quantity = $1, s_ytd = s_ytd + $2,         s_order_cnt = s_order_cnt + 1,         s_remote_cnt = s_remote_cnt + $3     WHERE s_w_id = $4 AND s_i_id = $5","parameters: $1 = '67', $2 = '4', $3 = '0', $4 = '1', $5 = '41'",,,,,,,,"","client backend"
2024-06-16 14:33:07.756 CST,"raingage","benchmark",15271,"127.0.0.1:45214",666e86a7.3ba7,772,"COMMIT",2024-06-16 14:31:03 CST,7/56,90817,LOG,00000,"execute S_2: COMMIT",,,,,,,,,"","client backend"
2024-06-16 14:33:07.774 CST,"raingage","benchmark",15271,"127.0.0.1:45214",666e86a7.3ba7,773,"BEGIN",2024-06-16 14:31:03 CST,7/57,0,LOG,00000,"execute S_3: BEGIN",,,,,,,,,"","client backend"
2024-06-16 14:33:07.794 CST,"raingage","benchmark",15271,"127.0.0.1:45214",666e86a7.3ba7,774,"SELECT",2024-06-16 14:31:03 CST,7/57,0,LOG,00000,"execute S_4: SELECT d_tax, d_next_o_id     FROM bmsql_district     WHERE d_w_id = $1 AND d_id = $2 ","parameters: $1 = '1', $2 = '1'",,,,,,,,"","client backend"
2024-06-16 14:33:07.794 CST,"raingage","benchmark",15270,"127.0.0.1:45212",666e86a6.3ba6,691,"SELECT",2024-06-16 14:31:02 CST,6/51,0,LOG,00000,"execute S_1: SELECT c_discount, c_last, c_credit, w_tax     FROM bmsql_customer     JOIN bmsql_warehouse ON (w_id = c_w_id)     WHERE c_w_id = $1 AND c_d_id = $2 AND c_id = $3 FOR UPDATE","parameters: $1 = '1', $2 = '2', $3 = '11'",,,,,,,,"","client backend"
2024-06-16 14:33:07.828 CST,"raingage","benchmark",15269,"127.0.0.1:45210",666e86a6.3ba5,654,"SELECT",2024-06-16 14:31:02 CST,5/48,90818,LOG,00000,"execute S_1: SELECT c_discount, c_last, c_credit, w_tax     FROM bmsql_customer     JOIN bmsql_warehouse ON (w_id = c_w_id)     WHERE c_w_id = $1 AND c_d_id = $2 AND c_id = $3 FOR UPDATE","parameters: $1 = '1', $2 = '1', $3 = '47'",,,,,,,,"","client backend"
2024-06-16 14:33:07.866 CST,"raingage","benchmark",15271,"127.0.0.1:45214",666e86a7.3ba7,775,"SELECT",2024-06-16 14:31:03 CST,7/57,0,LOG,00000,"execute S_1: SELECT c_discount, c_last, c_credit, w_tax     FROM bmsql_customer     JOIN bmsql_warehouse ON (w_id = c_w_id)     WHERE c_w_id = $1 AND c_d_id = $2 AND c_id = $3 FOR UPDATE","parameters: $1 = '1', $2 = '1', $3 = '69'",,,,,,,,"","client backend"
2024-06-16 14:33:07.890 CST,"raingage","benchmark",15269,"127.0.0.1:45210",666e86a6.3ba5,655,"SELECT",2024-06-16 14:31:02 CST,5/48,90818,LOG,00000,"execute S_1: SELECT c_discount, c_last, c_credit, w_tax     FROM bmsql_customer     JOIN bmsql_warehouse ON (w_id = c_w_id)     WHERE c_w_id = $1 AND c_d_id = $2 AND c_id = $3 FOR UPDATE","parameters: $1 = '1', $2 = '1', $3 = '47'",,,,,,,,"","client backend"
2024-06-16 14:33:07.959 CST,"raingage","benchmark",15269,"127.0.0.1:45210",666e86a6.3ba5,656,"SELECT",2024-06-16 14:31:02 CST,5/48,90818,LOG,00000,"execute S_1: SELECT c_discount, c_last, c_credit, w_tax     FROM bmsql_customer     JOIN bmsql_warehouse ON (w_id = c_w_id)     WHERE c_w_id = $1 AND c_d_id = $2 AND c_id = $3 FOR UPDATE","parameters: $1 = '1', $2 = '1', $3 = '47'",,,,,,,,"","client backend"
2024-06-16 14:33:08.027 CST,"raingage","benchmark",15269,"127.0.0.1:45210",666e86a6.3ba5,657,"SELECT",2024-06-16 14:31:02 CST,5/48,90818,LOG,00000,"execute S_1: SELECT c_discount, c_last, c_credit, w_tax     FROM bmsql_customer     JOIN bmsql_warehouse ON (w_id = c_w_id)     WHERE c_w_id = $1 AND c_d_id = $2 AND c_id = $3 FOR UPDATE","parameters: $1 = '1', $2 = '1', $3 = '47'",,,,,,,,"","client backend"
2024-06-16 14:33:08.095 CST,"raingage","benchmark",15269,"127.0.0.1:45210",666e86a6.3ba5,658,"SELECT",2024-06-16 14:31:02 CST,5/48,90818,LOG,00000,"execute S_1: SELECT c_discount, c_last, c_credit, w_tax     FROM bmsql_customer     JOIN bmsql_warehouse ON (w_id = c_w_id)     WHERE c_w_id = $1 AND c_d_id = $2 AND c_id = $3 FOR UPDATE","parameters: $1 = '1', $2 = '1', $3 = '47'",,,,,,,,"","client backend"
2024-06-16 14:33:08.163 CST,"raingage","benchmark",15269,"127.0.0.1:45210",666e86a6.3ba5,659,"SELECT",2024-06-16 14:31:02 CST,5/48,90818,LOG,00000,"execute S_1: SELECT c_discount, c_last, c_credit, w_tax     FROM bmsql_customer     JOIN bmsql_warehouse ON (w_id = c_w_id)     WHERE c_w_id = $1 AND c_d_id = $2 AND c_id = $3 FOR UPDATE","parameters: $1 = '1', $2 = '1', $3 = '47'",,,,,,,,"","client backend"
2024-06-16 14:33:08.229 CST,"raingage","benchmark",15269,"127.0.0.1:45210",666e86a6.3ba5,660,"SELECT",2024-06-16 14:31:02 CST,5/48,90818,LOG,00000,"execute S_1: SELECT c_discount, c_last, c_credit, w_tax     FROM bmsql_customer     JOIN bmsql_warehouse ON (w_id = c_w_id)     WHERE c_w_id = $1 AND c_d_id = $2 AND c_id = $3 FOR UPDATE","parameters: $1 = '1', $2 = '1', $3 = '47'",,,,,,,,"","client backend"
2024-06-16 14:33:08.241 CST,"raingage","benchmark",15269,"127.0.0.1:45210",666e86a6.3ba5,661,"SELECT",2024-06-16 14:31:02 CST,5/48,90818,LOG,00000,"execute S_6: SELECT i_price, i_name, i_data     FROM bmsql_item     WHERE i_id = $1","parameters: $1 = '57'",,,,,,,,"","client backend"
2024-06-16 14:33:08.259 CST,"raingage","benchmark",15269,"127.0.0.1:45210",666e86a6.3ba5,662,"SELECT",2024-06-16 14:31:02 CST,5/48,90818,LOG,00000,"execute S_7: SELECT s_quantity, s_data,        s_dist_01, s_dist_02, s_dist_03, s_dist_04,        s_dist_05, s_dist_06, s_dist_07, s_dist_08,        s_dist_09, s_dist_10     FROM bmsql_stock     WHERE s_w_id = $1 AND s_i_id = $2  FOR UPDATE","parameters: $1 = '1', $2 = '57'",,,,,,,,"","client backend"
2024-06-16 14:33:08.275 CST,"raingage","benchmark",15269,"127.0.0.1:45210",666e86a6.3ba5,663,"UPDATE",2024-06-16 14:31:02 CST,5/48,90818,LOG,00000,"execute S_8: UPDATE bmsql_stock     SET s_quantity = $1, s_ytd = s_ytd + $2,         s_order_cnt = s_order_cnt + 1,         s_remote_cnt = s_remote_cnt + $3     WHERE s_w_id = $4 AND s_i_id = $5","parameters: $1 = '78', $2 = '4', $3 = '0', $4 = '1', $5 = '57'",,,,,,,,"","client backend"
2024-06-16 14:33:08.287 CST,"raingage","benchmark",15269,"127.0.0.1:45210",666e86a6.3ba5,664,"COMMIT",2024-06-16 14:31:02 CST,5/48,90818,LOG,00000,"execute S_3: COMMIT",,,,,,,,,"","client backend"
2024-06-16 14:33:08.310 CST,"raingage","benchmark",15269,"127.0.0.1:45210",666e86a6.3ba5,665,"BEGIN",2024-06-16 14:31:02 CST,5/49,0,LOG,00000,"execute S_4: BEGIN",,,,,,,,,"","client backend"
2024-06-16 14:33:08.326 CST,"raingage","benchmark",15269,"127.0.0.1:45210",666e86a6.3ba5,666,"SELECT",2024-06-16 14:31:02 CST,5/49,0,LOG,00000,"execute S_5: SELECT d_tax, d_next_o_id     FROM bmsql_district     WHERE d_w_id = $1 AND d_id = $2 ","parameters: $1 = '1', $2 = '1'",,,,,,,,"","client backend"
2024-06-16 14:33:08.360 CST,"raingage","benchmark",15270,"127.0.0.1:45212",666e86a6.3ba6,692,"SELECT",2024-06-16 14:31:02 CST,6/51,90819,LOG,00000,"execute S_1: SELECT c_discount, c_last, c_credit, w_tax     FROM bmsql_customer     JOIN bmsql_warehouse ON (w_id = c_w_id)     WHERE c_w_id = $1 AND c_d_id = $2 AND c_id = $3 FOR UPDATE","parameters: $1 = '1', $2 = '2', $3 = '11'",,,,,,,,"","client backend"
2024-06-16 14:33:08.395 CST,"raingage","benchmark",15269,"127.0.0.1:45210",666e86a6.3ba5,667,"SELECT",2024-06-16 14:31:02 CST,5/49,0,LOG,00000,"execute S_1: SELECT c_discount, c_last, c_credit, w_tax     FROM bmsql_customer     JOIN bmsql_warehouse ON (w_id = c_w_id)     WHERE c_w_id = $1 AND c_d_id = $2 AND c_id = $3 FOR UPDATE","parameters: $1 = '1', $2 = '1', $3 = '75'",,,,,,,,"","client backend"
2024-06-16 14:33:08.432 CST,"raingage","benchmark",15270,"127.0.0.1:45212",666e86a6.3ba6,693,"SELECT",2024-06-16 14:31:02 CST,6/51,90819,LOG,00000,"execute S_1: SELECT c_discount, c_last, c_credit, w_tax     FROM bmsql_customer     JOIN bmsql_warehouse ON (w_id = c_w_id)     WHERE c_w_id = $1 AND c_d_id = $2 AND c_id = $3 FOR UPDATE","parameters: $1 = '1', $2 = '2', $3 = '11'",,,,,,,,"","client backend"
2024-06-16 14:33:08.495 CST,"raingage","benchmark",15270,"127.0.0.1:45212",666e86a6.3ba6,694,"SELECT",2024-06-16 14:31:02 CST,6/51,90819,LOG,00000,"execute S_1: SELECT c_discount, c_last, c_credit, w_tax     FROM bmsql_customer     JOIN bmsql_warehouse ON (w_id = c_w_id)     WHERE c_w_id = $1 AND c_d_id = $2 AND c_id = $3 FOR UPDATE","parameters: $1 = '1', $2 = '2', $3 = '11'",,,,,,,,"","client backend"
2024-06-16 14:33:08.566 CST,"raingage","benchmark",15270,"127.0.0.1:45212",666e86a6.3ba6,695,"SELECT",2024-06-16 14:31:02 CST,6/51,90819,LOG,00000,"execute S_1: SELECT c_discount, c_last, c_credit, w_tax     FROM bmsql_customer     JOIN bmsql_warehouse ON (w_id = c_w_id)     WHERE c_w_id = $1 AND c_d_id = $2 AND c_id = $3 FOR UPDATE","parameters: $1 = '1', $2 = '2', $3 = '11'",,,,,,,,"","client backend"
2024-06-16 14:33:08.631 CST,"raingage","benchmark",15270,"127.0.0.1:45212",666e86a6.3ba6,696,"SELECT",2024-06-16 14:31:02 CST,6/51,90819,LOG,00000,"execute S_1: SELECT c_discount, c_last, c_credit, w_tax     FROM bmsql_customer     JOIN bmsql_warehouse ON (w_id = c_w_id)     WHERE c_w_id = $1 AND c_d_id = $2 AND c_id = $3 FOR UPDATE","parameters: $1 = '1', $2 = '2', $3 = '11'",,,,,,,,"","client backend"
2024-06-16 14:33:08.699 CST,"raingage","benchmark",15270,"127.0.0.1:45212",666e86a6.3ba6,697,"SELECT",2024-06-16 14:31:02 CST,6/51,90819,LOG,00000,"execute S_1: SELECT c_discount, c_last, c_credit, w_tax     FROM bmsql_customer     JOIN bmsql_warehouse ON (w_id = c_w_id)     WHERE c_w_id = $1 AND c_d_id = $2 AND c_id = $3 FOR UPDATE","parameters: $1 = '1', $2 = '2', $3 = '11'",,,,,,,,"","client backend"
2024-06-16 14:33:08.761 CST,"raingage","benchmark",15270,"127.0.0.1:45212",666e86a6.3ba6,698,"SELECT",2024-06-16 14:31:02 CST,6/51,90819,LOG,00000,"execute S_1: SELECT c_discount, c_last, c_credit, w_tax     FROM bmsql_customer     JOIN bmsql_warehouse ON (w_id = c_w_id)     WHERE c_w_id = $1 AND c_d_id = $2 AND c_id = $3 FOR UPDATE","parameters: $1 = '1', $2 = '2', $3 = '11'",,,,,,,,"","client backend"
2024-06-16 14:33:08.778 CST,"raingage","benchmark",15270,"127.0.0.1:45212",666e86a6.3ba6,699,"SELECT",2024-06-16 14:31:02 CST,6/51,90819,LOG,00000,"execute S_5: SELECT i_price, i_name, i_data     FROM bmsql_item     WHERE i_id = $1","parameters: $1 = '9'",,,,,,,,"","client backend"
2024-06-16 14:33:08.793 CST,"raingage","benchmark",15270,"127.0.0.1:45212",666e86a6.3ba6,700,"SELECT",2024-06-16 14:31:02 CST,6/51,90819,LOG,00000,"execute S_6: SELECT s_quantity, s_data,        s_dist_01, s_dist_02, s_dist_03, s_dist_04,        s_dist_05, s_dist_06, s_dist_07, s_dist_08,        s_dist_09, s_dist_10     FROM bmsql_stock     WHERE s_w_id = $1 AND s_i_id = $2  FOR UPDATE","parameters: $1 = '1', $2 = '9'",,,,,,,,"","client backend"
2024-06-16 14:33:08.806 CST,"raingage","benchmark",15270,"127.0.0.1:45212",666e86a6.3ba6,701,"UPDATE",2024-06-16 14:31:02 CST,6/51,90819,LOG,00000,"execute S_7: UPDATE bmsql_stock     SET s_quantity = $1, s_ytd = s_ytd + $2,         s_order_cnt = s_order_cnt + 1,         s_remote_cnt = s_remote_cnt + $3     WHERE s_w_id = $4 AND s_i_id = $5","parameters: $1 = '41', $2 = '2', $3 = '0', $4 = '1', $5 = '9'",,,,,,,,"","client backend"
2024-06-16 14:33:08.825 CST,"raingage","benchmark",15270,"127.0.0.1:45212",666e86a6.3ba6,702,"COMMIT",2024-06-16 14:31:02 CST,6/51,90819,LOG,00000,"execute S_2: COMMIT",,,,,,,,,"","client backend"
2024-06-16 14:33:08.844 CST,"raingage","benchmark",15270,"127.0.0.1:45212",666e86a6.3ba6,703,"BEGIN",2024-06-16 14:31:02 CST,6/52,0,LOG,00000,"execute S_3: BEGIN",,,,,,,,,"","client backend"
2024-06-16 14:33:08.857 CST,"raingage","benchmark",15270,"127.0.0.1:45212",666e86a6.3ba6,704,"SELECT",2024-06-16 14:31:02 CST,6/52,0,LOG,00000,"execute S_4: SELECT d_tax, d_next_o_id     FROM bmsql_district     WHERE d_w_id = $1 AND d_id = $2 ","parameters: $1 = '1', $2 = '1'",,,,,,,,"","client backend"
2024-06-16 14:33:08.889 CST,"raingage","benchmark",15271,"127.0.0.1:45214",666e86a7.3ba7,776,"SELECT",2024-06-16 14:31:03 CST,7/57,90820,LOG,00000,"execute S_1: SELECT c_discount, c_last, c_credit, w_tax     FROM bmsql_customer     JOIN bmsql_warehouse ON (w_id = c_w_id)     WHERE c_w_id = $1 AND c_d_id = $2 AND c_id = $3 FOR UPDATE","parameters: $1 = '1', $2 = '1', $3 = '69'",,,,,,,,"","client backend"
2024-06-16 14:33:08.928 CST,"raingage","benchmark",15270,"127.0.0.1:45212",666e86a6.3ba6,705,"SELECT",2024-06-16 14:31:02 CST,6/52,0,LOG,00000,"execute S_1: SELECT c_discount, c_last, c_credit, w_tax     FROM bmsql_customer     JOIN bmsql_warehouse ON (w_id = c_w_id)     WHERE c_w_id = $1 AND c_d_id = $2 AND c_id = $3 FOR UPDATE","parameters: $1 = '1', $2 = '1', $3 = '75'",,,,,,,,"","client backend"
2024-06-16 14:33:08.960 CST,"raingage","benchmark",15271,"127.0.0.1:45214",666e86a7.3ba7,777,"SELECT",2024-06-16 14:31:03 CST,7/57,90820,LOG,00000,"execute S_1: SELECT c_discount, c_last, c_credit, w_tax     FROM bmsql_customer     JOIN bmsql_warehouse ON (w_id = c_w_id)     WHERE c_w_id = $1 AND c_d_id = $2 AND c_id = $3 FOR UPDATE","parameters: $1 = '1', $2 = '1', $3 = '69'",,,,,,,,"","client backend"
2024-06-16 14:33:09.030 CST,"raingage","benchmark",15271,"127.0.0.1:45214",666e86a7.3ba7,778,"SELECT",2024-06-16 14:31:03 CST,7/57,90820,LOG,00000,"execute S_1: SELECT c_discount, c_last, c_credit, w_tax     FROM bmsql_customer     JOIN bmsql_warehouse ON (w_id = c_w_id)     WHERE c_w_id = $1 AND c_d_id = $2 AND c_id = $3 FOR UPDATE","parameters: $1 = '1', $2 = '1', $3 = '69'",,,,,,,,"","client backend"
2024-06-16 14:33:09.097 CST,"raingage","benchmark",15271,"127.0.0.1:45214",666e86a7.3ba7,779,"SELECT",2024-06-16 14:31:03 CST,7/57,90820,LOG,00000,"execute S_1: SELECT c_discount, c_last, c_credit, w_tax     FROM bmsql_customer     JOIN bmsql_warehouse ON (w_id = c_w_id)     WHERE c_w_id = $1 AND c_d_id = $2 AND c_id = $3 FOR UPDATE","parameters: $1 = '1', $2 = '1', $3 = '69'",,,,,,,,"","client backend"
2024-06-16 14:33:09.163 CST,"raingage","benchmark",15271,"127.0.0.1:45214",666e86a7.3ba7,780,"SELECT",2024-06-16 14:31:03 CST,7/57,90820,LOG,00000,"execute S_1: SELECT c_discount, c_last, c_credit, w_tax     FROM bmsql_customer     JOIN bmsql_warehouse ON (w_id = c_w_id)     WHERE c_w_id = $1 AND c_d_id = $2 AND c_id = $3 FOR UPDATE","parameters: $1 = '1', $2 = '1', $3 = '69'",,,,,,,,"","client backend"
2024-06-16 14:33:09.228 CST,"raingage","benchmark",15271,"127.0.0.1:45214",666e86a7.3ba7,781,"SELECT",2024-06-16 14:31:03 CST,7/57,90820,LOG,00000,"execute S_1: SELECT c_discount, c_last, c_credit, w_tax     FROM bmsql_customer     JOIN bmsql_warehouse ON (w_id = c_w_id)     WHERE c_w_id = $1 AND c_d_id = $2 AND c_id = $3 FOR UPDATE","parameters: $1 = '1', $2 = '1', $3 = '69'",,,,,,,,"","client backend"
2024-06-16 14:33:09.291 CST,"raingage","benchmark",15271,"127.0.0.1:45214",666e86a7.3ba7,782,"SELECT",2024-06-16 14:31:03 CST,7/57,90820,LOG,00000,"execute S_1: SELECT c_discount, c_last, c_credit, w_tax     FROM bmsql_customer     JOIN bmsql_warehouse ON (w_id = c_w_id)     WHERE c_w_id = $1 AND c_d_id = $2 AND c_id = $3 FOR UPDATE","parameters: $1 = '1', $2 = '1', $3 = '69'",,,,,,,,"","client backend"
2024-06-16 14:33:09.307 CST,"raingage","benchmark",15271,"127.0.0.1:45214",666e86a7.3ba7,783,"SELECT",2024-06-16 14:31:03 CST,7/57,90820,LOG,00000,"execute S_5: SELECT i_price, i_name, i_data     FROM bmsql_item     WHERE i_id = $1","parameters: $1 = '28'",,,,,,,,"","client backend"
2024-06-16 14:33:09.321 CST,"raingage","benchmark",15271,"127.0.0.1:45214",666e86a7.3ba7,784,"SELECT",2024-06-16 14:31:03 CST,7/57,90820,LOG,00000,"execute S_6: SELECT s_quantity, s_data,        s_dist_01, s_dist_02, s_dist_03, s_dist_04,        s_dist_05, s_dist_06, s_dist_07, s_dist_08,        s_dist_09, s_dist_10     FROM bmsql_stock     WHERE s_w_id = $1 AND s_i_id = $2  FOR UPDATE","parameters: $1 = '1', $2 = '28'",,,,,,,,"","client backend"
2024-06-16 14:33:09.336 CST,"raingage","benchmark",15271,"127.0.0.1:45214",666e86a7.3ba7,785,"UPDATE",2024-06-16 14:31:03 CST,7/57,90820,LOG,00000,"execute S_7: UPDATE bmsql_stock     SET s_quantity = $1, s_ytd = s_ytd + $2,         s_order_cnt = s_order_cnt + 1,         s_remote_cnt = s_remote_cnt + $3     WHERE s_w_id = $4 AND s_i_id = $5","parameters: $1 = '10', $2 = '2', $3 = '0', $4 = '1', $5 = '28'",,,,,,,,"","client backend"
2024-06-16 14:33:09.355 CST,"raingage","benchmark",15271,"127.0.0.1:45214",666e86a7.3ba7,786,"COMMIT",2024-06-16 14:31:03 CST,7/57,90820,LOG,00000,"execute S_2: COMMIT",,,,,,,,,"","client backend"
2024-06-16 14:33:09.375 CST,"raingage","benchmark",15271,"127.0.0.1:45214",666e86a7.3ba7,787,"BEGIN",2024-06-16 14:31:03 CST,7/58,0,LOG,00000,"execute S_3: BEGIN",,,,,,,,,"","client backend"
2024-06-16 14:33:09.394 CST,"raingage","benchmark",15271,"127.0.0.1:45214",666e86a7.3ba7,788,"SELECT",2024-06-16 14:31:03 CST,7/58,0,LOG,00000,"execute S_4: SELECT d_tax, d_next_o_id     FROM bmsql_district     WHERE d_w_id = $1 AND d_id = $2 ","parameters: $1 = '1', $2 = '1'",,,,,,,,"","client backend"
2024-06-16 14:33:09.420 CST,"raingage","benchmark",15268,"127.0.0.1:45208",666e86a6.3ba4,638,"SELECT",2024-06-16 14:31:02 CST,4/47,90821,LOG,00000,"execute S_1: SELECT c_discount, c_last, c_credit, w_tax     FROM bmsql_customer     JOIN bmsql_warehouse ON (w_id = c_w_id)     WHERE c_w_id = $1 AND c_d_id = $2 AND c_id = $3 FOR UPDATE","parameters: $1 = '1', $2 = '1', $3 = '47'",,,,,,,,"","client backend"
2024-06-16 14:33:09.459 CST,"raingage","benchmark",15271,"127.0.0.1:45214",666e86a7.3ba7,789,"SELECT",2024-06-16 14:31:03 CST,7/58,0,LOG,00000,"execute S_1: SELECT c_discount, c_last, c_credit, w_tax     FROM bmsql_customer     JOIN bmsql_warehouse ON (w_id = c_w_id)     WHERE c_w_id = $1 AND c_d_id = $2 AND c_id = $3 FOR UPDATE","parameters: $1 = '1', $2 = '1', $3 = '81'",,,,,,,,"","client backend"
2024-06-16 14:33:09.486 CST,"raingage","benchmark",15268,"127.0.0.1:45208",666e86a6.3ba4,639,"SELECT",2024-06-16 14:31:02 CST,4/47,90821,LOG,00000,"execute S_1: SELECT c_discount, c_last, c_credit, w_tax     FROM bmsql_customer     JOIN bmsql_warehouse ON (w_id = c_w_id)     WHERE c_w_id = $1 AND c_d_id = $2 AND c_id = $3 FOR UPDATE","parameters: $1 = '1', $2 = '1', $3 = '47'",,,,,,,,"","client backend"
2024-06-16 14:33:09.550 CST,"raingage","benchmark",15268,"127.0.0.1:45208",666e86a6.3ba4,640,"SELECT",2024-06-16 14:31:02 CST,4/47,90821,LOG,00000,"execute S_1: SELECT c_discount, c_last, c_credit, w_tax     FROM bmsql_customer     JOIN bmsql_warehouse ON (w_id = c_w_id)     WHERE c_w_id = $1 AND c_d_id = $2 AND c_id = $3 FOR UPDATE","parameters: $1 = '1', $2 = '1', $3 = '47'",,,,,,,,"","client backend"
2024-06-16 14:33:09.614 CST,"raingage","benchmark",15268,"127.0.0.1:45208",666e86a6.3ba4,641,"SELECT",2024-06-16 14:31:02 CST,4/47,90821,LOG,00000,"execute S_1: SELECT c_discount, c_last, c_credit, w_tax     FROM bmsql_customer     JOIN bmsql_warehouse ON (w_id = c_w_id)     WHERE c_w_id = $1 AND c_d_id = $2 AND c_id = $3 FOR UPDATE","parameters: $1 = '1', $2 = '1', $3 = '47'",,,,,,,,"","client backend"
2024-06-16 14:33:09.685 CST,"raingage","benchmark",15268,"127.0.0.1:45208",666e86a6.3ba4,642,"SELECT",2024-06-16 14:31:02 CST,4/47,90821,LOG,00000,"execute S_1: SELECT c_discount, c_last, c_credit, w_tax     FROM bmsql_customer     JOIN bmsql_warehouse ON (w_id = c_w_id)     WHERE c_w_id = $1 AND c_d_id = $2 AND c_id = $3 FOR UPDATE","parameters: $1 = '1', $2 = '1', $3 = '47'",,,,,,,,"","client backend"
2024-06-16 14:33:09.748 CST,"raingage","benchmark",15268,"127.0.0.1:45208",666e86a6.3ba4,643,"SELECT",2024-06-16 14:31:02 CST,4/47,90821,LOG,00000,"execute S_1: SELECT c_discount, c_last, c_credit, w_tax     FROM bmsql_customer     JOIN bmsql_warehouse ON (w_id = c_w_id)     WHERE c_w_id = $1 AND c_d_id = $2 AND c_id = $3 FOR UPDATE","parameters: $1 = '1', $2 = '1', $3 = '47'",,,,,,,,"","client backend"
2024-06-16 14:33:09.820 CST,"raingage","benchmark",15268,"127.0.0.1:45208",666e86a6.3ba4,644,"SELECT",2024-06-16 14:31:02 CST,4/47,90821,LOG,00000,"execute S_1: SELECT c_discount, c_last, c_credit, w_tax     FROM bmsql_customer     JOIN bmsql_warehouse ON (w_id = c_w_id)     WHERE c_w_id = $1 AND c_d_id = $2 AND c_id = $3 FOR UPDATE","parameters: $1 = '1', $2 = '1', $3 = '47'",,,,,,,,"","client backend"
2024-06-16 14:33:09.828 CST,"raingage","benchmark",15268,"127.0.0.1:45208",666e86a6.3ba4,645,"SELECT",2024-06-16 14:31:02 CST,4/47,90821,LOG,00000,"execute S_5: SELECT i_price, i_name, i_data     FROM bmsql_item     WHERE i_id = $1","parameters: $1 = '57'",,,,,,,,"","client backend"
2024-06-16 14:33:09.841 CST,"raingage","benchmark",15268,"127.0.0.1:45208",666e86a6.3ba4,646,"SELECT",2024-06-16 14:31:02 CST,4/47,90821,LOG,00000,"execute S_6: SELECT s_quantity, s_data,        s_dist_01, s_dist_02, s_dist_03, s_dist_04,        s_dist_05, s_dist_06, s_dist_07, s_dist_08,        s_dist_09, s_dist_10     FROM bmsql_stock     WHERE s_w_id = $1 AND s_i_id = $2  FOR UPDATE","parameters: $1 = '1', $2 = '57'",,,,,,,,"","client backend"
2024-06-16 14:33:09.862 CST,"raingage","benchmark",15268,"127.0.0.1:45208",666e86a6.3ba4,647,"UPDATE",2024-06-16 14:31:02 CST,4/47,90821,LOG,00000,"execute S_7: UPDATE bmsql_stock     SET s_quantity = $1, s_ytd = s_ytd + $2,         s_order_cnt = s_order_cnt + 1,         s_remote_cnt = s_remote_cnt + $3     WHERE s_w_id = $4 AND s_i_id = $5","parameters: $1 = '76', $2 = '2', $3 = '0', $4 = '1', $5 = '57'",,,,,,,,"","client backend"
2024-06-16 14:33:09.878 CST,"raingage","benchmark",15268,"127.0.0.1:45208",666e86a6.3ba4,648,"COMMIT",2024-06-16 14:31:02 CST,4/47,90821,LOG,00000,"execute S_2: COMMIT",,,,,,,,,"","client backend"
2024-06-16 14:33:09.893 CST,"raingage","benchmark",15268,"127.0.0.1:45208",666e86a6.3ba4,649,"BEGIN",2024-06-16 14:31:02 CST,4/48,0,LOG,00000,"execute S_3: BEGIN",,,,,,,,,"","client backend"
2024-06-16 14:33:09.904 CST,"raingage","benchmark",15268,"127.0.0.1:45208",666e86a6.3ba4,650,"SELECT",2024-06-16 14:31:02 CST,4/48,0,LOG,00000,"execute S_4: SELECT d_tax, d_next_o_id     FROM bmsql_district     WHERE d_w_id = $1 AND d_id = $2 ","parameters: $1 = '1', $2 = '1'",,,,,,,,"","client backend"
2024-06-16 14:33:09.928 CST,"raingage","benchmark",15270,"127.0.0.1:45212",666e86a6.3ba6,706,"SELECT waiting",2024-06-16 14:31:02 CST,6/52,0,LOG,00000,"process 15270 still waiting for ShareLock on transaction 90822 after 1000.558 ms","Process holding the lock: 15269. Wait queue: 15270, 15271.",,,,"while locking tuple (7,35) in relation ""bmsql_customer""","SELECT c_discount, c_last, c_credit, w_tax     FROM bmsql_customer     JOIN bmsql_warehouse ON (w_id = c_w_id)     WHERE c_w_id = $1 AND c_d_id = $2 AND c_id = $3 FOR UPDATE",,,"","client backend"
2024-06-16 14:33:09.952 CST,"raingage","benchmark",15269,"127.0.0.1:45210",666e86a6.3ba5,668,"SELECT",2024-06-16 14:31:02 CST,5/49,90822,LOG,00000,"execute S_1: SELECT c_discount, c_last, c_credit, w_tax     FROM bmsql_customer     JOIN bmsql_warehouse ON (w_id = c_w_id)     WHERE c_w_id = $1 AND c_d_id = $2 AND c_id = $3 FOR UPDATE","parameters: $1 = '1', $2 = '1', $3 = '75'",,,,,,,,"","client backend"
2024-06-16 14:33:09.969 CST,"raingage","benchmark",15268,"127.0.0.1:45208",666e86a6.3ba4,651,"SELECT",2024-06-16 14:31:02 CST,4/48,0,LOG,00000,"execute S_1: SELECT c_discount, c_last, c_credit, w_tax     FROM bmsql_customer     JOIN bmsql_warehouse ON (w_id = c_w_id)     WHERE c_w_id = $1 AND c_d_id = $2 AND c_id = $3 FOR UPDATE","parameters: $1 = '1', $2 = '1', $3 = '41'",,,,,,,,"","client backend"
2024-06-16 14:33:10.015 CST,"raingage","benchmark",15269,"127.0.0.1:45210",666e86a6.3ba5,669,"SELECT",2024-06-16 14:31:02 CST,5/49,90822,LOG,00000,"execute S_1: SELECT c_discount, c_last, c_credit, w_tax     FROM bmsql_customer     JOIN bmsql_warehouse ON (w_id = c_w_id)     WHERE c_w_id = $1 AND c_d_id = $2 AND c_id = $3 FOR UPDATE","parameters: $1 = '1', $2 = '1', $3 = '75'",,,,,,,,"","client backend"
2024-06-16 14:33:10.083 CST,"raingage","benchmark",15269,"127.0.0.1:45210",666e86a6.3ba5,670,"SELECT",2024-06-16 14:31:02 CST,5/49,90822,LOG,00000,"execute S_1: SELECT c_discount, c_last, c_credit, w_tax     FROM bmsql_customer     JOIN bmsql_warehouse ON (w_id = c_w_id)     WHERE c_w_id = $1 AND c_d_id = $2 AND c_id = $3 FOR UPDATE","parameters: $1 = '1', $2 = '1', $3 = '75'",,,,,,,,"","client backend"
2024-06-16 14:33:10.148 CST,"raingage","benchmark",15269,"127.0.0.1:45210",666e86a6.3ba5,671,"SELECT",2024-06-16 14:31:02 CST,5/49,90822,LOG,00000,"execute S_1: SELECT c_discount, c_last, c_credit, w_tax     FROM bmsql_customer     JOIN bmsql_warehouse ON (w_id = c_w_id)     WHERE c_w_id = $1 AND c_d_id = $2 AND c_id = $3 FOR UPDATE","parameters: $1 = '1', $2 = '1', $3 = '75'",,,,,,,,"","client backend"
2024-06-16 14:33:10.214 CST,"raingage","benchmark",15269,"127.0.0.1:45210",666e86a6.3ba5,672,"SELECT",2024-06-16 14:31:02 CST,5/49,90822,LOG,00000,"execute S_1: SELECT c_discount, c_last, c_credit, w_tax     FROM bmsql_customer     JOIN bmsql_warehouse ON (w_id = c_w_id)     WHERE c_w_id = $1 AND c_d_id = $2 AND c_id = $3 FOR UPDATE","parameters: $1 = '1', $2 = '1', $3 = '75'",,,,,,,,"","client backend"
2024-06-16 14:33:10.281 CST,"raingage","benchmark",15269,"127.0.0.1:45210",666e86a6.3ba5,673,"SELECT",2024-06-16 14:31:02 CST,5/49,90822,LOG,00000,"execute S_1: SELECT c_discount, c_last, c_credit, w_tax     FROM bmsql_customer     JOIN bmsql_warehouse ON (w_id = c_w_id)     WHERE c_w_id = $1 AND c_d_id = $2 AND c_id = $3 FOR UPDATE","parameters: $1 = '1', $2 = '1', $3 = '75'",,,,,,,,"","client backend"
2024-06-16 14:33:10.348 CST,"raingage","benchmark",15269,"127.0.0.1:45210",666e86a6.3ba5,674,"SELECT",2024-06-16 14:31:02 CST,5/49,90822,LOG,00000,"execute S_1: SELECT c_discount, c_last, c_credit, w_tax     FROM bmsql_customer     JOIN bmsql_warehouse ON (w_id = c_w_id)     WHERE c_w_id = $1 AND c_d_id = $2 AND c_id = $3 FOR UPDATE","parameters: $1 = '1', $2 = '1', $3 = '75'",,,,,,,,"","client backend"
2024-06-16 14:33:10.357 CST,"raingage","benchmark",15269,"127.0.0.1:45210",666e86a6.3ba5,675,"SELECT",2024-06-16 14:31:02 CST,5/49,90822,LOG,00000,"execute S_6: SELECT i_price, i_name, i_data     FROM bmsql_item     WHERE i_id = $1","parameters: $1 = '81'",,,,,,,,"","client backend"
2024-06-16 14:33:10.378 CST,"raingage","benchmark",15269,"127.0.0.1:45210",666e86a6.3ba5,676,"SELECT",2024-06-16 14:31:02 CST,5/49,90822,LOG,00000,"execute S_7: SELECT s_quantity, s_data,        s_dist_01, s_dist_02, s_dist_03, s_dist_04,        s_dist_05, s_dist_06, s_dist_07, s_dist_08,        s_dist_09, s_dist_10     FROM bmsql_stock     WHERE s_w_id = $1 AND s_i_id = $2  FOR UPDATE","parameters: $1 = '1', $2 = '81'",,,,,,,,"","client backend"
2024-06-16 14:33:10.396 CST,"raingage","benchmark",15269,"127.0.0.1:45210",666e86a6.3ba5,677,"UPDATE",2024-06-16 14:31:02 CST,5/49,90822,LOG,00000,"execute S_8: UPDATE bmsql_stock     SET s_quantity = $1, s_ytd = s_ytd + $2,         s_order_cnt = s_order_cnt + 1,         s_remote_cnt = s_remote_cnt + $3     WHERE s_w_id = $4 AND s_i_id = $5","parameters: $1 = '83', $2 = '8', $3 = '0', $4 = '1', $5 = '81'",,,,,,,,"","client backend"
2024-06-16 14:33:10.411 CST,"raingage","benchmark",15269,"127.0.0.1:45210",666e86a6.3ba5,678,"COMMIT",2024-06-16 14:31:02 CST,5/49,90822,LOG,00000,"execute S_3: COMMIT",,,,,,,,,"","client backend"
2024-06-16 14:33:10.413 CST,"raingage","benchmark",15270,"127.0.0.1:45212",666e86a6.3ba6,707,"SELECT waiting",2024-06-16 14:31:02 CST,6/52,0,LOG,00000,"process 15270 acquired ShareLock on transaction 90822 after 1484.826 ms",,,,,"while locking tuple (7,35) in relation ""bmsql_customer""","SELECT c_discount, c_last, c_credit, w_tax     FROM bmsql_customer     JOIN bmsql_warehouse ON (w_id = c_w_id)     WHERE c_w_id = $1 AND c_d_id = $2 AND c_id = $3 FOR UPDATE",,,"","client backend"
2024-06-16 14:33:10.431 CST,"raingage","benchmark",15269,"127.0.0.1:45210",666e86a6.3ba5,679,"BEGIN",2024-06-16 14:31:02 CST,5/50,0,LOG,00000,"execute S_4: BEGIN",,,,,,,,,"","client backend"
2024-06-16 14:33:10.442 CST,"raingage","benchmark",15269,"127.0.0.1:45210",666e86a6.3ba5,680,"SELECT",2024-06-16 14:31:02 CST,5/50,0,LOG,00000,"execute S_5: SELECT d_tax, d_next_o_id     FROM bmsql_district     WHERE d_w_id = $1 AND d_id = $2 ","parameters: $1 = '1', $2 = '1'",,,,,,,,"","client backend"
2024-06-16 14:33:10.477 CST,"raingage","benchmark",15271,"127.0.0.1:45214",666e86a7.3ba7,790,"SELECT",2024-06-16 14:31:03 CST,7/58,90823,LOG,00000,"execute S_1: SELECT c_discount, c_last, c_credit, w_tax     FROM bmsql_customer     JOIN bmsql_warehouse ON (w_id = c_w_id)     WHERE c_w_id = $1 AND c_d_id = $2 AND c_id = $3 FOR UPDATE","parameters: $1 = '1', $2 = '1', $3 = '81'",,,,,,,,"","client backend"
2024-06-16 14:33:10.505 CST,"raingage","benchmark",15269,"127.0.0.1:45210",666e86a6.3ba5,681,"SELECT",2024-06-16 14:31:02 CST,5/50,0,LOG,00000,"execute S_1: SELECT c_discount, c_last, c_credit, w_tax     FROM bmsql_customer     JOIN bmsql_warehouse ON (w_id = c_w_id)     WHERE c_w_id = $1 AND c_d_id = $2 AND c_id = $3 FOR UPDATE","parameters: $1 = '1', $2 = '1', $3 = '41'",,,,,,,,"","client backend"
2024-06-16 14:33:10.539 CST,"raingage","benchmark",15271,"127.0.0.1:45214",666e86a7.3ba7,791,"SELECT",2024-06-16 14:31:03 CST,7/58,90823,LOG,00000,"execute S_1: SELECT c_discount, c_last, c_credit, w_tax     FROM bmsql_customer     JOIN bmsql_warehouse ON (w_id = c_w_id)     WHERE c_w_id = $1 AND c_d_id = $2 AND c_id = $3 FOR UPDATE","parameters: $1 = '1', $2 = '1', $3 = '81'",,,,,,,,"","client backend"
2024-06-16 14:33:10.609 CST,"raingage","benchmark",15271,"127.0.0.1:45214",666e86a7.3ba7,792,"SELECT",2024-06-16 14:31:03 CST,7/58,90823,LOG,00000,"execute S_1: SELECT c_discount, c_last, c_credit, w_tax     FROM bmsql_customer     JOIN bmsql_warehouse ON (w_id = c_w_id)     WHERE c_w_id = $1 AND c_d_id = $2 AND c_id = $3 FOR UPDATE","parameters: $1 = '1', $2 = '1', $3 = '81'",,,,,,,,"","client backend"
2024-06-16 14:33:10.677 CST,"raingage","benchmark",15271,"127.0.0.1:45214",666e86a7.3ba7,793,"SELECT",2024-06-16 14:31:03 CST,7/58,90823,LOG,00000,"execute S_1: SELECT c_discount, c_last, c_credit, w_tax     FROM bmsql_customer     JOIN bmsql_warehouse ON (w_id = c_w_id)     WHERE c_w_id = $1 AND c_d_id = $2 AND c_id = $3 FOR UPDATE","parameters: $1 = '1', $2 = '1', $3 = '81'",,,,,,,,"","client backend"
2024-06-16 14:33:10.749 CST,"raingage","benchmark",15271,"127.0.0.1:45214",666e86a7.3ba7,794,"SELECT",2024-06-16 14:31:03 CST,7/58,90823,LOG,00000,"execute S_1: SELECT c_discount, c_last, c_credit, w_tax     FROM bmsql_customer     JOIN bmsql_warehouse ON (w_id = c_w_id)     WHERE c_w_id = $1 AND c_d_id = $2 AND c_id = $3 FOR UPDATE","parameters: $1 = '1', $2 = '1', $3 = '81'",,,,,,,,"","client backend"
2024-06-16 14:33:10.816 CST,"raingage","benchmark",15271,"127.0.0.1:45214",666e86a7.3ba7,795,"SELECT",2024-06-16 14:31:03 CST,7/58,90823,LOG,00000,"execute S_1: SELECT c_discount, c_last, c_credit, w_tax     FROM bmsql_customer     JOIN bmsql_warehouse ON (w_id = c_w_id)     WHERE c_w_id = $1 AND c_d_id = $2 AND c_id = $3 FOR UPDATE","parameters: $1 = '1', $2 = '1', $3 = '81'",,,,,,,,"","client backend"
2024-06-16 14:33:10.880 CST,"raingage","benchmark",15271,"127.0.0.1:45214",666e86a7.3ba7,796,"SELECT",2024-06-16 14:31:03 CST,7/58,90823,LOG,00000,"execute S_1: SELECT c_discount, c_last, c_credit, w_tax     FROM bmsql_customer     JOIN bmsql_warehouse ON (w_id = c_w_id)     WHERE c_w_id = $1 AND c_d_id = $2 AND c_id = $3 FOR UPDATE","parameters: $1 = '1', $2 = '1', $3 = '81'",,,,,,,,"","client backend"
2024-06-16 14:33:10.901 CST,"raingage","benchmark",15271,"127.0.0.1:45214",666e86a7.3ba7,797,"SELECT",2024-06-16 14:31:03 CST,7/58,90823,LOG,00000,"execute S_5: SELECT i_price, i_name, i_data     FROM bmsql_item     WHERE i_id = $1","parameters: $1 = '111'",,,,,,,,"","client backend"
2024-06-16 14:33:10.916 CST,"raingage","benchmark",15271,"127.0.0.1:45214",666e86a7.3ba7,798,"SELECT",2024-06-16 14:31:03 CST,7/58,90823,LOG,00000,"execute S_6: SELECT s_quantity, s_data,        s_dist_01, s_dist_02, s_dist_03, s_dist_04,        s_dist_05, s_dist_06, s_dist_07, s_dist_08,        s_dist_09, s_dist_10     FROM bmsql_stock     WHERE s_w_id = $1 AND s_i_id = $2  FOR UPDATE","parameters: $1 = '1', $2 = '111'",,,,,,,,"","client backend"
2024-06-16 14:33:10.929 CST,"raingage","benchmark",15271,"127.0.0.1:45214",666e86a7.3ba7,799,"UPDATE",2024-06-16 14:31:03 CST,7/58,90823,LOG,00000,"execute S_7: UPDATE bmsql_stock     SET s_quantity = $1, s_ytd = s_ytd + $2,         s_order_cnt = s_order_cnt + 1,         s_remote_cnt = s_remote_cnt + $3     WHERE s_w_id = $4 AND s_i_id = $5","parameters: $1 = '58', $2 = '4', $3 = '0', $4 = '1', $5 = '111'",,,,,,,,"","client backend"
2024-06-16 14:33:10.950 CST,"raingage","benchmark",15271,"127.0.0.1:45214",666e86a7.3ba7,800,"COMMIT",2024-06-16 14:31:03 CST,7/58,90823,LOG,00000,"execute S_2: COMMIT",,,,,,,,,"","client backend"
2024-06-16 14:33:11.021 CST,"raingage","benchmark",15268,"127.0.0.1:45208",666e86a6.3ba4,652,"SELECT",2024-06-16 14:31:02 CST,4/48,90824,LOG,00000,"execute S_1: SELECT c_discount, c_last, c_credit, w_tax     FROM bmsql_customer     JOIN bmsql_warehouse ON (w_id = c_w_id)     WHERE c_w_id = $1 AND c_d_id = $2 AND c_id = $3 FOR UPDATE","parameters: $1 = '1', $2 = '1', $3 = '41'",,,,,,,,"","client backend"
2024-06-16 14:33:11.085 CST,"raingage","benchmark",15268,"127.0.0.1:45208",666e86a6.3ba4,653,"SELECT",2024-06-16 14:31:02 CST,4/48,90824,LOG,00000,"execute S_1: SELECT c_discount, c_last, c_credit, w_tax     FROM bmsql_customer     JOIN bmsql_warehouse ON (w_id = c_w_id)     WHERE c_w_id = $1 AND c_d_id = $2 AND c_id = $3 FOR UPDATE","parameters: $1 = '1', $2 = '1', $3 = '41'",,,,,,,,"","client backend"
2024-06-16 14:33:11.150 CST,"raingage","benchmark",15268,"127.0.0.1:45208",666e86a6.3ba4,654,"SELECT",2024-06-16 14:31:02 CST,4/48,90824,LOG,00000,"execute S_1: SELECT c_discount, c_last, c_credit, w_tax     FROM bmsql_customer     JOIN bmsql_warehouse ON (w_id = c_w_id)     WHERE c_w_id = $1 AND c_d_id = $2 AND c_id = $3 FOR UPDATE","parameters: $1 = '1', $2 = '1', $3 = '41'",,,,,,,,"","client backend"
2024-06-16 14:33:11.219 CST,"raingage","benchmark",15268,"127.0.0.1:45208",666e86a6.3ba4,655,"SELECT",2024-06-16 14:31:02 CST,4/48,90824,LOG,00000,"execute S_1: SELECT c_discount, c_last, c_credit, w_tax     FROM bmsql_customer     JOIN bmsql_warehouse ON (w_id = c_w_id)     WHERE c_w_id = $1 AND c_d_id = $2 AND c_id = $3 FOR UPDATE","parameters: $1 = '1', $2 = '1', $3 = '41'",,,,,,,,"","client backend"
2024-06-16 14:33:11.283 CST,"raingage","benchmark",15268,"127.0.0.1:45208",666e86a6.3ba4,656,"SELECT",2024-06-16 14:31:02 CST,4/48,90824,LOG,00000,"execute S_1: SELECT c_discount, c_last, c_credit, w_tax     FROM bmsql_customer     JOIN bmsql_warehouse ON (w_id = c_w_id)     WHERE c_w_id = $1 AND c_d_id = $2 AND c_id = $3 FOR UPDATE","parameters: $1 = '1', $2 = '1', $3 = '41'",,,,,,,,"","client backend"
2024-06-16 14:33:11.354 CST,"raingage","benchmark",15268,"127.0.0.1:45208",666e86a6.3ba4,657,"SELECT",2024-06-16 14:31:02 CST,4/48,90824,LOG,00000,"execute S_1: SELECT c_discount, c_last, c_credit, w_tax     FROM bmsql_customer     JOIN bmsql_warehouse ON (w_id = c_w_id)     WHERE c_w_id = $1 AND c_d_id = $2 AND c_id = $3 FOR UPDATE","parameters: $1 = '1', $2 = '1', $3 = '41'",,,,,,,,"","client backend"
2024-06-16 14:33:11.414 CST,"raingage","benchmark",15268,"127.0.0.1:45208",666e86a6.3ba4,658,"SELECT",2024-06-16 14:31:02 CST,4/48,90824,LOG,00000,"execute S_1: SELECT c_discount, c_last, c_credit, w_tax     FROM bmsql_customer     JOIN bmsql_warehouse ON (w_id = c_w_id)     WHERE c_w_id = $1 AND c_d_id = $2 AND c_id = $3 FOR UPDATE","parameters: $1 = '1', $2 = '1', $3 = '41'",,,,,,,,"","client backend"
2024-06-16 14:33:11.426 CST,"raingage","benchmark",15268,"127.0.0.1:45208",666e86a6.3ba4,659,"SELECT",2024-06-16 14:31:02 CST,4/48,90824,LOG,00000,"execute S_5: SELECT i_price, i_name, i_data     FROM bmsql_item     WHERE i_id = $1","parameters: $1 = '6'",,,,,,,,"","client backend"
2024-06-16 14:33:11.437 CST,"raingage","benchmark",15268,"127.0.0.1:45208",666e86a6.3ba4,660,"SELECT",2024-06-16 14:31:02 CST,4/48,90824,LOG,00000,"execute S_6: SELECT s_quantity, s_data,        s_dist_01, s_dist_02, s_dist_03, s_dist_04,        s_dist_05, s_dist_06, s_dist_07, s_dist_08,        s_dist_09, s_dist_10     FROM bmsql_stock     WHERE s_w_id = $1 AND s_i_id = $2  FOR UPDATE","parameters: $1 = '1', $2 = '6'",,,,,,,,"","client backend"
2024-06-16 14:33:11.458 CST,"raingage","benchmark",15268,"127.0.0.1:45208",666e86a6.3ba4,661,"UPDATE",2024-06-16 14:31:02 CST,4/48,90824,LOG,00000,"execute S_7: UPDATE bmsql_stock     SET s_quantity = $1, s_ytd = s_ytd + $2,         s_order_cnt = s_order_cnt + 1,         s_remote_cnt = s_remote_cnt + $3     WHERE s_w_id = $4 AND s_i_id = $5","parameters: $1 = '50', $2 = '5', $3 = '0', $4 = '1', $5 = '6'",,,,,,,,"","client backend"
2024-06-16 14:33:11.475 CST,"raingage","benchmark",15268,"127.0.0.1:45208",666e86a6.3ba4,662,"COMMIT",2024-06-16 14:31:02 CST,4/48,90824,LOG,00000,"execute S_2: COMMIT",,,,,,,,,"","client backend"
2024-06-16 14:33:11.492 CST,"raingage","benchmark",15268,"127.0.0.1:45208",666e86a6.3ba4,663,"BEGIN",2024-06-16 14:31:02 CST,4/49,0,LOG,00000,"execute S_3: BEGIN",,,,,,,,,"","client backend"
2024-06-16 14:33:11.505 CST,"raingage","benchmark",15268,"127.0.0.1:45208",666e86a6.3ba4,664,"SELECT",2024-06-16 14:31:02 CST,4/49,0,LOG,00000,"execute S_4: SELECT d_tax, d_next_o_id     FROM bmsql_district     WHERE d_w_id = $1 AND d_id = $2 ","parameters: $1 = '1', $2 = '4'",,,,,,,,"","client backend"
2024-06-16 14:33:11.540 CST,"raingage","benchmark",15269,"127.0.0.1:45210",666e86a6.3ba5,682,"SELECT",2024-06-16 14:31:02 CST,5/50,90826,LOG,00000,"execute S_1: SELECT c_discount, c_last, c_credit, w_tax     FROM bmsql_customer     JOIN bmsql_warehouse ON (w_id = c_w_id)     WHERE c_w_id = $1 AND c_d_id = $2 AND c_id = $3 FOR UPDATE","parameters: $1 = '1', $2 = '1', $3 = '41'",,,,,,,,"","client backend"
2024-06-16 14:33:11.576 CST,"raingage","benchmark",15268,"127.0.0.1:45208",666e86a6.3ba4,665,"SELECT",2024-06-16 14:31:02 CST,4/49,0,LOG,00000,"execute S_1: SELECT c_discount, c_last, c_credit, w_tax     FROM bmsql_customer     JOIN bmsql_warehouse ON (w_id = c_w_id)     WHERE c_w_id = $1 AND c_d_id = $2 AND c_id = $3 FOR UPDATE","parameters: $1 = '1', $2 = '4', $3 = '66'",,,,,,,,"","client backend"
2024-06-16 14:33:11.611 CST,"raingage","benchmark",15269,"127.0.0.1:45210",666e86a6.3ba5,683,"SELECT",2024-06-16 14:31:02 CST,5/50,90826,LOG,00000,"execute S_1: SELECT c_discount, c_last, c_credit, w_tax     FROM bmsql_customer     JOIN bmsql_warehouse ON (w_id = c_w_id)     WHERE c_w_id = $1 AND c_d_id = $2 AND c_id = $3 FOR UPDATE","parameters: $1 = '1', $2 = '1', $3 = '41'",,,,,,,,"","client backend"
2024-06-16 14:33:11.684 CST,"raingage","benchmark",15269,"127.0.0.1:45210",666e86a6.3ba5,684,"SELECT",2024-06-16 14:31:02 CST,5/50,90826,LOG,00000,"execute S_1: SELECT c_discount, c_last, c_credit, w_tax     FROM bmsql_customer     JOIN bmsql_warehouse ON (w_id = c_w_id)     WHERE c_w_id = $1 AND c_d_id = $2 AND c_id = $3 FOR UPDATE","parameters: $1 = '1', $2 = '1', $3 = '41'",,,,,,,,"","client backend"
2024-06-16 14:33:11.748 CST,"raingage","benchmark",15269,"127.0.0.1:45210",666e86a6.3ba5,685,"SELECT",2024-06-16 14:31:02 CST,5/50,90826,LOG,00000,"execute S_1: SELECT c_discount, c_last, c_credit, w_tax     FROM bmsql_customer     JOIN bmsql_warehouse ON (w_id = c_w_id)     WHERE c_w_id = $1 AND c_d_id = $2 AND c_id = $3 FOR UPDATE","parameters: $1 = '1', $2 = '1', $3 = '41'",,,,,,,,"","client backend"
2024-06-16 14:33:11.812 CST,"raingage","benchmark",15269,"127.0.0.1:45210",666e86a6.3ba5,686,"SELECT",2024-06-16 14:31:02 CST,5/50,90826,LOG,00000,"execute S_1: SELECT c_discount, c_last, c_credit, w_tax     FROM bmsql_customer     JOIN bmsql_warehouse ON (w_id = c_w_id)     WHERE c_w_id = $1 AND c_d_id = $2 AND c_id = $3 FOR UPDATE","parameters: $1 = '1', $2 = '1', $3 = '41'",,,,,,,,"","client backend"
2024-06-16 14:33:11.882 CST,"raingage","benchmark",15269,"127.0.0.1:45210",666e86a6.3ba5,687,"SELECT",2024-06-16 14:31:02 CST,5/50,90826,LOG,00000,"execute S_1: SELECT c_discount, c_last, c_credit, w_tax     FROM bmsql_customer     JOIN bmsql_warehouse ON (w_id = c_w_id)     WHERE c_w_id = $1 AND c_d_id = $2 AND c_id = $3 FOR UPDATE","parameters: $1 = '1', $2 = '1', $3 = '41'",,,,,,,,"","client backend"
2024-06-16 14:33:11.951 CST,"raingage","benchmark",15269,"127.0.0.1:45210",666e86a6.3ba5,688,"SELECT",2024-06-16 14:31:02 CST,5/50,90826,LOG,00000,"execute S_1: SELECT c_discount, c_last, c_credit, w_tax     FROM bmsql_customer     JOIN bmsql_warehouse ON (w_id = c_w_id)     WHERE c_w_id = $1 AND c_d_id = $2 AND c_id = $3 FOR UPDATE","parameters: $1 = '1', $2 = '1', $3 = '41'",,,,,,,,"","client backend"
2024-06-16 14:33:11.971 CST,"raingage","benchmark",15269,"127.0.0.1:45210",666e86a6.3ba5,689,"SELECT",2024-06-16 14:31:02 CST,5/50,90826,LOG,00000,"execute S_6: SELECT i_price, i_name, i_data     FROM bmsql_item     WHERE i_id = $1","parameters: $1 = '6'",,,,,,,,"","client backend"
2024-06-16 14:33:11.985 CST,"raingage","benchmark",15269,"127.0.0.1:45210",666e86a6.3ba5,690,"SELECT",2024-06-16 14:31:02 CST,5/50,90826,LOG,00000,"execute S_7: SELECT s_quantity, s_data,        s_dist_01, s_dist_02, s_dist_03, s_dist_04,        s_dist_05, s_dist_06, s_dist_07, s_dist_08,        s_dist_09, s_dist_10     FROM bmsql_stock     WHERE s_w_id = $1 AND s_i_id = $2  FOR UPDATE","parameters: $1 = '1', $2 = '6'",,,,,,,,"","client backend"
2024-06-16 14:33:12.000 CST,"raingage","benchmark",15269,"127.0.0.1:45210",666e86a6.3ba5,691,"UPDATE",2024-06-16 14:31:02 CST,5/50,90826,LOG,00000,"execute S_8: UPDATE bmsql_stock     SET s_quantity = $1, s_ytd = s_ytd + $2,         s_order_cnt = s_order_cnt + 1,         s_remote_cnt = s_remote_cnt + $3     WHERE s_w_id = $4 AND s_i_id = $5","parameters: $1 = '48', $2 = '2', $3 = '0', $4 = '1', $5 = '6'",,,,,,,,"","client backend"
2024-06-16 14:33:12.012 CST,"raingage","benchmark",15269,"127.0.0.1:45210",666e86a6.3ba5,692,"COMMIT",2024-06-16 14:31:02 CST,5/50,90826,LOG,00000,"execute S_3: COMMIT",,,,,,,,,"","client backend"
2024-06-16 14:33:12.026 CST,"raingage","benchmark",15269,"127.0.0.1:45210",666e86a6.3ba5,693,"BEGIN",2024-06-16 14:31:02 CST,5/51,0,LOG,00000,"execute S_4: BEGIN",,,,,,,,,"","client backend"
2024-06-16 14:33:12.038 CST,"raingage","benchmark",15269,"127.0.0.1:45210",666e86a6.3ba5,694,"SELECT",2024-06-16 14:31:02 CST,5/51,0,LOG,00000,"execute S_5: SELECT d_tax, d_next_o_id     FROM bmsql_district     WHERE d_w_id = $1 AND d_id = $2 ","parameters: $1 = '1', $2 = '4'",,,,,,,,"","client backend"
2024-06-16 14:33:12.075 CST,"raingage","benchmark",15270,"127.0.0.1:45212",666e86a6.3ba6,708,"SELECT",2024-06-16 14:31:02 CST,6/52,90825,LOG,00000,"execute S_1: SELECT c_discount, c_last, c_credit, w_tax     FROM bmsql_customer     JOIN bmsql_warehouse ON (w_id = c_w_id)     WHERE c_w_id = $1 AND c_d_id = $2 AND c_id = $3 FOR UPDATE","parameters: $1 = '1', $2 = '1', $3 = '75'",,,,,,,,"","client backend"
2024-06-16 14:33:12.101 CST,"raingage","benchmark",15269,"127.0.0.1:45210",666e86a6.3ba5,695,"SELECT",2024-06-16 14:31:02 CST,5/51,0,LOG,00000,"execute S_1: SELECT c_discount, c_last, c_credit, w_tax     FROM bmsql_customer     JOIN bmsql_warehouse ON (w_id = c_w_id)     WHERE c_w_id = $1 AND c_d_id = $2 AND c_id = $3 FOR UPDATE","parameters: $1 = '1', $2 = '4', $3 = '30'",,,,,,,,"","client backend"
2024-06-16 14:33:12.144 CST,"raingage","benchmark",15270,"127.0.0.1:45212",666e86a6.3ba6,709,"SELECT",2024-06-16 14:31:02 CST,6/52,90825,LOG,00000,"execute S_1: SELECT c_discount, c_last, c_credit, w_tax     FROM bmsql_customer     JOIN bmsql_warehouse ON (w_id = c_w_id)     WHERE c_w_id = $1 AND c_d_id = $2 AND c_id = $3 FOR UPDATE","parameters: $1 = '1', $2 = '1', $3 = '75'",,,,,,,,"","client backend"
2024-06-16 14:33:12.209 CST,"raingage","benchmark",15270,"127.0.0.1:45212",666e86a6.3ba6,710,"SELECT",2024-06-16 14:31:02 CST,6/52,90825,LOG,00000,"execute S_1: SELECT c_discount, c_last, c_credit, w_tax     FROM bmsql_customer     JOIN bmsql_warehouse ON (w_id = c_w_id)     WHERE c_w_id = $1 AND c_d_id = $2 AND c_id = $3 FOR UPDATE","parameters: $1 = '1', $2 = '1', $3 = '75'",,,,,,,,"","client backend"
2024-06-16 14:33:12.276 CST,"raingage","benchmark",15270,"127.0.0.1:45212",666e86a6.3ba6,711,"SELECT",2024-06-16 14:31:02 CST,6/52,90825,LOG,00000,"execute S_1: SELECT c_discount, c_last, c_credit, w_tax     FROM bmsql_customer     JOIN bmsql_warehouse ON (w_id = c_w_id)     WHERE c_w_id = $1 AND c_d_id = $2 AND c_id = $3 FOR UPDATE","parameters: $1 = '1', $2 = '1', $3 = '75'",,,,,,,,"","client backend"
2024-06-16 14:33:12.344 CST,"raingage","benchmark",15270,"127.0.0.1:45212",666e86a6.3ba6,712,"SELECT",2024-06-16 14:31:02 CST,6/52,90825,LOG,00000,"execute S_1: SELECT c_discount, c_last, c_credit, w_tax     FROM bmsql_customer     JOIN bmsql_warehouse ON (w_id = c_w_id)     WHERE c_w_id = $1 AND c_d_id = $2 AND c_id = $3 FOR UPDATE","parameters: $1 = '1', $2 = '1', $3 = '75'",,,,,,,,"","client backend"
2024-06-16 14:33:12.413 CST,"raingage","benchmark",15270,"127.0.0.1:45212",666e86a6.3ba6,713,"SELECT",2024-06-16 14:31:02 CST,6/52,90825,LOG,00000,"execute S_1: SELECT c_discount, c_last, c_credit, w_tax     FROM bmsql_customer     JOIN bmsql_warehouse ON (w_id = c_w_id)     WHERE c_w_id = $1 AND c_d_id = $2 AND c_id = $3 FOR UPDATE","parameters: $1 = '1', $2 = '1', $3 = '75'",,,,,,,,"","client backend"
2024-06-16 14:33:12.478 CST,"raingage","benchmark",15270,"127.0.0.1:45212",666e86a6.3ba6,714,"SELECT",2024-06-16 14:31:02 CST,6/52,90825,LOG,00000,"execute S_1: SELECT c_discount, c_last, c_credit, w_tax     FROM bmsql_customer     JOIN bmsql_warehouse ON (w_id = c_w_id)     WHERE c_w_id = $1 AND c_d_id = $2 AND c_id = $3 FOR UPDATE","parameters: $1 = '1', $2 = '1', $3 = '75'",,,,,,,,"","client backend"
2024-06-16 14:33:12.497 CST,"raingage","benchmark",15270,"127.0.0.1:45212",666e86a6.3ba6,715,"SELECT",2024-06-16 14:31:02 CST,6/52,90825,LOG,00000,"execute S_5: SELECT i_price, i_name, i_data     FROM bmsql_item     WHERE i_id = $1","parameters: $1 = '81'",,,,,,,,"","client backend"
2024-06-16 14:33:12.516 CST,"raingage","benchmark",15270,"127.0.0.1:45212",666e86a6.3ba6,716,"SELECT",2024-06-16 14:31:02 CST,6/52,90825,LOG,00000,"execute S_6: SELECT s_quantity, s_data,        s_dist_01, s_dist_02, s_dist_03, s_dist_04,        s_dist_05, s_dist_06, s_dist_07, s_dist_08,        s_dist_09, s_dist_10     FROM bmsql_stock     WHERE s_w_id = $1 AND s_i_id = $2  FOR UPDATE","parameters: $1 = '1', $2 = '81'",,,,,,,,"","client backend"
2024-06-16 14:33:12.530 CST,"raingage","benchmark",15270,"127.0.0.1:45212",666e86a6.3ba6,717,"UPDATE",2024-06-16 14:31:02 CST,6/52,90825,LOG,00000,"execute S_7: UPDATE bmsql_stock     SET s_quantity = $1, s_ytd = s_ytd + $2,         s_order_cnt = s_order_cnt + 1,         s_remote_cnt = s_remote_cnt + $3     WHERE s_w_id = $4 AND s_i_id = $5","parameters: $1 = '79', $2 = '4', $3 = '0', $4 = '1', $5 = '81'",,,,,,,,"","client backend"
2024-06-16 14:33:12.543 CST,"raingage","benchmark",15270,"127.0.0.1:45212",666e86a6.3ba6,718,"COMMIT",2024-06-16 14:31:02 CST,6/52,90825,LOG,00000,"execute S_2: COMMIT",,,,,,,,,"","client backend"
2024-06-16 14:33:12.557 CST,"raingage","benchmark",15270,"127.0.0.1:45212",666e86a6.3ba6,719,"BEGIN",2024-06-16 14:31:02 CST,6/53,0,LOG,00000,"execute S_3: BEGIN",,,,,,,,,"","client backend"
2024-06-16 14:33:12.574 CST,"raingage","benchmark",15270,"127.0.0.1:45212",666e86a6.3ba6,720,"SELECT",2024-06-16 14:31:02 CST,6/53,0,LOG,00000,"execute S_4: SELECT d_tax, d_next_o_id     FROM bmsql_district     WHERE d_w_id = $1 AND d_id = $2 ","parameters: $1 = '1', $2 = '4'",,,,,,,,"","client backend"
2024-06-16 14:33:12.609 CST,"raingage","benchmark",15268,"127.0.0.1:45208",666e86a6.3ba4,666,"SELECT",2024-06-16 14:31:02 CST,4/49,90827,LOG,00000,"execute S_1: SELECT c_discount, c_last, c_credit, w_tax     FROM bmsql_customer     JOIN bmsql_warehouse ON (w_id = c_w_id)     WHERE c_w_id = $1 AND c_d_id = $2 AND c_id = $3 FOR UPDATE","parameters: $1 = '1', $2 = '4', $3 = '66'",,,,,,,,"","client backend"
2024-06-16 14:33:12.642 CST,"raingage","benchmark",15270,"127.0.0.1:45212",666e86a6.3ba6,721,"SELECT",2024-06-16 14:31:02 CST,6/53,0,LOG,00000,"execute S_1: SELECT c_discount, c_last, c_credit, w_tax     FROM bmsql_customer     JOIN bmsql_warehouse ON (w_id = c_w_id)     WHERE c_w_id = $1 AND c_d_id = $2 AND c_id = $3 FOR UPDATE","parameters: $1 = '1', $2 = '4', $3 = '30'",,,,,,,,"","client backend"
2024-06-16 14:33:12.676 CST,"raingage","benchmark",15268,"127.0.0.1:45208",666e86a6.3ba4,667,"SELECT",2024-06-16 14:31:02 CST,4/49,90827,LOG,00000,"execute S_1: SELECT c_discount, c_last, c_credit, w_tax     FROM bmsql_customer     JOIN bmsql_warehouse ON (w_id = c_w_id)     WHERE c_w_id = $1 AND c_d_id = $2 AND c_id = $3 FOR UPDATE","parameters: $1 = '1', $2 = '4', $3 = '66'",,,,,,,,"","client backend"
2024-06-16 14:33:12.739 CST,"raingage","benchmark",15268,"127.0.0.1:45208",666e86a6.3ba4,668,"SELECT",2024-06-16 14:31:02 CST,4/49,90827,LOG,00000,"execute S_1: SELECT c_discount, c_last, c_credit, w_tax     FROM bmsql_customer     JOIN bmsql_warehouse ON (w_id = c_w_id)     WHERE c_w_id = $1 AND c_d_id = $2 AND c_id = $3 FOR UPDATE","parameters: $1 = '1', $2 = '4', $3 = '66'",,,,,,,,"","client backend"
2024-06-16 14:33:12.806 CST,"raingage","benchmark",15268,"127.0.0.1:45208",666e86a6.3ba4,669,"SELECT",2024-06-16 14:31:02 CST,4/49,90827,LOG,00000,"execute S_1: SELECT c_discount, c_last, c_credit, w_tax     FROM bmsql_customer     JOIN bmsql_warehouse ON (w_id = c_w_id)     WHERE c_w_id = $1 AND c_d_id = $2 AND c_id = $3 FOR UPDATE","parameters: $1 = '1', $2 = '4', $3 = '66'",,,,,,,,"","client backend"
2024-06-16 14:33:12.870 CST,"raingage","benchmark",15268,"127.0.0.1:45208",666e86a6.3ba4,670,"SELECT",2024-06-16 14:31:02 CST,4/49,90827,LOG,00000,"execute S_1: SELECT c_discount, c_last, c_credit, w_tax     FROM bmsql_customer     JOIN bmsql_warehouse ON (w_id = c_w_id)     WHERE c_w_id = $1 AND c_d_id = $2 AND c_id = $3 FOR UPDATE","parameters: $1 = '1', $2 = '4', $3 = '66'",,,,,,,,"","client backend"
2024-06-16 14:33:12.935 CST,"raingage","benchmark",15268,"127.0.0.1:45208",666e86a6.3ba4,671,"SELECT",2024-06-16 14:31:02 CST,4/49,90827,LOG,00000,"execute S_1: SELECT c_discount, c_last, c_credit, w_tax     FROM bmsql_customer     JOIN bmsql_warehouse ON (w_id = c_w_id)     WHERE c_w_id = $1 AND c_d_id = $2 AND c_id = $3 FOR UPDATE","parameters: $1 = '1', $2 = '4', $3 = '66'",,,,,,,,"","client backend"
2024-06-16 14:33:13.003 CST,"raingage","benchmark",15268,"127.0.0.1:45208",666e86a6.3ba4,672,"SELECT",2024-06-16 14:31:02 CST,4/49,90827,LOG,00000,"execute S_1: SELECT c_discount, c_last, c_credit, w_tax     FROM bmsql_customer     JOIN bmsql_warehouse ON (w_id = c_w_id)     WHERE c_w_id = $1 AND c_d_id = $2 AND c_id = $3 FOR UPDATE","parameters: $1 = '1', $2 = '4', $3 = '66'",,,,,,,,"","client backend"
2024-06-16 14:33:13.014 CST,"raingage","benchmark",15268,"127.0.0.1:45208",666e86a6.3ba4,673,"SELECT",2024-06-16 14:31:02 CST,4/49,90827,LOG,00000,"execute S_5: SELECT i_price, i_name, i_data     FROM bmsql_item     WHERE i_id = $1","parameters: $1 = '5'",,,,,,,,"","client backend"
2024-06-16 14:33:13.030 CST,"raingage","benchmark",15268,"127.0.0.1:45208",666e86a6.3ba4,674,"SELECT",2024-06-16 14:31:02 CST,4/49,90827,LOG,00000,"execute S_6: SELECT s_quantity, s_data,        s_dist_01, s_dist_02, s_dist_03, s_dist_04,        s_dist_05, s_dist_06, s_dist_07, s_dist_08,        s_dist_09, s_dist_10     FROM bmsql_stock     WHERE s_w_id = $1 AND s_i_id = $2  FOR UPDATE","parameters: $1 = '1', $2 = '5'",,,,,,,,"","client backend"
2024-06-16 14:33:13.048 CST,"raingage","benchmark",15268,"127.0.0.1:45208",666e86a6.3ba4,675,"UPDATE",2024-06-16 14:31:02 CST,4/49,90827,LOG,00000,"execute S_7: UPDATE bmsql_stock     SET s_quantity = $1, s_ytd = s_ytd + $2,         s_order_cnt = s_order_cnt + 1,         s_remote_cnt = s_remote_cnt + $3     WHERE s_w_id = $4 AND s_i_id = $5","parameters: $1 = '10', $2 = '6', $3 = '0', $4 = '1', $5 = '5'",,,,,,,,"","client backend"
2024-06-16 14:33:13.064 CST,"raingage","benchmark",15268,"127.0.0.1:45208",666e86a6.3ba4,676,"COMMIT",2024-06-16 14:31:02 CST,4/49,90827,LOG,00000,"execute S_2: COMMIT",,,,,,,,,"","client backend"
2024-06-16 14:33:13.138 CST,"raingage","benchmark",15269,"127.0.0.1:45210",666e86a6.3ba5,696,"SELECT",2024-06-16 14:31:02 CST,5/51,90828,LOG,00000,"execute S_1: SELECT c_discount, c_last, c_credit, w_tax     FROM bmsql_customer     JOIN bmsql_warehouse ON (w_id = c_w_id)     WHERE c_w_id = $1 AND c_d_id = $2 AND c_id = $3 FOR UPDATE","parameters: $1 = '1', $2 = '4', $3 = '30'",,,,,,,,"","client backend"
2024-06-16 14:33:13.205 CST,"raingage","benchmark",15269,"127.0.0.1:45210",666e86a6.3ba5,697,"SELECT",2024-06-16 14:31:02 CST,5/51,90828,LOG,00000,"execute S_1: SELECT c_discount, c_last, c_credit, w_tax     FROM bmsql_customer     JOIN bmsql_warehouse ON (w_id = c_w_id)     WHERE c_w_id = $1 AND c_d_id = $2 AND c_id = $3 FOR UPDATE","parameters: $1 = '1', $2 = '4', $3 = '30'",,,,,,,,"","client backend"
2024-06-16 14:33:13.277 CST,"raingage","benchmark",15269,"127.0.0.1:45210",666e86a6.3ba5,698,"SELECT",2024-06-16 14:31:02 CST,5/51,90828,LOG,00000,"execute S_1: SELECT c_discount, c_last, c_credit, w_tax     FROM bmsql_customer     JOIN bmsql_warehouse ON (w_id = c_w_id)     WHERE c_w_id = $1 AND c_d_id = $2 AND c_id = $3 FOR UPDATE","parameters: $1 = '1', $2 = '4', $3 = '30'",,,,,,,,"","client backend"
2024-06-16 14:33:13.349 CST,"raingage","benchmark",15269,"127.0.0.1:45210",666e86a6.3ba5,699,"SELECT",2024-06-16 14:31:02 CST,5/51,90828,LOG,00000,"execute S_1: SELECT c_discount, c_last, c_credit, w_tax     FROM bmsql_customer     JOIN bmsql_warehouse ON (w_id = c_w_id)     WHERE c_w_id = $1 AND c_d_id = $2 AND c_id = $3 FOR UPDATE","parameters: $1 = '1', $2 = '4', $3 = '30'",,,,,,,,"","client backend"
2024-06-16 14:33:13.419 CST,"raingage","benchmark",15269,"127.0.0.1:45210",666e86a6.3ba5,700,"SELECT",2024-06-16 14:31:02 CST,5/51,90828,LOG,00000,"execute S_1: SELECT c_discount, c_last, c_credit, w_tax     FROM bmsql_customer     JOIN bmsql_warehouse ON (w_id = c_w_id)     WHERE c_w_id = $1 AND c_d_id = $2 AND c_id = $3 FOR UPDATE","parameters: $1 = '1', $2 = '4', $3 = '30'",,,,,,,,"","client backend"
2024-06-16 14:33:13.488 CST,"raingage","benchmark",15269,"127.0.0.1:45210",666e86a6.3ba5,701,"SELECT",2024-06-16 14:31:02 CST,5/51,90828,LOG,00000,"execute S_1: SELECT c_discount, c_last, c_credit, w_tax     FROM bmsql_customer     JOIN bmsql_warehouse ON (w_id = c_w_id)     WHERE c_w_id = $1 AND c_d_id = $2 AND c_id = $3 FOR UPDATE","parameters: $1 = '1', $2 = '4', $3 = '30'",,,,,,,,"","client backend"
2024-06-16 14:33:13.545 CST,"raingage","benchmark",15269,"127.0.0.1:45210",666e86a6.3ba5,702,"SELECT",2024-06-16 14:31:02 CST,5/51,90828,LOG,00000,"execute S_1: SELECT c_discount, c_last, c_credit, w_tax     FROM bmsql_customer     JOIN bmsql_warehouse ON (w_id = c_w_id)     WHERE c_w_id = $1 AND c_d_id = $2 AND c_id = $3 FOR UPDATE","parameters: $1 = '1', $2 = '4', $3 = '30'",,,,,,,,"","client backend"
2024-06-16 14:33:13.559 CST,"raingage","benchmark",15269,"127.0.0.1:45210",666e86a6.3ba5,703,"SELECT",2024-06-16 14:31:02 CST,5/51,90828,LOG,00000,"execute S_6: SELECT i_price, i_name, i_data     FROM bmsql_item     WHERE i_id = $1","parameters: $1 = '110'",,,,,,,,"","client backend"
2024-06-16 14:33:13.575 CST,"raingage","benchmark",15269,"127.0.0.1:45210",666e86a6.3ba5,704,"SELECT",2024-06-16 14:31:02 CST,5/51,90828,LOG,00000,"execute S_7: SELECT s_quantity, s_data,        s_dist_01, s_dist_02, s_dist_03, s_dist_04,        s_dist_05, s_dist_06, s_dist_07, s_dist_08,        s_dist_09, s_dist_10     FROM bmsql_stock     WHERE s_w_id = $1 AND s_i_id = $2  FOR UPDATE","parameters: $1 = '1', $2 = '110'",,,,,,,,"","client backend"
2024-06-16 14:33:13.586 CST,"raingage","benchmark",15269,"127.0.0.1:45210",666e86a6.3ba5,705,"UPDATE",2024-06-16 14:31:02 CST,5/51,90828,LOG,00000,"execute S_8: UPDATE bmsql_stock     SET s_quantity = $1, s_ytd = s_ytd + $2,         s_order_cnt = s_order_cnt + 1,         s_remote_cnt = s_remote_cnt + $3     WHERE s_w_id = $4 AND s_i_id = $5","parameters: $1 = '40', $2 = '7', $3 = '0', $4 = '1', $5 = '110'",,,,,,,,"","client backend"
2024-06-16 14:33:13.600 CST,"raingage","benchmark",15269,"127.0.0.1:45210",666e86a6.3ba5,706,"COMMIT",2024-06-16 14:31:02 CST,5/51,90828,LOG,00000,"execute S_3: COMMIT",,,,,,,,,"","client backend"
2024-06-16 14:33:13.616 CST,"raingage","benchmark",15269,"127.0.0.1:45210",666e86a6.3ba5,707,"BEGIN",2024-06-16 14:31:02 CST,5/52,0,LOG,00000,"execute S_4: BEGIN",,,,,,,,,"","client backend"
2024-06-16 14:33:13.633 CST,"raingage","benchmark",15269,"127.0.0.1:45210",666e86a6.3ba5,708,"SELECT",2024-06-16 14:31:02 CST,5/52,0,LOG,00000,"execute S_5: SELECT d_tax, d_next_o_id     FROM bmsql_district     WHERE d_w_id = $1 AND d_id = $2 ","parameters: $1 = '1', $2 = '2'",,,,,,,,"","client backend"
2024-06-16 14:33:13.672 CST,"raingage","benchmark",15270,"127.0.0.1:45212",666e86a6.3ba6,722,"SELECT",2024-06-16 14:31:02 CST,6/53,90829,LOG,00000,"execute S_1: SELECT c_discount, c_last, c_credit, w_tax     FROM bmsql_customer     JOIN bmsql_warehouse ON (w_id = c_w_id)     WHERE c_w_id = $1 AND c_d_id = $2 AND c_id = $3 FOR UPDATE","parameters: $1 = '1', $2 = '4', $3 = '30'",,,,,,,,"","client backend"
2024-06-16 14:33:13.700 CST,"raingage","benchmark",15269,"127.0.0.1:45210",666e86a6.3ba5,709,"SELECT",2024-06-16 14:31:02 CST,5/52,0,LOG,00000,"execute S_1: SELECT c_discount, c_last, c_credit, w_tax     FROM bmsql_customer     JOIN bmsql_warehouse ON (w_id = c_w_id)     WHERE c_w_id = $1 AND c_d_id = $2 AND c_id = $3 FOR UPDATE","parameters: $1 = '1', $2 = '2', $3 = '29'",,,,,,,,"","client backend"
2024-06-16 14:33:13.738 CST,"raingage","benchmark",15270,"127.0.0.1:45212",666e86a6.3ba6,723,"SELECT",2024-06-16 14:31:02 CST,6/53,90829,LOG,00000,"execute S_1: SELECT c_discount, c_last, c_credit, w_tax     FROM bmsql_customer     JOIN bmsql_warehouse ON (w_id = c_w_id)     WHERE c_w_id = $1 AND c_d_id = $2 AND c_id = $3 FOR UPDATE","parameters: $1 = '1', $2 = '4', $3 = '30'",,,,,,,,"","client backend"
2024-06-16 14:33:13.801 CST,"raingage","benchmark",15270,"127.0.0.1:45212",666e86a6.3ba6,724,"SELECT",2024-06-16 14:31:02 CST,6/53,90829,LOG,00000,"execute S_1: SELECT c_discount, c_last, c_credit, w_tax     FROM bmsql_customer     JOIN bmsql_warehouse ON (w_id = c_w_id)     WHERE c_w_id = $1 AND c_d_id = $2 AND c_id = $3 FOR UPDATE","parameters: $1 = '1', $2 = '4', $3 = '30'",,,,,,,,"","client backend"
2024-06-16 14:33:13.872 CST,"raingage","benchmark",15270,"127.0.0.1:45212",666e86a6.3ba6,725,"SELECT",2024-06-16 14:31:02 CST,6/53,90829,LOG,00000,"execute S_1: SELECT c_discount, c_last, c_credit, w_tax     FROM bmsql_customer     JOIN bmsql_warehouse ON (w_id = c_w_id)     WHERE c_w_id = $1 AND c_d_id = $2 AND c_id = $3 FOR UPDATE","parameters: $1 = '1', $2 = '4', $3 = '30'",,,,,,,,"","client backend"
2024-06-16 14:33:13.938 CST,"raingage","benchmark",15270,"127.0.0.1:45212",666e86a6.3ba6,726,"SELECT",2024-06-16 14:31:02 CST,6/53,90829,LOG,00000,"execute S_1: SELECT c_discount, c_last, c_credit, w_tax     FROM bmsql_customer     JOIN bmsql_warehouse ON (w_id = c_w_id)     WHERE c_w_id = $1 AND c_d_id = $2 AND c_id = $3 FOR UPDATE","parameters: $1 = '1', $2 = '4', $3 = '30'",,,,,,,,"","client backend"
2024-06-16 14:33:14.003 CST,"raingage","benchmark",15270,"127.0.0.1:45212",666e86a6.3ba6,727,"SELECT",2024-06-16 14:31:02 CST,6/53,90829,LOG,00000,"execute S_1: SELECT c_discount, c_last, c_credit, w_tax     FROM bmsql_customer     JOIN bmsql_warehouse ON (w_id = c_w_id)     WHERE c_w_id = $1 AND c_d_id = $2 AND c_id = $3 FOR UPDATE","parameters: $1 = '1', $2 = '4', $3 = '30'",,,,,,,,"","client backend"
2024-06-16 14:33:14.072 CST,"raingage","benchmark",15270,"127.0.0.1:45212",666e86a6.3ba6,728,"SELECT",2024-06-16 14:31:02 CST,6/53,90829,LOG,00000,"execute S_1: SELECT c_discount, c_last, c_credit, w_tax     FROM bmsql_customer     JOIN bmsql_warehouse ON (w_id = c_w_id)     WHERE c_w_id = $1 AND c_d_id = $2 AND c_id = $3 FOR UPDATE","parameters: $1 = '1', $2 = '4', $3 = '30'",,,,,,,,"","client backend"
2024-06-16 14:33:14.090 CST,"raingage","benchmark",15270,"127.0.0.1:45212",666e86a6.3ba6,729,"SELECT",2024-06-16 14:31:02 CST,6/53,90829,LOG,00000,"execute S_5: SELECT i_price, i_name, i_data     FROM bmsql_item     WHERE i_id = $1","parameters: $1 = '110'",,,,,,,,"","client backend"
2024-06-16 14:33:14.110 CST,"raingage","benchmark",15270,"127.0.0.1:45212",666e86a6.3ba6,730,"SELECT",2024-06-16 14:31:02 CST,6/53,90829,LOG,00000,"execute S_6: SELECT s_quantity, s_data,        s_dist_01, s_dist_02, s_dist_03, s_dist_04,        s_dist_05, s_dist_06, s_dist_07, s_dist_08,        s_dist_09, s_dist_10     FROM bmsql_stock     WHERE s_w_id = $1 AND s_i_id = $2  FOR UPDATE","parameters: $1 = '1', $2 = '110'",,,,,,,,"","client backend"
2024-06-16 14:33:14.122 CST,"raingage","benchmark",15270,"127.0.0.1:45212",666e86a6.3ba6,731,"UPDATE",2024-06-16 14:31:02 CST,6/53,90829,LOG,00000,"execute S_7: UPDATE bmsql_stock     SET s_quantity = $1, s_ytd = s_ytd + $2,         s_order_cnt = s_order_cnt + 1,         s_remote_cnt = s_remote_cnt + $3     WHERE s_w_id = $4 AND s_i_id = $5","parameters: $1 = '33', $2 = '7', $3 = '0', $4 = '1', $5 = '110'",,,,,,,,"","client backend"
2024-06-16 14:33:14.138 CST,"raingage","benchmark",15270,"127.0.0.1:45212",666e86a6.3ba6,732,"COMMIT",2024-06-16 14:31:02 CST,6/53,90829,LOG,00000,"execute S_2: COMMIT",,,,,,,,,"","client backend"
2024-06-16 14:33:14.157 CST,"raingage","benchmark",15270,"127.0.0.1:45212",666e86a6.3ba6,733,"BEGIN",2024-06-16 14:31:02 CST,6/54,0,LOG,00000,"execute S_3: BEGIN",,,,,,,,,"","client backend"
2024-06-16 14:33:14.168 CST,"raingage","benchmark",15270,"127.0.0.1:45212",666e86a6.3ba6,734,"SELECT",2024-06-16 14:31:02 CST,6/54,0,LOG,00000,"execute S_4: SELECT d_tax, d_next_o_id     FROM bmsql_district     WHERE d_w_id = $1 AND d_id = $2 ","parameters: $1 = '1', $2 = '2'",,,,,,,,"","client backend"
2024-06-16 14:33:14.210 CST,"raingage","benchmark",15269,"127.0.0.1:45210",666e86a6.3ba5,710,"SELECT",2024-06-16 14:31:02 CST,5/52,90830,LOG,00000,"execute S_1: SELECT c_discount, c_last, c_credit, w_tax     FROM bmsql_customer     JOIN bmsql_warehouse ON (w_id = c_w_id)     WHERE c_w_id = $1 AND c_d_id = $2 AND c_id = $3 FOR UPDATE","parameters: $1 = '1', $2 = '2', $3 = '29'",,,,,,,,"","client backend"
2024-06-16 14:33:14.232 CST,"raingage","benchmark",15270,"127.0.0.1:45212",666e86a6.3ba6,735,"SELECT",2024-06-16 14:31:02 CST,6/54,0,LOG,00000,"execute S_1: SELECT c_discount, c_last, c_credit, w_tax     FROM bmsql_customer     JOIN bmsql_warehouse ON (w_id = c_w_id)     WHERE c_w_id = $1 AND c_d_id = $2 AND c_id = $3 FOR UPDATE","parameters: $1 = '1', $2 = '2', $3 = '29'",,,,,,,,"","client backend"
2024-06-16 14:33:14.280 CST,"raingage","benchmark",15269,"127.0.0.1:45210",666e86a6.3ba5,711,"SELECT",2024-06-16 14:31:02 CST,5/52,90830,LOG,00000,"execute S_1: SELECT c_discount, c_last, c_credit, w_tax     FROM bmsql_customer     JOIN bmsql_warehouse ON (w_id = c_w_id)     WHERE c_w_id = $1 AND c_d_id = $2 AND c_id = $3 FOR UPDATE","parameters: $1 = '1', $2 = '2', $3 = '29'",,,,,,,,"","client backend"
2024-06-16 14:33:14.348 CST,"raingage","benchmark",15269,"127.0.0.1:45210",666e86a6.3ba5,712,"SELECT",2024-06-16 14:31:02 CST,5/52,90830,LOG,00000,"execute S_1: SELECT c_discount, c_last, c_credit, w_tax     FROM bmsql_customer     JOIN bmsql_warehouse ON (w_id = c_w_id)     WHERE c_w_id = $1 AND c_d_id = $2 AND c_id = $3 FOR UPDATE","parameters: $1 = '1', $2 = '2', $3 = '29'",,,,,,,,"","client backend"
2024-06-16 14:33:14.411 CST,"raingage","benchmark",15269,"127.0.0.1:45210",666e86a6.3ba5,713,"SELECT",2024-06-16 14:31:02 CST,5/52,90830,LOG,00000,"execute S_1: SELECT c_discount, c_last, c_credit, w_tax     FROM bmsql_customer     JOIN bmsql_warehouse ON (w_id = c_w_id)     WHERE c_w_id = $1 AND c_d_id = $2 AND c_id = $3 FOR UPDATE","parameters: $1 = '1', $2 = '2', $3 = '29'",,,,,,,,"","client backend"
2024-06-16 14:33:14.482 CST,"raingage","benchmark",15269,"127.0.0.1:45210",666e86a6.3ba5,714,"SELECT",2024-06-16 14:31:02 CST,5/52,90830,LOG,00000,"execute S_1: SELECT c_discount, c_last, c_credit, w_tax     FROM bmsql_customer     JOIN bmsql_warehouse ON (w_id = c_w_id)     WHERE c_w_id = $1 AND c_d_id = $2 AND c_id = $3 FOR UPDATE","parameters: $1 = '1', $2 = '2', $3 = '29'",,,,,,,,"","client backend"
2024-06-16 14:33:14.550 CST,"raingage","benchmark",15269,"127.0.0.1:45210",666e86a6.3ba5,715,"SELECT",2024-06-16 14:31:02 CST,5/52,90830,LOG,00000,"execute S_1: SELECT c_discount, c_last, c_credit, w_tax     FROM bmsql_customer     JOIN bmsql_warehouse ON (w_id = c_w_id)     WHERE c_w_id = $1 AND c_d_id = $2 AND c_id = $3 FOR UPDATE","parameters: $1 = '1', $2 = '2', $3 = '29'",,,,,,,,"","client backend"
2024-06-16 14:33:14.614 CST,"raingage","benchmark",15269,"127.0.0.1:45210",666e86a6.3ba5,716,"SELECT",2024-06-16 14:31:02 CST,5/52,90830,LOG,00000,"execute S_1: SELECT c_discount, c_last, c_credit, w_tax     FROM bmsql_customer     JOIN bmsql_warehouse ON (w_id = c_w_id)     WHERE c_w_id = $1 AND c_d_id = $2 AND c_id = $3 FOR UPDATE","parameters: $1 = '1', $2 = '2', $3 = '29'",,,,,,,,"","client backend"
2024-06-16 14:33:14.627 CST,"raingage","benchmark",15269,"127.0.0.1:45210",666e86a6.3ba5,717,"SELECT",2024-06-16 14:31:02 CST,5/52,90830,LOG,00000,"execute S_6: SELECT i_price, i_name, i_data     FROM bmsql_item     WHERE i_id = $1","parameters: $1 = '63'",,,,,,,,"","client backend"
2024-06-16 14:33:14.641 CST,"raingage","benchmark",15269,"127.0.0.1:45210",666e86a6.3ba5,718,"SELECT",2024-06-16 14:31:02 CST,5/52,90830,LOG,00000,"execute S_7: SELECT s_quantity, s_data,        s_dist_01, s_dist_02, s_dist_03, s_dist_04,        s_dist_05, s_dist_06, s_dist_07, s_dist_08,        s_dist_09, s_dist_10     FROM bmsql_stock     WHERE s_w_id = $1 AND s_i_id = $2  FOR UPDATE","parameters: $1 = '1', $2 = '63'",,,,,,,,"","client backend"
2024-06-16 14:33:14.654 CST,"raingage","benchmark",15269,"127.0.0.1:45210",666e86a6.3ba5,719,"UPDATE",2024-06-16 14:31:02 CST,5/52,90830,LOG,00000,"execute S_8: UPDATE bmsql_stock     SET s_quantity = $1, s_ytd = s_ytd + $2,         s_order_cnt = s_order_cnt + 1,         s_remote_cnt = s_remote_cnt + $3     WHERE s_w_id = $4 AND s_i_id = $5","parameters: $1 = '63', $2 = '2', $3 = '0', $4 = '1', $5 = '63'",,,,,,,,"","client backend"
2024-06-16 14:33:14.668 CST,"raingage","benchmark",15269,"127.0.0.1:45210",666e86a6.3ba5,720,"COMMIT",2024-06-16 14:31:02 CST,5/52,90830,LOG,00000,"execute S_3: COMMIT",,,,,,,,,"","client backend"
2024-06-16 14:33:14.686 CST,"raingage","benchmark",15269,"127.0.0.1:45210",666e86a6.3ba5,721,"BEGIN",2024-06-16 14:31:02 CST,5/53,0,LOG,00000,"execute S_4: BEGIN",,,,,,,,,"","client backend"
2024-06-16 14:33:14.701 CST,"raingage","benchmark",15269,"127.0.0.1:45210",666e86a6.3ba5,722,"SELECT",2024-06-16 14:31:02 CST,5/53,0,LOG,00000,"execute S_5: SELECT d_tax, d_next_o_id     FROM bmsql_district     WHERE d_w_id = $1 AND d_id = $2 ","parameters: $1 = '1', $2 = '2'",,,,,,,,"","client backend"
2024-06-16 14:33:14.734 CST,"raingage","benchmark",15270,"127.0.0.1:45212",666e86a6.3ba6,736,"SELECT",2024-06-16 14:31:02 CST,6/54,90831,LOG,00000,"execute S_1: SELECT c_discount, c_last, c_credit, w_tax     FROM bmsql_customer     JOIN bmsql_warehouse ON (w_id = c_w_id)     WHERE c_w_id = $1 AND c_d_id = $2 AND c_id = $3 FOR UPDATE","parameters: $1 = '1', $2 = '2', $3 = '29'",,,,,,,,"","client backend"
2024-06-16 14:33:14.764 CST,"raingage","benchmark",15269,"127.0.0.1:45210",666e86a6.3ba5,723,"SELECT",2024-06-16 14:31:02 CST,5/53,0,LOG,00000,"execute S_1: SELECT c_discount, c_last, c_credit, w_tax     FROM bmsql_customer     JOIN bmsql_warehouse ON (w_id = c_w_id)     WHERE c_w_id = $1 AND c_d_id = $2 AND c_id = $3 FOR UPDATE","parameters: $1 = '1', $2 = '2', $3 = '88'",,,,,,,,"","client backend"
2024-06-16 14:33:14.801 CST,"raingage","benchmark",15270,"127.0.0.1:45212",666e86a6.3ba6,737,"SELECT",2024-06-16 14:31:02 CST,6/54,90831,LOG,00000,"execute S_1: SELECT c_discount, c_last, c_credit, w_tax     FROM bmsql_customer     JOIN bmsql_warehouse ON (w_id = c_w_id)     WHERE c_w_id = $1 AND c_d_id = $2 AND c_id = $3 FOR UPDATE","parameters: $1 = '1', $2 = '2', $3 = '29'",,,,,,,,"","client backend"
2024-06-16 14:33:14.864 CST,"raingage","benchmark",15270,"127.0.0.1:45212",666e86a6.3ba6,738,"SELECT",2024-06-16 14:31:02 CST,6/54,90831,LOG,00000,"execute S_1: SELECT c_discount, c_last, c_credit, w_tax     FROM bmsql_customer     JOIN bmsql_warehouse ON (w_id = c_w_id)     WHERE c_w_id = $1 AND c_d_id = $2 AND c_id = $3 FOR UPDATE","parameters: $1 = '1', $2 = '2', $3 = '29'",,,,,,,,"","client backend"
2024-06-16 14:33:14.931 CST,"raingage","benchmark",15270,"127.0.0.1:45212",666e86a6.3ba6,739,"SELECT",2024-06-16 14:31:02 CST,6/54,90831,LOG,00000,"execute S_1: SELECT c_discount, c_last, c_credit, w_tax     FROM bmsql_customer     JOIN bmsql_warehouse ON (w_id = c_w_id)     WHERE c_w_id = $1 AND c_d_id = $2 AND c_id = $3 FOR UPDATE","parameters: $1 = '1', $2 = '2', $3 = '29'",,,,,,,,"","client backend"
2024-06-16 14:33:14.992 CST,"raingage","benchmark",15270,"127.0.0.1:45212",666e86a6.3ba6,740,"SELECT",2024-06-16 14:31:02 CST,6/54,90831,LOG,00000,"execute S_1: SELECT c_discount, c_last, c_credit, w_tax     FROM bmsql_customer     JOIN bmsql_warehouse ON (w_id = c_w_id)     WHERE c_w_id = $1 AND c_d_id = $2 AND c_id = $3 FOR UPDATE","parameters: $1 = '1', $2 = '2', $3 = '29'",,,,,,,,"","client backend"
2024-06-16 14:33:15.056 CST,"raingage","benchmark",15270,"127.0.0.1:45212",666e86a6.3ba6,741,"SELECT",2024-06-16 14:31:02 CST,6/54,90831,LOG,00000,"execute S_1: SELECT c_discount, c_last, c_credit, w_tax     FROM bmsql_customer     JOIN bmsql_warehouse ON (w_id = c_w_id)     WHERE c_w_id = $1 AND c_d_id = $2 AND c_id = $3 FOR UPDATE","parameters: $1 = '1', $2 = '2', $3 = '29'",,,,,,,,"","client backend"
2024-06-16 14:33:15.119 CST,"raingage","benchmark",15270,"127.0.0.1:45212",666e86a6.3ba6,742,"SELECT",2024-06-16 14:31:02 CST,6/54,90831,LOG,00000,"execute S_1: SELECT c_discount, c_last, c_credit, w_tax     FROM bmsql_customer     JOIN bmsql_warehouse ON (w_id = c_w_id)     WHERE c_w_id = $1 AND c_d_id = $2 AND c_id = $3 FOR UPDATE","parameters: $1 = '1', $2 = '2', $3 = '29'",,,,,,,,"","client backend"
2024-06-16 14:33:15.137 CST,"raingage","benchmark",15270,"127.0.0.1:45212",666e86a6.3ba6,743,"SELECT",2024-06-16 14:31:02 CST,6/54,90831,LOG,00000,"execute S_5: SELECT i_price, i_name, i_data     FROM bmsql_item     WHERE i_id = $1","parameters: $1 = '63'",,,,,,,,"","client backend"
2024-06-16 14:33:15.149 CST,"raingage","benchmark",15270,"127.0.0.1:45212",666e86a6.3ba6,744,"SELECT",2024-06-16 14:31:02 CST,6/54,90831,LOG,00000,"execute S_6: SELECT s_quantity, s_data,        s_dist_01, s_dist_02, s_dist_03, s_dist_04,        s_dist_05, s_dist_06, s_dist_07, s_dist_08,        s_dist_09, s_dist_10     FROM bmsql_stock     WHERE s_w_id = $1 AND s_i_id = $2  FOR UPDATE","parameters: $1 = '1', $2 = '63'",,,,,,,,"","client backend"
2024-06-16 14:33:15.170 CST,"raingage","benchmark",15270,"127.0.0.1:45212",666e86a6.3ba6,745,"UPDATE",2024-06-16 14:31:02 CST,6/54,90831,LOG,00000,"execute S_7: UPDATE bmsql_stock     SET s_quantity = $1, s_ytd = s_ytd + $2,         s_order_cnt = s_order_cnt + 1,         s_remote_cnt = s_remote_cnt + $3     WHERE s_w_id = $4 AND s_i_id = $5","parameters: $1 = '60', $2 = '3', $3 = '0', $4 = '1', $5 = '63'",,,,,,,,"","client backend"
2024-06-16 14:33:15.188 CST,"raingage","benchmark",15270,"127.0.0.1:45212",666e86a6.3ba6,746,"COMMIT",2024-06-16 14:31:02 CST,6/54,90831,LOG,00000,"execute S_2: COMMIT",,,,,,,,,"","client backend"
2024-06-16 14:33:15.203 CST,"raingage","benchmark",15270,"127.0.0.1:45212",666e86a6.3ba6,747,"BEGIN",2024-06-16 14:31:02 CST,6/55,0,LOG,00000,"execute S_3: BEGIN",,,,,,,,,"","client backend"
2024-06-16 14:33:15.217 CST,"raingage","benchmark",15270,"127.0.0.1:45212",666e86a6.3ba6,748,"SELECT",2024-06-16 14:31:02 CST,6/55,0,LOG,00000,"execute S_4: SELECT d_tax, d_next_o_id     FROM bmsql_district     WHERE d_w_id = $1 AND d_id = $2 ","parameters: $1 = '1', $2 = '2'",,,,,,,,"","client backend"
2024-06-16 14:33:15.259 CST,"raingage","benchmark",15269,"127.0.0.1:45210",666e86a6.3ba5,724,"SELECT",2024-06-16 14:31:02 CST,5/53,90832,LOG,00000,"execute S_1: SELECT c_discount, c_last, c_credit, w_tax     FROM bmsql_customer     JOIN bmsql_warehouse ON (w_id = c_w_id)     WHERE c_w_id = $1 AND c_d_id = $2 AND c_id = $3 FOR UPDATE","parameters: $1 = '1', $2 = '2', $3 = '88'",,,,,,,,"","client backend"
2024-06-16 14:33:15.285 CST,"raingage","benchmark",15270,"127.0.0.1:45212",666e86a6.3ba6,749,"SELECT",2024-06-16 14:31:02 CST,6/55,0,LOG,00000,"execute S_1: SELECT c_discount, c_last, c_credit, w_tax     FROM bmsql_customer     JOIN bmsql_warehouse ON (w_id = c_w_id)     WHERE c_w_id = $1 AND c_d_id = $2 AND c_id = $3 FOR UPDATE","parameters: $1 = '1', $2 = '2', $3 = '41'",,,,,,,,"","client backend"
2024-06-16 14:33:15.328 CST,"raingage","benchmark",15269,"127.0.0.1:45210",666e86a6.3ba5,725,"SELECT",2024-06-16 14:31:02 CST,5/53,90832,LOG,00000,"execute S_1: SELECT c_discount, c_last, c_credit, w_tax     FROM bmsql_customer     JOIN bmsql_warehouse ON (w_id = c_w_id)     WHERE c_w_id = $1 AND c_d_id = $2 AND c_id = $3 FOR UPDATE","parameters: $1 = '1', $2 = '2', $3 = '88'",,,,,,,,"","client backend"
2024-06-16 14:33:15.395 CST,"raingage","benchmark",15269,"127.0.0.1:45210",666e86a6.3ba5,726,"SELECT",2024-06-16 14:31:02 CST,5/53,90832,LOG,00000,"execute S_1: SELECT c_discount, c_last, c_credit, w_tax     FROM bmsql_customer     JOIN bmsql_warehouse ON (w_id = c_w_id)     WHERE c_w_id = $1 AND c_d_id = $2 AND c_id = $3 FOR UPDATE","parameters: $1 = '1', $2 = '2', $3 = '88'",,,,,,,,"","client backend"
2024-06-16 14:33:15.466 CST,"raingage","benchmark",15269,"127.0.0.1:45210",666e86a6.3ba5,727,"SELECT",2024-06-16 14:31:02 CST,5/53,90832,LOG,00000,"execute S_1: SELECT c_discount, c_last, c_credit, w_tax     FROM bmsql_customer     JOIN bmsql_warehouse ON (w_id = c_w_id)     WHERE c_w_id = $1 AND c_d_id = $2 AND c_id = $3 FOR UPDATE","parameters: $1 = '1', $2 = '2', $3 = '88'",,,,,,,,"","client backend"
2024-06-16 14:33:15.533 CST,"raingage","benchmark",15269,"127.0.0.1:45210",666e86a6.3ba5,728,"SELECT",2024-06-16 14:31:02 CST,5/53,90832,LOG,00000,"execute S_1: SELECT c_discount, c_last, c_credit, w_tax     FROM bmsql_customer     JOIN bmsql_warehouse ON (w_id = c_w_id)     WHERE c_w_id = $1 AND c_d_id = $2 AND c_id = $3 FOR UPDATE","parameters: $1 = '1', $2 = '2', $3 = '88'",,,,,,,,"","client backend"
2024-06-16 14:33:15.601 CST,"raingage","benchmark",15269,"127.0.0.1:45210",666e86a6.3ba5,729,"SELECT",2024-06-16 14:31:02 CST,5/53,90832,LOG,00000,"execute S_1: SELECT c_discount, c_last, c_credit, w_tax     FROM bmsql_customer     JOIN bmsql_warehouse ON (w_id = c_w_id)     WHERE c_w_id = $1 AND c_d_id = $2 AND c_id = $3 FOR UPDATE","parameters: $1 = '1', $2 = '2', $3 = '88'",,,,,,,,"","client backend"
2024-06-16 14:33:15.672 CST,"raingage","benchmark",15269,"127.0.0.1:45210",666e86a6.3ba5,730,"SELECT",2024-06-16 14:31:02 CST,5/53,90832,LOG,00000,"execute S_1: SELECT c_discount, c_last, c_credit, w_tax     FROM bmsql_customer     JOIN bmsql_warehouse ON (w_id = c_w_id)     WHERE c_w_id = $1 AND c_d_id = $2 AND c_id = $3 FOR UPDATE","parameters: $1 = '1', $2 = '2', $3 = '88'",,,,,,,,"","client backend"
2024-06-16 14:33:15.688 CST,"raingage","benchmark",15269,"127.0.0.1:45210",666e86a6.3ba5,731,"SELECT",2024-06-16 14:31:02 CST,5/53,90832,LOG,00000,"execute S_6: SELECT i_price, i_name, i_data     FROM bmsql_item     WHERE i_id = $1","parameters: $1 = '97'",,,,,,,,"","client backend"
2024-06-16 14:33:15.702 CST,"raingage","benchmark",15269,"127.0.0.1:45210",666e86a6.3ba5,732,"SELECT",2024-06-16 14:31:02 CST,5/53,90832,LOG,00000,"execute S_7: SELECT s_quantity, s_data,        s_dist_01, s_dist_02, s_dist_03, s_dist_04,        s_dist_05, s_dist_06, s_dist_07, s_dist_08,        s_dist_09, s_dist_10     FROM bmsql_stock     WHERE s_w_id = $1 AND s_i_id = $2  FOR UPDATE","parameters: $1 = '1', $2 = '97'",,,,,,,,"","client backend"
2024-06-16 14:33:15.717 CST,"raingage","benchmark",15269,"127.0.0.1:45210",666e86a6.3ba5,733,"UPDATE",2024-06-16 14:31:02 CST,5/53,90832,LOG,00000,"execute S_8: UPDATE bmsql_stock     SET s_quantity = $1, s_ytd = s_ytd + $2,         s_order_cnt = s_order_cnt + 1,         s_remote_cnt = s_remote_cnt + $3     WHERE s_w_id = $4 AND s_i_id = $5","parameters: $1 = '23', $2 = '3', $3 = '0', $4 = '1', $5 = '97'",,,,,,,,"","client backend"
2024-06-16 14:33:15.734 CST,"raingage","benchmark",15269,"127.0.0.1:45210",666e86a6.3ba5,734,"COMMIT",2024-06-16 14:31:02 CST,5/53,90832,LOG,00000,"execute S_3: COMMIT",,,,,,,,,"","client backend"
2024-06-16 14:33:15.755 CST,"raingage","benchmark",15269,"127.0.0.1:45210",666e86a6.3ba5,735,"BEGIN",2024-06-16 14:31:02 CST,5/54,0,LOG,00000,"execute S_4: BEGIN",,,,,,,,,"","client backend"
2024-06-16 14:33:15.766 CST,"raingage","benchmark",15269,"127.0.0.1:45210",666e86a6.3ba5,736,"SELECT",2024-06-16 14:31:02 CST,5/54,0,LOG,00000,"execute S_5: SELECT d_tax, d_next_o_id     FROM bmsql_district     WHERE d_w_id = $1 AND d_id = $2 ","parameters: $1 = '1', $2 = '2'",,,,,,,,"","client backend"
2024-06-16 14:33:15.803 CST,"raingage","benchmark",15270,"127.0.0.1:45212",666e86a6.3ba6,750,"SELECT",2024-06-16 14:31:02 CST,6/55,90833,LOG,00000,"execute S_1: SELECT c_discount, c_last, c_credit, w_tax     FROM bmsql_customer     JOIN bmsql_warehouse ON (w_id = c_w_id)     WHERE c_w_id = $1 AND c_d_id = $2 AND c_id = $3 FOR UPDATE","parameters: $1 = '1', $2 = '2', $3 = '41'",,,,,,,,"","client backend"
2024-06-16 14:33:15.836 CST,"raingage","benchmark",15269,"127.0.0.1:45210",666e86a6.3ba5,737,"SELECT",2024-06-16 14:31:02 CST,5/54,0,LOG,00000,"execute S_1: SELECT c_discount, c_last, c_credit, w_tax     FROM bmsql_customer     JOIN bmsql_warehouse ON (w_id = c_w_id)     WHERE c_w_id = $1 AND c_d_id = $2 AND c_id = $3 FOR UPDATE","parameters: $1 = '1', $2 = '2', $3 = '19'",,,,,,,,"","client backend"
2024-06-16 14:33:15.868 CST,"raingage","benchmark",15270,"127.0.0.1:45212",666e86a6.3ba6,751,"SELECT",2024-06-16 14:31:02 CST,6/55,90833,LOG,00000,"execute S_1: SELECT c_discount, c_last, c_credit, w_tax     FROM bmsql_customer     JOIN bmsql_warehouse ON (w_id = c_w_id)     WHERE c_w_id = $1 AND c_d_id = $2 AND c_id = $3 FOR UPDATE","parameters: $1 = '1', $2 = '2', $3 = '41'",,,,,,,,"","client backend"
2024-06-16 14:33:15.932 CST,"raingage","benchmark",15270,"127.0.0.1:45212",666e86a6.3ba6,752,"SELECT",2024-06-16 14:31:02 CST,6/55,90833,LOG,00000,"execute S_1: SELECT c_discount, c_last, c_credit, w_tax     FROM bmsql_customer     JOIN bmsql_warehouse ON (w_id = c_w_id)     WHERE c_w_id = $1 AND c_d_id = $2 AND c_id = $3 FOR UPDATE","parameters: $1 = '1', $2 = '2', $3 = '41'",,,,,,,,"","client backend"
2024-06-16 14:33:15.997 CST,"raingage","benchmark",15270,"127.0.0.1:45212",666e86a6.3ba6,753,"SELECT",2024-06-16 14:31:02 CST,6/55,90833,LOG,00000,"execute S_1: SELECT c_discount, c_last, c_credit, w_tax     FROM bmsql_customer     JOIN bmsql_warehouse ON (w_id = c_w_id)     WHERE c_w_id = $1 AND c_d_id = $2 AND c_id = $3 FOR UPDATE","parameters: $1 = '1', $2 = '2', $3 = '41'",,,,,,,,"","client backend"
2024-06-16 14:33:16.065 CST,"raingage","benchmark",15270,"127.0.0.1:45212",666e86a6.3ba6,754,"SELECT",2024-06-16 14:31:02 CST,6/55,90833,LOG,00000,"execute S_1: SELECT c_discount, c_last, c_credit, w_tax     FROM bmsql_customer     JOIN bmsql_warehouse ON (w_id = c_w_id)     WHERE c_w_id = $1 AND c_d_id = $2 AND c_id = $3 FOR UPDATE","parameters: $1 = '1', $2 = '2', $3 = '41'",,,,,,,,"","client backend"
2024-06-16 14:33:16.132 CST,"raingage","benchmark",15270,"127.0.0.1:45212",666e86a6.3ba6,755,"SELECT",2024-06-16 14:31:02 CST,6/55,90833,LOG,00000,"execute S_1: SELECT c_discount, c_last, c_credit, w_tax     FROM bmsql_customer     JOIN bmsql_warehouse ON (w_id = c_w_id)     WHERE c_w_id = $1 AND c_d_id = $2 AND c_id = $3 FOR UPDATE","parameters: $1 = '1', $2 = '2', $3 = '41'",,,,,,,,"","client backend"
2024-06-16 14:33:16.197 CST,"raingage","benchmark",15270,"127.0.0.1:45212",666e86a6.3ba6,756,"SELECT",2024-06-16 14:31:02 CST,6/55,90833,LOG,00000,"execute S_1: SELECT c_discount, c_last, c_credit, w_tax     FROM bmsql_customer     JOIN bmsql_warehouse ON (w_id = c_w_id)     WHERE c_w_id = $1 AND c_d_id = $2 AND c_id = $3 FOR UPDATE","parameters: $1 = '1', $2 = '2', $3 = '41'",,,,,,,,"","client backend"
2024-06-16 14:33:16.211 CST,"raingage","benchmark",15270,"127.0.0.1:45212",666e86a6.3ba6,757,"SELECT",2024-06-16 14:31:02 CST,6/55,90833,LOG,00000,"execute S_5: SELECT i_price, i_name, i_data     FROM bmsql_item     WHERE i_id = $1","parameters: $1 = '6'",,,,,,,,"","client backend"
2024-06-16 14:33:16.223 CST,"raingage","benchmark",15270,"127.0.0.1:45212",666e86a6.3ba6,758,"SELECT",2024-06-16 14:31:02 CST,6/55,90833,LOG,00000,"execute S_6: SELECT s_quantity, s_data,        s_dist_01, s_dist_02, s_dist_03, s_dist_04,        s_dist_05, s_dist_06, s_dist_07, s_dist_08,        s_dist_09, s_dist_10     FROM bmsql_stock     WHERE s_w_id = $1 AND s_i_id = $2  FOR UPDATE","parameters: $1 = '1', $2 = '6'",,,,,,,,"","client backend"
2024-06-16 14:33:16.236 CST,"raingage","benchmark",15270,"127.0.0.1:45212",666e86a6.3ba6,759,"UPDATE",2024-06-16 14:31:02 CST,6/55,90833,LOG,00000,"execute S_7: UPDATE bmsql_stock     SET s_quantity = $1, s_ytd = s_ytd + $2,         s_order_cnt = s_order_cnt + 1,         s_remote_cnt = s_remote_cnt + $3     WHERE s_w_id = $4 AND s_i_id = $5","parameters: $1 = '47', $2 = '1', $3 = '0', $4 = '1', $5 = '6'",,,,,,,,"","client backend"
2024-06-16 14:33:16.248 CST,"raingage","benchmark",15270,"127.0.0.1:45212",666e86a6.3ba6,760,"COMMIT",2024-06-16 14:31:02 CST,6/55,90833,LOG,00000,"execute S_2: COMMIT",,,,,,,,,"","client backend"
2024-06-16 14:33:16.265 CST,"raingage","benchmark",15270,"127.0.0.1:45212",666e86a6.3ba6,761,"BEGIN",2024-06-16 14:31:02 CST,6/56,0,LOG,00000,"execute S_3: BEGIN",,,,,,,,,"","client backend"
2024-06-16 14:33:16.277 CST,"raingage","benchmark",15270,"127.0.0.1:45212",666e86a6.3ba6,762,"SELECT",2024-06-16 14:31:02 CST,6/56,0,LOG,00000,"execute S_4: SELECT d_tax, d_next_o_id     FROM bmsql_district     WHERE d_w_id = $1 AND d_id = $2 ","parameters: $1 = '1', $2 = '2'",,,,,,,,"","client backend"
2024-06-16 14:33:16.313 CST,"raingage","benchmark",15269,"127.0.0.1:45210",666e86a6.3ba5,738,"SELECT",2024-06-16 14:31:02 CST,5/54,90834,LOG,00000,"execute S_1: SELECT c_discount, c_last, c_credit, w_tax     FROM bmsql_customer     JOIN bmsql_warehouse ON (w_id = c_w_id)     WHERE c_w_id = $1 AND c_d_id = $2 AND c_id = $3 FOR UPDATE","parameters: $1 = '1', $2 = '2', $3 = '19'",,,,,,,,"","client backend"
2024-06-16 14:33:16.344 CST,"raingage","benchmark",15270,"127.0.0.1:45212",666e86a6.3ba6,763,"SELECT",2024-06-16 14:31:02 CST,6/56,0,LOG,00000,"execute S_1: SELECT c_discount, c_last, c_credit, w_tax     FROM bmsql_customer     JOIN bmsql_warehouse ON (w_id = c_w_id)     WHERE c_w_id = $1 AND c_d_id = $2 AND c_id = $3 FOR UPDATE","parameters: $1 = '1', $2 = '2', $3 = '19'",,,,,,,,"","client backend"
2024-06-16 14:33:16.377 CST,"raingage","benchmark",15269,"127.0.0.1:45210",666e86a6.3ba5,739,"SELECT",2024-06-16 14:31:02 CST,5/54,90834,LOG,00000,"execute S_1: SELECT c_discount, c_last, c_credit, w_tax     FROM bmsql_customer     JOIN bmsql_warehouse ON (w_id = c_w_id)     WHERE c_w_id = $1 AND c_d_id = $2 AND c_id = $3 FOR UPDATE","parameters: $1 = '1', $2 = '2', $3 = '19'",,,,,,,,"","client backend"
2024-06-16 14:33:16.445 CST,"raingage","benchmark",15269,"127.0.0.1:45210",666e86a6.3ba5,740,"SELECT",2024-06-16 14:31:02 CST,5/54,90834,LOG,00000,"execute S_1: SELECT c_discount, c_last, c_credit, w_tax     FROM bmsql_customer     JOIN bmsql_warehouse ON (w_id = c_w_id)     WHERE c_w_id = $1 AND c_d_id = $2 AND c_id = $3 FOR UPDATE","parameters: $1 = '1', $2 = '2', $3 = '19'",,,,,,,,"","client backend"
2024-06-16 14:33:16.508 CST,"raingage","benchmark",15269,"127.0.0.1:45210",666e86a6.3ba5,741,"SELECT",2024-06-16 14:31:02 CST,5/54,90834,LOG,00000,"execute S_1: SELECT c_discount, c_last, c_credit, w_tax     FROM bmsql_customer     JOIN bmsql_warehouse ON (w_id = c_w_id)     WHERE c_w_id = $1 AND c_d_id = $2 AND c_id = $3 FOR UPDATE","parameters: $1 = '1', $2 = '2', $3 = '19'",,,,,,,,"","client backend"
2024-06-16 14:33:16.580 CST,"raingage","benchmark",15269,"127.0.0.1:45210",666e86a6.3ba5,742,"SELECT",2024-06-16 14:31:02 CST,5/54,90834,LOG,00000,"execute S_1: SELECT c_discount, c_last, c_credit, w_tax     FROM bmsql_customer     JOIN bmsql_warehouse ON (w_id = c_w_id)     WHERE c_w_id = $1 AND c_d_id = $2 AND c_id = $3 FOR UPDATE","parameters: $1 = '1', $2 = '2', $3 = '19'",,,,,,,,"","client backend"
2024-06-16 14:33:16.644 CST,"raingage","benchmark",15269,"127.0.0.1:45210",666e86a6.3ba5,743,"SELECT",2024-06-16 14:31:02 CST,5/54,90834,LOG,00000,"execute S_1: SELECT c_discount, c_last, c_credit, w_tax     FROM bmsql_customer     JOIN bmsql_warehouse ON (w_id = c_w_id)     WHERE c_w_id = $1 AND c_d_id = $2 AND c_id = $3 FOR UPDATE","parameters: $1 = '1', $2 = '2', $3 = '19'",,,,,,,,"","client backend"
2024-06-16 14:33:16.709 CST,"raingage","benchmark",15269,"127.0.0.1:45210",666e86a6.3ba5,744,"SELECT",2024-06-16 14:31:02 CST,5/54,90834,LOG,00000,"execute S_1: SELECT c_discount, c_last, c_credit, w_tax     FROM bmsql_customer     JOIN bmsql_warehouse ON (w_id = c_w_id)     WHERE c_w_id = $1 AND c_d_id = $2 AND c_id = $3 FOR UPDATE","parameters: $1 = '1', $2 = '2', $3 = '19'",,,,,,,,"","client backend"
2024-06-16 14:33:16.730 CST,"raingage","benchmark",15269,"127.0.0.1:45210",666e86a6.3ba5,745,"SELECT",2024-06-16 14:31:02 CST,5/54,90834,LOG,00000,"execute S_6: SELECT i_price, i_name, i_data     FROM bmsql_item     WHERE i_id = $1","parameters: $1 = '29'",,,,,,,,"","client backend"
2024-06-16 14:33:16.750 CST,"raingage","benchmark",15269,"127.0.0.1:45210",666e86a6.3ba5,746,"SELECT",2024-06-16 14:31:02 CST,5/54,90834,LOG,00000,"execute S_7: SELECT s_quantity, s_data,        s_dist_01, s_dist_02, s_dist_03, s_dist_04,        s_dist_05, s_dist_06, s_dist_07, s_dist_08,        s_dist_09, s_dist_10     FROM bmsql_stock     WHERE s_w_id = $1 AND s_i_id = $2  FOR UPDATE","parameters: $1 = '1', $2 = '29'",,,,,,,,"","client backend"
2024-06-16 14:33:16.768 CST,"raingage","benchmark",15269,"127.0.0.1:45210",666e86a6.3ba5,747,"UPDATE",2024-06-16 14:31:02 CST,5/54,90834,LOG,00000,"execute S_8: UPDATE bmsql_stock     SET s_quantity = $1, s_ytd = s_ytd + $2,         s_order_cnt = s_order_cnt + 1,         s_remote_cnt = s_remote_cnt + $3     WHERE s_w_id = $4 AND s_i_id = $5","parameters: $1 = '27', $2 = '3', $3 = '0', $4 = '1', $5 = '29'",,,,,,,,"","client backend"
2024-06-16 14:33:16.780 CST,"raingage","benchmark",15269,"127.0.0.1:45210",666e86a6.3ba5,748,"COMMIT",2024-06-16 14:31:02 CST,5/54,90834,LOG,00000,"execute S_3: COMMIT",,,,,,,,,"","client backend"
2024-06-16 14:33:16.796 CST,"raingage","benchmark",15269,"127.0.0.1:45210",666e86a6.3ba5,749,"BEGIN",2024-06-16 14:31:02 CST,5/55,0,LOG,00000,"execute S_4: BEGIN",,,,,,,,,"","client backend"
2024-06-16 14:33:16.814 CST,"raingage","benchmark",15269,"127.0.0.1:45210",666e86a6.3ba5,750,"SELECT",2024-06-16 14:31:02 CST,5/55,0,LOG,00000,"execute S_5: SELECT d_tax, d_next_o_id     FROM bmsql_district     WHERE d_w_id = $1 AND d_id = $2 ","parameters: $1 = '1', $2 = '2'",,,,,,,,"","client backend"
2024-06-16 14:33:16.853 CST,"raingage","benchmark",15270,"127.0.0.1:45212",666e86a6.3ba6,764,"SELECT",2024-06-16 14:31:02 CST,6/56,90835,LOG,00000,"execute S_1: SELECT c_discount, c_last, c_credit, w_tax     FROM bmsql_customer     JOIN bmsql_warehouse ON (w_id = c_w_id)     WHERE c_w_id = $1 AND c_d_id = $2 AND c_id = $3 FOR UPDATE","parameters: $1 = '1', $2 = '2', $3 = '19'",,,,,,,,"","client backend"
2024-06-16 14:33:16.877 CST,"raingage","benchmark",15269,"127.0.0.1:45210",666e86a6.3ba5,751,"SELECT",2024-06-16 14:31:02 CST,5/55,0,LOG,00000,"execute S_1: SELECT c_discount, c_last, c_credit, w_tax     FROM bmsql_customer     JOIN bmsql_warehouse ON (w_id = c_w_id)     WHERE c_w_id = $1 AND c_d_id = $2 AND c_id = $3 FOR UPDATE","parameters: $1 = '1', $2 = '2', $3 = '96'",,,,,,,,"","client backend"
2024-06-16 14:33:16.922 CST,"raingage","benchmark",15270,"127.0.0.1:45212",666e86a6.3ba6,765,"SELECT",2024-06-16 14:31:02 CST,6/56,90835,LOG,00000,"execute S_1: SELECT c_discount, c_last, c_credit, w_tax     FROM bmsql_customer     JOIN bmsql_warehouse ON (w_id = c_w_id)     WHERE c_w_id = $1 AND c_d_id = $2 AND c_id = $3 FOR UPDATE","parameters: $1 = '1', $2 = '2', $3 = '19'",,,,,,,,"","client backend"
2024-06-16 14:33:16.991 CST,"raingage","benchmark",15270,"127.0.0.1:45212",666e86a6.3ba6,766,"SELECT",2024-06-16 14:31:02 CST,6/56,90835,LOG,00000,"execute S_1: SELECT c_discount, c_last, c_credit, w_tax     FROM bmsql_customer     JOIN bmsql_warehouse ON (w_id = c_w_id)     WHERE c_w_id = $1 AND c_d_id = $2 AND c_id = $3 FOR UPDATE","parameters: $1 = '1', $2 = '2', $3 = '19'",,,,,,,,"","client backend"
2024-06-16 14:33:17.058 CST,"raingage","benchmark",15270,"127.0.0.1:45212",666e86a6.3ba6,767,"SELECT",2024-06-16 14:31:02 CST,6/56,90835,LOG,00000,"execute S_1: SELECT c_discount, c_last, c_credit, w_tax     FROM bmsql_customer     JOIN bmsql_warehouse ON (w_id = c_w_id)     WHERE c_w_id = $1 AND c_d_id = $2 AND c_id = $3 FOR UPDATE","parameters: $1 = '1', $2 = '2', $3 = '19'",,,,,,,,"","client backend"
2024-06-16 14:33:17.120 CST,"raingage","benchmark",15270,"127.0.0.1:45212",666e86a6.3ba6,768,"SELECT",2024-06-16 14:31:02 CST,6/56,90835,LOG,00000,"execute S_1: SELECT c_discount, c_last, c_credit, w_tax     FROM bmsql_customer     JOIN bmsql_warehouse ON (w_id = c_w_id)     WHERE c_w_id = $1 AND c_d_id = $2 AND c_id = $3 FOR UPDATE","parameters: $1 = '1', $2 = '2', $3 = '19'",,,,,,,,"","client backend"
2024-06-16 14:33:17.190 CST,"raingage","benchmark",15270,"127.0.0.1:45212",666e86a6.3ba6,769,"SELECT",2024-06-16 14:31:02 CST,6/56,90835,LOG,00000,"execute S_1: SELECT c_discount, c_last, c_credit, w_tax     FROM bmsql_customer     JOIN bmsql_warehouse ON (w_id = c_w_id)     WHERE c_w_id = $1 AND c_d_id = $2 AND c_id = $3 FOR UPDATE","parameters: $1 = '1', $2 = '2', $3 = '19'",,,,,,,,"","client backend"
2024-06-16 14:33:17.261 CST,"raingage","benchmark",15270,"127.0.0.1:45212",666e86a6.3ba6,770,"SELECT",2024-06-16 14:31:02 CST,6/56,90835,LOG,00000,"execute S_1: SELECT c_discount, c_last, c_credit, w_tax     FROM bmsql_customer     JOIN bmsql_warehouse ON (w_id = c_w_id)     WHERE c_w_id = $1 AND c_d_id = $2 AND c_id = $3 FOR UPDATE","parameters: $1 = '1', $2 = '2', $3 = '19'",,,,,,,,"","client backend"
2024-06-16 14:33:17.275 CST,"raingage","benchmark",15270,"127.0.0.1:45212",666e86a6.3ba6,771,"SELECT",2024-06-16 14:31:02 CST,6/56,90835,LOG,00000,"execute S_5: SELECT i_price, i_name, i_data     FROM bmsql_item     WHERE i_id = $1","parameters: $1 = '29'",,,,,,,,"","client backend"
2024-06-16 14:33:17.286 CST,"raingage","benchmark",15270,"127.0.0.1:45212",666e86a6.3ba6,772,"SELECT",2024-06-16 14:31:02 CST,6/56,90835,LOG,00000,"execute S_6: SELECT s_quantity, s_data,        s_dist_01, s_dist_02, s_dist_03, s_dist_04,        s_dist_05, s_dist_06, s_dist_07, s_dist_08,        s_dist_09, s_dist_10     FROM bmsql_stock     WHERE s_w_id = $1 AND s_i_id = $2  FOR UPDATE","parameters: $1 = '1', $2 = '29'",,,,,,,,"","client backend"
2024-06-16 14:33:17.307 CST,"raingage","benchmark",15270,"127.0.0.1:45212",666e86a6.3ba6,773,"UPDATE",2024-06-16 14:31:02 CST,6/56,90835,LOG,00000,"execute S_7: UPDATE bmsql_stock     SET s_quantity = $1, s_ytd = s_ytd + $2,         s_order_cnt = s_order_cnt + 1,         s_remote_cnt = s_remote_cnt + $3     WHERE s_w_id = $4 AND s_i_id = $5","parameters: $1 = '24', $2 = '3', $3 = '0', $4 = '1', $5 = '29'",,,,,,,,"","client backend"
2024-06-16 14:33:17.327 CST,"raingage","benchmark",15270,"127.0.0.1:45212",666e86a6.3ba6,774,"COMMIT",2024-06-16 14:31:02 CST,6/56,90835,LOG,00000,"execute S_2: COMMIT",,,,,,,,,"","client backend"
2024-06-16 14:33:17.401 CST,"raingage","benchmark",15269,"127.0.0.1:45210",666e86a6.3ba5,752,"SELECT",2024-06-16 14:31:02 CST,5/55,90836,LOG,00000,"execute S_1: SELECT c_discount, c_last, c_credit, w_tax     FROM bmsql_customer     JOIN bmsql_warehouse ON (w_id = c_w_id)     WHERE c_w_id = $1 AND c_d_id = $2 AND c_id = $3 FOR UPDATE","parameters: $1 = '1', $2 = '2', $3 = '96'",,,,,,,,"","client backend"
2024-06-16 14:33:17.469 CST,"raingage","benchmark",15269,"127.0.0.1:45210",666e86a6.3ba5,753,"SELECT",2024-06-16 14:31:02 CST,5/55,90836,LOG,00000,"execute S_1: SELECT c_discount, c_last, c_credit, w_tax     FROM bmsql_customer     JOIN bmsql_warehouse ON (w_id = c_w_id)     WHERE c_w_id = $1 AND c_d_id = $2 AND c_id = $3 FOR UPDATE","parameters: $1 = '1', $2 = '2', $3 = '96'",,,,,,,,"","client backend"
2024-06-16 14:33:17.537 CST,"raingage","benchmark",15269,"127.0.0.1:45210",666e86a6.3ba5,754,"SELECT",2024-06-16 14:31:02 CST,5/55,90836,LOG,00000,"execute S_1: SELECT c_discount, c_last, c_credit, w_tax     FROM bmsql_customer     JOIN bmsql_warehouse ON (w_id = c_w_id)     WHERE c_w_id = $1 AND c_d_id = $2 AND c_id = $3 FOR UPDATE","parameters: $1 = '1', $2 = '2', $3 = '96'",,,,,,,,"","client backend"
2024-06-16 14:33:17.607 CST,"raingage","benchmark",15269,"127.0.0.1:45210",666e86a6.3ba5,755,"SELECT",2024-06-16 14:31:02 CST,5/55,90836,LOG,00000,"execute S_1: SELECT c_discount, c_last, c_credit, w_tax     FROM bmsql_customer     JOIN bmsql_warehouse ON (w_id = c_w_id)     WHERE c_w_id = $1 AND c_d_id = $2 AND c_id = $3 FOR UPDATE","parameters: $1 = '1', $2 = '2', $3 = '96'",,,,,,,,"","client backend"
2024-06-16 14:33:17.673 CST,"raingage","benchmark",15269,"127.0.0.1:45210",666e86a6.3ba5,756,"SELECT",2024-06-16 14:31:02 CST,5/55,90836,LOG,00000,"execute S_1: SELECT c_discount, c_last, c_credit, w_tax     FROM bmsql_customer     JOIN bmsql_warehouse ON (w_id = c_w_id)     WHERE c_w_id = $1 AND c_d_id = $2 AND c_id = $3 FOR UPDATE","parameters: $1 = '1', $2 = '2', $3 = '96'",,,,,,,,"","client backend"
2024-06-16 14:33:17.737 CST,"raingage","benchmark",15269,"127.0.0.1:45210",666e86a6.3ba5,757,"SELECT",2024-06-16 14:31:02 CST,5/55,90836,LOG,00000,"execute S_1: SELECT c_discount, c_last, c_credit, w_tax     FROM bmsql_customer     JOIN bmsql_warehouse ON (w_id = c_w_id)     WHERE c_w_id = $1 AND c_d_id = $2 AND c_id = $3 FOR UPDATE","parameters: $1 = '1', $2 = '2', $3 = '96'",,,,,,,,"","client backend"
2024-06-16 14:33:17.806 CST,"raingage","benchmark",15269,"127.0.0.1:45210",666e86a6.3ba5,758,"SELECT",2024-06-16 14:31:02 CST,5/55,90836,LOG,00000,"execute S_1: SELECT c_discount, c_last, c_credit, w_tax     FROM bmsql_customer     JOIN bmsql_warehouse ON (w_id = c_w_id)     WHERE c_w_id = $1 AND c_d_id = $2 AND c_id = $3 FOR UPDATE","parameters: $1 = '1', $2 = '2', $3 = '96'",,,,,,,,"","client backend"
2024-06-16 14:33:17.827 CST,"raingage","benchmark",15269,"127.0.0.1:45210",666e86a6.3ba5,759,"SELECT",2024-06-16 14:31:02 CST,5/55,90836,LOG,00000,"execute S_6: SELECT i_price, i_name, i_data     FROM bmsql_item     WHERE i_id = $1","parameters: $1 = '86'",,,,,,,,"","client backend"
2024-06-16 14:33:17.847 CST,"raingage","benchmark",15269,"127.0.0.1:45210",666e86a6.3ba5,760,"SELECT",2024-06-16 14:31:02 CST,5/55,90836,LOG,00000,"execute S_7: SELECT s_quantity, s_data,        s_dist_01, s_dist_02, s_dist_03, s_dist_04,        s_dist_05, s_dist_06, s_dist_07, s_dist_08,        s_dist_09, s_dist_10     FROM bmsql_stock     WHERE s_w_id = $1 AND s_i_id = $2  FOR UPDATE","parameters: $1 = '1', $2 = '86'",,,,,,,,"","client backend"
2024-06-16 14:33:17.866 CST,"raingage","benchmark",15269,"127.0.0.1:45210",666e86a6.3ba5,761,"UPDATE",2024-06-16 14:31:02 CST,5/55,90836,LOG,00000,"execute S_8: UPDATE bmsql_stock     SET s_quantity = $1, s_ytd = s_ytd + $2,         s_order_cnt = s_order_cnt + 1,         s_remote_cnt = s_remote_cnt + $3     WHERE s_w_id = $4 AND s_i_id = $5","parameters: $1 = '58', $2 = '9', $3 = '0', $4 = '1', $5 = '86'",,,,,,,,"","client backend"
2024-06-16 14:33:17.878 CST,"raingage","benchmark",15269,"127.0.0.1:45210",666e86a6.3ba5,762,"COMMIT",2024-06-16 14:31:02 CST,5/55,90836,LOG,00000,"execute S_3: COMMIT",,,,,,,,,"","client backend"
2024-06-16 14:33:17.892 CST,"raingage","benchmark",15269,"127.0.0.1:45210",666e86a6.3ba5,763,"BEGIN",2024-06-16 14:31:02 CST,5/56,0,LOG,00000,"execute S_4: BEGIN",,,,,,,,,"","client backend"
2024-06-16 14:33:17.903 CST,"raingage","benchmark",15269,"127.0.0.1:45210",666e86a6.3ba5,764,"SELECT",2024-06-16 14:31:02 CST,5/56,0,LOG,00000,"execute S_5: SELECT d_tax, d_next_o_id     FROM bmsql_district     WHERE d_w_id = $1 AND d_id = $2 ","parameters: $1 = '1', $2 = '1'",,,,,,,,"","client backend"
2024-06-16 14:33:17.968 CST,"raingage","benchmark",15269,"127.0.0.1:45210",666e86a6.3ba5,765,"SELECT",2024-06-16 14:31:02 CST,5/56,0,LOG,00000,"execute S_1: SELECT c_discount, c_last, c_credit, w_tax     FROM bmsql_customer     JOIN bmsql_warehouse ON (w_id = c_w_id)     WHERE c_w_id = $1 AND c_d_id = $2 AND c_id = $3 FOR UPDATE","parameters: $1 = '1', $2 = '1', $3 = '58'",,,,,,,,"","client backend"
2024-06-16 14:33:18.031 CST,"raingage","benchmark",15269,"127.0.0.1:45210",666e86a6.3ba5,766,"SELECT",2024-06-16 14:31:02 CST,5/56,90837,LOG,00000,"execute S_1: SELECT c_discount, c_last, c_credit, w_tax     FROM bmsql_customer     JOIN bmsql_warehouse ON (w_id = c_w_id)     WHERE c_w_id = $1 AND c_d_id = $2 AND c_id = $3 FOR UPDATE","parameters: $1 = '1', $2 = '1', $3 = '58'",,,,,,,,"","client backend"
2024-06-16 14:33:18.099 CST,"raingage","benchmark",15269,"127.0.0.1:45210",666e86a6.3ba5,767,"SELECT",2024-06-16 14:31:02 CST,5/56,90837,LOG,00000,"execute S_1: SELECT c_discount, c_last, c_credit, w_tax     FROM bmsql_customer     JOIN bmsql_warehouse ON (w_id = c_w_id)     WHERE c_w_id = $1 AND c_d_id = $2 AND c_id = $3 FOR UPDATE","parameters: $1 = '1', $2 = '1', $3 = '58'",,,,,,,,"","client backend"
2024-06-16 14:33:18.161 CST,"raingage","benchmark",15269,"127.0.0.1:45210",666e86a6.3ba5,768,"SELECT",2024-06-16 14:31:02 CST,5/56,90837,LOG,00000,"execute S_1: SELECT c_discount, c_last, c_credit, w_tax     FROM bmsql_customer     JOIN bmsql_warehouse ON (w_id = c_w_id)     WHERE c_w_id = $1 AND c_d_id = $2 AND c_id = $3 FOR UPDATE","parameters: $1 = '1', $2 = '1', $3 = '58'",,,,,,,,"","client backend"
2024-06-16 14:33:18.226 CST,"raingage","benchmark",15269,"127.0.0.1:45210",666e86a6.3ba5,769,"SELECT",2024-06-16 14:31:02 CST,5/56,90837,LOG,00000,"execute S_1: SELECT c_discount, c_last, c_credit, w_tax     FROM bmsql_customer     JOIN bmsql_warehouse ON (w_id = c_w_id)     WHERE c_w_id = $1 AND c_d_id = $2 AND c_id = $3 FOR UPDATE","parameters: $1 = '1', $2 = '1', $3 = '58'",,,,,,,,"","client backend"
2024-06-16 14:33:18.294 CST,"raingage","benchmark",15269,"127.0.0.1:45210",666e86a6.3ba5,770,"SELECT",2024-06-16 14:31:02 CST,5/56,90837,LOG,00000,"execute S_1: SELECT c_discount, c_last, c_credit, w_tax     FROM bmsql_customer     JOIN bmsql_warehouse ON (w_id = c_w_id)     WHERE c_w_id = $1 AND c_d_id = $2 AND c_id = $3 FOR UPDATE","parameters: $1 = '1', $2 = '1', $3 = '58'",,,,,,,,"","client backend"
2024-06-16 14:33:18.363 CST,"raingage","benchmark",15269,"127.0.0.1:45210",666e86a6.3ba5,771,"SELECT",2024-06-16 14:31:02 CST,5/56,90837,LOG,00000,"execute S_1: SELECT c_discount, c_last, c_credit, w_tax     FROM bmsql_customer     JOIN bmsql_warehouse ON (w_id = c_w_id)     WHERE c_w_id = $1 AND c_d_id = $2 AND c_id = $3 FOR UPDATE","parameters: $1 = '1', $2 = '1', $3 = '58'",,,,,,,,"","client backend"
2024-06-16 14:33:18.431 CST,"raingage","benchmark",15269,"127.0.0.1:45210",666e86a6.3ba5,772,"SELECT",2024-06-16 14:31:02 CST,5/56,90837,LOG,00000,"execute S_1: SELECT c_discount, c_last, c_credit, w_tax     FROM bmsql_customer     JOIN bmsql_warehouse ON (w_id = c_w_id)     WHERE c_w_id = $1 AND c_d_id = $2 AND c_id = $3 FOR UPDATE","parameters: $1 = '1', $2 = '1', $3 = '58'",,,,,,,,"","client backend"
2024-06-16 14:33:18.449 CST,"raingage","benchmark",15269,"127.0.0.1:45210",666e86a6.3ba5,773,"SELECT",2024-06-16 14:31:02 CST,5/56,90837,LOG,00000,"execute S_6: SELECT i_price, i_name, i_data     FROM bmsql_item     WHERE i_id = $1","parameters: $1 = '45'",,,,,,,,"","client backend"
2024-06-16 14:33:18.470 CST,"raingage","benchmark",15269,"127.0.0.1:45210",666e86a6.3ba5,774,"SELECT",2024-06-16 14:31:02 CST,5/56,90837,LOG,00000,"execute S_7: SELECT s_quantity, s_data,        s_dist_01, s_dist_02, s_dist_03, s_dist_04,        s_dist_05, s_dist_06, s_dist_07, s_dist_08,        s_dist_09, s_dist_10     FROM bmsql_stock     WHERE s_w_id = $1 AND s_i_id = $2  FOR UPDATE","parameters: $1 = '1', $2 = '45'",,,,,,,,"","client backend"
2024-06-16 14:33:18.490 CST,"raingage","benchmark",15269,"127.0.0.1:45210",666e86a6.3ba5,775,"UPDATE",2024-06-16 14:31:02 CST,5/56,90837,LOG,00000,"execute S_8: UPDATE bmsql_stock     SET s_quantity = $1, s_ytd = s_ytd + $2,         s_order_cnt = s_order_cnt + 1,         s_remote_cnt = s_remote_cnt + $3     WHERE s_w_id = $4 AND s_i_id = $5","parameters: $1 = '67', $2 = '2', $3 = '0', $4 = '1', $5 = '45'",,,,,,,,"","client backend"
2024-06-16 14:33:18.509 CST,"raingage","benchmark",15269,"127.0.0.1:45210",666e86a6.3ba5,776,"COMMIT",2024-06-16 14:31:02 CST,5/56,90837,LOG,00000,"execute S_3: COMMIT",,,,,,,,,"","client backend"
2024-06-16 14:33:19.923 CST,"raingage","benchmark",15271,"127.0.0.1:45214",666e86a7.3ba7,801,"BEGIN",2024-06-16 14:31:03 CST,7/59,0,LOG,00000,"execute S_3: BEGIN",,,,,,,,,"","client backend"
2024-06-16 14:33:19.935 CST,"raingage","benchmark",15271,"127.0.0.1:45214",666e86a7.3ba7,802,"SELECT",2024-06-16 14:31:03 CST,7/59,0,LOG,00000,"execute S_4: SELECT d_tax, d_next_o_id     FROM bmsql_district     WHERE d_w_id = $1 AND d_id = $2 ","parameters: $1 = '1', $2 = '4'",,,,,,,,"","client backend"
2024-06-16 14:33:19.998 CST,"raingage","benchmark",15271,"127.0.0.1:45214",666e86a7.3ba7,803,"SELECT",2024-06-16 14:31:03 CST,7/59,0,LOG,00000,"execute S_1: SELECT c_discount, c_last, c_credit, w_tax     FROM bmsql_customer     JOIN bmsql_warehouse ON (w_id = c_w_id)     WHERE c_w_id = $1 AND c_d_id = $2 AND c_id = $3 FOR UPDATE","parameters: $1 = '1', $2 = '4', $3 = '66'",,,,,,,,"","client backend"
2024-06-16 14:33:20.061 CST,"raingage","benchmark",15271,"127.0.0.1:45214",666e86a7.3ba7,804,"SELECT",2024-06-16 14:31:03 CST,7/59,90838,LOG,00000,"execute S_1: SELECT c_discount, c_last, c_credit, w_tax     FROM bmsql_customer     JOIN bmsql_warehouse ON (w_id = c_w_id)     WHERE c_w_id = $1 AND c_d_id = $2 AND c_id = $3 FOR UPDATE","parameters: $1 = '1', $2 = '4', $3 = '66'",,,,,,,,"","client backend"
2024-06-16 14:33:20.123 CST,"raingage","benchmark",15271,"127.0.0.1:45214",666e86a7.3ba7,805,"SELECT",2024-06-16 14:31:03 CST,7/59,90838,LOG,00000,"execute S_1: SELECT c_discount, c_last, c_credit, w_tax     FROM bmsql_customer     JOIN bmsql_warehouse ON (w_id = c_w_id)     WHERE c_w_id = $1 AND c_d_id = $2 AND c_id = $3 FOR UPDATE","parameters: $1 = '1', $2 = '4', $3 = '66'",,,,,,,,"","client backend"
2024-06-16 14:33:20.194 CST,"raingage","benchmark",15271,"127.0.0.1:45214",666e86a7.3ba7,806,"SELECT",2024-06-16 14:31:03 CST,7/59,90838,LOG,00000,"execute S_1: SELECT c_discount, c_last, c_credit, w_tax     FROM bmsql_customer     JOIN bmsql_warehouse ON (w_id = c_w_id)     WHERE c_w_id = $1 AND c_d_id = $2 AND c_id = $3 FOR UPDATE","parameters: $1 = '1', $2 = '4', $3 = '66'",,,,,,,,"","client backend"
2024-06-16 14:33:20.259 CST,"raingage","benchmark",15271,"127.0.0.1:45214",666e86a7.3ba7,807,"SELECT",2024-06-16 14:31:03 CST,7/59,90838,LOG,00000,"execute S_1: SELECT c_discount, c_last, c_credit, w_tax     FROM bmsql_customer     JOIN bmsql_warehouse ON (w_id = c_w_id)     WHERE c_w_id = $1 AND c_d_id = $2 AND c_id = $3 FOR UPDATE","parameters: $1 = '1', $2 = '4', $3 = '66'",,,,,,,,"","client backend"
2024-06-16 14:33:20.331 CST,"raingage","benchmark",15271,"127.0.0.1:45214",666e86a7.3ba7,808,"SELECT",2024-06-16 14:31:03 CST,7/59,90838,LOG,00000,"execute S_1: SELECT c_discount, c_last, c_credit, w_tax     FROM bmsql_customer     JOIN bmsql_warehouse ON (w_id = c_w_id)     WHERE c_w_id = $1 AND c_d_id = $2 AND c_id = $3 FOR UPDATE","parameters: $1 = '1', $2 = '4', $3 = '66'",,,,,,,,"","client backend"
2024-06-16 14:33:20.402 CST,"raingage","benchmark",15271,"127.0.0.1:45214",666e86a7.3ba7,809,"SELECT",2024-06-16 14:31:03 CST,7/59,90838,LOG,00000,"execute S_1: SELECT c_discount, c_last, c_credit, w_tax     FROM bmsql_customer     JOIN bmsql_warehouse ON (w_id = c_w_id)     WHERE c_w_id = $1 AND c_d_id = $2 AND c_id = $3 FOR UPDATE","parameters: $1 = '1', $2 = '4', $3 = '66'",,,,,,,,"","client backend"
2024-06-16 14:33:20.473 CST,"raingage","benchmark",15271,"127.0.0.1:45214",666e86a7.3ba7,810,"SELECT",2024-06-16 14:31:03 CST,7/59,90838,LOG,00000,"execute S_1: SELECT c_discount, c_last, c_credit, w_tax     FROM bmsql_customer     JOIN bmsql_warehouse ON (w_id = c_w_id)     WHERE c_w_id = $1 AND c_d_id = $2 AND c_id = $3 FOR UPDATE","parameters: $1 = '1', $2 = '4', $3 = '66'",,,,,,,,"","client backend"
2024-06-16 14:33:20.488 CST,"raingage","benchmark",15271,"127.0.0.1:45214",666e86a7.3ba7,811,"SELECT",2024-06-16 14:31:03 CST,7/59,90838,LOG,00000,"execute S_5: SELECT i_price, i_name, i_data     FROM bmsql_item     WHERE i_id = $1","parameters: $1 = '5'",,,,,,,,"","client backend"
2024-06-16 14:33:20.504 CST,"raingage","benchmark",15271,"127.0.0.1:45214",666e86a7.3ba7,812,"SELECT",2024-06-16 14:31:03 CST,7/59,90838,LOG,00000,"execute S_6: SELECT s_quantity, s_data,        s_dist_01, s_dist_02, s_dist_03, s_dist_04,        s_dist_05, s_dist_06, s_dist_07, s_dist_08,        s_dist_09, s_dist_10     FROM bmsql_stock     WHERE s_w_id = $1 AND s_i_id = $2  FOR UPDATE","parameters: $1 = '1', $2 = '5'",,,,,,,,"","client backend"
2024-06-16 14:33:20.516 CST,"raingage","benchmark",15271,"127.0.0.1:45214",666e86a7.3ba7,813,"UPDATE",2024-06-16 14:31:03 CST,7/59,90838,LOG,00000,"execute S_7: UPDATE bmsql_stock     SET s_quantity = $1, s_ytd = s_ytd + $2,         s_order_cnt = s_order_cnt + 1,         s_remote_cnt = s_remote_cnt + $3     WHERE s_w_id = $4 AND s_i_id = $5","parameters: $1 = '101', $2 = '2', $3 = '0', $4 = '1', $5 = '5'",,,,,,,,"","client backend"
2024-06-16 14:33:20.536 CST,"raingage","benchmark",15271,"127.0.0.1:45214",666e86a7.3ba7,814,"COMMIT",2024-06-16 14:31:03 CST,7/59,90838,LOG,00000,"execute S_2: COMMIT",,,,,,,,,"","client backend"
2024-06-16 14:33:22.041 CST,"raingage","benchmark",15268,"127.0.0.1:45208",666e86a6.3ba4,677,"BEGIN",2024-06-16 14:31:02 CST,4/50,0,LOG,00000,"execute S_3: BEGIN",,,,,,,,,"","client backend"
2024-06-16 14:33:22.059 CST,"raingage","benchmark",15268,"127.0.0.1:45208",666e86a6.3ba4,678,"SELECT",2024-06-16 14:31:02 CST,4/50,0,LOG,00000,"execute S_4: SELECT d_tax, d_next_o_id     FROM bmsql_district     WHERE d_w_id = $1 AND d_id = $2 ","parameters: $1 = '1', $2 = '2'",,,,,,,,"","client backend"
2024-06-16 14:33:22.123 CST,"raingage","benchmark",15268,"127.0.0.1:45208",666e86a6.3ba4,679,"SELECT",2024-06-16 14:31:02 CST,4/50,0,LOG,00000,"execute S_1: SELECT c_discount, c_last, c_credit, w_tax     FROM bmsql_customer     JOIN bmsql_warehouse ON (w_id = c_w_id)     WHERE c_w_id = $1 AND c_d_id = $2 AND c_id = $3 FOR UPDATE","parameters: $1 = '1', $2 = '2', $3 = '22'",,,,,,,,"","client backend"
2024-06-16 14:33:22.195 CST,"raingage","benchmark",15268,"127.0.0.1:45208",666e86a6.3ba4,680,"SELECT",2024-06-16 14:31:02 CST,4/50,90839,LOG,00000,"execute S_1: SELECT c_discount, c_last, c_credit, w_tax     FROM bmsql_customer     JOIN bmsql_warehouse ON (w_id = c_w_id)     WHERE c_w_id = $1 AND c_d_id = $2 AND c_id = $3 FOR UPDATE","parameters: $1 = '1', $2 = '2', $3 = '22'",,,,,,,,"","client backend"
2024-06-16 14:33:22.265 CST,"raingage","benchmark",15268,"127.0.0.1:45208",666e86a6.3ba4,681,"SELECT",2024-06-16 14:31:02 CST,4/50,90839,LOG,00000,"execute S_1: SELECT c_discount, c_last, c_credit, w_tax     FROM bmsql_customer     JOIN bmsql_warehouse ON (w_id = c_w_id)     WHERE c_w_id = $1 AND c_d_id = $2 AND c_id = $3 FOR UPDATE","parameters: $1 = '1', $2 = '2', $3 = '22'",,,,,,,,"","client backend"
2024-06-16 14:33:22.333 CST,"raingage","benchmark",15268,"127.0.0.1:45208",666e86a6.3ba4,682,"SELECT",2024-06-16 14:31:02 CST,4/50,90839,LOG,00000,"execute S_1: SELECT c_discount, c_last, c_credit, w_tax     FROM bmsql_customer     JOIN bmsql_warehouse ON (w_id = c_w_id)     WHERE c_w_id = $1 AND c_d_id = $2 AND c_id = $3 FOR UPDATE","parameters: $1 = '1', $2 = '2', $3 = '22'",,,,,,,,"","client backend"
2024-06-16 14:33:22.402 CST,"raingage","benchmark",15268,"127.0.0.1:45208",666e86a6.3ba4,683,"SELECT",2024-06-16 14:31:02 CST,4/50,90839,LOG,00000,"execute S_1: SELECT c_discount, c_last, c_credit, w_tax     FROM bmsql_customer     JOIN bmsql_warehouse ON (w_id = c_w_id)     WHERE c_w_id = $1 AND c_d_id = $2 AND c_id = $3 FOR UPDATE","parameters: $1 = '1', $2 = '2', $3 = '22'",,,,,,,,"","client backend"
2024-06-16 14:33:22.466 CST,"raingage","benchmark",15268,"127.0.0.1:45208",666e86a6.3ba4,684,"SELECT",2024-06-16 14:31:02 CST,4/50,90839,LOG,00000,"execute S_1: SELECT c_discount, c_last, c_credit, w_tax     FROM bmsql_customer     JOIN bmsql_warehouse ON (w_id = c_w_id)     WHERE c_w_id = $1 AND c_d_id = $2 AND c_id = $3 FOR UPDATE","parameters: $1 = '1', $2 = '2', $3 = '22'",,,,,,,,"","client backend"
2024-06-16 14:33:22.528 CST,"raingage","benchmark",15268,"127.0.0.1:45208",666e86a6.3ba4,685,"SELECT",2024-06-16 14:31:02 CST,4/50,90839,LOG,00000,"execute S_1: SELECT c_discount, c_last, c_credit, w_tax     FROM bmsql_customer     JOIN bmsql_warehouse ON (w_id = c_w_id)     WHERE c_w_id = $1 AND c_d_id = $2 AND c_id = $3 FOR UPDATE","parameters: $1 = '1', $2 = '2', $3 = '22'",,,,,,,,"","client backend"
2024-06-16 14:33:22.597 CST,"raingage","benchmark",15268,"127.0.0.1:45208",666e86a6.3ba4,686,"SELECT",2024-06-16 14:31:02 CST,4/50,90839,LOG,00000,"execute S_1: SELECT c_discount, c_last, c_credit, w_tax     FROM bmsql_customer     JOIN bmsql_warehouse ON (w_id = c_w_id)     WHERE c_w_id = $1 AND c_d_id = $2 AND c_id = $3 FOR UPDATE","parameters: $1 = '1', $2 = '2', $3 = '22'",,,,,,,,"","client backend"
2024-06-16 14:33:22.612 CST,"raingage","benchmark",15268,"127.0.0.1:45208",666e86a6.3ba4,687,"SELECT",2024-06-16 14:31:02 CST,4/50,90839,LOG,00000,"execute S_5: SELECT i_price, i_name, i_data     FROM bmsql_item     WHERE i_id = $1","parameters: $1 = '2'",,,,,,,,"","client backend"
2024-06-16 14:33:22.632 CST,"raingage","benchmark",15268,"127.0.0.1:45208",666e86a6.3ba4,688,"SELECT",2024-06-16 14:31:02 CST,4/50,90839,LOG,00000,"execute S_6: SELECT s_quantity, s_data,        s_dist_01, s_dist_02, s_dist_03, s_dist_04,        s_dist_05, s_dist_06, s_dist_07, s_dist_08,        s_dist_09, s_dist_10     FROM bmsql_stock     WHERE s_w_id = $1 AND s_i_id = $2  FOR UPDATE","parameters: $1 = '1', $2 = '2'",,,,,,,,"","client backend"
2024-06-16 14:33:22.651 CST,"raingage","benchmark",15268,"127.0.0.1:45208",666e86a6.3ba4,689,"UPDATE",2024-06-16 14:31:02 CST,4/50,90839,LOG,00000,"execute S_7: UPDATE bmsql_stock     SET s_quantity = $1, s_ytd = s_ytd + $2,         s_order_cnt = s_order_cnt + 1,         s_remote_cnt = s_remote_cnt + $3     WHERE s_w_id = $4 AND s_i_id = $5","parameters: $1 = '32', $2 = '4', $3 = '0', $4 = '1', $5 = '2'",,,,,,,,"","client backend"
2024-06-16 14:33:22.667 CST,"raingage","benchmark",15268,"127.0.0.1:45208",666e86a6.3ba4,690,"COMMIT",2024-06-16 14:31:02 CST,4/50,90839,LOG,00000,"execute S_2: COMMIT",,,,,,,,,"","client backend"
2024-06-16 14:33:22.690 CST,"raingage","benchmark",15268,"127.0.0.1:45208",666e86a6.3ba4,691,"BEGIN",2024-06-16 14:31:02 CST,4/51,0,LOG,00000,"execute S_3: BEGIN",,,,,,,,,"","client backend"
2024-06-16 14:33:22.708 CST,"raingage","benchmark",15268,"127.0.0.1:45208",666e86a6.3ba4,692,"SELECT",2024-06-16 14:31:02 CST,4/51,0,LOG,00000,"execute S_4: SELECT d_tax, d_next_o_id     FROM bmsql_district     WHERE d_w_id = $1 AND d_id = $2 ","parameters: $1 = '1', $2 = '2'",,,,,,,,"","client backend"
2024-06-16 14:33:22.771 CST,"raingage","benchmark",15268,"127.0.0.1:45208",666e86a6.3ba4,693,"SELECT",2024-06-16 14:31:02 CST,4/51,0,LOG,00000,"execute S_1: SELECT c_discount, c_last, c_credit, w_tax     FROM bmsql_customer     JOIN bmsql_warehouse ON (w_id = c_w_id)     WHERE c_w_id = $1 AND c_d_id = $2 AND c_id = $3 FOR UPDATE","parameters: $1 = '1', $2 = '2', $3 = '72'",,,,,,,,"","client backend"
2024-06-16 14:33:22.837 CST,"raingage","benchmark",15268,"127.0.0.1:45208",666e86a6.3ba4,694,"SELECT",2024-06-16 14:31:02 CST,4/51,90840,LOG,00000,"execute S_1: SELECT c_discount, c_last, c_credit, w_tax     FROM bmsql_customer     JOIN bmsql_warehouse ON (w_id = c_w_id)     WHERE c_w_id = $1 AND c_d_id = $2 AND c_id = $3 FOR UPDATE","parameters: $1 = '1', $2 = '2', $3 = '72'",,,,,,,,"","client backend"
2024-06-16 14:33:22.909 CST,"raingage","benchmark",15268,"127.0.0.1:45208",666e86a6.3ba4,695,"SELECT",2024-06-16 14:31:02 CST,4/51,90840,LOG,00000,"execute S_1: SELECT c_discount, c_last, c_credit, w_tax     FROM bmsql_customer     JOIN bmsql_warehouse ON (w_id = c_w_id)     WHERE c_w_id = $1 AND c_d_id = $2 AND c_id = $3 FOR UPDATE","parameters: $1 = '1', $2 = '2', $3 = '72'",,,,,,,,"","client backend"
2024-06-16 14:33:22.980 CST,"raingage","benchmark",15268,"127.0.0.1:45208",666e86a6.3ba4,696,"SELECT",2024-06-16 14:31:02 CST,4/51,90840,LOG,00000,"execute S_1: SELECT c_discount, c_last, c_credit, w_tax     FROM bmsql_customer     JOIN bmsql_warehouse ON (w_id = c_w_id)     WHERE c_w_id = $1 AND c_d_id = $2 AND c_id = $3 FOR UPDATE","parameters: $1 = '1', $2 = '2', $3 = '72'",,,,,,,,"","client backend"
2024-06-16 14:33:23.050 CST,"raingage","benchmark",15268,"127.0.0.1:45208",666e86a6.3ba4,697,"SELECT",2024-06-16 14:31:02 CST,4/51,90840,LOG,00000,"execute S_1: SELECT c_discount, c_last, c_credit, w_tax     FROM bmsql_customer     JOIN bmsql_warehouse ON (w_id = c_w_id)     WHERE c_w_id = $1 AND c_d_id = $2 AND c_id = $3 FOR UPDATE","parameters: $1 = '1', $2 = '2', $3 = '72'",,,,,,,,"","client backend"
2024-06-16 14:33:23.119 CST,"raingage","benchmark",15268,"127.0.0.1:45208",666e86a6.3ba4,698,"SELECT",2024-06-16 14:31:02 CST,4/51,90840,LOG,00000,"execute S_1: SELECT c_discount, c_last, c_credit, w_tax     FROM bmsql_customer     JOIN bmsql_warehouse ON (w_id = c_w_id)     WHERE c_w_id = $1 AND c_d_id = $2 AND c_id = $3 FOR UPDATE","parameters: $1 = '1', $2 = '2', $3 = '72'",,,,,,,,"","client backend"
2024-06-16 14:33:23.181 CST,"raingage","benchmark",15268,"127.0.0.1:45208",666e86a6.3ba4,699,"SELECT",2024-06-16 14:31:02 CST,4/51,90840,LOG,00000,"execute S_1: SELECT c_discount, c_last, c_credit, w_tax     FROM bmsql_customer     JOIN bmsql_warehouse ON (w_id = c_w_id)     WHERE c_w_id = $1 AND c_d_id = $2 AND c_id = $3 FOR UPDATE","parameters: $1 = '1', $2 = '2', $3 = '72'",,,,,,,,"","client backend"
2024-06-16 14:33:23.245 CST,"raingage","benchmark",15268,"127.0.0.1:45208",666e86a6.3ba4,700,"SELECT",2024-06-16 14:31:02 CST,4/51,90840,LOG,00000,"execute S_1: SELECT c_discount, c_last, c_credit, w_tax     FROM bmsql_customer     JOIN bmsql_warehouse ON (w_id = c_w_id)     WHERE c_w_id = $1 AND c_d_id = $2 AND c_id = $3 FOR UPDATE","parameters: $1 = '1', $2 = '2', $3 = '72'",,,,,,,,"","client backend"
2024-06-16 14:33:23.264 CST,"raingage","benchmark",15268,"127.0.0.1:45208",666e86a6.3ba4,701,"SELECT",2024-06-16 14:31:02 CST,4/51,90840,LOG,00000,"execute S_5: SELECT i_price, i_name, i_data     FROM bmsql_item     WHERE i_id = $1","parameters: $1 = '30'",,,,,,,,"","client backend"
2024-06-16 14:33:23.280 CST,"raingage","benchmark",15268,"127.0.0.1:45208",666e86a6.3ba4,702,"SELECT",2024-06-16 14:31:02 CST,4/51,90840,LOG,00000,"execute S_6: SELECT s_quantity, s_data,        s_dist_01, s_dist_02, s_dist_03, s_dist_04,        s_dist_05, s_dist_06, s_dist_07, s_dist_08,        s_dist_09, s_dist_10     FROM bmsql_stock     WHERE s_w_id = $1 AND s_i_id = $2  FOR UPDATE","parameters: $1 = '1', $2 = '30'",,,,,,,,"","client backend"
2024-06-16 14:33:23.299 CST,"raingage","benchmark",15268,"127.0.0.1:45208",666e86a6.3ba4,703,"UPDATE",2024-06-16 14:31:02 CST,4/51,90840,LOG,00000,"execute S_7: UPDATE bmsql_stock     SET s_quantity = $1, s_ytd = s_ytd + $2,         s_order_cnt = s_order_cnt + 1,         s_remote_cnt = s_remote_cnt + $3     WHERE s_w_id = $4 AND s_i_id = $5","parameters: $1 = '62', $2 = '2', $3 = '0', $4 = '1', $5 = '30'",,,,,,,,"","client backend"
2024-06-16 14:33:23.321 CST,"raingage","benchmark",15268,"127.0.0.1:45208",666e86a6.3ba4,704,"COMMIT",2024-06-16 14:31:02 CST,4/51,90840,LOG,00000,"execute S_2: COMMIT",,,,,,,,,"","client backend"
2024-06-16 14:33:23.343 CST,"raingage","benchmark",15268,"127.0.0.1:45208",666e86a6.3ba4,705,"BEGIN",2024-06-16 14:31:02 CST,4/52,0,LOG,00000,"execute S_3: BEGIN",,,,,,,,,"","client backend"
2024-06-16 14:33:23.361 CST,"raingage","benchmark",15268,"127.0.0.1:45208",666e86a6.3ba4,706,"SELECT",2024-06-16 14:31:02 CST,4/52,0,LOG,00000,"execute S_4: SELECT d_tax, d_next_o_id     FROM bmsql_district     WHERE d_w_id = $1 AND d_id = $2 ","parameters: $1 = '1', $2 = '2'",,,,,,,,"","client backend"
2024-06-16 14:33:23.427 CST,"raingage","benchmark",15268,"127.0.0.1:45208",666e86a6.3ba4,707,"SELECT",2024-06-16 14:31:02 CST,4/52,0,LOG,00000,"execute S_1: SELECT c_discount, c_last, c_credit, w_tax     FROM bmsql_customer     JOIN bmsql_warehouse ON (w_id = c_w_id)     WHERE c_w_id = $1 AND c_d_id = $2 AND c_id = $3 FOR UPDATE","parameters: $1 = '1', $2 = '2', $3 = '42'",,,,,,,,"","client backend"
2024-06-16 14:33:23.497 CST,"raingage","benchmark",15268,"127.0.0.1:45208",666e86a6.3ba4,708,"SELECT",2024-06-16 14:31:02 CST,4/52,90841,LOG,00000,"execute S_1: SELECT c_discount, c_last, c_credit, w_tax     FROM bmsql_customer     JOIN bmsql_warehouse ON (w_id = c_w_id)     WHERE c_w_id = $1 AND c_d_id = $2 AND c_id = $3 FOR UPDATE","parameters: $1 = '1', $2 = '2', $3 = '42'",,,,,,,,"","client backend"
2024-06-16 14:33:23.563 CST,"raingage","benchmark",15268,"127.0.0.1:45208",666e86a6.3ba4,709,"SELECT",2024-06-16 14:31:02 CST,4/52,90841,LOG,00000,"execute S_1: SELECT c_discount, c_last, c_credit, w_tax     FROM bmsql_customer     JOIN bmsql_warehouse ON (w_id = c_w_id)     WHERE c_w_id = $1 AND c_d_id = $2 AND c_id = $3 FOR UPDATE","parameters: $1 = '1', $2 = '2', $3 = '42'",,,,,,,,"","client backend"
2024-06-16 14:33:23.632 CST,"raingage","benchmark",15268,"127.0.0.1:45208",666e86a6.3ba4,710,"SELECT",2024-06-16 14:31:02 CST,4/52,90841,LOG,00000,"execute S_1: SELECT c_discount, c_last, c_credit, w_tax     FROM bmsql_customer     JOIN bmsql_warehouse ON (w_id = c_w_id)     WHERE c_w_id = $1 AND c_d_id = $2 AND c_id = $3 FOR UPDATE","parameters: $1 = '1', $2 = '2', $3 = '42'",,,,,,,,"","client backend"
2024-06-16 14:33:23.700 CST,"raingage","benchmark",15268,"127.0.0.1:45208",666e86a6.3ba4,711,"SELECT",2024-06-16 14:31:02 CST,4/52,90841,LOG,00000,"execute S_1: SELECT c_discount, c_last, c_credit, w_tax     FROM bmsql_customer     JOIN bmsql_warehouse ON (w_id = c_w_id)     WHERE c_w_id = $1 AND c_d_id = $2 AND c_id = $3 FOR UPDATE","parameters: $1 = '1', $2 = '2', $3 = '42'",,,,,,,,"","client backend"
2024-06-16 14:33:23.766 CST,"raingage","benchmark",15268,"127.0.0.1:45208",666e86a6.3ba4,712,"SELECT",2024-06-16 14:31:02 CST,4/52,90841,LOG,00000,"execute S_1: SELECT c_discount, c_last, c_credit, w_tax     FROM bmsql_customer     JOIN bmsql_warehouse ON (w_id = c_w_id)     WHERE c_w_id = $1 AND c_d_id = $2 AND c_id = $3 FOR UPDATE","parameters: $1 = '1', $2 = '2', $3 = '42'",,,,,,,,"","client backend"
2024-06-16 14:33:23.832 CST,"raingage","benchmark",15268,"127.0.0.1:45208",666e86a6.3ba4,713,"SELECT",2024-06-16 14:31:02 CST,4/52,90841,LOG,00000,"execute S_1: SELECT c_discount, c_last, c_credit, w_tax     FROM bmsql_customer     JOIN bmsql_warehouse ON (w_id = c_w_id)     WHERE c_w_id = $1 AND c_d_id = $2 AND c_id = $3 FOR UPDATE","parameters: $1 = '1', $2 = '2', $3 = '42'",,,,,,,,"","client backend"
2024-06-16 14:33:23.899 CST,"raingage","benchmark",15268,"127.0.0.1:45208",666e86a6.3ba4,714,"SELECT",2024-06-16 14:31:02 CST,4/52,90841,LOG,00000,"execute S_1: SELECT c_discount, c_last, c_credit, w_tax     FROM bmsql_customer     JOIN bmsql_warehouse ON (w_id = c_w_id)     WHERE c_w_id = $1 AND c_d_id = $2 AND c_id = $3 FOR UPDATE","parameters: $1 = '1', $2 = '2', $3 = '42'",,,,,,,,"","client backend"
2024-06-16 14:33:23.917 CST,"raingage","benchmark",15268,"127.0.0.1:45208",666e86a6.3ba4,715,"SELECT",2024-06-16 14:31:02 CST,4/52,90841,LOG,00000,"execute S_5: SELECT i_price, i_name, i_data     FROM bmsql_item     WHERE i_id = $1","parameters: $1 = '33'",,,,,,,,"","client backend"
2024-06-16 14:33:23.934 CST,"raingage","benchmark",15268,"127.0.0.1:45208",666e86a6.3ba4,716,"SELECT",2024-06-16 14:31:02 CST,4/52,90841,LOG,00000,"execute S_6: SELECT s_quantity, s_data,        s_dist_01, s_dist_02, s_dist_03, s_dist_04,        s_dist_05, s_dist_06, s_dist_07, s_dist_08,        s_dist_09, s_dist_10     FROM bmsql_stock     WHERE s_w_id = $1 AND s_i_id = $2  FOR UPDATE","parameters: $1 = '1', $2 = '33'",,,,,,,,"","client backend"
2024-06-16 14:33:23.947 CST,"raingage","benchmark",15268,"127.0.0.1:45208",666e86a6.3ba4,717,"UPDATE",2024-06-16 14:31:02 CST,4/52,90841,LOG,00000,"execute S_7: UPDATE bmsql_stock     SET s_quantity = $1, s_ytd = s_ytd + $2,         s_order_cnt = s_order_cnt + 1,         s_remote_cnt = s_remote_cnt + $3     WHERE s_w_id = $4 AND s_i_id = $5","parameters: $1 = '45', $2 = '2', $3 = '0', $4 = '1', $5 = '33'",,,,,,,,"","client backend"
2024-06-16 14:33:23.960 CST,"raingage","benchmark",15268,"127.0.0.1:45208",666e86a6.3ba4,718,"COMMIT",2024-06-16 14:31:02 CST,4/52,90841,LOG,00000,"execute S_2: COMMIT",,,,,,,,,"","client backend"
2024-06-16 14:33:23.980 CST,"raingage","benchmark",15268,"127.0.0.1:45208",666e86a6.3ba4,719,"BEGIN",2024-06-16 14:31:02 CST,4/53,0,LOG,00000,"execute S_3: BEGIN",,,,,,,,,"","client backend"
2024-06-16 14:33:23.999 CST,"raingage","benchmark",15268,"127.0.0.1:45208",666e86a6.3ba4,720,"SELECT",2024-06-16 14:31:02 CST,4/53,0,LOG,00000,"execute S_4: SELECT d_tax, d_next_o_id     FROM bmsql_district     WHERE d_w_id = $1 AND d_id = $2 ","parameters: $1 = '1', $2 = '2'",,,,,,,,"","client backend"
2024-06-16 14:33:24.067 CST,"raingage","benchmark",15268,"127.0.0.1:45208",666e86a6.3ba4,721,"SELECT",2024-06-16 14:31:02 CST,4/53,0,LOG,00000,"execute S_1: SELECT c_discount, c_last, c_credit, w_tax     FROM bmsql_customer     JOIN bmsql_warehouse ON (w_id = c_w_id)     WHERE c_w_id = $1 AND c_d_id = $2 AND c_id = $3 FOR UPDATE","parameters: $1 = '1', $2 = '2', $3 = '42'",,,,,,,,"","client backend"
2024-06-16 14:33:24.136 CST,"raingage","benchmark",15268,"127.0.0.1:45208",666e86a6.3ba4,722,"SELECT",2024-06-16 14:31:02 CST,4/53,90842,LOG,00000,"execute S_1: SELECT c_discount, c_last, c_credit, w_tax     FROM bmsql_customer     JOIN bmsql_warehouse ON (w_id = c_w_id)     WHERE c_w_id = $1 AND c_d_id = $2 AND c_id = $3 FOR UPDATE","parameters: $1 = '1', $2 = '2', $3 = '42'",,,,,,,,"","client backend"
2024-06-16 14:33:24.204 CST,"raingage","benchmark",15268,"127.0.0.1:45208",666e86a6.3ba4,723,"SELECT",2024-06-16 14:31:02 CST,4/53,90842,LOG,00000,"execute S_1: SELECT c_discount, c_last, c_credit, w_tax     FROM bmsql_customer     JOIN bmsql_warehouse ON (w_id = c_w_id)     WHERE c_w_id = $1 AND c_d_id = $2 AND c_id = $3 FOR UPDATE","parameters: $1 = '1', $2 = '2', $3 = '42'",,,,,,,,"","client backend"
2024-06-16 14:33:24.275 CST,"raingage","benchmark",15268,"127.0.0.1:45208",666e86a6.3ba4,724,"SELECT",2024-06-16 14:31:02 CST,4/53,90842,LOG,00000,"execute S_1: SELECT c_discount, c_last, c_credit, w_tax     FROM bmsql_customer     JOIN bmsql_warehouse ON (w_id = c_w_id)     WHERE c_w_id = $1 AND c_d_id = $2 AND c_id = $3 FOR UPDATE","parameters: $1 = '1', $2 = '2', $3 = '42'",,,,,,,,"","client backend"
2024-06-16 14:33:24.337 CST,"raingage","benchmark",15268,"127.0.0.1:45208",666e86a6.3ba4,725,"SELECT",2024-06-16 14:31:02 CST,4/53,90842,LOG,00000,"execute S_1: SELECT c_discount, c_last, c_credit, w_tax     FROM bmsql_customer     JOIN bmsql_warehouse ON (w_id = c_w_id)     WHERE c_w_id = $1 AND c_d_id = $2 AND c_id = $3 FOR UPDATE","parameters: $1 = '1', $2 = '2', $3 = '42'",,,,,,,,"","client backend"
2024-06-16 14:33:24.406 CST,"raingage","benchmark",15268,"127.0.0.1:45208",666e86a6.3ba4,726,"SELECT",2024-06-16 14:31:02 CST,4/53,90842,LOG,00000,"execute S_1: SELECT c_discount, c_last, c_credit, w_tax     FROM bmsql_customer     JOIN bmsql_warehouse ON (w_id = c_w_id)     WHERE c_w_id = $1 AND c_d_id = $2 AND c_id = $3 FOR UPDATE","parameters: $1 = '1', $2 = '2', $3 = '42'",,,,,,,,"","client backend"
2024-06-16 14:33:24.479 CST,"raingage","benchmark",15268,"127.0.0.1:45208",666e86a6.3ba4,727,"SELECT",2024-06-16 14:31:02 CST,4/53,90842,LOG,00000,"execute S_1: SELECT c_discount, c_last, c_credit, w_tax     FROM bmsql_customer     JOIN bmsql_warehouse ON (w_id = c_w_id)     WHERE c_w_id = $1 AND c_d_id = $2 AND c_id = $3 FOR UPDATE","parameters: $1 = '1', $2 = '2', $3 = '42'",,,,,,,,"","client backend"
2024-06-16 14:33:24.550 CST,"raingage","benchmark",15268,"127.0.0.1:45208",666e86a6.3ba4,728,"SELECT",2024-06-16 14:31:02 CST,4/53,90842,LOG,00000,"execute S_1: SELECT c_discount, c_last, c_credit, w_tax     FROM bmsql_customer     JOIN bmsql_warehouse ON (w_id = c_w_id)     WHERE c_w_id = $1 AND c_d_id = $2 AND c_id = $3 FOR UPDATE","parameters: $1 = '1', $2 = '2', $3 = '42'",,,,,,,,"","client backend"
2024-06-16 14:33:24.566 CST,"raingage","benchmark",15268,"127.0.0.1:45208",666e86a6.3ba4,729,"SELECT",2024-06-16 14:31:02 CST,4/53,90842,LOG,00000,"execute S_5: SELECT i_price, i_name, i_data     FROM bmsql_item     WHERE i_id = $1","parameters: $1 = '33'",,,,,,,,"","client backend"
2024-06-16 14:33:24.586 CST,"raingage","benchmark",15268,"127.0.0.1:45208",666e86a6.3ba4,730,"SELECT",2024-06-16 14:31:02 CST,4/53,90842,LOG,00000,"execute S_6: SELECT s_quantity, s_data,        s_dist_01, s_dist_02, s_dist_03, s_dist_04,        s_dist_05, s_dist_06, s_dist_07, s_dist_08,        s_dist_09, s_dist_10     FROM bmsql_stock     WHERE s_w_id = $1 AND s_i_id = $2  FOR UPDATE","parameters: $1 = '1', $2 = '33'",,,,,,,,"","client backend"
2024-06-16 14:33:24.600 CST,"raingage","benchmark",15268,"127.0.0.1:45208",666e86a6.3ba4,731,"UPDATE",2024-06-16 14:31:02 CST,4/53,90842,LOG,00000,"execute S_7: UPDATE bmsql_stock     SET s_quantity = $1, s_ytd = s_ytd + $2,         s_order_cnt = s_order_cnt + 1,         s_remote_cnt = s_remote_cnt + $3     WHERE s_w_id = $4 AND s_i_id = $5","parameters: $1 = '37', $2 = '8', $3 = '0', $4 = '1', $5 = '33'",,,,,,,,"","client backend"
2024-06-16 14:33:24.616 CST,"raingage","benchmark",15268,"127.0.0.1:45208",666e86a6.3ba4,732,"COMMIT",2024-06-16 14:31:02 CST,4/53,90842,LOG,00000,"execute S_2: COMMIT",,,,,,,,,"","client backend"
2024-06-16 14:33:24.637 CST,"raingage","benchmark",15268,"127.0.0.1:45208",666e86a6.3ba4,733,"BEGIN",2024-06-16 14:31:02 CST,4/54,0,LOG,00000,"execute S_3: BEGIN",,,,,,,,,"","client backend"
2024-06-16 14:33:24.650 CST,"raingage","benchmark",15268,"127.0.0.1:45208",666e86a6.3ba4,734,"SELECT",2024-06-16 14:31:02 CST,4/54,0,LOG,00000,"execute S_4: SELECT d_tax, d_next_o_id     FROM bmsql_district     WHERE d_w_id = $1 AND d_id = $2 ","parameters: $1 = '1', $2 = '2'",,,,,,,,"","client backend"
2024-06-16 14:33:24.716 CST,"raingage","benchmark",15268,"127.0.0.1:45208",666e86a6.3ba4,735,"SELECT",2024-06-16 14:31:02 CST,4/54,0,LOG,00000,"execute S_1: SELECT c_discount, c_last, c_credit, w_tax     FROM bmsql_customer     JOIN bmsql_warehouse ON (w_id = c_w_id)     WHERE c_w_id = $1 AND c_d_id = $2 AND c_id = $3 FOR UPDATE","parameters: $1 = '1', $2 = '2', $3 = '19'",,,,,,,,"","client backend"
2024-06-16 14:33:24.784 CST,"raingage","benchmark",15268,"127.0.0.1:45208",666e86a6.3ba4,736,"SELECT",2024-06-16 14:31:02 CST,4/54,90843,LOG,00000,"execute S_1: SELECT c_discount, c_last, c_credit, w_tax     FROM bmsql_customer     JOIN bmsql_warehouse ON (w_id = c_w_id)     WHERE c_w_id = $1 AND c_d_id = $2 AND c_id = $3 FOR UPDATE","parameters: $1 = '1', $2 = '2', $3 = '19'",,,,,,,,"","client backend"
2024-06-16 14:33:24.854 CST,"raingage","benchmark",15268,"127.0.0.1:45208",666e86a6.3ba4,737,"SELECT",2024-06-16 14:31:02 CST,4/54,90843,LOG,00000,"execute S_1: SELECT c_discount, c_last, c_credit, w_tax     FROM bmsql_customer     JOIN bmsql_warehouse ON (w_id = c_w_id)     WHERE c_w_id = $1 AND c_d_id = $2 AND c_id = $3 FOR UPDATE","parameters: $1 = '1', $2 = '2', $3 = '19'",,,,,,,,"","client backend"
2024-06-16 14:33:24.924 CST,"raingage","benchmark",15268,"127.0.0.1:45208",666e86a6.3ba4,738,"SELECT",2024-06-16 14:31:02 CST,4/54,90843,LOG,00000,"execute S_1: SELECT c_discount, c_last, c_credit, w_tax     FROM bmsql_customer     JOIN bmsql_warehouse ON (w_id = c_w_id)     WHERE c_w_id = $1 AND c_d_id = $2 AND c_id = $3 FOR UPDATE","parameters: $1 = '1', $2 = '2', $3 = '19'",,,,,,,,"","client backend"
2024-06-16 14:33:24.990 CST,"raingage","benchmark",15268,"127.0.0.1:45208",666e86a6.3ba4,739,"SELECT",2024-06-16 14:31:02 CST,4/54,90843,LOG,00000,"execute S_1: SELECT c_discount, c_last, c_credit, w_tax     FROM bmsql_customer     JOIN bmsql_warehouse ON (w_id = c_w_id)     WHERE c_w_id = $1 AND c_d_id = $2 AND c_id = $3 FOR UPDATE","parameters: $1 = '1', $2 = '2', $3 = '19'",,,,,,,,"","client backend"
2024-06-16 14:33:25.057 CST,"raingage","benchmark",15268,"127.0.0.1:45208",666e86a6.3ba4,740,"SELECT",2024-06-16 14:31:02 CST,4/54,90843,LOG,00000,"execute S_1: SELECT c_discount, c_last, c_credit, w_tax     FROM bmsql_customer     JOIN bmsql_warehouse ON (w_id = c_w_id)     WHERE c_w_id = $1 AND c_d_id = $2 AND c_id = $3 FOR UPDATE","parameters: $1 = '1', $2 = '2', $3 = '19'",,,,,,,,"","client backend"
2024-06-16 14:33:25.127 CST,"raingage","benchmark",15268,"127.0.0.1:45208",666e86a6.3ba4,741,"SELECT",2024-06-16 14:31:02 CST,4/54,90843,LOG,00000,"execute S_1: SELECT c_discount, c_last, c_credit, w_tax     FROM bmsql_customer     JOIN bmsql_warehouse ON (w_id = c_w_id)     WHERE c_w_id = $1 AND c_d_id = $2 AND c_id = $3 FOR UPDATE","parameters: $1 = '1', $2 = '2', $3 = '19'",,,,,,,,"","client backend"
2024-06-16 14:33:25.192 CST,"raingage","benchmark",15268,"127.0.0.1:45208",666e86a6.3ba4,742,"SELECT",2024-06-16 14:31:02 CST,4/54,90843,LOG,00000,"execute S_1: SELECT c_discount, c_last, c_credit, w_tax     FROM bmsql_customer     JOIN bmsql_warehouse ON (w_id = c_w_id)     WHERE c_w_id = $1 AND c_d_id = $2 AND c_id = $3 FOR UPDATE","parameters: $1 = '1', $2 = '2', $3 = '19'",,,,,,,,"","client backend"
2024-06-16 14:33:25.212 CST,"raingage","benchmark",15268,"127.0.0.1:45208",666e86a6.3ba4,743,"SELECT",2024-06-16 14:31:02 CST,4/54,90843,LOG,00000,"execute S_5: SELECT i_price, i_name, i_data     FROM bmsql_item     WHERE i_id = $1","parameters: $1 = '29'",,,,,,,,"","client backend"
2024-06-16 14:33:25.227 CST,"raingage","benchmark",15268,"127.0.0.1:45208",666e86a6.3ba4,744,"SELECT",2024-06-16 14:31:02 CST,4/54,90843,LOG,00000,"execute S_6: SELECT s_quantity, s_data,        s_dist_01, s_dist_02, s_dist_03, s_dist_04,        s_dist_05, s_dist_06, s_dist_07, s_dist_08,        s_dist_09, s_dist_10     FROM bmsql_stock     WHERE s_w_id = $1 AND s_i_id = $2  FOR UPDATE","parameters: $1 = '1', $2 = '29'",,,,,,,,"","client backend"
2024-06-16 14:33:25.245 CST,"raingage","benchmark",15268,"127.0.0.1:45208",666e86a6.3ba4,745,"UPDATE",2024-06-16 14:31:02 CST,4/54,90843,LOG,00000,"execute S_7: UPDATE bmsql_stock     SET s_quantity = $1, s_ytd = s_ytd + $2,         s_order_cnt = s_order_cnt + 1,         s_remote_cnt = s_remote_cnt + $3     WHERE s_w_id = $4 AND s_i_id = $5","parameters: $1 = '23', $2 = '1', $3 = '0', $4 = '1', $5 = '29'",,,,,,,,"","client backend"
2024-06-16 14:33:25.262 CST,"raingage","benchmark",15268,"127.0.0.1:45208",666e86a6.3ba4,746,"COMMIT",2024-06-16 14:31:02 CST,4/54,90843,LOG,00000,"execute S_2: COMMIT",,,,,,,,,"","client backend"
2024-06-16 14:33:25.277 CST,"raingage","benchmark",15268,"127.0.0.1:45208",666e86a6.3ba4,747,"BEGIN",2024-06-16 14:31:02 CST,4/55,0,LOG,00000,"execute S_3: BEGIN",,,,,,,,,"","client backend"
2024-06-16 14:33:25.287 CST,"raingage","benchmark",15268,"127.0.0.1:45208",666e86a6.3ba4,748,"SELECT",2024-06-16 14:31:02 CST,4/55,0,LOG,00000,"execute S_4: SELECT d_tax, d_next_o_id     FROM bmsql_district     WHERE d_w_id = $1 AND d_id = $2 ","parameters: $1 = '1', $2 = '2'",,,,,,,,"","client backend"
2024-06-16 14:33:25.359 CST,"raingage","benchmark",15268,"127.0.0.1:45208",666e86a6.3ba4,749,"SELECT",2024-06-16 14:31:02 CST,4/55,0,LOG,00000,"execute S_1: SELECT c_discount, c_last, c_credit, w_tax     FROM bmsql_customer     JOIN bmsql_warehouse ON (w_id = c_w_id)     WHERE c_w_id = $1 AND c_d_id = $2 AND c_id = $3 FOR UPDATE","parameters: $1 = '1', $2 = '2', $3 = '21'",,,,,,,,"","client backend"
2024-06-16 14:33:25.426 CST,"raingage","benchmark",15268,"127.0.0.1:45208",666e86a6.3ba4,750,"SELECT",2024-06-16 14:31:02 CST,4/55,90844,LOG,00000,"execute S_1: SELECT c_discount, c_last, c_credit, w_tax     FROM bmsql_customer     JOIN bmsql_warehouse ON (w_id = c_w_id)     WHERE c_w_id = $1 AND c_d_id = $2 AND c_id = $3 FOR UPDATE","parameters: $1 = '1', $2 = '2', $3 = '21'",,,,,,,,"","client backend"
2024-06-16 14:33:25.498 CST,"raingage","benchmark",15268,"127.0.0.1:45208",666e86a6.3ba4,751,"SELECT",2024-06-16 14:31:02 CST,4/55,90844,LOG,00000,"execute S_1: SELECT c_discount, c_last, c_credit, w_tax     FROM bmsql_customer     JOIN bmsql_warehouse ON (w_id = c_w_id)     WHERE c_w_id = $1 AND c_d_id = $2 AND c_id = $3 FOR UPDATE","parameters: $1 = '1', $2 = '2', $3 = '21'",,,,,,,,"","client backend"
2024-06-16 14:33:25.567 CST,"raingage","benchmark",15268,"127.0.0.1:45208",666e86a6.3ba4,752,"SELECT",2024-06-16 14:31:02 CST,4/55,90844,LOG,00000,"execute S_1: SELECT c_discount, c_last, c_credit, w_tax     FROM bmsql_customer     JOIN bmsql_warehouse ON (w_id = c_w_id)     WHERE c_w_id = $1 AND c_d_id = $2 AND c_id = $3 FOR UPDATE","parameters: $1 = '1', $2 = '2', $3 = '21'",,,,,,,,"","client backend"
2024-06-16 14:33:25.633 CST,"raingage","benchmark",15268,"127.0.0.1:45208",666e86a6.3ba4,753,"SELECT",2024-06-16 14:31:02 CST,4/55,90844,LOG,00000,"execute S_1: SELECT c_discount, c_last, c_credit, w_tax     FROM bmsql_customer     JOIN bmsql_warehouse ON (w_id = c_w_id)     WHERE c_w_id = $1 AND c_d_id = $2 AND c_id = $3 FOR UPDATE","parameters: $1 = '1', $2 = '2', $3 = '21'",,,,,,,,"","client backend"
2024-06-16 14:33:25.702 CST,"raingage","benchmark",15268,"127.0.0.1:45208",666e86a6.3ba4,754,"SELECT",2024-06-16 14:31:02 CST,4/55,90844,LOG,00000,"execute S_1: SELECT c_discount, c_last, c_credit, w_tax     FROM bmsql_customer     JOIN bmsql_warehouse ON (w_id = c_w_id)     WHERE c_w_id = $1 AND c_d_id = $2 AND c_id = $3 FOR UPDATE","parameters: $1 = '1', $2 = '2', $3 = '21'",,,,,,,,"","client backend"
2024-06-16 14:33:25.768 CST,"raingage","benchmark",15268,"127.0.0.1:45208",666e86a6.3ba4,755,"SELECT",2024-06-16 14:31:02 CST,4/55,90844,LOG,00000,"execute S_1: SELECT c_discount, c_last, c_credit, w_tax     FROM bmsql_customer     JOIN bmsql_warehouse ON (w_id = c_w_id)     WHERE c_w_id = $1 AND c_d_id = $2 AND c_id = $3 FOR UPDATE","parameters: $1 = '1', $2 = '2', $3 = '21'",,,,,,,,"","client backend"
2024-06-16 14:33:25.834 CST,"raingage","benchmark",15268,"127.0.0.1:45208",666e86a6.3ba4,756,"SELECT",2024-06-16 14:31:02 CST,4/55,90844,LOG,00000,"execute S_1: SELECT c_discount, c_last, c_credit, w_tax     FROM bmsql_customer     JOIN bmsql_warehouse ON (w_id = c_w_id)     WHERE c_w_id = $1 AND c_d_id = $2 AND c_id = $3 FOR UPDATE","parameters: $1 = '1', $2 = '2', $3 = '21'",,,,,,,,"","client backend"
2024-06-16 14:33:25.850 CST,"raingage","benchmark",15268,"127.0.0.1:45208",666e86a6.3ba4,757,"SELECT",2024-06-16 14:31:02 CST,4/55,90844,LOG,00000,"execute S_5: SELECT i_price, i_name, i_data     FROM bmsql_item     WHERE i_id = $1","parameters: $1 = '46'",,,,,,,,"","client backend"
2024-06-16 14:33:25.865 CST,"raingage","benchmark",15268,"127.0.0.1:45208",666e86a6.3ba4,758,"SELECT",2024-06-16 14:31:02 CST,4/55,90844,LOG,00000,"execute S_6: SELECT s_quantity, s_data,        s_dist_01, s_dist_02, s_dist_03, s_dist_04,        s_dist_05, s_dist_06, s_dist_07, s_dist_08,        s_dist_09, s_dist_10     FROM bmsql_stock     WHERE s_w_id = $1 AND s_i_id = $2  FOR UPDATE","parameters: $1 = '1', $2 = '46'",,,,,,,,"","client backend"
2024-06-16 14:33:25.881 CST,"raingage","benchmark",15268,"127.0.0.1:45208",666e86a6.3ba4,759,"UPDATE",2024-06-16 14:31:02 CST,4/55,90844,LOG,00000,"execute S_7: UPDATE bmsql_stock     SET s_quantity = $1, s_ytd = s_ytd + $2,         s_order_cnt = s_order_cnt + 1,         s_remote_cnt = s_remote_cnt + $3     WHERE s_w_id = $4 AND s_i_id = $5","parameters: $1 = '103', $2 = '1', $3 = '0', $4 = '1', $5 = '46'",,,,,,,,"","client backend"
2024-06-16 14:33:25.893 CST,"raingage","benchmark",15268,"127.0.0.1:45208",666e86a6.3ba4,760,"COMMIT",2024-06-16 14:31:02 CST,4/55,90844,LOG,00000,"execute S_2: COMMIT",,,,,,,,,"","client backend"
2024-06-16 14:33:25.911 CST,"raingage","benchmark",15268,"127.0.0.1:45208",666e86a6.3ba4,761,"BEGIN",2024-06-16 14:31:02 CST,4/56,0,LOG,00000,"execute S_3: BEGIN",,,,,,,,,"","client backend"
2024-06-16 14:33:25.929 CST,"raingage","benchmark",15268,"127.0.0.1:45208",666e86a6.3ba4,762,"SELECT",2024-06-16 14:31:02 CST,4/56,0,LOG,00000,"execute S_4: SELECT d_tax, d_next_o_id     FROM bmsql_district     WHERE d_w_id = $1 AND d_id = $2 ","parameters: $1 = '1', $2 = '2'",,,,,,,,"","client backend"
2024-06-16 14:33:25.995 CST,"raingage","benchmark",15268,"127.0.0.1:45208",666e86a6.3ba4,763,"SELECT",2024-06-16 14:31:02 CST,4/56,0,LOG,00000,"execute S_1: SELECT c_discount, c_last, c_credit, w_tax     FROM bmsql_customer     JOIN bmsql_warehouse ON (w_id = c_w_id)     WHERE c_w_id = $1 AND c_d_id = $2 AND c_id = $3 FOR UPDATE","parameters: $1 = '1', $2 = '2', $3 = '21'",,,,,,,,"","client backend"
2024-06-16 14:33:26.067 CST,"raingage","benchmark",15268,"127.0.0.1:45208",666e86a6.3ba4,764,"SELECT",2024-06-16 14:31:02 CST,4/56,90845,LOG,00000,"execute S_1: SELECT c_discount, c_last, c_credit, w_tax     FROM bmsql_customer     JOIN bmsql_warehouse ON (w_id = c_w_id)     WHERE c_w_id = $1 AND c_d_id = $2 AND c_id = $3 FOR UPDATE","parameters: $1 = '1', $2 = '2', $3 = '21'",,,,,,,,"","client backend"
2024-06-16 14:33:26.129 CST,"raingage","benchmark",15268,"127.0.0.1:45208",666e86a6.3ba4,765,"SELECT",2024-06-16 14:31:02 CST,4/56,90845,LOG,00000,"execute S_1: SELECT c_discount, c_last, c_credit, w_tax     FROM bmsql_customer     JOIN bmsql_warehouse ON (w_id = c_w_id)     WHERE c_w_id = $1 AND c_d_id = $2 AND c_id = $3 FOR UPDATE","parameters: $1 = '1', $2 = '2', $3 = '21'",,,,,,,,"","client backend"
2024-06-16 14:33:26.201 CST,"raingage","benchmark",15268,"127.0.0.1:45208",666e86a6.3ba4,766,"SELECT",2024-06-16 14:31:02 CST,4/56,90845,LOG,00000,"execute S_1: SELECT c_discount, c_last, c_credit, w_tax     FROM bmsql_customer     JOIN bmsql_warehouse ON (w_id = c_w_id)     WHERE c_w_id = $1 AND c_d_id = $2 AND c_id = $3 FOR UPDATE","parameters: $1 = '1', $2 = '2', $3 = '21'",,,,,,,,"","client backend"
2024-06-16 14:33:26.269 CST,"raingage","benchmark",15268,"127.0.0.1:45208",666e86a6.3ba4,767,"SELECT",2024-06-16 14:31:02 CST,4/56,90845,LOG,00000,"execute S_1: SELECT c_discount, c_last, c_credit, w_tax     FROM bmsql_customer     JOIN bmsql_warehouse ON (w_id = c_w_id)     WHERE c_w_id = $1 AND c_d_id = $2 AND c_id = $3 FOR UPDATE","parameters: $1 = '1', $2 = '2', $3 = '21'",,,,,,,,"","client backend"
2024-06-16 14:33:26.332 CST,"raingage","benchmark",15268,"127.0.0.1:45208",666e86a6.3ba4,768,"SELECT",2024-06-16 14:31:02 CST,4/56,90845,LOG,00000,"execute S_1: SELECT c_discount, c_last, c_credit, w_tax     FROM bmsql_customer     JOIN bmsql_warehouse ON (w_id = c_w_id)     WHERE c_w_id = $1 AND c_d_id = $2 AND c_id = $3 FOR UPDATE","parameters: $1 = '1', $2 = '2', $3 = '21'",,,,,,,,"","client backend"
2024-06-16 14:33:26.401 CST,"raingage","benchmark",15268,"127.0.0.1:45208",666e86a6.3ba4,769,"SELECT",2024-06-16 14:31:02 CST,4/56,90845,LOG,00000,"execute S_1: SELECT c_discount, c_last, c_credit, w_tax     FROM bmsql_customer     JOIN bmsql_warehouse ON (w_id = c_w_id)     WHERE c_w_id = $1 AND c_d_id = $2 AND c_id = $3 FOR UPDATE","parameters: $1 = '1', $2 = '2', $3 = '21'",,,,,,,,"","client backend"
2024-06-16 14:33:26.464 CST,"raingage","benchmark",15268,"127.0.0.1:45208",666e86a6.3ba4,770,"SELECT",2024-06-16 14:31:02 CST,4/56,90845,LOG,00000,"execute S_1: SELECT c_discount, c_last, c_credit, w_tax     FROM bmsql_customer     JOIN bmsql_warehouse ON (w_id = c_w_id)     WHERE c_w_id = $1 AND c_d_id = $2 AND c_id = $3 FOR UPDATE","parameters: $1 = '1', $2 = '2', $3 = '21'",,,,,,,,"","client backend"
2024-06-16 14:33:26.482 CST,"raingage","benchmark",15268,"127.0.0.1:45208",666e86a6.3ba4,771,"SELECT",2024-06-16 14:31:02 CST,4/56,90845,LOG,00000,"execute S_5: SELECT i_price, i_name, i_data     FROM bmsql_item     WHERE i_id = $1","parameters: $1 = '46'",,,,,,,,"","client backend"
2024-06-16 14:33:26.499 CST,"raingage","benchmark",15268,"127.0.0.1:45208",666e86a6.3ba4,772,"SELECT",2024-06-16 14:31:02 CST,4/56,90845,LOG,00000,"execute S_6: SELECT s_quantity, s_data,        s_dist_01, s_dist_02, s_dist_03, s_dist_04,        s_dist_05, s_dist_06, s_dist_07, s_dist_08,        s_dist_09, s_dist_10     FROM bmsql_stock     WHERE s_w_id = $1 AND s_i_id = $2  FOR UPDATE","parameters: $1 = '1', $2 = '46'",,,,,,,,"","client backend"
2024-06-16 14:33:26.514 CST,"raingage","benchmark",15268,"127.0.0.1:45208",666e86a6.3ba4,773,"UPDATE",2024-06-16 14:31:02 CST,4/56,90845,LOG,00000,"execute S_7: UPDATE bmsql_stock     SET s_quantity = $1, s_ytd = s_ytd + $2,         s_order_cnt = s_order_cnt + 1,         s_remote_cnt = s_remote_cnt + $3     WHERE s_w_id = $4 AND s_i_id = $5","parameters: $1 = '101', $2 = '2', $3 = '0', $4 = '1', $5 = '46'",,,,,,,,"","client backend"
2024-06-16 14:33:26.531 CST,"raingage","benchmark",15268,"127.0.0.1:45208",666e86a6.3ba4,774,"COMMIT",2024-06-16 14:31:02 CST,4/56,90845,LOG,00000,"execute S_2: COMMIT",,,,,,,,,"","client backend"
2024-06-16 14:33:26.545 CST,"raingage","benchmark",15268,"127.0.0.1:45208",666e86a6.3ba4,775,"BEGIN",2024-06-16 14:31:02 CST,4/57,0,LOG,00000,"execute S_3: BEGIN",,,,,,,,,"","client backend"
2024-06-16 14:33:26.556 CST,"raingage","benchmark",15268,"127.0.0.1:45208",666e86a6.3ba4,776,"SELECT",2024-06-16 14:31:02 CST,4/57,0,LOG,00000,"execute S_4: SELECT d_tax, d_next_o_id     FROM bmsql_district     WHERE d_w_id = $1 AND d_id = $2 ","parameters: $1 = '1', $2 = '1'",,,,,,,,"","client backend"
2024-06-16 14:33:26.621 CST,"raingage","benchmark",15268,"127.0.0.1:45208",666e86a6.3ba4,777,"SELECT",2024-06-16 14:31:02 CST,4/57,0,LOG,00000,"execute S_1: SELECT c_discount, c_last, c_credit, w_tax     FROM bmsql_customer     JOIN bmsql_warehouse ON (w_id = c_w_id)     WHERE c_w_id = $1 AND c_d_id = $2 AND c_id = $3 FOR UPDATE","parameters: $1 = '1', $2 = '1', $3 = '5'",,,,,,,,"","client backend"
2024-06-16 14:33:26.685 CST,"raingage","benchmark",15268,"127.0.0.1:45208",666e86a6.3ba4,778,"SELECT",2024-06-16 14:31:02 CST,4/57,90846,LOG,00000,"execute S_1: SELECT c_discount, c_last, c_credit, w_tax     FROM bmsql_customer     JOIN bmsql_warehouse ON (w_id = c_w_id)     WHERE c_w_id = $1 AND c_d_id = $2 AND c_id = $3 FOR UPDATE","parameters: $1 = '1', $2 = '1', $3 = '5'",,,,,,,,"","client backend"
2024-06-16 14:33:26.751 CST,"raingage","benchmark",15268,"127.0.0.1:45208",666e86a6.3ba4,779,"SELECT",2024-06-16 14:31:02 CST,4/57,90846,LOG,00000,"execute S_1: SELECT c_discount, c_last, c_credit, w_tax     FROM bmsql_customer     JOIN bmsql_warehouse ON (w_id = c_w_id)     WHERE c_w_id = $1 AND c_d_id = $2 AND c_id = $3 FOR UPDATE","parameters: $1 = '1', $2 = '1', $3 = '5'",,,,,,,,"","client backend"
2024-06-16 14:33:26.815 CST,"raingage","benchmark",15268,"127.0.0.1:45208",666e86a6.3ba4,780,"SELECT",2024-06-16 14:31:02 CST,4/57,90846,LOG,00000,"execute S_1: SELECT c_discount, c_last, c_credit, w_tax     FROM bmsql_customer     JOIN bmsql_warehouse ON (w_id = c_w_id)     WHERE c_w_id = $1 AND c_d_id = $2 AND c_id = $3 FOR UPDATE","parameters: $1 = '1', $2 = '1', $3 = '5'",,,,,,,,"","client backend"
2024-06-16 14:33:26.887 CST,"raingage","benchmark",15268,"127.0.0.1:45208",666e86a6.3ba4,781,"SELECT",2024-06-16 14:31:02 CST,4/57,90846,LOG,00000,"execute S_1: SELECT c_discount, c_last, c_credit, w_tax     FROM bmsql_customer     JOIN bmsql_warehouse ON (w_id = c_w_id)     WHERE c_w_id = $1 AND c_d_id = $2 AND c_id = $3 FOR UPDATE","parameters: $1 = '1', $2 = '1', $3 = '5'",,,,,,,,"","client backend"
2024-06-16 14:33:26.953 CST,"raingage","benchmark",15268,"127.0.0.1:45208",666e86a6.3ba4,782,"SELECT",2024-06-16 14:31:02 CST,4/57,90846,LOG,00000,"execute S_1: SELECT c_discount, c_last, c_credit, w_tax     FROM bmsql_customer     JOIN bmsql_warehouse ON (w_id = c_w_id)     WHERE c_w_id = $1 AND c_d_id = $2 AND c_id = $3 FOR UPDATE","parameters: $1 = '1', $2 = '1', $3 = '5'",,,,,,,,"","client backend"
2024-06-16 14:33:27.024 CST,"raingage","benchmark",15268,"127.0.0.1:45208",666e86a6.3ba4,783,"SELECT",2024-06-16 14:31:02 CST,4/57,90846,LOG,00000,"execute S_1: SELECT c_discount, c_last, c_credit, w_tax     FROM bmsql_customer     JOIN bmsql_warehouse ON (w_id = c_w_id)     WHERE c_w_id = $1 AND c_d_id = $2 AND c_id = $3 FOR UPDATE","parameters: $1 = '1', $2 = '1', $3 = '5'",,,,,,,,"","client backend"
2024-06-16 14:33:27.088 CST,"raingage","benchmark",15268,"127.0.0.1:45208",666e86a6.3ba4,784,"SELECT",2024-06-16 14:31:02 CST,4/57,90846,LOG,00000,"execute S_1: SELECT c_discount, c_last, c_credit, w_tax     FROM bmsql_customer     JOIN bmsql_warehouse ON (w_id = c_w_id)     WHERE c_w_id = $1 AND c_d_id = $2 AND c_id = $3 FOR UPDATE","parameters: $1 = '1', $2 = '1', $3 = '5'",,,,,,,,"","client backend"
2024-06-16 14:33:27.100 CST,"raingage","benchmark",15268,"127.0.0.1:45208",666e86a6.3ba4,785,"SELECT",2024-06-16 14:31:02 CST,4/57,90846,LOG,00000,"execute S_5: SELECT i_price, i_name, i_data     FROM bmsql_item     WHERE i_id = $1","parameters: $1 = '101'",,,,,,,,"","client backend"
2024-06-16 14:33:27.114 CST,"raingage","benchmark",15268,"127.0.0.1:45208",666e86a6.3ba4,786,"SELECT",2024-06-16 14:31:02 CST,4/57,90846,LOG,00000,"execute S_6: SELECT s_quantity, s_data,        s_dist_01, s_dist_02, s_dist_03, s_dist_04,        s_dist_05, s_dist_06, s_dist_07, s_dist_08,        s_dist_09, s_dist_10     FROM bmsql_stock     WHERE s_w_id = $1 AND s_i_id = $2  FOR UPDATE","parameters: $1 = '1', $2 = '101'",,,,,,,,"","client backend"
2024-06-16 14:33:27.131 CST,"raingage","benchmark",15268,"127.0.0.1:45208",666e86a6.3ba4,787,"UPDATE",2024-06-16 14:31:02 CST,4/57,90846,LOG,00000,"execute S_7: UPDATE bmsql_stock     SET s_quantity = $1, s_ytd = s_ytd + $2,         s_order_cnt = s_order_cnt + 1,         s_remote_cnt = s_remote_cnt + $3     WHERE s_w_id = $4 AND s_i_id = $5","parameters: $1 = '64', $2 = '2', $3 = '0', $4 = '1', $5 = '101'",,,,,,,,"","client backend"
2024-06-16 14:33:27.149 CST,"raingage","benchmark",15268,"127.0.0.1:45208",666e86a6.3ba4,788,"COMMIT",2024-06-16 14:31:02 CST,4/57,90846,LOG,00000,"execute S_2: COMMIT",,,,,,,,,"","client backend"
2024-06-16 14:33:27.170 CST,"raingage","benchmark",15268,"127.0.0.1:45208",666e86a6.3ba4,789,"BEGIN",2024-06-16 14:31:02 CST,4/58,0,LOG,00000,"execute S_3: BEGIN",,,,,,,,,"","client backend"
2024-06-16 14:33:27.181 CST,"raingage","benchmark",15268,"127.0.0.1:45208",666e86a6.3ba4,790,"SELECT",2024-06-16 14:31:02 CST,4/58,0,LOG,00000,"execute S_4: SELECT d_tax, d_next_o_id     FROM bmsql_district     WHERE d_w_id = $1 AND d_id = $2 ","parameters: $1 = '1', $2 = '1'",,,,,,,,"","client backend"
2024-06-16 14:33:27.251 CST,"raingage","benchmark",15268,"127.0.0.1:45208",666e86a6.3ba4,791,"SELECT",2024-06-16 14:31:02 CST,4/58,0,LOG,00000,"execute S_1: SELECT c_discount, c_last, c_credit, w_tax     FROM bmsql_customer     JOIN bmsql_warehouse ON (w_id = c_w_id)     WHERE c_w_id = $1 AND c_d_id = $2 AND c_id = $3 FOR UPDATE","parameters: $1 = '1', $2 = '1', $3 = '5'",,,,,,,,"","client backend"
2024-06-16 14:33:27.316 CST,"raingage","benchmark",15268,"127.0.0.1:45208",666e86a6.3ba4,792,"SELECT",2024-06-16 14:31:02 CST,4/58,90847,LOG,00000,"execute S_1: SELECT c_discount, c_last, c_credit, w_tax     FROM bmsql_customer     JOIN bmsql_warehouse ON (w_id = c_w_id)     WHERE c_w_id = $1 AND c_d_id = $2 AND c_id = $3 FOR UPDATE","parameters: $1 = '1', $2 = '1', $3 = '5'",,,,,,,,"","client backend"
2024-06-16 14:33:27.379 CST,"raingage","benchmark",15268,"127.0.0.1:45208",666e86a6.3ba4,793,"SELECT",2024-06-16 14:31:02 CST,4/58,90847,LOG,00000,"execute S_1: SELECT c_discount, c_last, c_credit, w_tax     FROM bmsql_customer     JOIN bmsql_warehouse ON (w_id = c_w_id)     WHERE c_w_id = $1 AND c_d_id = $2 AND c_id = $3 FOR UPDATE","parameters: $1 = '1', $2 = '1', $3 = '5'",,,,,,,,"","client backend"
2024-06-16 14:33:27.445 CST,"raingage","benchmark",15268,"127.0.0.1:45208",666e86a6.3ba4,794,"SELECT",2024-06-16 14:31:02 CST,4/58,90847,LOG,00000,"execute S_1: SELECT c_discount, c_last, c_credit, w_tax     FROM bmsql_customer     JOIN bmsql_warehouse ON (w_id = c_w_id)     WHERE c_w_id = $1 AND c_d_id = $2 AND c_id = $3 FOR UPDATE","parameters: $1 = '1', $2 = '1', $3 = '5'",,,,,,,,"","client backend"
2024-06-16 14:33:27.478 CST,"raingage","benchmark",15269,"127.0.0.1:45210",666e86a6.3ba5,777,"BEGIN",2024-06-16 14:31:02 CST,5/57,0,LOG,00000,"execute S_4: BEGIN",,,,,,,,,"","client backend"
2024-06-16 14:33:27.497 CST,"raingage","benchmark",15269,"127.0.0.1:45210",666e86a6.3ba5,778,"SELECT",2024-06-16 14:31:02 CST,5/57,0,LOG,00000,"execute S_5: SELECT d_tax, d_next_o_id     FROM bmsql_district     WHERE d_w_id = $1 AND d_id = $2 ","parameters: $1 = '1', $2 = '4'",,,,,,,,"","client backend"
2024-06-16 14:33:27.510 CST,"raingage","benchmark",15268,"127.0.0.1:45208",666e86a6.3ba4,795,"SELECT",2024-06-16 14:31:02 CST,4/58,90847,LOG,00000,"execute S_1: SELECT c_discount, c_last, c_credit, w_tax     FROM bmsql_customer     JOIN bmsql_warehouse ON (w_id = c_w_id)     WHERE c_w_id = $1 AND c_d_id = $2 AND c_id = $3 FOR UPDATE","parameters: $1 = '1', $2 = '1', $3 = '5'",,,,,,,,"","client backend"
2024-06-16 14:33:27.567 CST,"raingage","benchmark",15269,"127.0.0.1:45210",666e86a6.3ba5,779,"SELECT",2024-06-16 14:31:02 CST,5/57,0,LOG,00000,"execute S_1: SELECT c_discount, c_last, c_credit, w_tax     FROM bmsql_customer     JOIN bmsql_warehouse ON (w_id = c_w_id)     WHERE c_w_id = $1 AND c_d_id = $2 AND c_id = $3 FOR UPDATE","parameters: $1 = '1', $2 = '4', $3 = '50'",,,,,,,,"","client backend"
2024-06-16 14:33:27.572 CST,"raingage","benchmark",15268,"127.0.0.1:45208",666e86a6.3ba4,796,"SELECT",2024-06-16 14:31:02 CST,4/58,90847,LOG,00000,"execute S_1: SELECT c_discount, c_last, c_credit, w_tax     FROM bmsql_customer     JOIN bmsql_warehouse ON (w_id = c_w_id)     WHERE c_w_id = $1 AND c_d_id = $2 AND c_id = $3 FOR UPDATE","parameters: $1 = '1', $2 = '1', $3 = '5'",,,,,,,,"","client backend"
2024-06-16 14:33:27.637 CST,"raingage","benchmark",15268,"127.0.0.1:45208",666e86a6.3ba4,797,"SELECT",2024-06-16 14:31:02 CST,4/58,90847,LOG,00000,"execute S_1: SELECT c_discount, c_last, c_credit, w_tax     FROM bmsql_customer     JOIN bmsql_warehouse ON (w_id = c_w_id)     WHERE c_w_id = $1 AND c_d_id = $2 AND c_id = $3 FOR UPDATE","parameters: $1 = '1', $2 = '1', $3 = '5'",,,,,,,,"","client backend"
2024-06-16 14:33:27.699 CST,"raingage","benchmark",15268,"127.0.0.1:45208",666e86a6.3ba4,798,"SELECT",2024-06-16 14:31:02 CST,4/58,90847,LOG,00000,"execute S_1: SELECT c_discount, c_last, c_credit, w_tax     FROM bmsql_customer     JOIN bmsql_warehouse ON (w_id = c_w_id)     WHERE c_w_id = $1 AND c_d_id = $2 AND c_id = $3 FOR UPDATE","parameters: $1 = '1', $2 = '1', $3 = '5'",,,,,,,,"","client backend"
2024-06-16 14:33:27.713 CST,"raingage","benchmark",15268,"127.0.0.1:45208",666e86a6.3ba4,799,"SELECT",2024-06-16 14:31:02 CST,4/58,90847,LOG,00000,"execute S_5: SELECT i_price, i_name, i_data     FROM bmsql_item     WHERE i_id = $1","parameters: $1 = '101'",,,,,,,,"","client backend"
2024-06-16 14:33:27.727 CST,"raingage","benchmark",15268,"127.0.0.1:45208",666e86a6.3ba4,800,"SELECT",2024-06-16 14:31:02 CST,4/58,90847,LOG,00000,"execute S_6: SELECT s_quantity, s_data,        s_dist_01, s_dist_02, s_dist_03, s_dist_04,        s_dist_05, s_dist_06, s_dist_07, s_dist_08,        s_dist_09, s_dist_10     FROM bmsql_stock     WHERE s_w_id = $1 AND s_i_id = $2  FOR UPDATE","parameters: $1 = '1', $2 = '101'",,,,,,,,"","client backend"
2024-06-16 14:33:27.741 CST,"raingage","benchmark",15268,"127.0.0.1:45208",666e86a6.3ba4,801,"UPDATE",2024-06-16 14:31:02 CST,4/58,90847,LOG,00000,"execute S_7: UPDATE bmsql_stock     SET s_quantity = $1, s_ytd = s_ytd + $2,         s_order_cnt = s_order_cnt + 1,         s_remote_cnt = s_remote_cnt + $3     WHERE s_w_id = $4 AND s_i_id = $5","parameters: $1 = '57', $2 = '7', $3 = '0', $4 = '1', $5 = '101'",,,,,,,,"","client backend"
2024-06-16 14:33:27.762 CST,"raingage","benchmark",15268,"127.0.0.1:45208",666e86a6.3ba4,802,"COMMIT",2024-06-16 14:31:02 CST,4/58,90847,LOG,00000,"execute S_2: COMMIT",,,,,,,,,"","client backend"
2024-06-16 14:33:27.774 CST,"raingage","benchmark",15268,"127.0.0.1:45208",666e86a6.3ba4,803,"BEGIN",2024-06-16 14:31:02 CST,4/59,0,LOG,00000,"execute S_3: BEGIN",,,,,,,,,"","client backend"
2024-06-16 14:33:27.790 CST,"raingage","benchmark",15268,"127.0.0.1:45208",666e86a6.3ba4,804,"SELECT",2024-06-16 14:31:02 CST,4/59,0,LOG,00000,"execute S_4: SELECT d_tax, d_next_o_id     FROM bmsql_district     WHERE d_w_id = $1 AND d_id = $2 ","parameters: $1 = '1', $2 = '1'",,,,,,,,"","client backend"
2024-06-16 14:33:27.826 CST,"raingage","benchmark",15269,"127.0.0.1:45210",666e86a6.3ba5,780,"SELECT",2024-06-16 14:31:02 CST,5/57,90848,LOG,00000,"execute S_1: SELECT c_discount, c_last, c_credit, w_tax     FROM bmsql_customer     JOIN bmsql_warehouse ON (w_id = c_w_id)     WHERE c_w_id = $1 AND c_d_id = $2 AND c_id = $3 FOR UPDATE","parameters: $1 = '1', $2 = '4', $3 = '50'",,,,,,,,"","client backend"
2024-06-16 14:33:27.858 CST,"raingage","benchmark",15268,"127.0.0.1:45208",666e86a6.3ba4,805,"SELECT",2024-06-16 14:31:02 CST,4/59,0,LOG,00000,"execute S_1: SELECT c_discount, c_last, c_credit, w_tax     FROM bmsql_customer     JOIN bmsql_warehouse ON (w_id = c_w_id)     WHERE c_w_id = $1 AND c_d_id = $2 AND c_id = $3 FOR UPDATE","parameters: $1 = '1', $2 = '1', $3 = '75'",,,,,,,,"","client backend"
2024-06-16 14:33:27.894 CST,"raingage","benchmark",15269,"127.0.0.1:45210",666e86a6.3ba5,781,"SELECT",2024-06-16 14:31:02 CST,5/57,90848,LOG,00000,"execute S_1: SELECT c_discount, c_last, c_credit, w_tax     FROM bmsql_customer     JOIN bmsql_warehouse ON (w_id = c_w_id)     WHERE c_w_id = $1 AND c_d_id = $2 AND c_id = $3 FOR UPDATE","parameters: $1 = '1', $2 = '4', $3 = '50'",,,,,,,,"","client backend"
2024-06-16 14:33:27.956 CST,"raingage","benchmark",15269,"127.0.0.1:45210",666e86a6.3ba5,782,"SELECT",2024-06-16 14:31:02 CST,5/57,90848,LOG,00000,"execute S_1: SELECT c_discount, c_last, c_credit, w_tax     FROM bmsql_customer     JOIN bmsql_warehouse ON (w_id = c_w_id)     WHERE c_w_id = $1 AND c_d_id = $2 AND c_id = $3 FOR UPDATE","parameters: $1 = '1', $2 = '4', $3 = '50'",,,,,,,,"","client backend"
2024-06-16 14:33:28.022 CST,"raingage","benchmark",15269,"127.0.0.1:45210",666e86a6.3ba5,783,"SELECT",2024-06-16 14:31:02 CST,5/57,90848,LOG,00000,"execute S_1: SELECT c_discount, c_last, c_credit, w_tax     FROM bmsql_customer     JOIN bmsql_warehouse ON (w_id = c_w_id)     WHERE c_w_id = $1 AND c_d_id = $2 AND c_id = $3 FOR UPDATE","parameters: $1 = '1', $2 = '4', $3 = '50'",,,,,,,,"","client backend"
2024-06-16 14:33:28.086 CST,"raingage","benchmark",15269,"127.0.0.1:45210",666e86a6.3ba5,784,"SELECT",2024-06-16 14:31:02 CST,5/57,90848,LOG,00000,"execute S_1: SELECT c_discount, c_last, c_credit, w_tax     FROM bmsql_customer     JOIN bmsql_warehouse ON (w_id = c_w_id)     WHERE c_w_id = $1 AND c_d_id = $2 AND c_id = $3 FOR UPDATE","parameters: $1 = '1', $2 = '4', $3 = '50'",,,,,,,,"","client backend"
2024-06-16 14:33:28.154 CST,"raingage","benchmark",15269,"127.0.0.1:45210",666e86a6.3ba5,785,"SELECT",2024-06-16 14:31:02 CST,5/57,90848,LOG,00000,"execute S_1: SELECT c_discount, c_last, c_credit, w_tax     FROM bmsql_customer     JOIN bmsql_warehouse ON (w_id = c_w_id)     WHERE c_w_id = $1 AND c_d_id = $2 AND c_id = $3 FOR UPDATE","parameters: $1 = '1', $2 = '4', $3 = '50'",,,,,,,,"","client backend"
2024-06-16 14:33:28.221 CST,"raingage","benchmark",15269,"127.0.0.1:45210",666e86a6.3ba5,786,"SELECT",2024-06-16 14:31:02 CST,5/57,90848,LOG,00000,"execute S_1: SELECT c_discount, c_last, c_credit, w_tax     FROM bmsql_customer     JOIN bmsql_warehouse ON (w_id = c_w_id)     WHERE c_w_id = $1 AND c_d_id = $2 AND c_id = $3 FOR UPDATE","parameters: $1 = '1', $2 = '4', $3 = '50'",,,,,,,,"","client backend"
2024-06-16 14:33:28.239 CST,"raingage","benchmark",15269,"127.0.0.1:45210",666e86a6.3ba5,787,"SELECT",2024-06-16 14:31:02 CST,5/57,90848,LOG,00000,"execute S_6: SELECT i_price, i_name, i_data     FROM bmsql_item     WHERE i_id = $1","parameters: $1 = '7'",,,,,,,,"","client backend"
2024-06-16 14:33:28.260 CST,"raingage","benchmark",15269,"127.0.0.1:45210",666e86a6.3ba5,788,"SELECT",2024-06-16 14:31:02 CST,5/57,90848,LOG,00000,"execute S_7: SELECT s_quantity, s_data,        s_dist_01, s_dist_02, s_dist_03, s_dist_04,        s_dist_05, s_dist_06, s_dist_07, s_dist_08,        s_dist_09, s_dist_10     FROM bmsql_stock     WHERE s_w_id = $1 AND s_i_id = $2  FOR UPDATE","parameters: $1 = '1', $2 = '7'",,,,,,,,"","client backend"
2024-06-16 14:33:28.275 CST,"raingage","benchmark",15269,"127.0.0.1:45210",666e86a6.3ba5,789,"UPDATE",2024-06-16 14:31:02 CST,5/57,90848,LOG,00000,"execute S_8: UPDATE bmsql_stock     SET s_quantity = $1, s_ytd = s_ytd + $2,         s_order_cnt = s_order_cnt + 1,         s_remote_cnt = s_remote_cnt + $3     WHERE s_w_id = $4 AND s_i_id = $5","parameters: $1 = '88', $2 = '7', $3 = '0', $4 = '1', $5 = '7'",,,,,,,,"","client backend"
2024-06-16 14:33:28.293 CST,"raingage","benchmark",15269,"127.0.0.1:45210",666e86a6.3ba5,790,"COMMIT",2024-06-16 14:31:02 CST,5/57,90848,LOG,00000,"execute S_3: COMMIT",,,,,,,,,"","client backend"
2024-06-16 14:33:28.313 CST,"raingage","benchmark",15269,"127.0.0.1:45210",666e86a6.3ba5,791,"BEGIN",2024-06-16 14:31:02 CST,5/58,0,LOG,00000,"execute S_4: BEGIN",,,,,,,,,"","client backend"
2024-06-16 14:33:28.325 CST,"raingage","benchmark",15269,"127.0.0.1:45210",666e86a6.3ba5,792,"SELECT",2024-06-16 14:31:02 CST,5/58,0,LOG,00000,"execute S_5: SELECT d_tax, d_next_o_id     FROM bmsql_district     WHERE d_w_id = $1 AND d_id = $2 ","parameters: $1 = '1', $2 = '1'",,,,,,,,"","client backend"
2024-06-16 14:33:28.360 CST,"raingage","benchmark",15268,"127.0.0.1:45208",666e86a6.3ba4,806,"SELECT",2024-06-16 14:31:02 CST,4/59,90849,LOG,00000,"execute S_1: SELECT c_discount, c_last, c_credit, w_tax     FROM bmsql_customer     JOIN bmsql_warehouse ON (w_id = c_w_id)     WHERE c_w_id = $1 AND c_d_id = $2 AND c_id = $3 FOR UPDATE","parameters: $1 = '1', $2 = '1', $3 = '75'",,,,,,,,"","client backend"
2024-06-16 14:33:28.390 CST,"raingage","benchmark",15269,"127.0.0.1:45210",666e86a6.3ba5,793,"SELECT",2024-06-16 14:31:02 CST,5/58,0,LOG,00000,"execute S_1: SELECT c_discount, c_last, c_credit, w_tax     FROM bmsql_customer     JOIN bmsql_warehouse ON (w_id = c_w_id)     WHERE c_w_id = $1 AND c_d_id = $2 AND c_id = $3 FOR UPDATE","parameters: $1 = '1', $2 = '1', $3 = '75'",,,,,,,,"","client backend"
2024-06-16 14:33:28.428 CST,"raingage","benchmark",15268,"127.0.0.1:45208",666e86a6.3ba4,807,"SELECT",2024-06-16 14:31:02 CST,4/59,90849,LOG,00000,"execute S_1: SELECT c_discount, c_last, c_credit, w_tax     FROM bmsql_customer     JOIN bmsql_warehouse ON (w_id = c_w_id)     WHERE c_w_id = $1 AND c_d_id = $2 AND c_id = $3 FOR UPDATE","parameters: $1 = '1', $2 = '1', $3 = '75'",,,,,,,,"","client backend"
2024-06-16 14:33:28.492 CST,"raingage","benchmark",15268,"127.0.0.1:45208",666e86a6.3ba4,808,"SELECT",2024-06-16 14:31:02 CST,4/59,90849,LOG,00000,"execute S_1: SELECT c_discount, c_last, c_credit, w_tax     FROM bmsql_customer     JOIN bmsql_warehouse ON (w_id = c_w_id)     WHERE c_w_id = $1 AND c_d_id = $2 AND c_id = $3 FOR UPDATE","parameters: $1 = '1', $2 = '1', $3 = '75'",,,,,,,,"","client backend"
2024-06-16 14:33:28.559 CST,"raingage","benchmark",15268,"127.0.0.1:45208",666e86a6.3ba4,809,"SELECT",2024-06-16 14:31:02 CST,4/59,90849,LOG,00000,"execute S_1: SELECT c_discount, c_last, c_credit, w_tax     FROM bmsql_customer     JOIN bmsql_warehouse ON (w_id = c_w_id)     WHERE c_w_id = $1 AND c_d_id = $2 AND c_id = $3 FOR UPDATE","parameters: $1 = '1', $2 = '1', $3 = '75'",,,,,,,,"","client backend"
2024-06-16 14:33:28.621 CST,"raingage","benchmark",15268,"127.0.0.1:45208",666e86a6.3ba4,810,"SELECT",2024-06-16 14:31:02 CST,4/59,90849,LOG,00000,"execute S_1: SELECT c_discount, c_last, c_credit, w_tax     FROM bmsql_customer     JOIN bmsql_warehouse ON (w_id = c_w_id)     WHERE c_w_id = $1 AND c_d_id = $2 AND c_id = $3 FOR UPDATE","parameters: $1 = '1', $2 = '1', $3 = '75'",,,,,,,,"","client backend"
2024-06-16 14:33:28.688 CST,"raingage","benchmark",15268,"127.0.0.1:45208",666e86a6.3ba4,811,"SELECT",2024-06-16 14:31:02 CST,4/59,90849,LOG,00000,"execute S_1: SELECT c_discount, c_last, c_credit, w_tax     FROM bmsql_customer     JOIN bmsql_warehouse ON (w_id = c_w_id)     WHERE c_w_id = $1 AND c_d_id = $2 AND c_id = $3 FOR UPDATE","parameters: $1 = '1', $2 = '1', $3 = '75'",,,,,,,,"","client backend"
2024-06-16 14:33:28.754 CST,"raingage","benchmark",15268,"127.0.0.1:45208",666e86a6.3ba4,812,"SELECT",2024-06-16 14:31:02 CST,4/59,90849,LOG,00000,"execute S_1: SELECT c_discount, c_last, c_credit, w_tax     FROM bmsql_customer     JOIN bmsql_warehouse ON (w_id = c_w_id)     WHERE c_w_id = $1 AND c_d_id = $2 AND c_id = $3 FOR UPDATE","parameters: $1 = '1', $2 = '1', $3 = '75'",,,,,,,,"","client backend"
2024-06-16 14:33:28.769 CST,"raingage","benchmark",15268,"127.0.0.1:45208",666e86a6.3ba4,813,"SELECT",2024-06-16 14:31:02 CST,4/59,90849,LOG,00000,"execute S_5: SELECT i_price, i_name, i_data     FROM bmsql_item     WHERE i_id = $1","parameters: $1 = '81'",,,,,,,,"","client backend"
2024-06-16 14:33:28.786 CST,"raingage","benchmark",15268,"127.0.0.1:45208",666e86a6.3ba4,814,"SELECT",2024-06-16 14:31:02 CST,4/59,90849,LOG,00000,"execute S_6: SELECT s_quantity, s_data,        s_dist_01, s_dist_02, s_dist_03, s_dist_04,        s_dist_05, s_dist_06, s_dist_07, s_dist_08,        s_dist_09, s_dist_10     FROM bmsql_stock     WHERE s_w_id = $1 AND s_i_id = $2  FOR UPDATE","parameters: $1 = '1', $2 = '81'",,,,,,,,"","client backend"
2024-06-16 14:33:28.804 CST,"raingage","benchmark",15268,"127.0.0.1:45208",666e86a6.3ba4,815,"UPDATE",2024-06-16 14:31:02 CST,4/59,90849,LOG,00000,"execute S_7: UPDATE bmsql_stock     SET s_quantity = $1, s_ytd = s_ytd + $2,         s_order_cnt = s_order_cnt + 1,         s_remote_cnt = s_remote_cnt + $3     WHERE s_w_id = $4 AND s_i_id = $5","parameters: $1 = '77', $2 = '2', $3 = '0', $4 = '1', $5 = '81'",,,,,,,,"","client backend"
2024-06-16 14:33:28.820 CST,"raingage","benchmark",15268,"127.0.0.1:45208",666e86a6.3ba4,816,"COMMIT",2024-06-16 14:31:02 CST,4/59,90849,LOG,00000,"execute S_2: COMMIT",,,,,,,,,"","client backend"
2024-06-16 14:33:28.833 CST,"raingage","benchmark",15268,"127.0.0.1:45208",666e86a6.3ba4,817,"BEGIN",2024-06-16 14:31:02 CST,4/60,0,LOG,00000,"execute S_3: BEGIN",,,,,,,,,"","client backend"
2024-06-16 14:33:28.849 CST,"raingage","benchmark",15268,"127.0.0.1:45208",666e86a6.3ba4,818,"SELECT",2024-06-16 14:31:02 CST,4/60,0,LOG,00000,"execute S_4: SELECT d_tax, d_next_o_id     FROM bmsql_district     WHERE d_w_id = $1 AND d_id = $2 ","parameters: $1 = '1', $2 = '1'",,,,,,,,"","client backend"
2024-06-16 14:33:28.884 CST,"raingage","benchmark",15269,"127.0.0.1:45210",666e86a6.3ba5,794,"SELECT",2024-06-16 14:31:02 CST,5/58,90850,LOG,00000,"execute S_1: SELECT c_discount, c_last, c_credit, w_tax     FROM bmsql_customer     JOIN bmsql_warehouse ON (w_id = c_w_id)     WHERE c_w_id = $1 AND c_d_id = $2 AND c_id = $3 FOR UPDATE","parameters: $1 = '1', $2 = '1', $3 = '75'",,,,,,,,"","client backend"
2024-06-16 14:33:28.914 CST,"raingage","benchmark",15268,"127.0.0.1:45208",666e86a6.3ba4,819,"SELECT",2024-06-16 14:31:02 CST,4/60,0,LOG,00000,"execute S_1: SELECT c_discount, c_last, c_credit, w_tax     FROM bmsql_customer     JOIN bmsql_warehouse ON (w_id = c_w_id)     WHERE c_w_id = $1 AND c_d_id = $2 AND c_id = $3 FOR UPDATE","parameters: $1 = '1', $2 = '1', $3 = '9'",,,,,,,,"","client backend"
2024-06-16 14:33:28.949 CST,"raingage","benchmark",15269,"127.0.0.1:45210",666e86a6.3ba5,795,"SELECT",2024-06-16 14:31:02 CST,5/58,90850,LOG,00000,"execute S_1: SELECT c_discount, c_last, c_credit, w_tax     FROM bmsql_customer     JOIN bmsql_warehouse ON (w_id = c_w_id)     WHERE c_w_id = $1 AND c_d_id = $2 AND c_id = $3 FOR UPDATE","parameters: $1 = '1', $2 = '1', $3 = '75'",,,,,,,,"","client backend"
2024-06-16 14:33:29.015 CST,"raingage","benchmark",15269,"127.0.0.1:45210",666e86a6.3ba5,796,"SELECT",2024-06-16 14:31:02 CST,5/58,90850,LOG,00000,"execute S_1: SELECT c_discount, c_last, c_credit, w_tax     FROM bmsql_customer     JOIN bmsql_warehouse ON (w_id = c_w_id)     WHERE c_w_id = $1 AND c_d_id = $2 AND c_id = $3 FOR UPDATE","parameters: $1 = '1', $2 = '1', $3 = '75'",,,,,,,,"","client backend"
2024-06-16 14:33:29.079 CST,"raingage","benchmark",15269,"127.0.0.1:45210",666e86a6.3ba5,797,"SELECT",2024-06-16 14:31:02 CST,5/58,90850,LOG,00000,"execute S_1: SELECT c_discount, c_last, c_credit, w_tax     FROM bmsql_customer     JOIN bmsql_warehouse ON (w_id = c_w_id)     WHERE c_w_id = $1 AND c_d_id = $2 AND c_id = $3 FOR UPDATE","parameters: $1 = '1', $2 = '1', $3 = '75'",,,,,,,,"","client backend"
2024-06-16 14:33:29.151 CST,"raingage","benchmark",15269,"127.0.0.1:45210",666e86a6.3ba5,798,"SELECT",2024-06-16 14:31:02 CST,5/58,90850,LOG,00000,"execute S_1: SELECT c_discount, c_last, c_credit, w_tax     FROM bmsql_customer     JOIN bmsql_warehouse ON (w_id = c_w_id)     WHERE c_w_id = $1 AND c_d_id = $2 AND c_id = $3 FOR UPDATE","parameters: $1 = '1', $2 = '1', $3 = '75'",,,,,,,,"","client backend"
2024-06-16 14:33:29.218 CST,"raingage","benchmark",15269,"127.0.0.1:45210",666e86a6.3ba5,799,"SELECT",2024-06-16 14:31:02 CST,5/58,90850,LOG,00000,"execute S_1: SELECT c_discount, c_last, c_credit, w_tax     FROM bmsql_customer     JOIN bmsql_warehouse ON (w_id = c_w_id)     WHERE c_w_id = $1 AND c_d_id = $2 AND c_id = $3 FOR UPDATE","parameters: $1 = '1', $2 = '1', $3 = '75'",,,,,,,,"","client backend"
2024-06-16 14:33:29.287 CST,"raingage","benchmark",15269,"127.0.0.1:45210",666e86a6.3ba5,800,"SELECT",2024-06-16 14:31:02 CST,5/58,90850,LOG,00000,"execute S_1: SELECT c_discount, c_last, c_credit, w_tax     FROM bmsql_customer     JOIN bmsql_warehouse ON (w_id = c_w_id)     WHERE c_w_id = $1 AND c_d_id = $2 AND c_id = $3 FOR UPDATE","parameters: $1 = '1', $2 = '1', $3 = '75'",,,,,,,,"","client backend"
2024-06-16 14:33:29.306 CST,"raingage","benchmark",15269,"127.0.0.1:45210",666e86a6.3ba5,801,"SELECT",2024-06-16 14:31:02 CST,5/58,90850,LOG,00000,"execute S_6: SELECT i_price, i_name, i_data     FROM bmsql_item     WHERE i_id = $1","parameters: $1 = '81'",,,,,,,,"","client backend"
2024-06-16 14:33:29.321 CST,"raingage","benchmark",15269,"127.0.0.1:45210",666e86a6.3ba5,802,"SELECT",2024-06-16 14:31:02 CST,5/58,90850,LOG,00000,"execute S_7: SELECT s_quantity, s_data,        s_dist_01, s_dist_02, s_dist_03, s_dist_04,        s_dist_05, s_dist_06, s_dist_07, s_dist_08,        s_dist_09, s_dist_10     FROM bmsql_stock     WHERE s_w_id = $1 AND s_i_id = $2  FOR UPDATE","parameters: $1 = '1', $2 = '81'",,,,,,,,"","client backend"
2024-06-16 14:33:29.336 CST,"raingage","benchmark",15269,"127.0.0.1:45210",666e86a6.3ba5,803,"UPDATE",2024-06-16 14:31:02 CST,5/58,90850,LOG,00000,"execute S_8: UPDATE bmsql_stock     SET s_quantity = $1, s_ytd = s_ytd + $2,         s_order_cnt = s_order_cnt + 1,         s_remote_cnt = s_remote_cnt + $3     WHERE s_w_id = $4 AND s_i_id = $5","parameters: $1 = '75', $2 = '2', $3 = '0', $4 = '1', $5 = '81'",,,,,,,,"","client backend"
2024-06-16 14:33:29.354 CST,"raingage","benchmark",15269,"127.0.0.1:45210",666e86a6.3ba5,804,"COMMIT",2024-06-16 14:31:02 CST,5/58,90850,LOG,00000,"execute S_3: COMMIT",,,,,,,,,"","client backend"
2024-06-16 14:33:29.427 CST,"raingage","benchmark",15268,"127.0.0.1:45208",666e86a6.3ba4,820,"SELECT",2024-06-16 14:31:02 CST,4/60,90851,LOG,00000,"execute S_1: SELECT c_discount, c_last, c_credit, w_tax     FROM bmsql_customer     JOIN bmsql_warehouse ON (w_id = c_w_id)     WHERE c_w_id = $1 AND c_d_id = $2 AND c_id = $3 FOR UPDATE","parameters: $1 = '1', $2 = '1', $3 = '9'",,,,,,,,"","client backend"
2024-06-16 14:33:29.496 CST,"raingage","benchmark",15268,"127.0.0.1:45208",666e86a6.3ba4,821,"SELECT",2024-06-16 14:31:02 CST,4/60,90851,LOG,00000,"execute S_1: SELECT c_discount, c_last, c_credit, w_tax     FROM bmsql_customer     JOIN bmsql_warehouse ON (w_id = c_w_id)     WHERE c_w_id = $1 AND c_d_id = $2 AND c_id = $3 FOR UPDATE","parameters: $1 = '1', $2 = '1', $3 = '9'",,,,,,,,"","client backend"
2024-06-16 14:33:29.512 CST,"raingage","benchmark",15271,"127.0.0.1:45214",666e86a7.3ba7,815,"BEGIN",2024-06-16 14:31:03 CST,7/60,0,LOG,00000,"execute S_3: BEGIN",,,,,,,,,"","client backend"
2024-06-16 14:33:29.527 CST,"raingage","benchmark",15271,"127.0.0.1:45214",666e86a7.3ba7,816,"SELECT",2024-06-16 14:31:03 CST,7/60,0,LOG,00000,"execute S_4: SELECT d_tax, d_next_o_id     FROM bmsql_district     WHERE d_w_id = $1 AND d_id = $2 ","parameters: $1 = '1', $2 = '2'",,,,,,,,"","client backend"
2024-06-16 14:33:29.561 CST,"raingage","benchmark",15268,"127.0.0.1:45208",666e86a6.3ba4,822,"SELECT",2024-06-16 14:31:02 CST,4/60,90851,LOG,00000,"execute S_1: SELECT c_discount, c_last, c_credit, w_tax     FROM bmsql_customer     JOIN bmsql_warehouse ON (w_id = c_w_id)     WHERE c_w_id = $1 AND c_d_id = $2 AND c_id = $3 FOR UPDATE","parameters: $1 = '1', $2 = '1', $3 = '9'",,,,,,,,"","client backend"
2024-06-16 14:33:29.597 CST,"raingage","benchmark",15271,"127.0.0.1:45214",666e86a7.3ba7,817,"SELECT",2024-06-16 14:31:03 CST,7/60,0,LOG,00000,"execute S_1: SELECT c_discount, c_last, c_credit, w_tax     FROM bmsql_customer     JOIN bmsql_warehouse ON (w_id = c_w_id)     WHERE c_w_id = $1 AND c_d_id = $2 AND c_id = $3 FOR UPDATE","parameters: $1 = '1', $2 = '2', $3 = '72'",,,,,,,,"","client backend"
2024-06-16 14:33:29.626 CST,"raingage","benchmark",15268,"127.0.0.1:45208",666e86a6.3ba4,823,"SELECT",2024-06-16 14:31:02 CST,4/60,90851,LOG,00000,"execute S_1: SELECT c_discount, c_last, c_credit, w_tax     FROM bmsql_customer     JOIN bmsql_warehouse ON (w_id = c_w_id)     WHERE c_w_id = $1 AND c_d_id = $2 AND c_id = $3 FOR UPDATE","parameters: $1 = '1', $2 = '1', $3 = '9'",,,,,,,,"","client backend"
2024-06-16 14:33:29.694 CST,"raingage","benchmark",15268,"127.0.0.1:45208",666e86a6.3ba4,824,"SELECT",2024-06-16 14:31:02 CST,4/60,90851,LOG,00000,"execute S_1: SELECT c_discount, c_last, c_credit, w_tax     FROM bmsql_customer     JOIN bmsql_warehouse ON (w_id = c_w_id)     WHERE c_w_id = $1 AND c_d_id = $2 AND c_id = $3 FOR UPDATE","parameters: $1 = '1', $2 = '1', $3 = '9'",,,,,,,,"","client backend"
2024-06-16 14:33:29.764 CST,"raingage","benchmark",15268,"127.0.0.1:45208",666e86a6.3ba4,825,"SELECT",2024-06-16 14:31:02 CST,4/60,90851,LOG,00000,"execute S_1: SELECT c_discount, c_last, c_credit, w_tax     FROM bmsql_customer     JOIN bmsql_warehouse ON (w_id = c_w_id)     WHERE c_w_id = $1 AND c_d_id = $2 AND c_id = $3 FOR UPDATE","parameters: $1 = '1', $2 = '1', $3 = '9'",,,,,,,,"","client backend"
2024-06-16 14:33:29.832 CST,"raingage","benchmark",15268,"127.0.0.1:45208",666e86a6.3ba4,826,"SELECT",2024-06-16 14:31:02 CST,4/60,90851,LOG,00000,"execute S_1: SELECT c_discount, c_last, c_credit, w_tax     FROM bmsql_customer     JOIN bmsql_warehouse ON (w_id = c_w_id)     WHERE c_w_id = $1 AND c_d_id = $2 AND c_id = $3 FOR UPDATE","parameters: $1 = '1', $2 = '1', $3 = '9'",,,,,,,,"","client backend"
2024-06-16 14:33:29.852 CST,"raingage","benchmark",15268,"127.0.0.1:45208",666e86a6.3ba4,827,"SELECT",2024-06-16 14:31:02 CST,4/60,90851,LOG,00000,"execute S_5: SELECT i_price, i_name, i_data     FROM bmsql_item     WHERE i_id = $1","parameters: $1 = '25'",,,,,,,,"","client backend"
2024-06-16 14:33:29.866 CST,"raingage","benchmark",15268,"127.0.0.1:45208",666e86a6.3ba4,828,"SELECT",2024-06-16 14:31:02 CST,4/60,90851,LOG,00000,"execute S_6: SELECT s_quantity, s_data,        s_dist_01, s_dist_02, s_dist_03, s_dist_04,        s_dist_05, s_dist_06, s_dist_07, s_dist_08,        s_dist_09, s_dist_10     FROM bmsql_stock     WHERE s_w_id = $1 AND s_i_id = $2  FOR UPDATE","parameters: $1 = '1', $2 = '25'",,,,,,,,"","client backend"
2024-06-16 14:33:29.885 CST,"raingage","benchmark",15268,"127.0.0.1:45208",666e86a6.3ba4,829,"UPDATE",2024-06-16 14:31:02 CST,4/60,90851,LOG,00000,"execute S_7: UPDATE bmsql_stock     SET s_quantity = $1, s_ytd = s_ytd + $2,         s_order_cnt = s_order_cnt + 1,         s_remote_cnt = s_remote_cnt + $3     WHERE s_w_id = $4 AND s_i_id = $5","parameters: $1 = '96', $2 = '6', $3 = '0', $4 = '1', $5 = '25'",,,,,,,,"","client backend"
2024-06-16 14:33:29.900 CST,"raingage","benchmark",15268,"127.0.0.1:45208",666e86a6.3ba4,830,"COMMIT",2024-06-16 14:31:02 CST,4/60,90851,LOG,00000,"execute S_2: COMMIT",,,,,,,,,"","client backend"
2024-06-16 14:33:29.915 CST,"raingage","benchmark",15268,"127.0.0.1:45208",666e86a6.3ba4,831,"BEGIN",2024-06-16 14:31:02 CST,4/61,0,LOG,00000,"execute S_3: BEGIN",,,,,,,,,"","client backend"
2024-06-16 14:33:29.936 CST,"raingage","benchmark",15268,"127.0.0.1:45208",666e86a6.3ba4,832,"SELECT",2024-06-16 14:31:02 CST,4/61,0,LOG,00000,"execute S_4: SELECT d_tax, d_next_o_id     FROM bmsql_district     WHERE d_w_id = $1 AND d_id = $2 ","parameters: $1 = '1', $2 = '1'",,,,,,,,"","client backend"
2024-06-16 14:33:29.966 CST,"raingage","benchmark",15271,"127.0.0.1:45214",666e86a7.3ba7,818,"SELECT",2024-06-16 14:31:03 CST,7/60,90852,LOG,00000,"execute S_1: SELECT c_discount, c_last, c_credit, w_tax     FROM bmsql_customer     JOIN bmsql_warehouse ON (w_id = c_w_id)     WHERE c_w_id = $1 AND c_d_id = $2 AND c_id = $3 FOR UPDATE","parameters: $1 = '1', $2 = '2', $3 = '72'",,,,,,,,"","client backend"
2024-06-16 14:33:30.000 CST,"raingage","benchmark",15268,"127.0.0.1:45208",666e86a6.3ba4,833,"SELECT",2024-06-16 14:31:02 CST,4/61,0,LOG,00000,"execute S_1: SELECT c_discount, c_last, c_credit, w_tax     FROM bmsql_customer     JOIN bmsql_warehouse ON (w_id = c_w_id)     WHERE c_w_id = $1 AND c_d_id = $2 AND c_id = $3 FOR UPDATE","parameters: $1 = '1', $2 = '1', $3 = '80'",,,,,,,,"","client backend"
2024-06-16 14:33:30.032 CST,"raingage","benchmark",15271,"127.0.0.1:45214",666e86a7.3ba7,819,"SELECT",2024-06-16 14:31:03 CST,7/60,90852,LOG,00000,"execute S_1: SELECT c_discount, c_last, c_credit, w_tax     FROM bmsql_customer     JOIN bmsql_warehouse ON (w_id = c_w_id)     WHERE c_w_id = $1 AND c_d_id = $2 AND c_id = $3 FOR UPDATE","parameters: $1 = '1', $2 = '2', $3 = '72'",,,,,,,,"","client backend"
2024-06-16 14:33:30.097 CST,"raingage","benchmark",15271,"127.0.0.1:45214",666e86a7.3ba7,820,"SELECT",2024-06-16 14:31:03 CST,7/60,90852,LOG,00000,"execute S_1: SELECT c_discount, c_last, c_credit, w_tax     FROM bmsql_customer     JOIN bmsql_warehouse ON (w_id = c_w_id)     WHERE c_w_id = $1 AND c_d_id = $2 AND c_id = $3 FOR UPDATE","parameters: $1 = '1', $2 = '2', $3 = '72'",,,,,,,,"","client backend"
2024-06-16 14:33:30.163 CST,"raingage","benchmark",15271,"127.0.0.1:45214",666e86a7.3ba7,821,"SELECT",2024-06-16 14:31:03 CST,7/60,90852,LOG,00000,"execute S_1: SELECT c_discount, c_last, c_credit, w_tax     FROM bmsql_customer     JOIN bmsql_warehouse ON (w_id = c_w_id)     WHERE c_w_id = $1 AND c_d_id = $2 AND c_id = $3 FOR UPDATE","parameters: $1 = '1', $2 = '2', $3 = '72'",,,,,,,,"","client backend"
2024-06-16 14:33:30.229 CST,"raingage","benchmark",15271,"127.0.0.1:45214",666e86a7.3ba7,822,"SELECT",2024-06-16 14:31:03 CST,7/60,90852,LOG,00000,"execute S_1: SELECT c_discount, c_last, c_credit, w_tax     FROM bmsql_customer     JOIN bmsql_warehouse ON (w_id = c_w_id)     WHERE c_w_id = $1 AND c_d_id = $2 AND c_id = $3 FOR UPDATE","parameters: $1 = '1', $2 = '2', $3 = '72'",,,,,,,,"","client backend"
2024-06-16 14:33:30.293 CST,"raingage","benchmark",15271,"127.0.0.1:45214",666e86a7.3ba7,823,"SELECT",2024-06-16 14:31:03 CST,7/60,90852,LOG,00000,"execute S_1: SELECT c_discount, c_last, c_credit, w_tax     FROM bmsql_customer     JOIN bmsql_warehouse ON (w_id = c_w_id)     WHERE c_w_id = $1 AND c_d_id = $2 AND c_id = $3 FOR UPDATE","parameters: $1 = '1', $2 = '2', $3 = '72'",,,,,,,,"","client backend"
2024-06-16 14:33:30.357 CST,"raingage","benchmark",15271,"127.0.0.1:45214",666e86a7.3ba7,824,"SELECT",2024-06-16 14:31:03 CST,7/60,90852,LOG,00000,"execute S_1: SELECT c_discount, c_last, c_credit, w_tax     FROM bmsql_customer     JOIN bmsql_warehouse ON (w_id = c_w_id)     WHERE c_w_id = $1 AND c_d_id = $2 AND c_id = $3 FOR UPDATE","parameters: $1 = '1', $2 = '2', $3 = '72'",,,,,,,,"","client backend"
2024-06-16 14:33:30.372 CST,"raingage","benchmark",15271,"127.0.0.1:45214",666e86a7.3ba7,825,"SELECT",2024-06-16 14:31:03 CST,7/60,90852,LOG,00000,"execute S_5: SELECT i_price, i_name, i_data     FROM bmsql_item     WHERE i_id = $1","parameters: $1 = '30'",,,,,,,,"","client backend"
2024-06-16 14:33:30.390 CST,"raingage","benchmark",15271,"127.0.0.1:45214",666e86a7.3ba7,826,"SELECT",2024-06-16 14:31:03 CST,7/60,90852,LOG,00000,"execute S_6: SELECT s_quantity, s_data,        s_dist_01, s_dist_02, s_dist_03, s_dist_04,        s_dist_05, s_dist_06, s_dist_07, s_dist_08,        s_dist_09, s_dist_10     FROM bmsql_stock     WHERE s_w_id = $1 AND s_i_id = $2  FOR UPDATE","parameters: $1 = '1', $2 = '30'",,,,,,,,"","client backend"
2024-06-16 14:33:30.407 CST,"raingage","benchmark",15271,"127.0.0.1:45214",666e86a7.3ba7,827,"UPDATE",2024-06-16 14:31:03 CST,7/60,90852,LOG,00000,"execute S_7: UPDATE bmsql_stock     SET s_quantity = $1, s_ytd = s_ytd + $2,         s_order_cnt = s_order_cnt + 1,         s_remote_cnt = s_remote_cnt + $3     WHERE s_w_id = $4 AND s_i_id = $5","parameters: $1 = '56', $2 = '6', $3 = '0', $4 = '1', $5 = '30'",,,,,,,,"","client backend"
2024-06-16 14:33:30.423 CST,"raingage","benchmark",15271,"127.0.0.1:45214",666e86a7.3ba7,828,"COMMIT",2024-06-16 14:31:03 CST,7/60,90852,LOG,00000,"execute S_2: COMMIT",,,,,,,,,"","client backend"
2024-06-16 14:33:30.446 CST,"raingage","benchmark",15271,"127.0.0.1:45214",666e86a7.3ba7,829,"BEGIN",2024-06-16 14:31:03 CST,7/61,0,LOG,00000,"execute S_3: BEGIN",,,,,,,,,"","client backend"
2024-06-16 14:33:30.466 CST,"raingage","benchmark",15271,"127.0.0.1:45214",666e86a7.3ba7,830,"SELECT",2024-06-16 14:31:03 CST,7/61,0,LOG,00000,"execute S_4: SELECT d_tax, d_next_o_id     FROM bmsql_district     WHERE d_w_id = $1 AND d_id = $2 ","parameters: $1 = '1', $2 = '4'",,,,,,,,"","client backend"
2024-06-16 14:33:30.496 CST,"raingage","benchmark",15268,"127.0.0.1:45208",666e86a6.3ba4,834,"SELECT",2024-06-16 14:31:02 CST,4/61,90853,LOG,00000,"execute S_1: SELECT c_discount, c_last, c_credit, w_tax     FROM bmsql_customer     JOIN bmsql_warehouse ON (w_id = c_w_id)     WHERE c_w_id = $1 AND c_d_id = $2 AND c_id = $3 FOR UPDATE","parameters: $1 = '1', $2 = '1', $3 = '80'",,,,,,,,"","client backend"
2024-06-16 14:33:30.532 CST,"raingage","benchmark",15271,"127.0.0.1:45214",666e86a7.3ba7,831,"SELECT",2024-06-16 14:31:03 CST,7/61,0,LOG,00000,"execute S_1: SELECT c_discount, c_last, c_credit, w_tax     FROM bmsql_customer     JOIN bmsql_warehouse ON (w_id = c_w_id)     WHERE c_w_id = $1 AND c_d_id = $2 AND c_id = $3 FOR UPDATE","parameters: $1 = '1', $2 = '4', $3 = '9'",,,,,,,,"","client backend"
2024-06-16 14:33:30.562 CST,"raingage","benchmark",15268,"127.0.0.1:45208",666e86a6.3ba4,835,"SELECT",2024-06-16 14:31:02 CST,4/61,90853,LOG,00000,"execute S_1: SELECT c_discount, c_last, c_credit, w_tax     FROM bmsql_customer     JOIN bmsql_warehouse ON (w_id = c_w_id)     WHERE c_w_id = $1 AND c_d_id = $2 AND c_id = $3 FOR UPDATE","parameters: $1 = '1', $2 = '1', $3 = '80'",,,,,,,,"","client backend"
2024-06-16 14:33:30.626 CST,"raingage","benchmark",15268,"127.0.0.1:45208",666e86a6.3ba4,836,"SELECT",2024-06-16 14:31:02 CST,4/61,90853,LOG,00000,"execute S_1: SELECT c_discount, c_last, c_credit, w_tax     FROM bmsql_customer     JOIN bmsql_warehouse ON (w_id = c_w_id)     WHERE c_w_id = $1 AND c_d_id = $2 AND c_id = $3 FOR UPDATE","parameters: $1 = '1', $2 = '1', $3 = '80'",,,,,,,,"","client backend"
2024-06-16 14:33:30.691 CST,"raingage","benchmark",15268,"127.0.0.1:45208",666e86a6.3ba4,837,"SELECT",2024-06-16 14:31:02 CST,4/61,90853,LOG,00000,"execute S_1: SELECT c_discount, c_last, c_credit, w_tax     FROM bmsql_customer     JOIN bmsql_warehouse ON (w_id = c_w_id)     WHERE c_w_id = $1 AND c_d_id = $2 AND c_id = $3 FOR UPDATE","parameters: $1 = '1', $2 = '1', $3 = '80'",,,,,,,,"","client backend"
2024-06-16 14:33:30.754 CST,"raingage","benchmark",15268,"127.0.0.1:45208",666e86a6.3ba4,838,"SELECT",2024-06-16 14:31:02 CST,4/61,90853,LOG,00000,"execute S_1: SELECT c_discount, c_last, c_credit, w_tax     FROM bmsql_customer     JOIN bmsql_warehouse ON (w_id = c_w_id)     WHERE c_w_id = $1 AND c_d_id = $2 AND c_id = $3 FOR UPDATE","parameters: $1 = '1', $2 = '1', $3 = '80'",,,,,,,,"","client backend"
2024-06-16 14:33:30.820 CST,"raingage","benchmark",15268,"127.0.0.1:45208",666e86a6.3ba4,839,"SELECT",2024-06-16 14:31:02 CST,4/61,90853,LOG,00000,"execute S_1: SELECT c_discount, c_last, c_credit, w_tax     FROM bmsql_customer     JOIN bmsql_warehouse ON (w_id = c_w_id)     WHERE c_w_id = $1 AND c_d_id = $2 AND c_id = $3 FOR UPDATE","parameters: $1 = '1', $2 = '1', $3 = '80'",,,,,,,,"","client backend"
2024-06-16 14:33:30.890 CST,"raingage","benchmark",15268,"127.0.0.1:45208",666e86a6.3ba4,840,"SELECT",2024-06-16 14:31:02 CST,4/61,90853,LOG,00000,"execute S_1: SELECT c_discount, c_last, c_credit, w_tax     FROM bmsql_customer     JOIN bmsql_warehouse ON (w_id = c_w_id)     WHERE c_w_id = $1 AND c_d_id = $2 AND c_id = $3 FOR UPDATE","parameters: $1 = '1', $2 = '1', $3 = '80'",,,,,,,,"","client backend"
2024-06-16 14:33:30.902 CST,"raingage","benchmark",15268,"127.0.0.1:45208",666e86a6.3ba4,841,"SELECT",2024-06-16 14:31:02 CST,4/61,90853,LOG,00000,"execute S_5: SELECT i_price, i_name, i_data     FROM bmsql_item     WHERE i_id = $1","parameters: $1 = '60'",,,,,,,,"","client backend"
2024-06-16 14:33:30.923 CST,"raingage","benchmark",15268,"127.0.0.1:45208",666e86a6.3ba4,842,"SELECT",2024-06-16 14:31:02 CST,4/61,90853,LOG,00000,"execute S_6: SELECT s_quantity, s_data,        s_dist_01, s_dist_02, s_dist_03, s_dist_04,        s_dist_05, s_dist_06, s_dist_07, s_dist_08,        s_dist_09, s_dist_10     FROM bmsql_stock     WHERE s_w_id = $1 AND s_i_id = $2  FOR UPDATE","parameters: $1 = '1', $2 = '60'",,,,,,,,"","client backend"
2024-06-16 14:33:30.939 CST,"raingage","benchmark",15268,"127.0.0.1:45208",666e86a6.3ba4,843,"UPDATE",2024-06-16 14:31:02 CST,4/61,90853,LOG,00000,"execute S_7: UPDATE bmsql_stock     SET s_quantity = $1, s_ytd = s_ytd + $2,         s_order_cnt = s_order_cnt + 1,         s_remote_cnt = s_remote_cnt + $3     WHERE s_w_id = $4 AND s_i_id = $5","parameters: $1 = '108', $2 = '8', $3 = '0', $4 = '1', $5 = '60'",,,,,,,,"","client backend"
2024-06-16 14:33:30.957 CST,"raingage","benchmark",15268,"127.0.0.1:45208",666e86a6.3ba4,844,"COMMIT",2024-06-16 14:31:02 CST,4/61,90853,LOG,00000,"execute S_2: COMMIT",,,,,,,,,"","client backend"
2024-06-16 14:33:30.975 CST,"raingage","benchmark",15268,"127.0.0.1:45208",666e86a6.3ba4,845,"BEGIN",2024-06-16 14:31:02 CST,4/62,0,LOG,00000,"execute S_3: BEGIN",,,,,,,,,"","client backend"
2024-06-16 14:33:30.988 CST,"raingage","benchmark",15268,"127.0.0.1:45208",666e86a6.3ba4,846,"SELECT",2024-06-16 14:31:02 CST,4/62,0,LOG,00000,"execute S_4: SELECT d_tax, d_next_o_id     FROM bmsql_district     WHERE d_w_id = $1 AND d_id = $2 ","parameters: $1 = '1', $2 = '4'",,,,,,,,"","client backend"
2024-06-16 14:33:31.027 CST,"raingage","benchmark",15271,"127.0.0.1:45214",666e86a7.3ba7,832,"SELECT",2024-06-16 14:31:03 CST,7/61,90854,LOG,00000,"execute S_1: SELECT c_discount, c_last, c_credit, w_tax     FROM bmsql_customer     JOIN bmsql_warehouse ON (w_id = c_w_id)     WHERE c_w_id = $1 AND c_d_id = $2 AND c_id = $3 FOR UPDATE","parameters: $1 = '1', $2 = '4', $3 = '9'",,,,,,,,"","client backend"
2024-06-16 14:33:31.052 CST,"raingage","benchmark",15268,"127.0.0.1:45208",666e86a6.3ba4,847,"SELECT",2024-06-16 14:31:02 CST,4/62,0,LOG,00000,"execute S_1: SELECT c_discount, c_last, c_credit, w_tax     FROM bmsql_customer     JOIN bmsql_warehouse ON (w_id = c_w_id)     WHERE c_w_id = $1 AND c_d_id = $2 AND c_id = $3 FOR UPDATE","parameters: $1 = '1', $2 = '4', $3 = '9'",,,,,,,,"","client backend"
2024-06-16 14:33:31.089 CST,"raingage","benchmark",15271,"127.0.0.1:45214",666e86a7.3ba7,833,"SELECT",2024-06-16 14:31:03 CST,7/61,90854,LOG,00000,"execute S_1: SELECT c_discount, c_last, c_credit, w_tax     FROM bmsql_customer     JOIN bmsql_warehouse ON (w_id = c_w_id)     WHERE c_w_id = $1 AND c_d_id = $2 AND c_id = $3 FOR UPDATE","parameters: $1 = '1', $2 = '4', $3 = '9'",,,,,,,,"","client backend"
2024-06-16 14:33:31.157 CST,"raingage","benchmark",15271,"127.0.0.1:45214",666e86a7.3ba7,834,"SELECT",2024-06-16 14:31:03 CST,7/61,90854,LOG,00000,"execute S_1: SELECT c_discount, c_last, c_credit, w_tax     FROM bmsql_customer     JOIN bmsql_warehouse ON (w_id = c_w_id)     WHERE c_w_id = $1 AND c_d_id = $2 AND c_id = $3 FOR UPDATE","parameters: $1 = '1', $2 = '4', $3 = '9'",,,,,,,,"","client backend"
2024-06-16 14:33:31.226 CST,"raingage","benchmark",15271,"127.0.0.1:45214",666e86a7.3ba7,835,"SELECT",2024-06-16 14:31:03 CST,7/61,90854,LOG,00000,"execute S_1: SELECT c_discount, c_last, c_credit, w_tax     FROM bmsql_customer     JOIN bmsql_warehouse ON (w_id = c_w_id)     WHERE c_w_id = $1 AND c_d_id = $2 AND c_id = $3 FOR UPDATE","parameters: $1 = '1', $2 = '4', $3 = '9'",,,,,,,,"","client backend"
2024-06-16 14:33:31.288 CST,"raingage","benchmark",15271,"127.0.0.1:45214",666e86a7.3ba7,836,"SELECT",2024-06-16 14:31:03 CST,7/61,90854,LOG,00000,"execute S_1: SELECT c_discount, c_last, c_credit, w_tax     FROM bmsql_customer     JOIN bmsql_warehouse ON (w_id = c_w_id)     WHERE c_w_id = $1 AND c_d_id = $2 AND c_id = $3 FOR UPDATE","parameters: $1 = '1', $2 = '4', $3 = '9'",,,,,,,,"","client backend"
2024-06-16 14:33:31.356 CST,"raingage","benchmark",15271,"127.0.0.1:45214",666e86a7.3ba7,837,"SELECT",2024-06-16 14:31:03 CST,7/61,90854,LOG,00000,"execute S_1: SELECT c_discount, c_last, c_credit, w_tax     FROM bmsql_customer     JOIN bmsql_warehouse ON (w_id = c_w_id)     WHERE c_w_id = $1 AND c_d_id = $2 AND c_id = $3 FOR UPDATE","parameters: $1 = '1', $2 = '4', $3 = '9'",,,,,,,,"","client backend"
2024-06-16 14:33:31.420 CST,"raingage","benchmark",15271,"127.0.0.1:45214",666e86a7.3ba7,838,"SELECT",2024-06-16 14:31:03 CST,7/61,90854,LOG,00000,"execute S_1: SELECT c_discount, c_last, c_credit, w_tax     FROM bmsql_customer     JOIN bmsql_warehouse ON (w_id = c_w_id)     WHERE c_w_id = $1 AND c_d_id = $2 AND c_id = $3 FOR UPDATE","parameters: $1 = '1', $2 = '4', $3 = '9'",,,,,,,,"","client backend"
2024-06-16 14:33:31.433 CST,"raingage","benchmark",15271,"127.0.0.1:45214",666e86a7.3ba7,839,"SELECT",2024-06-16 14:31:03 CST,7/61,90854,LOG,00000,"execute S_5: SELECT i_price, i_name, i_data     FROM bmsql_item     WHERE i_id = $1","parameters: $1 = '54'",,,,,,,,"","client backend"
2024-06-16 14:33:31.450 CST,"raingage","benchmark",15271,"127.0.0.1:45214",666e86a7.3ba7,840,"SELECT",2024-06-16 14:31:03 CST,7/61,90854,LOG,00000,"execute S_6: SELECT s_quantity, s_data,        s_dist_01, s_dist_02, s_dist_03, s_dist_04,        s_dist_05, s_dist_06, s_dist_07, s_dist_08,        s_dist_09, s_dist_10     FROM bmsql_stock     WHERE s_w_id = $1 AND s_i_id = $2  FOR UPDATE","parameters: $1 = '1', $2 = '54'",,,,,,,,"","client backend"
2024-06-16 14:33:31.467 CST,"raingage","benchmark",15271,"127.0.0.1:45214",666e86a7.3ba7,841,"UPDATE",2024-06-16 14:31:03 CST,7/61,90854,LOG,00000,"execute S_7: UPDATE bmsql_stock     SET s_quantity = $1, s_ytd = s_ytd + $2,         s_order_cnt = s_order_cnt + 1,         s_remote_cnt = s_remote_cnt + $3     WHERE s_w_id = $4 AND s_i_id = $5","parameters: $1 = '24', $2 = '8', $3 = '0', $4 = '1', $5 = '54'",,,,,,,,"","client backend"
2024-06-16 14:33:31.482 CST,"raingage","benchmark",15271,"127.0.0.1:45214",666e86a7.3ba7,842,"COMMIT",2024-06-16 14:31:03 CST,7/61,90854,LOG,00000,"execute S_2: COMMIT",,,,,,,,,"","client backend"
2024-06-16 14:33:31.505 CST,"raingage","benchmark",15271,"127.0.0.1:45214",666e86a7.3ba7,843,"BEGIN",2024-06-16 14:31:03 CST,7/62,0,LOG,00000,"execute S_3: BEGIN",,,,,,,,,"","client backend"
2024-06-16 14:33:31.520 CST,"raingage","benchmark",15271,"127.0.0.1:45214",666e86a7.3ba7,844,"SELECT",2024-06-16 14:31:03 CST,7/62,0,LOG,00000,"execute S_4: SELECT d_tax, d_next_o_id     FROM bmsql_district     WHERE d_w_id = $1 AND d_id = $2 ","parameters: $1 = '1', $2 = '4'",,,,,,,,"","client backend"
2024-06-16 14:33:31.550 CST,"raingage","benchmark",15268,"127.0.0.1:45208",666e86a6.3ba4,848,"SELECT",2024-06-16 14:31:02 CST,4/62,90855,LOG,00000,"execute S_1: SELECT c_discount, c_last, c_credit, w_tax     FROM bmsql_customer     JOIN bmsql_warehouse ON (w_id = c_w_id)     WHERE c_w_id = $1 AND c_d_id = $2 AND c_id = $3 FOR UPDATE","parameters: $1 = '1', $2 = '4', $3 = '9'",,,,,,,,"","client backend"
2024-06-16 14:33:31.588 CST,"raingage","benchmark",15271,"127.0.0.1:45214",666e86a7.3ba7,845,"SELECT",2024-06-16 14:31:03 CST,7/62,0,LOG,00000,"execute S_1: SELECT c_discount, c_last, c_credit, w_tax     FROM bmsql_customer     JOIN bmsql_warehouse ON (w_id = c_w_id)     WHERE c_w_id = $1 AND c_d_id = $2 AND c_id = $3 FOR UPDATE","parameters: $1 = '1', $2 = '4', $3 = '87'",,,,,,,,"","client backend"
2024-06-16 14:33:31.620 CST,"raingage","benchmark",15268,"127.0.0.1:45208",666e86a6.3ba4,849,"SELECT",2024-06-16 14:31:02 CST,4/62,90855,LOG,00000,"execute S_1: SELECT c_discount, c_last, c_credit, w_tax     FROM bmsql_customer     JOIN bmsql_warehouse ON (w_id = c_w_id)     WHERE c_w_id = $1 AND c_d_id = $2 AND c_id = $3 FOR UPDATE","parameters: $1 = '1', $2 = '4', $3 = '9'",,,,,,,,"","client backend"
2024-06-16 14:33:31.687 CST,"raingage","benchmark",15268,"127.0.0.1:45208",666e86a6.3ba4,850,"SELECT",2024-06-16 14:31:02 CST,4/62,90855,LOG,00000,"execute S_1: SELECT c_discount, c_last, c_credit, w_tax     FROM bmsql_customer     JOIN bmsql_warehouse ON (w_id = c_w_id)     WHERE c_w_id = $1 AND c_d_id = $2 AND c_id = $3 FOR UPDATE","parameters: $1 = '1', $2 = '4', $3 = '9'",,,,,,,,"","client backend"
2024-06-16 14:33:31.755 CST,"raingage","benchmark",15268,"127.0.0.1:45208",666e86a6.3ba4,851,"SELECT",2024-06-16 14:31:02 CST,4/62,90855,LOG,00000,"execute S_1: SELECT c_discount, c_last, c_credit, w_tax     FROM bmsql_customer     JOIN bmsql_warehouse ON (w_id = c_w_id)     WHERE c_w_id = $1 AND c_d_id = $2 AND c_id = $3 FOR UPDATE","parameters: $1 = '1', $2 = '4', $3 = '9'",,,,,,,,"","client backend"
2024-06-16 14:33:31.822 CST,"raingage","benchmark",15268,"127.0.0.1:45208",666e86a6.3ba4,852,"SELECT",2024-06-16 14:31:02 CST,4/62,90855,LOG,00000,"execute S_1: SELECT c_discount, c_last, c_credit, w_tax     FROM bmsql_customer     JOIN bmsql_warehouse ON (w_id = c_w_id)     WHERE c_w_id = $1 AND c_d_id = $2 AND c_id = $3 FOR UPDATE","parameters: $1 = '1', $2 = '4', $3 = '9'",,,,,,,,"","client backend"
2024-06-16 14:33:31.894 CST,"raingage","benchmark",15268,"127.0.0.1:45208",666e86a6.3ba4,853,"SELECT",2024-06-16 14:31:02 CST,4/62,90855,LOG,00000,"execute S_1: SELECT c_discount, c_last, c_credit, w_tax     FROM bmsql_customer     JOIN bmsql_warehouse ON (w_id = c_w_id)     WHERE c_w_id = $1 AND c_d_id = $2 AND c_id = $3 FOR UPDATE","parameters: $1 = '1', $2 = '4', $3 = '9'",,,,,,,,"","client backend"
2024-06-16 14:33:31.964 CST,"raingage","benchmark",15268,"127.0.0.1:45208",666e86a6.3ba4,854,"SELECT",2024-06-16 14:31:02 CST,4/62,90855,LOG,00000,"execute S_1: SELECT c_discount, c_last, c_credit, w_tax     FROM bmsql_customer     JOIN bmsql_warehouse ON (w_id = c_w_id)     WHERE c_w_id = $1 AND c_d_id = $2 AND c_id = $3 FOR UPDATE","parameters: $1 = '1', $2 = '4', $3 = '9'",,,,,,,,"","client backend"
2024-06-16 14:33:31.978 CST,"raingage","benchmark",15268,"127.0.0.1:45208",666e86a6.3ba4,855,"SELECT",2024-06-16 14:31:02 CST,4/62,90855,LOG,00000,"execute S_5: SELECT i_price, i_name, i_data     FROM bmsql_item     WHERE i_id = $1","parameters: $1 = '54'",,,,,,,,"","client backend"
2024-06-16 14:33:31.996 CST,"raingage","benchmark",15268,"127.0.0.1:45208",666e86a6.3ba4,856,"SELECT",2024-06-16 14:31:02 CST,4/62,90855,LOG,00000,"execute S_6: SELECT s_quantity, s_data,        s_dist_01, s_dist_02, s_dist_03, s_dist_04,        s_dist_05, s_dist_06, s_dist_07, s_dist_08,        s_dist_09, s_dist_10     FROM bmsql_stock     WHERE s_w_id = $1 AND s_i_id = $2  FOR UPDATE","parameters: $1 = '1', $2 = '54'",,,,,,,,"","client backend"
2024-06-16 14:33:32.011 CST,"raingage","benchmark",15268,"127.0.0.1:45208",666e86a6.3ba4,857,"UPDATE",2024-06-16 14:31:02 CST,4/62,90855,LOG,00000,"execute S_7: UPDATE bmsql_stock     SET s_quantity = $1, s_ytd = s_ytd + $2,         s_order_cnt = s_order_cnt + 1,         s_remote_cnt = s_remote_cnt + $3     WHERE s_w_id = $4 AND s_i_id = $5","parameters: $1 = '20', $2 = '4', $3 = '0', $4 = '1', $5 = '54'",,,,,,,,"","client backend"
2024-06-16 14:33:32.025 CST,"raingage","benchmark",15268,"127.0.0.1:45208",666e86a6.3ba4,858,"COMMIT",2024-06-16 14:31:02 CST,4/62,90855,LOG,00000,"execute S_2: COMMIT",,,,,,,,,"","client backend"
2024-06-16 14:33:32.040 CST,"raingage","benchmark",15268,"127.0.0.1:45208",666e86a6.3ba4,859,"BEGIN",2024-06-16 14:31:02 CST,4/63,0,LOG,00000,"execute S_3: BEGIN",,,,,,,,,"","client backend"
2024-06-16 14:33:32.054 CST,"raingage","benchmark",15268,"127.0.0.1:45208",666e86a6.3ba4,860,"SELECT",2024-06-16 14:31:02 CST,4/63,0,LOG,00000,"execute S_4: SELECT d_tax, d_next_o_id     FROM bmsql_district     WHERE d_w_id = $1 AND d_id = $2 ","parameters: $1 = '1', $2 = '4'",,,,,,,,"","client backend"
2024-06-16 14:33:32.093 CST,"raingage","benchmark",15271,"127.0.0.1:45214",666e86a7.3ba7,846,"SELECT",2024-06-16 14:31:03 CST,7/62,90856,LOG,00000,"execute S_1: SELECT c_discount, c_last, c_credit, w_tax     FROM bmsql_customer     JOIN bmsql_warehouse ON (w_id = c_w_id)     WHERE c_w_id = $1 AND c_d_id = $2 AND c_id = $3 FOR UPDATE","parameters: $1 = '1', $2 = '4', $3 = '87'",,,,,,,,"","client backend"
2024-06-16 14:33:32.121 CST,"raingage","benchmark",15268,"127.0.0.1:45208",666e86a6.3ba4,861,"SELECT",2024-06-16 14:31:02 CST,4/63,0,LOG,00000,"execute S_1: SELECT c_discount, c_last, c_credit, w_tax     FROM bmsql_customer     JOIN bmsql_warehouse ON (w_id = c_w_id)     WHERE c_w_id = $1 AND c_d_id = $2 AND c_id = $3 FOR UPDATE","parameters: $1 = '1', $2 = '4', $3 = '87'",,,,,,,,"","client backend"
2024-06-16 14:33:32.166 CST,"raingage","benchmark",15271,"127.0.0.1:45214",666e86a7.3ba7,847,"SELECT",2024-06-16 14:31:03 CST,7/62,90856,LOG,00000,"execute S_1: SELECT c_discount, c_last, c_credit, w_tax     FROM bmsql_customer     JOIN bmsql_warehouse ON (w_id = c_w_id)     WHERE c_w_id = $1 AND c_d_id = $2 AND c_id = $3 FOR UPDATE","parameters: $1 = '1', $2 = '4', $3 = '87'",,,,,,,,"","client backend"
2024-06-16 14:33:32.233 CST,"raingage","benchmark",15271,"127.0.0.1:45214",666e86a7.3ba7,848,"SELECT",2024-06-16 14:31:03 CST,7/62,90856,LOG,00000,"execute S_1: SELECT c_discount, c_last, c_credit, w_tax     FROM bmsql_customer     JOIN bmsql_warehouse ON (w_id = c_w_id)     WHERE c_w_id = $1 AND c_d_id = $2 AND c_id = $3 FOR UPDATE","parameters: $1 = '1', $2 = '4', $3 = '87'",,,,,,,,"","client backend"
2024-06-16 14:33:32.304 CST,"raingage","benchmark",15271,"127.0.0.1:45214",666e86a7.3ba7,849,"SELECT",2024-06-16 14:31:03 CST,7/62,90856,LOG,00000,"execute S_1: SELECT c_discount, c_last, c_credit, w_tax     FROM bmsql_customer     JOIN bmsql_warehouse ON (w_id = c_w_id)     WHERE c_w_id = $1 AND c_d_id = $2 AND c_id = $3 FOR UPDATE","parameters: $1 = '1', $2 = '4', $3 = '87'",,,,,,,,"","client backend"
2024-06-16 14:33:32.369 CST,"raingage","benchmark",15271,"127.0.0.1:45214",666e86a7.3ba7,850,"SELECT",2024-06-16 14:31:03 CST,7/62,90856,LOG,00000,"execute S_1: SELECT c_discount, c_last, c_credit, w_tax     FROM bmsql_customer     JOIN bmsql_warehouse ON (w_id = c_w_id)     WHERE c_w_id = $1 AND c_d_id = $2 AND c_id = $3 FOR UPDATE","parameters: $1 = '1', $2 = '4', $3 = '87'",,,,,,,,"","client backend"
2024-06-16 14:33:32.439 CST,"raingage","benchmark",15271,"127.0.0.1:45214",666e86a7.3ba7,851,"SELECT",2024-06-16 14:31:03 CST,7/62,90856,LOG,00000,"execute S_1: SELECT c_discount, c_last, c_credit, w_tax     FROM bmsql_customer     JOIN bmsql_warehouse ON (w_id = c_w_id)     WHERE c_w_id = $1 AND c_d_id = $2 AND c_id = $3 FOR UPDATE","parameters: $1 = '1', $2 = '4', $3 = '87'",,,,,,,,"","client backend"
2024-06-16 14:33:32.507 CST,"raingage","benchmark",15271,"127.0.0.1:45214",666e86a7.3ba7,852,"SELECT",2024-06-16 14:31:03 CST,7/62,90856,LOG,00000,"execute S_1: SELECT c_discount, c_last, c_credit, w_tax     FROM bmsql_customer     JOIN bmsql_warehouse ON (w_id = c_w_id)     WHERE c_w_id = $1 AND c_d_id = $2 AND c_id = $3 FOR UPDATE","parameters: $1 = '1', $2 = '4', $3 = '87'",,,,,,,,"","client backend"
2024-06-16 14:33:32.525 CST,"raingage","benchmark",15271,"127.0.0.1:45214",666e86a7.3ba7,853,"SELECT",2024-06-16 14:31:03 CST,7/62,90856,LOG,00000,"execute S_5: SELECT i_price, i_name, i_data     FROM bmsql_item     WHERE i_id = $1","parameters: $1 = '42'",,,,,,,,"","client backend"
2024-06-16 14:33:32.546 CST,"raingage","benchmark",15271,"127.0.0.1:45214",666e86a7.3ba7,854,"SELECT",2024-06-16 14:31:03 CST,7/62,90856,LOG,00000,"execute S_6: SELECT s_quantity, s_data,        s_dist_01, s_dist_02, s_dist_03, s_dist_04,        s_dist_05, s_dist_06, s_dist_07, s_dist_08,        s_dist_09, s_dist_10     FROM bmsql_stock     WHERE s_w_id = $1 AND s_i_id = $2  FOR UPDATE","parameters: $1 = '1', $2 = '42'",,,,,,,,"","client backend"
2024-06-16 14:33:32.566 CST,"raingage","benchmark",15271,"127.0.0.1:45214",666e86a7.3ba7,855,"UPDATE",2024-06-16 14:31:03 CST,7/62,90856,LOG,00000,"execute S_7: UPDATE bmsql_stock     SET s_quantity = $1, s_ytd = s_ytd + $2,         s_order_cnt = s_order_cnt + 1,         s_remote_cnt = s_remote_cnt + $3     WHERE s_w_id = $4 AND s_i_id = $5","parameters: $1 = '68', $2 = '3', $3 = '0', $4 = '1', $5 = '42'",,,,,,,,"","client backend"
2024-06-16 14:33:32.580 CST,"raingage","benchmark",15271,"127.0.0.1:45214",666e86a7.3ba7,856,"COMMIT",2024-06-16 14:31:03 CST,7/62,90856,LOG,00000,"execute S_2: COMMIT",,,,,,,,,"","client backend"
2024-06-16 14:33:32.589 CST,"raingage","benchmark",15271,"127.0.0.1:45214",666e86a7.3ba7,857,"BEGIN",2024-06-16 14:31:03 CST,7/63,0,LOG,00000,"execute S_3: BEGIN",,,,,,,,,"","client backend"
2024-06-16 14:33:32.605 CST,"raingage","benchmark",15271,"127.0.0.1:45214",666e86a7.3ba7,858,"SELECT",2024-06-16 14:31:03 CST,7/63,0,LOG,00000,"execute S_4: SELECT d_tax, d_next_o_id     FROM bmsql_district     WHERE d_w_id = $1 AND d_id = $2 ","parameters: $1 = '1', $2 = '3'",,,,,,,,"","client backend"
2024-06-16 14:33:32.652 CST,"raingage","benchmark",15268,"127.0.0.1:45208",666e86a6.3ba4,862,"SELECT",2024-06-16 14:31:02 CST,4/63,90857,LOG,00000,"execute S_1: SELECT c_discount, c_last, c_credit, w_tax     FROM bmsql_customer     JOIN bmsql_warehouse ON (w_id = c_w_id)     WHERE c_w_id = $1 AND c_d_id = $2 AND c_id = $3 FOR UPDATE","parameters: $1 = '1', $2 = '4', $3 = '87'",,,,,,,,"","client backend"
2024-06-16 14:33:32.676 CST,"raingage","benchmark",15271,"127.0.0.1:45214",666e86a7.3ba7,859,"SELECT",2024-06-16 14:31:03 CST,7/63,0,LOG,00000,"execute S_1: SELECT c_discount, c_last, c_credit, w_tax     FROM bmsql_customer     JOIN bmsql_warehouse ON (w_id = c_w_id)     WHERE c_w_id = $1 AND c_d_id = $2 AND c_id = $3 FOR UPDATE","parameters: $1 = '1', $2 = '3', $3 = '6'",,,,,,,,"","client backend"
2024-06-16 14:33:32.716 CST,"raingage","benchmark",15268,"127.0.0.1:45208",666e86a6.3ba4,863,"SELECT",2024-06-16 14:31:02 CST,4/63,90857,LOG,00000,"execute S_1: SELECT c_discount, c_last, c_credit, w_tax     FROM bmsql_customer     JOIN bmsql_warehouse ON (w_id = c_w_id)     WHERE c_w_id = $1 AND c_d_id = $2 AND c_id = $3 FOR UPDATE","parameters: $1 = '1', $2 = '4', $3 = '87'",,,,,,,,"","client backend"
2024-06-16 14:33:32.788 CST,"raingage","benchmark",15268,"127.0.0.1:45208",666e86a6.3ba4,864,"SELECT",2024-06-16 14:31:02 CST,4/63,90857,LOG,00000,"execute S_1: SELECT c_discount, c_last, c_credit, w_tax     FROM bmsql_customer     JOIN bmsql_warehouse ON (w_id = c_w_id)     WHERE c_w_id = $1 AND c_d_id = $2 AND c_id = $3 FOR UPDATE","parameters: $1 = '1', $2 = '4', $3 = '87'",,,,,,,,"","client backend"
2024-06-16 14:33:32.858 CST,"raingage","benchmark",15268,"127.0.0.1:45208",666e86a6.3ba4,865,"SELECT",2024-06-16 14:31:02 CST,4/63,90857,LOG,00000,"execute S_1: SELECT c_discount, c_last, c_credit, w_tax     FROM bmsql_customer     JOIN bmsql_warehouse ON (w_id = c_w_id)     WHERE c_w_id = $1 AND c_d_id = $2 AND c_id = $3 FOR UPDATE","parameters: $1 = '1', $2 = '4', $3 = '87'",,,,,,,,"","client backend"
2024-06-16 14:33:32.928 CST,"raingage","benchmark",15268,"127.0.0.1:45208",666e86a6.3ba4,866,"SELECT",2024-06-16 14:31:02 CST,4/63,90857,LOG,00000,"execute S_1: SELECT c_discount, c_last, c_credit, w_tax     FROM bmsql_customer     JOIN bmsql_warehouse ON (w_id = c_w_id)     WHERE c_w_id = $1 AND c_d_id = $2 AND c_id = $3 FOR UPDATE","parameters: $1 = '1', $2 = '4', $3 = '87'",,,,,,,,"","client backend"
2024-06-16 14:33:32.991 CST,"raingage","benchmark",15268,"127.0.0.1:45208",666e86a6.3ba4,867,"SELECT",2024-06-16 14:31:02 CST,4/63,90857,LOG,00000,"execute S_1: SELECT c_discount, c_last, c_credit, w_tax     FROM bmsql_customer     JOIN bmsql_warehouse ON (w_id = c_w_id)     WHERE c_w_id = $1 AND c_d_id = $2 AND c_id = $3 FOR UPDATE","parameters: $1 = '1', $2 = '4', $3 = '87'",,,,,,,,"","client backend"
2024-06-16 14:33:33.055 CST,"raingage","benchmark",15268,"127.0.0.1:45208",666e86a6.3ba4,868,"SELECT",2024-06-16 14:31:02 CST,4/63,90857,LOG,00000,"execute S_1: SELECT c_discount, c_last, c_credit, w_tax     FROM bmsql_customer     JOIN bmsql_warehouse ON (w_id = c_w_id)     WHERE c_w_id = $1 AND c_d_id = $2 AND c_id = $3 FOR UPDATE","parameters: $1 = '1', $2 = '4', $3 = '87'",,,,,,,,"","client backend"
2024-06-16 14:33:33.076 CST,"raingage","benchmark",15268,"127.0.0.1:45208",666e86a6.3ba4,869,"SELECT",2024-06-16 14:31:02 CST,4/63,90857,LOG,00000,"execute S_5: SELECT i_price, i_name, i_data     FROM bmsql_item     WHERE i_id = $1","parameters: $1 = '42'",,,,,,,,"","client backend"
2024-06-16 14:33:33.091 CST,"raingage","benchmark",15268,"127.0.0.1:45208",666e86a6.3ba4,870,"SELECT",2024-06-16 14:31:02 CST,4/63,90857,LOG,00000,"execute S_6: SELECT s_quantity, s_data,        s_dist_01, s_dist_02, s_dist_03, s_dist_04,        s_dist_05, s_dist_06, s_dist_07, s_dist_08,        s_dist_09, s_dist_10     FROM bmsql_stock     WHERE s_w_id = $1 AND s_i_id = $2  FOR UPDATE","parameters: $1 = '1', $2 = '42'",,,,,,,,"","client backend"
2024-06-16 14:33:33.103 CST,"raingage","benchmark",15268,"127.0.0.1:45208",666e86a6.3ba4,871,"UPDATE",2024-06-16 14:31:02 CST,4/63,90857,LOG,00000,"execute S_7: UPDATE bmsql_stock     SET s_quantity = $1, s_ytd = s_ytd + $2,         s_order_cnt = s_order_cnt + 1,         s_remote_cnt = s_remote_cnt + $3     WHERE s_w_id = $4 AND s_i_id = $5","parameters: $1 = '65', $2 = '3', $3 = '0', $4 = '1', $5 = '42'",,,,,,,,"","client backend"
2024-06-16 14:33:33.116 CST,"raingage","benchmark",15268,"127.0.0.1:45208",666e86a6.3ba4,872,"COMMIT",2024-06-16 14:31:02 CST,4/63,90857,LOG,00000,"execute S_2: COMMIT",,,,,,,,,"","client backend"
2024-06-16 14:33:33.189 CST,"raingage","benchmark",15271,"127.0.0.1:45214",666e86a7.3ba7,860,"SELECT",2024-06-16 14:31:03 CST,7/63,90858,LOG,00000,"execute S_1: SELECT c_discount, c_last, c_credit, w_tax     FROM bmsql_customer     JOIN bmsql_warehouse ON (w_id = c_w_id)     WHERE c_w_id = $1 AND c_d_id = $2 AND c_id = $3 FOR UPDATE","parameters: $1 = '1', $2 = '3', $3 = '6'",,,,,,,,"","client backend"
2024-06-16 14:33:33.257 CST,"raingage","benchmark",15271,"127.0.0.1:45214",666e86a7.3ba7,861,"SELECT",2024-06-16 14:31:03 CST,7/63,90858,LOG,00000,"execute S_1: SELECT c_discount, c_last, c_credit, w_tax     FROM bmsql_customer     JOIN bmsql_warehouse ON (w_id = c_w_id)     WHERE c_w_id = $1 AND c_d_id = $2 AND c_id = $3 FOR UPDATE","parameters: $1 = '1', $2 = '3', $3 = '6'",,,,,,,,"","client backend"
2024-06-16 14:33:33.325 CST,"raingage","benchmark",15271,"127.0.0.1:45214",666e86a7.3ba7,862,"SELECT",2024-06-16 14:31:03 CST,7/63,90858,LOG,00000,"execute S_1: SELECT c_discount, c_last, c_credit, w_tax     FROM bmsql_customer     JOIN bmsql_warehouse ON (w_id = c_w_id)     WHERE c_w_id = $1 AND c_d_id = $2 AND c_id = $3 FOR UPDATE","parameters: $1 = '1', $2 = '3', $3 = '6'",,,,,,,,"","client backend"
2024-06-16 14:33:33.392 CST,"raingage","benchmark",15271,"127.0.0.1:45214",666e86a7.3ba7,863,"SELECT",2024-06-16 14:31:03 CST,7/63,90858,LOG,00000,"execute S_1: SELECT c_discount, c_last, c_credit, w_tax     FROM bmsql_customer     JOIN bmsql_warehouse ON (w_id = c_w_id)     WHERE c_w_id = $1 AND c_d_id = $2 AND c_id = $3 FOR UPDATE","parameters: $1 = '1', $2 = '3', $3 = '6'",,,,,,,,"","client backend"
2024-06-16 14:33:33.460 CST,"raingage","benchmark",15271,"127.0.0.1:45214",666e86a7.3ba7,864,"SELECT",2024-06-16 14:31:03 CST,7/63,90858,LOG,00000,"execute S_1: SELECT c_discount, c_last, c_credit, w_tax     FROM bmsql_customer     JOIN bmsql_warehouse ON (w_id = c_w_id)     WHERE c_w_id = $1 AND c_d_id = $2 AND c_id = $3 FOR UPDATE","parameters: $1 = '1', $2 = '3', $3 = '6'",,,,,,,,"","client backend"
2024-06-16 14:33:33.524 CST,"raingage","benchmark",15271,"127.0.0.1:45214",666e86a7.3ba7,865,"SELECT",2024-06-16 14:31:03 CST,7/63,90858,LOG,00000,"execute S_1: SELECT c_discount, c_last, c_credit, w_tax     FROM bmsql_customer     JOIN bmsql_warehouse ON (w_id = c_w_id)     WHERE c_w_id = $1 AND c_d_id = $2 AND c_id = $3 FOR UPDATE","parameters: $1 = '1', $2 = '3', $3 = '6'",,,,,,,,"","client backend"
2024-06-16 14:33:33.591 CST,"raingage","benchmark",15271,"127.0.0.1:45214",666e86a7.3ba7,866,"SELECT",2024-06-16 14:31:03 CST,7/63,90858,LOG,00000,"execute S_1: SELECT c_discount, c_last, c_credit, w_tax     FROM bmsql_customer     JOIN bmsql_warehouse ON (w_id = c_w_id)     WHERE c_w_id = $1 AND c_d_id = $2 AND c_id = $3 FOR UPDATE","parameters: $1 = '1', $2 = '3', $3 = '6'",,,,,,,,"","client backend"
2024-06-16 14:33:33.612 CST,"raingage","benchmark",15271,"127.0.0.1:45214",666e86a7.3ba7,867,"SELECT",2024-06-16 14:31:03 CST,7/63,90858,LOG,00000,"execute S_5: SELECT i_price, i_name, i_data     FROM bmsql_item     WHERE i_id = $1","parameters: $1 = '85'",,,,,,,,"","client backend"
2024-06-16 14:33:33.629 CST,"raingage","benchmark",15271,"127.0.0.1:45214",666e86a7.3ba7,868,"SELECT",2024-06-16 14:31:03 CST,7/63,90858,LOG,00000,"execute S_6: SELECT s_quantity, s_data,        s_dist_01, s_dist_02, s_dist_03, s_dist_04,        s_dist_05, s_dist_06, s_dist_07, s_dist_08,        s_dist_09, s_dist_10     FROM bmsql_stock     WHERE s_w_id = $1 AND s_i_id = $2  FOR UPDATE","parameters: $1 = '1', $2 = '85'",,,,,,,,"","client backend"
2024-06-16 14:33:33.651 CST,"raingage","benchmark",15271,"127.0.0.1:45214",666e86a7.3ba7,869,"UPDATE",2024-06-16 14:31:03 CST,7/63,90858,LOG,00000,"execute S_7: UPDATE bmsql_stock     SET s_quantity = $1, s_ytd = s_ytd + $2,         s_order_cnt = s_order_cnt + 1,         s_remote_cnt = s_remote_cnt + $3     WHERE s_w_id = $4 AND s_i_id = $5","parameters: $1 = '53', $2 = '3', $3 = '0', $4 = '1', $5 = '85'",,,,,,,,"","client backend"
2024-06-16 14:33:33.662 CST,"raingage","benchmark",15271,"127.0.0.1:45214",666e86a7.3ba7,870,"COMMIT",2024-06-16 14:31:03 CST,7/63,90858,LOG,00000,"execute S_2: COMMIT",,,,,,,,,"","client backend"
2024-06-16 14:33:33.676 CST,"raingage","benchmark",15271,"127.0.0.1:45214",666e86a7.3ba7,871,"BEGIN",2024-06-16 14:31:03 CST,7/64,0,LOG,00000,"execute S_3: BEGIN",,,,,,,,,"","client backend"
2024-06-16 14:33:33.677 CST,"raingage","benchmark",15271,"127.0.0.1:45214",666e86a7.3ba7,872,"SELECT",2024-06-16 14:31:03 CST,7/64,0,LOG,00000,"execute S_4: SELECT d_tax, d_next_o_id     FROM bmsql_district     WHERE d_w_id = $1 AND d_id = $2 ","parameters: $1 = '1', $2 = '1'",,,,,,,,"","client backend"
2024-06-16 14:33:33.748 CST,"raingage","benchmark",15271,"127.0.0.1:45214",666e86a7.3ba7,873,"SELECT",2024-06-16 14:31:03 CST,7/64,0,LOG,00000,"execute S_1: SELECT c_discount, c_last, c_credit, w_tax     FROM bmsql_customer     JOIN bmsql_warehouse ON (w_id = c_w_id)     WHERE c_w_id = $1 AND c_d_id = $2 AND c_id = $3 FOR UPDATE","parameters: $1 = '1', $2 = '1', $3 = '71'",,,,,,,,"","client backend"
2024-06-16 14:33:33.812 CST,"raingage","benchmark",15271,"127.0.0.1:45214",666e86a7.3ba7,874,"SELECT",2024-06-16 14:31:03 CST,7/64,90859,LOG,00000,"execute S_1: SELECT c_discount, c_last, c_credit, w_tax     FROM bmsql_customer     JOIN bmsql_warehouse ON (w_id = c_w_id)     WHERE c_w_id = $1 AND c_d_id = $2 AND c_id = $3 FOR UPDATE","parameters: $1 = '1', $2 = '1', $3 = '71'",,,,,,,,"","client backend"
2024-06-16 14:33:33.883 CST,"raingage","benchmark",15271,"127.0.0.1:45214",666e86a7.3ba7,875,"SELECT",2024-06-16 14:31:03 CST,7/64,90859,LOG,00000,"execute S_1: SELECT c_discount, c_last, c_credit, w_tax     FROM bmsql_customer     JOIN bmsql_warehouse ON (w_id = c_w_id)     WHERE c_w_id = $1 AND c_d_id = $2 AND c_id = $3 FOR UPDATE","parameters: $1 = '1', $2 = '1', $3 = '71'",,,,,,,,"","client backend"
2024-06-16 14:33:33.948 CST,"raingage","benchmark",15271,"127.0.0.1:45214",666e86a7.3ba7,876,"SELECT",2024-06-16 14:31:03 CST,7/64,90859,LOG,00000,"execute S_1: SELECT c_discount, c_last, c_credit, w_tax     FROM bmsql_customer     JOIN bmsql_warehouse ON (w_id = c_w_id)     WHERE c_w_id = $1 AND c_d_id = $2 AND c_id = $3 FOR UPDATE","parameters: $1 = '1', $2 = '1', $3 = '71'",,,,,,,,"","client backend"
2024-06-16 14:33:34.018 CST,"raingage","benchmark",15271,"127.0.0.1:45214",666e86a7.3ba7,877,"SELECT",2024-06-16 14:31:03 CST,7/64,90859,LOG,00000,"execute S_1: SELECT c_discount, c_last, c_credit, w_tax     FROM bmsql_customer     JOIN bmsql_warehouse ON (w_id = c_w_id)     WHERE c_w_id = $1 AND c_d_id = $2 AND c_id = $3 FOR UPDATE","parameters: $1 = '1', $2 = '1', $3 = '71'",,,,,,,,"","client backend"
2024-06-16 14:33:34.089 CST,"raingage","benchmark",15271,"127.0.0.1:45214",666e86a7.3ba7,878,"SELECT",2024-06-16 14:31:03 CST,7/64,90859,LOG,00000,"execute S_1: SELECT c_discount, c_last, c_credit, w_tax     FROM bmsql_customer     JOIN bmsql_warehouse ON (w_id = c_w_id)     WHERE c_w_id = $1 AND c_d_id = $2 AND c_id = $3 FOR UPDATE","parameters: $1 = '1', $2 = '1', $3 = '71'",,,,,,,,"","client backend"
2024-06-16 14:33:34.160 CST,"raingage","benchmark",15271,"127.0.0.1:45214",666e86a7.3ba7,879,"SELECT",2024-06-16 14:31:03 CST,7/64,90859,LOG,00000,"execute S_1: SELECT c_discount, c_last, c_credit, w_tax     FROM bmsql_customer     JOIN bmsql_warehouse ON (w_id = c_w_id)     WHERE c_w_id = $1 AND c_d_id = $2 AND c_id = $3 FOR UPDATE","parameters: $1 = '1', $2 = '1', $3 = '71'",,,,,,,,"","client backend"
2024-06-16 14:33:34.231 CST,"raingage","benchmark",15271,"127.0.0.1:45214",666e86a7.3ba7,880,"SELECT",2024-06-16 14:31:03 CST,7/64,90859,LOG,00000,"execute S_1: SELECT c_discount, c_last, c_credit, w_tax     FROM bmsql_customer     JOIN bmsql_warehouse ON (w_id = c_w_id)     WHERE c_w_id = $1 AND c_d_id = $2 AND c_id = $3 FOR UPDATE","parameters: $1 = '1', $2 = '1', $3 = '71'",,,,,,,,"","client backend"
2024-06-16 14:33:34.246 CST,"raingage","benchmark",15271,"127.0.0.1:45214",666e86a7.3ba7,881,"SELECT",2024-06-16 14:31:03 CST,7/64,90859,LOG,00000,"execute S_5: SELECT i_price, i_name, i_data     FROM bmsql_item     WHERE i_id = $1","parameters: $1 = '78'",,,,,,,,"","client backend"
2024-06-16 14:33:34.258 CST,"raingage","benchmark",15271,"127.0.0.1:45214",666e86a7.3ba7,882,"SELECT",2024-06-16 14:31:03 CST,7/64,90859,LOG,00000,"execute S_6: SELECT s_quantity, s_data,        s_dist_01, s_dist_02, s_dist_03, s_dist_04,        s_dist_05, s_dist_06, s_dist_07, s_dist_08,        s_dist_09, s_dist_10     FROM bmsql_stock     WHERE s_w_id = $1 AND s_i_id = $2  FOR UPDATE","parameters: $1 = '1', $2 = '78'",,,,,,,,"","client backend"
2024-06-16 14:33:34.275 CST,"raingage","benchmark",15271,"127.0.0.1:45214",666e86a7.3ba7,883,"UPDATE",2024-06-16 14:31:03 CST,7/64,90859,LOG,00000,"execute S_7: UPDATE bmsql_stock     SET s_quantity = $1, s_ytd = s_ytd + $2,         s_order_cnt = s_order_cnt + 1,         s_remote_cnt = s_remote_cnt + $3     WHERE s_w_id = $4 AND s_i_id = $5","parameters: $1 = '28', $2 = '12', $3 = '0', $4 = '1', $5 = '78'",,,,,,,,"","client backend"
2024-06-16 14:33:34.286 CST,"raingage","benchmark",15271,"127.0.0.1:45214",666e86a7.3ba7,884,"COMMIT",2024-06-16 14:31:03 CST,7/64,90859,LOG,00000,"execute S_2: COMMIT",,,,,,,,,"","client backend"
2024-06-16 14:33:34.309 CST,"raingage","benchmark",15271,"127.0.0.1:45214",666e86a7.3ba7,885,"BEGIN",2024-06-16 14:31:03 CST,7/65,0,LOG,00000,"execute S_3: BEGIN",,,,,,,,,"","client backend"
2024-06-16 14:33:34.324 CST,"raingage","benchmark",15271,"127.0.0.1:45214",666e86a7.3ba7,886,"SELECT",2024-06-16 14:31:03 CST,7/65,0,LOG,00000,"execute S_4: SELECT d_tax, d_next_o_id     FROM bmsql_district     WHERE d_w_id = $1 AND d_id = $2 ","parameters: $1 = '1', $2 = '1'",,,,,,,,"","client backend"
2024-06-16 14:33:34.391 CST,"raingage","benchmark",15271,"127.0.0.1:45214",666e86a7.3ba7,887,"SELECT",2024-06-16 14:31:03 CST,7/65,0,LOG,00000,"execute S_1: SELECT c_discount, c_last, c_credit, w_tax     FROM bmsql_customer     JOIN bmsql_warehouse ON (w_id = c_w_id)     WHERE c_w_id = $1 AND c_d_id = $2 AND c_id = $3 FOR UPDATE","parameters: $1 = '1', $2 = '1', $3 = '32'",,,,,,,,"","client backend"
2024-06-16 14:33:34.462 CST,"raingage","benchmark",15271,"127.0.0.1:45214",666e86a7.3ba7,888,"SELECT",2024-06-16 14:31:03 CST,7/65,90860,LOG,00000,"execute S_1: SELECT c_discount, c_last, c_credit, w_tax     FROM bmsql_customer     JOIN bmsql_warehouse ON (w_id = c_w_id)     WHERE c_w_id = $1 AND c_d_id = $2 AND c_id = $3 FOR UPDATE","parameters: $1 = '1', $2 = '1', $3 = '32'",,,,,,,,"","client backend"
2024-06-16 14:33:34.524 CST,"raingage","benchmark",15271,"127.0.0.1:45214",666e86a7.3ba7,889,"SELECT",2024-06-16 14:31:03 CST,7/65,90860,LOG,00000,"execute S_1: SELECT c_discount, c_last, c_credit, w_tax     FROM bmsql_customer     JOIN bmsql_warehouse ON (w_id = c_w_id)     WHERE c_w_id = $1 AND c_d_id = $2 AND c_id = $3 FOR UPDATE","parameters: $1 = '1', $2 = '1', $3 = '32'",,,,,,,,"","client backend"
2024-06-16 14:33:34.592 CST,"raingage","benchmark",15271,"127.0.0.1:45214",666e86a7.3ba7,890,"SELECT",2024-06-16 14:31:03 CST,7/65,90860,LOG,00000,"execute S_1: SELECT c_discount, c_last, c_credit, w_tax     FROM bmsql_customer     JOIN bmsql_warehouse ON (w_id = c_w_id)     WHERE c_w_id = $1 AND c_d_id = $2 AND c_id = $3 FOR UPDATE","parameters: $1 = '1', $2 = '1', $3 = '32'",,,,,,,,"","client backend"
2024-06-16 14:33:34.663 CST,"raingage","benchmark",15271,"127.0.0.1:45214",666e86a7.3ba7,891,"SELECT",2024-06-16 14:31:03 CST,7/65,90860,LOG,00000,"execute S_1: SELECT c_discount, c_last, c_credit, w_tax     FROM bmsql_customer     JOIN bmsql_warehouse ON (w_id = c_w_id)     WHERE c_w_id = $1 AND c_d_id = $2 AND c_id = $3 FOR UPDATE","parameters: $1 = '1', $2 = '1', $3 = '32'",,,,,,,,"","client backend"
2024-06-16 14:33:34.732 CST,"raingage","benchmark",15271,"127.0.0.1:45214",666e86a7.3ba7,892,"SELECT",2024-06-16 14:31:03 CST,7/65,90860,LOG,00000,"execute S_1: SELECT c_discount, c_last, c_credit, w_tax     FROM bmsql_customer     JOIN bmsql_warehouse ON (w_id = c_w_id)     WHERE c_w_id = $1 AND c_d_id = $2 AND c_id = $3 FOR UPDATE","parameters: $1 = '1', $2 = '1', $3 = '32'",,,,,,,,"","client backend"
2024-06-16 14:33:34.795 CST,"raingage","benchmark",15271,"127.0.0.1:45214",666e86a7.3ba7,893,"SELECT",2024-06-16 14:31:03 CST,7/65,90860,LOG,00000,"execute S_1: SELECT c_discount, c_last, c_credit, w_tax     FROM bmsql_customer     JOIN bmsql_warehouse ON (w_id = c_w_id)     WHERE c_w_id = $1 AND c_d_id = $2 AND c_id = $3 FOR UPDATE","parameters: $1 = '1', $2 = '1', $3 = '32'",,,,,,,,"","client backend"
2024-06-16 14:33:34.865 CST,"raingage","benchmark",15271,"127.0.0.1:45214",666e86a7.3ba7,894,"SELECT",2024-06-16 14:31:03 CST,7/65,90860,LOG,00000,"execute S_1: SELECT c_discount, c_last, c_credit, w_tax     FROM bmsql_customer     JOIN bmsql_warehouse ON (w_id = c_w_id)     WHERE c_w_id = $1 AND c_d_id = $2 AND c_id = $3 FOR UPDATE","parameters: $1 = '1', $2 = '1', $3 = '32'",,,,,,,,"","client backend"
2024-06-16 14:33:34.881 CST,"raingage","benchmark",15271,"127.0.0.1:45214",666e86a7.3ba7,895,"SELECT",2024-06-16 14:31:03 CST,7/65,90860,LOG,00000,"execute S_5: SELECT i_price, i_name, i_data     FROM bmsql_item     WHERE i_id = $1","parameters: $1 = '55'",,,,,,,,"","client backend"
2024-06-16 14:33:34.894 CST,"raingage","benchmark",15271,"127.0.0.1:45214",666e86a7.3ba7,896,"SELECT",2024-06-16 14:31:03 CST,7/65,90860,LOG,00000,"execute S_6: SELECT s_quantity, s_data,        s_dist_01, s_dist_02, s_dist_03, s_dist_04,        s_dist_05, s_dist_06, s_dist_07, s_dist_08,        s_dist_09, s_dist_10     FROM bmsql_stock     WHERE s_w_id = $1 AND s_i_id = $2  FOR UPDATE","parameters: $1 = '1', $2 = '55'",,,,,,,,"","client backend"
2024-06-16 14:33:34.909 CST,"raingage","benchmark",15271,"127.0.0.1:45214",666e86a7.3ba7,897,"UPDATE",2024-06-16 14:31:03 CST,7/65,90860,LOG,00000,"execute S_7: UPDATE bmsql_stock     SET s_quantity = $1, s_ytd = s_ytd + $2,         s_order_cnt = s_order_cnt + 1,         s_remote_cnt = s_remote_cnt + $3     WHERE s_w_id = $4 AND s_i_id = $5","parameters: $1 = '29', $2 = '12', $3 = '0', $4 = '1', $5 = '55'",,,,,,,,"","client backend"
2024-06-16 14:33:34.925 CST,"raingage","benchmark",15271,"127.0.0.1:45214",666e86a7.3ba7,898,"COMMIT",2024-06-16 14:31:03 CST,7/65,90860,LOG,00000,"execute S_2: COMMIT",,,,,,,,,"","client backend"
2024-06-16 14:33:34.947 CST,"raingage","benchmark",15271,"127.0.0.1:45214",666e86a7.3ba7,899,"BEGIN",2024-06-16 14:31:03 CST,7/66,0,LOG,00000,"execute S_3: BEGIN",,,,,,,,,"","client backend"
2024-06-16 14:33:34.960 CST,"raingage","benchmark",15271,"127.0.0.1:45214",666e86a7.3ba7,900,"SELECT",2024-06-16 14:31:03 CST,7/66,0,LOG,00000,"execute S_4: SELECT d_tax, d_next_o_id     FROM bmsql_district     WHERE d_w_id = $1 AND d_id = $2 ","parameters: $1 = '1', $2 = '4'",,,,,,,,"","client backend"
2024-06-16 14:33:35.026 CST,"raingage","benchmark",15271,"127.0.0.1:45214",666e86a7.3ba7,901,"SELECT",2024-06-16 14:31:03 CST,7/66,0,LOG,00000,"execute S_1: SELECT c_discount, c_last, c_credit, w_tax     FROM bmsql_customer     JOIN bmsql_warehouse ON (w_id = c_w_id)     WHERE c_w_id = $1 AND c_d_id = $2 AND c_id = $3 FOR UPDATE","parameters: $1 = '1', $2 = '4', $3 = '47'",,,,,,,,"","client backend"
2024-06-16 14:33:35.091 CST,"raingage","benchmark",15271,"127.0.0.1:45214",666e86a7.3ba7,902,"SELECT",2024-06-16 14:31:03 CST,7/66,90861,LOG,00000,"execute S_1: SELECT c_discount, c_last, c_credit, w_tax     FROM bmsql_customer     JOIN bmsql_warehouse ON (w_id = c_w_id)     WHERE c_w_id = $1 AND c_d_id = $2 AND c_id = $3 FOR UPDATE","parameters: $1 = '1', $2 = '4', $3 = '47'",,,,,,,,"","client backend"
2024-06-16 14:33:35.161 CST,"raingage","benchmark",15271,"127.0.0.1:45214",666e86a7.3ba7,903,"SELECT",2024-06-16 14:31:03 CST,7/66,90861,LOG,00000,"execute S_1: SELECT c_discount, c_last, c_credit, w_tax     FROM bmsql_customer     JOIN bmsql_warehouse ON (w_id = c_w_id)     WHERE c_w_id = $1 AND c_d_id = $2 AND c_id = $3 FOR UPDATE","parameters: $1 = '1', $2 = '4', $3 = '47'",,,,,,,,"","client backend"
2024-06-16 14:33:35.226 CST,"raingage","benchmark",15271,"127.0.0.1:45214",666e86a7.3ba7,904,"SELECT",2024-06-16 14:31:03 CST,7/66,90861,LOG,00000,"execute S_1: SELECT c_discount, c_last, c_credit, w_tax     FROM bmsql_customer     JOIN bmsql_warehouse ON (w_id = c_w_id)     WHERE c_w_id = $1 AND c_d_id = $2 AND c_id = $3 FOR UPDATE","parameters: $1 = '1', $2 = '4', $3 = '47'",,,,,,,,"","client backend"
2024-06-16 14:33:35.295 CST,"raingage","benchmark",15271,"127.0.0.1:45214",666e86a7.3ba7,905,"SELECT",2024-06-16 14:31:03 CST,7/66,90861,LOG,00000,"execute S_1: SELECT c_discount, c_last, c_credit, w_tax     FROM bmsql_customer     JOIN bmsql_warehouse ON (w_id = c_w_id)     WHERE c_w_id = $1 AND c_d_id = $2 AND c_id = $3 FOR UPDATE","parameters: $1 = '1', $2 = '4', $3 = '47'",,,,,,,,"","client backend"
2024-06-16 14:33:35.359 CST,"raingage","benchmark",15271,"127.0.0.1:45214",666e86a7.3ba7,906,"SELECT",2024-06-16 14:31:03 CST,7/66,90861,LOG,00000,"execute S_1: SELECT c_discount, c_last, c_credit, w_tax     FROM bmsql_customer     JOIN bmsql_warehouse ON (w_id = c_w_id)     WHERE c_w_id = $1 AND c_d_id = $2 AND c_id = $3 FOR UPDATE","parameters: $1 = '1', $2 = '4', $3 = '47'",,,,,,,,"","client backend"
2024-06-16 14:33:35.429 CST,"raingage","benchmark",15271,"127.0.0.1:45214",666e86a7.3ba7,907,"SELECT",2024-06-16 14:31:03 CST,7/66,90861,LOG,00000,"execute S_1: SELECT c_discount, c_last, c_credit, w_tax     FROM bmsql_customer     JOIN bmsql_warehouse ON (w_id = c_w_id)     WHERE c_w_id = $1 AND c_d_id = $2 AND c_id = $3 FOR UPDATE","parameters: $1 = '1', $2 = '4', $3 = '47'",,,,,,,,"","client backend"
2024-06-16 14:33:35.498 CST,"raingage","benchmark",15271,"127.0.0.1:45214",666e86a7.3ba7,908,"SELECT",2024-06-16 14:31:03 CST,7/66,90861,LOG,00000,"execute S_1: SELECT c_discount, c_last, c_credit, w_tax     FROM bmsql_customer     JOIN bmsql_warehouse ON (w_id = c_w_id)     WHERE c_w_id = $1 AND c_d_id = $2 AND c_id = $3 FOR UPDATE","parameters: $1 = '1', $2 = '4', $3 = '47'",,,,,,,,"","client backend"
2024-06-16 14:33:35.518 CST,"raingage","benchmark",15271,"127.0.0.1:45214",666e86a7.3ba7,909,"SELECT",2024-06-16 14:31:03 CST,7/66,90861,LOG,00000,"execute S_5: SELECT i_price, i_name, i_data     FROM bmsql_item     WHERE i_id = $1","parameters: $1 = '57'",,,,,,,,"","client backend"
2024-06-16 14:33:35.538 CST,"raingage","benchmark",15271,"127.0.0.1:45214",666e86a7.3ba7,910,"SELECT",2024-06-16 14:31:03 CST,7/66,90861,LOG,00000,"execute S_6: SELECT s_quantity, s_data,        s_dist_01, s_dist_02, s_dist_03, s_dist_04,        s_dist_05, s_dist_06, s_dist_07, s_dist_08,        s_dist_09, s_dist_10     FROM bmsql_stock     WHERE s_w_id = $1 AND s_i_id = $2  FOR UPDATE","parameters: $1 = '1', $2 = '57'",,,,,,,,"","client backend"
2024-06-16 14:33:35.555 CST,"raingage","benchmark",15271,"127.0.0.1:45214",666e86a7.3ba7,911,"UPDATE",2024-06-16 14:31:03 CST,7/66,90861,LOG,00000,"execute S_7: UPDATE bmsql_stock     SET s_quantity = $1, s_ytd = s_ytd + $2,         s_order_cnt = s_order_cnt + 1,         s_remote_cnt = s_remote_cnt + $3     WHERE s_w_id = $4 AND s_i_id = $5","parameters: $1 = '72', $2 = '4', $3 = '0', $4 = '1', $5 = '57'",,,,,,,,"","client backend"
2024-06-16 14:33:35.570 CST,"raingage","benchmark",15271,"127.0.0.1:45214",666e86a7.3ba7,912,"COMMIT",2024-06-16 14:31:03 CST,7/66,90861,LOG,00000,"execute S_2: COMMIT",,,,,,,,,"","client backend"
2024-06-16 14:33:35.591 CST,"raingage","benchmark",15271,"127.0.0.1:45214",666e86a7.3ba7,913,"BEGIN",2024-06-16 14:31:03 CST,7/67,0,LOG,00000,"execute S_3: BEGIN",,,,,,,,,"","client backend"
2024-06-16 14:33:35.602 CST,"raingage","benchmark",15271,"127.0.0.1:45214",666e86a7.3ba7,914,"SELECT",2024-06-16 14:31:03 CST,7/67,0,LOG,00000,"execute S_4: SELECT d_tax, d_next_o_id     FROM bmsql_district     WHERE d_w_id = $1 AND d_id = $2 ","parameters: $1 = '1', $2 = '4'",,,,,,,,"","client backend"
2024-06-16 14:33:35.670 CST,"raingage","benchmark",15271,"127.0.0.1:45214",666e86a7.3ba7,915,"SELECT",2024-06-16 14:31:03 CST,7/67,0,LOG,00000,"execute S_1: SELECT c_discount, c_last, c_credit, w_tax     FROM bmsql_customer     JOIN bmsql_warehouse ON (w_id = c_w_id)     WHERE c_w_id = $1 AND c_d_id = $2 AND c_id = $3 FOR UPDATE","parameters: $1 = '1', $2 = '4', $3 = '47'",,,,,,,,"","client backend"
2024-06-16 14:33:35.741 CST,"raingage","benchmark",15271,"127.0.0.1:45214",666e86a7.3ba7,916,"SELECT",2024-06-16 14:31:03 CST,7/67,90862,LOG,00000,"execute S_1: SELECT c_discount, c_last, c_credit, w_tax     FROM bmsql_customer     JOIN bmsql_warehouse ON (w_id = c_w_id)     WHERE c_w_id = $1 AND c_d_id = $2 AND c_id = $3 FOR UPDATE","parameters: $1 = '1', $2 = '4', $3 = '47'",,,,,,,,"","client backend"
2024-06-16 14:33:35.807 CST,"raingage","benchmark",15271,"127.0.0.1:45214",666e86a7.3ba7,917,"SELECT",2024-06-16 14:31:03 CST,7/67,90862,LOG,00000,"execute S_1: SELECT c_discount, c_last, c_credit, w_tax     FROM bmsql_customer     JOIN bmsql_warehouse ON (w_id = c_w_id)     WHERE c_w_id = $1 AND c_d_id = $2 AND c_id = $3 FOR UPDATE","parameters: $1 = '1', $2 = '4', $3 = '47'",,,,,,,,"","client backend"
2024-06-16 14:33:35.870 CST,"raingage","benchmark",15271,"127.0.0.1:45214",666e86a7.3ba7,918,"SELECT",2024-06-16 14:31:03 CST,7/67,90862,LOG,00000,"execute S_1: SELECT c_discount, c_last, c_credit, w_tax     FROM bmsql_customer     JOIN bmsql_warehouse ON (w_id = c_w_id)     WHERE c_w_id = $1 AND c_d_id = $2 AND c_id = $3 FOR UPDATE","parameters: $1 = '1', $2 = '4', $3 = '47'",,,,,,,,"","client backend"
2024-06-16 14:33:35.941 CST,"raingage","benchmark",15271,"127.0.0.1:45214",666e86a7.3ba7,919,"SELECT",2024-06-16 14:31:03 CST,7/67,90862,LOG,00000,"execute S_1: SELECT c_discount, c_last, c_credit, w_tax     FROM bmsql_customer     JOIN bmsql_warehouse ON (w_id = c_w_id)     WHERE c_w_id = $1 AND c_d_id = $2 AND c_id = $3 FOR UPDATE","parameters: $1 = '1', $2 = '4', $3 = '47'",,,,,,,,"","client backend"
2024-06-16 14:33:36.011 CST,"raingage","benchmark",15271,"127.0.0.1:45214",666e86a7.3ba7,920,"SELECT",2024-06-16 14:31:03 CST,7/67,90862,LOG,00000,"execute S_1: SELECT c_discount, c_last, c_credit, w_tax     FROM bmsql_customer     JOIN bmsql_warehouse ON (w_id = c_w_id)     WHERE c_w_id = $1 AND c_d_id = $2 AND c_id = $3 FOR UPDATE","parameters: $1 = '1', $2 = '4', $3 = '47'",,,,,,,,"","client backend"
2024-06-16 14:33:36.079 CST,"raingage","benchmark",15271,"127.0.0.1:45214",666e86a7.3ba7,921,"SELECT",2024-06-16 14:31:03 CST,7/67,90862,LOG,00000,"execute S_1: SELECT c_discount, c_last, c_credit, w_tax     FROM bmsql_customer     JOIN bmsql_warehouse ON (w_id = c_w_id)     WHERE c_w_id = $1 AND c_d_id = $2 AND c_id = $3 FOR UPDATE","parameters: $1 = '1', $2 = '4', $3 = '47'",,,,,,,,"","client backend"
2024-06-16 14:33:36.141 CST,"raingage","benchmark",15271,"127.0.0.1:45214",666e86a7.3ba7,922,"SELECT",2024-06-16 14:31:03 CST,7/67,90862,LOG,00000,"execute S_1: SELECT c_discount, c_last, c_credit, w_tax     FROM bmsql_customer     JOIN bmsql_warehouse ON (w_id = c_w_id)     WHERE c_w_id = $1 AND c_d_id = $2 AND c_id = $3 FOR UPDATE","parameters: $1 = '1', $2 = '4', $3 = '47'",,,,,,,,"","client backend"
2024-06-16 14:33:36.158 CST,"raingage","benchmark",15271,"127.0.0.1:45214",666e86a7.3ba7,923,"SELECT",2024-06-16 14:31:03 CST,7/67,90862,LOG,00000,"execute S_5: SELECT i_price, i_name, i_data     FROM bmsql_item     WHERE i_id = $1","parameters: $1 = '57'",,,,,,,,"","client backend"
2024-06-16 14:33:36.176 CST,"raingage","benchmark",15271,"127.0.0.1:45214",666e86a7.3ba7,924,"SELECT",2024-06-16 14:31:03 CST,7/67,90862,LOG,00000,"execute S_6: SELECT s_quantity, s_data,        s_dist_01, s_dist_02, s_dist_03, s_dist_04,        s_dist_05, s_dist_06, s_dist_07, s_dist_08,        s_dist_09, s_dist_10     FROM bmsql_stock     WHERE s_w_id = $1 AND s_i_id = $2  FOR UPDATE","parameters: $1 = '1', $2 = '57'",,,,,,,,"","client backend"
2024-06-16 14:33:36.194 CST,"raingage","benchmark",15271,"127.0.0.1:45214",666e86a7.3ba7,925,"UPDATE",2024-06-16 14:31:03 CST,7/67,90862,LOG,00000,"execute S_7: UPDATE bmsql_stock     SET s_quantity = $1, s_ytd = s_ytd + $2,         s_order_cnt = s_order_cnt + 1,         s_remote_cnt = s_remote_cnt + $3     WHERE s_w_id = $4 AND s_i_id = $5","parameters: $1 = '68', $2 = '4', $3 = '0', $4 = '1', $5 = '57'",,,,,,,,"","client backend"
2024-06-16 14:33:36.206 CST,"raingage","benchmark",15271,"127.0.0.1:45214",666e86a7.3ba7,926,"COMMIT",2024-06-16 14:31:03 CST,7/67,90862,LOG,00000,"execute S_2: COMMIT",,,,,,,,,"","client backend"
2024-06-16 14:33:36.228 CST,"raingage","benchmark",15271,"127.0.0.1:45214",666e86a7.3ba7,927,"BEGIN",2024-06-16 14:31:03 CST,7/68,0,LOG,00000,"execute S_3: BEGIN",,,,,,,,,"","client backend"
2024-06-16 14:33:36.241 CST,"raingage","benchmark",15271,"127.0.0.1:45214",666e86a7.3ba7,928,"SELECT",2024-06-16 14:31:03 CST,7/68,0,LOG,00000,"execute S_4: SELECT d_tax, d_next_o_id     FROM bmsql_district     WHERE d_w_id = $1 AND d_id = $2 ","parameters: $1 = '1', $2 = '4'",,,,,,,,"","client backend"
2024-06-16 14:33:36.309 CST,"raingage","benchmark",15271,"127.0.0.1:45214",666e86a7.3ba7,929,"SELECT",2024-06-16 14:31:03 CST,7/68,0,LOG,00000,"execute S_1: SELECT c_discount, c_last, c_credit, w_tax     FROM bmsql_customer     JOIN bmsql_warehouse ON (w_id = c_w_id)     WHERE c_w_id = $1 AND c_d_id = $2 AND c_id = $3 FOR UPDATE","parameters: $1 = '1', $2 = '4', $3 = '1'",,,,,,,,"","client backend"
2024-06-16 14:33:36.379 CST,"raingage","benchmark",15271,"127.0.0.1:45214",666e86a7.3ba7,930,"SELECT",2024-06-16 14:31:03 CST,7/68,90863,LOG,00000,"execute S_1: SELECT c_discount, c_last, c_credit, w_tax     FROM bmsql_customer     JOIN bmsql_warehouse ON (w_id = c_w_id)     WHERE c_w_id = $1 AND c_d_id = $2 AND c_id = $3 FOR UPDATE","parameters: $1 = '1', $2 = '4', $3 = '1'",,,,,,,,"","client backend"
2024-06-16 14:33:36.446 CST,"raingage","benchmark",15271,"127.0.0.1:45214",666e86a7.3ba7,931,"SELECT",2024-06-16 14:31:03 CST,7/68,90863,LOG,00000,"execute S_1: SELECT c_discount, c_last, c_credit, w_tax     FROM bmsql_customer     JOIN bmsql_warehouse ON (w_id = c_w_id)     WHERE c_w_id = $1 AND c_d_id = $2 AND c_id = $3 FOR UPDATE","parameters: $1 = '1', $2 = '4', $3 = '1'",,,,,,,,"","client backend"
2024-06-16 14:33:36.511 CST,"raingage","benchmark",15271,"127.0.0.1:45214",666e86a7.3ba7,932,"SELECT",2024-06-16 14:31:03 CST,7/68,90863,LOG,00000,"execute S_1: SELECT c_discount, c_last, c_credit, w_tax     FROM bmsql_customer     JOIN bmsql_warehouse ON (w_id = c_w_id)     WHERE c_w_id = $1 AND c_d_id = $2 AND c_id = $3 FOR UPDATE","parameters: $1 = '1', $2 = '4', $3 = '1'",,,,,,,,"","client backend"
2024-06-16 14:33:36.575 CST,"raingage","benchmark",15271,"127.0.0.1:45214",666e86a7.3ba7,933,"SELECT",2024-06-16 14:31:03 CST,7/68,90863,LOG,00000,"execute S_1: SELECT c_discount, c_last, c_credit, w_tax     FROM bmsql_customer     JOIN bmsql_warehouse ON (w_id = c_w_id)     WHERE c_w_id = $1 AND c_d_id = $2 AND c_id = $3 FOR UPDATE","parameters: $1 = '1', $2 = '4', $3 = '1'",,,,,,,,"","client backend"
2024-06-16 14:33:36.642 CST,"raingage","benchmark",15271,"127.0.0.1:45214",666e86a7.3ba7,934,"SELECT",2024-06-16 14:31:03 CST,7/68,90863,LOG,00000,"execute S_1: SELECT c_discount, c_last, c_credit, w_tax     FROM bmsql_customer     JOIN bmsql_warehouse ON (w_id = c_w_id)     WHERE c_w_id = $1 AND c_d_id = $2 AND c_id = $3 FOR UPDATE","parameters: $1 = '1', $2 = '4', $3 = '1'",,,,,,,,"","client backend"
2024-06-16 14:33:36.710 CST,"raingage","benchmark",15271,"127.0.0.1:45214",666e86a7.3ba7,935,"SELECT",2024-06-16 14:31:03 CST,7/68,90863,LOG,00000,"execute S_1: SELECT c_discount, c_last, c_credit, w_tax     FROM bmsql_customer     JOIN bmsql_warehouse ON (w_id = c_w_id)     WHERE c_w_id = $1 AND c_d_id = $2 AND c_id = $3 FOR UPDATE","parameters: $1 = '1', $2 = '4', $3 = '1'",,,,,,,,"","client backend"
2024-06-16 14:33:36.774 CST,"raingage","benchmark",15271,"127.0.0.1:45214",666e86a7.3ba7,936,"SELECT",2024-06-16 14:31:03 CST,7/68,90863,LOG,00000,"execute S_1: SELECT c_discount, c_last, c_credit, w_tax     FROM bmsql_customer     JOIN bmsql_warehouse ON (w_id = c_w_id)     WHERE c_w_id = $1 AND c_d_id = $2 AND c_id = $3 FOR UPDATE","parameters: $1 = '1', $2 = '4', $3 = '1'",,,,,,,,"","client backend"
2024-06-16 14:33:36.791 CST,"raingage","benchmark",15271,"127.0.0.1:45214",666e86a7.3ba7,937,"SELECT",2024-06-16 14:31:03 CST,7/68,90863,LOG,00000,"execute S_5: SELECT i_price, i_name, i_data     FROM bmsql_item     WHERE i_id = $1","parameters: $1 = '15'",,,,,,,,"","client backend"
2024-06-16 14:33:36.808 CST,"raingage","benchmark",15271,"127.0.0.1:45214",666e86a7.3ba7,938,"SELECT",2024-06-16 14:31:03 CST,7/68,90863,LOG,00000,"execute S_6: SELECT s_quantity, s_data,        s_dist_01, s_dist_02, s_dist_03, s_dist_04,        s_dist_05, s_dist_06, s_dist_07, s_dist_08,        s_dist_09, s_dist_10     FROM bmsql_stock     WHERE s_w_id = $1 AND s_i_id = $2  FOR UPDATE","parameters: $1 = '1', $2 = '15'",,,,,,,,"","client backend"
2024-06-16 14:33:36.827 CST,"raingage","benchmark",15271,"127.0.0.1:45214",666e86a7.3ba7,939,"UPDATE",2024-06-16 14:31:03 CST,7/68,90863,LOG,00000,"execute S_7: UPDATE bmsql_stock     SET s_quantity = $1, s_ytd = s_ytd + $2,         s_order_cnt = s_order_cnt + 1,         s_remote_cnt = s_remote_cnt + $3     WHERE s_w_id = $4 AND s_i_id = $5","parameters: $1 = '82', $2 = '4', $3 = '0', $4 = '1', $5 = '15'",,,,,,,,"","client backend"
2024-06-16 14:33:36.846 CST,"raingage","benchmark",15271,"127.0.0.1:45214",666e86a7.3ba7,940,"COMMIT",2024-06-16 14:31:03 CST,7/68,90863,LOG,00000,"execute S_2: COMMIT",,,,,,,,,"","client backend"
2024-06-16 14:33:38.327 CST,"raingage","benchmark",15269,"127.0.0.1:45210",666e86a6.3ba5,805,"BEGIN",2024-06-16 14:31:02 CST,5/59,0,LOG,00000,"execute S_4: BEGIN",,,,,,,,,"","client backend"
2024-06-16 14:33:38.342 CST,"raingage","benchmark",15269,"127.0.0.1:45210",666e86a6.3ba5,806,"SELECT",2024-06-16 14:31:02 CST,5/59,0,LOG,00000,"execute S_5: SELECT d_tax, d_next_o_id     FROM bmsql_district     WHERE d_w_id = $1 AND d_id = $2 ","parameters: $1 = '1', $2 = '1'",,,,,,,,"","client backend"
2024-06-16 14:33:38.407 CST,"raingage","benchmark",15269,"127.0.0.1:45210",666e86a6.3ba5,807,"SELECT",2024-06-16 14:31:02 CST,5/59,0,LOG,00000,"execute S_1: SELECT c_discount, c_last, c_credit, w_tax     FROM bmsql_customer     JOIN bmsql_warehouse ON (w_id = c_w_id)     WHERE c_w_id = $1 AND c_d_id = $2 AND c_id = $3 FOR UPDATE","parameters: $1 = '1', $2 = '1', $3 = '80'",,,,,,,,"","client backend"
2024-06-16 14:33:38.474 CST,"raingage","benchmark",15269,"127.0.0.1:45210",666e86a6.3ba5,808,"SELECT",2024-06-16 14:31:02 CST,5/59,90864,LOG,00000,"execute S_1: SELECT c_discount, c_last, c_credit, w_tax     FROM bmsql_customer     JOIN bmsql_warehouse ON (w_id = c_w_id)     WHERE c_w_id = $1 AND c_d_id = $2 AND c_id = $3 FOR UPDATE","parameters: $1 = '1', $2 = '1', $3 = '80'",,,,,,,,"","client backend"
2024-06-16 14:33:38.538 CST,"raingage","benchmark",15269,"127.0.0.1:45210",666e86a6.3ba5,809,"SELECT",2024-06-16 14:31:02 CST,5/59,90864,LOG,00000,"execute S_1: SELECT c_discount, c_last, c_credit, w_tax     FROM bmsql_customer     JOIN bmsql_warehouse ON (w_id = c_w_id)     WHERE c_w_id = $1 AND c_d_id = $2 AND c_id = $3 FOR UPDATE","parameters: $1 = '1', $2 = '1', $3 = '80'",,,,,,,,"","client backend"
2024-06-16 14:33:38.601 CST,"raingage","benchmark",15269,"127.0.0.1:45210",666e86a6.3ba5,810,"SELECT",2024-06-16 14:31:02 CST,5/59,90864,LOG,00000,"execute S_1: SELECT c_discount, c_last, c_credit, w_tax     FROM bmsql_customer     JOIN bmsql_warehouse ON (w_id = c_w_id)     WHERE c_w_id = $1 AND c_d_id = $2 AND c_id = $3 FOR UPDATE","parameters: $1 = '1', $2 = '1', $3 = '80'",,,,,,,,"","client backend"
2024-06-16 14:33:38.673 CST,"raingage","benchmark",15269,"127.0.0.1:45210",666e86a6.3ba5,811,"SELECT",2024-06-16 14:31:02 CST,5/59,90864,LOG,00000,"execute S_1: SELECT c_discount, c_last, c_credit, w_tax     FROM bmsql_customer     JOIN bmsql_warehouse ON (w_id = c_w_id)     WHERE c_w_id = $1 AND c_d_id = $2 AND c_id = $3 FOR UPDATE","parameters: $1 = '1', $2 = '1', $3 = '80'",,,,,,,,"","client backend"
2024-06-16 14:33:38.742 CST,"raingage","benchmark",15269,"127.0.0.1:45210",666e86a6.3ba5,812,"SELECT",2024-06-16 14:31:02 CST,5/59,90864,LOG,00000,"execute S_1: SELECT c_discount, c_last, c_credit, w_tax     FROM bmsql_customer     JOIN bmsql_warehouse ON (w_id = c_w_id)     WHERE c_w_id = $1 AND c_d_id = $2 AND c_id = $3 FOR UPDATE","parameters: $1 = '1', $2 = '1', $3 = '80'",,,,,,,,"","client backend"
2024-06-16 14:33:38.806 CST,"raingage","benchmark",15269,"127.0.0.1:45210",666e86a6.3ba5,813,"SELECT",2024-06-16 14:31:02 CST,5/59,90864,LOG,00000,"execute S_1: SELECT c_discount, c_last, c_credit, w_tax     FROM bmsql_customer     JOIN bmsql_warehouse ON (w_id = c_w_id)     WHERE c_w_id = $1 AND c_d_id = $2 AND c_id = $3 FOR UPDATE","parameters: $1 = '1', $2 = '1', $3 = '80'",,,,,,,,"","client backend"
2024-06-16 14:33:38.872 CST,"raingage","benchmark",15269,"127.0.0.1:45210",666e86a6.3ba5,814,"SELECT",2024-06-16 14:31:02 CST,5/59,90864,LOG,00000,"execute S_1: SELECT c_discount, c_last, c_credit, w_tax     FROM bmsql_customer     JOIN bmsql_warehouse ON (w_id = c_w_id)     WHERE c_w_id = $1 AND c_d_id = $2 AND c_id = $3 FOR UPDATE","parameters: $1 = '1', $2 = '1', $3 = '80'",,,,,,,,"","client backend"
2024-06-16 14:33:38.884 CST,"raingage","benchmark",15269,"127.0.0.1:45210",666e86a6.3ba5,815,"SELECT",2024-06-16 14:31:02 CST,5/59,90864,LOG,00000,"execute S_6: SELECT i_price, i_name, i_data     FROM bmsql_item     WHERE i_id = $1","parameters: $1 = '60'",,,,,,,,"","client backend"
2024-06-16 14:33:38.896 CST,"raingage","benchmark",15269,"127.0.0.1:45210",666e86a6.3ba5,816,"SELECT",2024-06-16 14:31:02 CST,5/59,90864,LOG,00000,"execute S_7: SELECT s_quantity, s_data,        s_dist_01, s_dist_02, s_dist_03, s_dist_04,        s_dist_05, s_dist_06, s_dist_07, s_dist_08,        s_dist_09, s_dist_10     FROM bmsql_stock     WHERE s_w_id = $1 AND s_i_id = $2  FOR UPDATE","parameters: $1 = '1', $2 = '60'",,,,,,,,"","client backend"
2024-06-16 14:33:38.917 CST,"raingage","benchmark",15269,"127.0.0.1:45210",666e86a6.3ba5,817,"UPDATE",2024-06-16 14:31:02 CST,5/59,90864,LOG,00000,"execute S_8: UPDATE bmsql_stock     SET s_quantity = $1, s_ytd = s_ytd + $2,         s_order_cnt = s_order_cnt + 1,         s_remote_cnt = s_remote_cnt + $3     WHERE s_w_id = $4 AND s_i_id = $5","parameters: $1 = '106', $2 = '2', $3 = '0', $4 = '1', $5 = '60'",,,,,,,,"","client backend"
2024-06-16 14:33:38.935 CST,"raingage","benchmark",15269,"127.0.0.1:45210",666e86a6.3ba5,818,"COMMIT",2024-06-16 14:31:02 CST,5/59,90864,LOG,00000,"execute S_3: COMMIT",,,,,,,,,"","client backend"
2024-06-16 14:33:38.958 CST,"raingage","benchmark",15269,"127.0.0.1:45210",666e86a6.3ba5,819,"BEGIN",2024-06-16 14:31:02 CST,5/60,0,LOG,00000,"execute S_4: BEGIN",,,,,,,,,"","client backend"
2024-06-16 14:33:38.971 CST,"raingage","benchmark",15269,"127.0.0.1:45210",666e86a6.3ba5,820,"SELECT",2024-06-16 14:31:02 CST,5/60,0,LOG,00000,"execute S_5: SELECT d_tax, d_next_o_id     FROM bmsql_district     WHERE d_w_id = $1 AND d_id = $2 ","parameters: $1 = '1', $2 = '1'",,,,,,,,"","client backend"
2024-06-16 14:33:39.039 CST,"raingage","benchmark",15269,"127.0.0.1:45210",666e86a6.3ba5,821,"SELECT",2024-06-16 14:31:02 CST,5/60,0,LOG,00000,"execute S_1: SELECT c_discount, c_last, c_credit, w_tax     FROM bmsql_customer     JOIN bmsql_warehouse ON (w_id = c_w_id)     WHERE c_w_id = $1 AND c_d_id = $2 AND c_id = $3 FOR UPDATE","parameters: $1 = '1', $2 = '1', $3 = '32'",,,,,,,,"","client backend"
2024-06-16 14:33:39.109 CST,"raingage","benchmark",15269,"127.0.0.1:45210",666e86a6.3ba5,822,"SELECT",2024-06-16 14:31:02 CST,5/60,90865,LOG,00000,"execute S_1: SELECT c_discount, c_last, c_credit, w_tax     FROM bmsql_customer     JOIN bmsql_warehouse ON (w_id = c_w_id)     WHERE c_w_id = $1 AND c_d_id = $2 AND c_id = $3 FOR UPDATE","parameters: $1 = '1', $2 = '1', $3 = '32'",,,,,,,,"","client backend"
2024-06-16 14:33:39.177 CST,"raingage","benchmark",15269,"127.0.0.1:45210",666e86a6.3ba5,823,"SELECT",2024-06-16 14:31:02 CST,5/60,90865,LOG,00000,"execute S_1: SELECT c_discount, c_last, c_credit, w_tax     FROM bmsql_customer     JOIN bmsql_warehouse ON (w_id = c_w_id)     WHERE c_w_id = $1 AND c_d_id = $2 AND c_id = $3 FOR UPDATE","parameters: $1 = '1', $2 = '1', $3 = '32'",,,,,,,,"","client backend"
2024-06-16 14:33:39.249 CST,"raingage","benchmark",15269,"127.0.0.1:45210",666e86a6.3ba5,824,"SELECT",2024-06-16 14:31:02 CST,5/60,90865,LOG,00000,"execute S_1: SELECT c_discount, c_last, c_credit, w_tax     FROM bmsql_customer     JOIN bmsql_warehouse ON (w_id = c_w_id)     WHERE c_w_id = $1 AND c_d_id = $2 AND c_id = $3 FOR UPDATE","parameters: $1 = '1', $2 = '1', $3 = '32'",,,,,,,,"","client backend"
2024-06-16 14:33:39.319 CST,"raingage","benchmark",15269,"127.0.0.1:45210",666e86a6.3ba5,825,"SELECT",2024-06-16 14:31:02 CST,5/60,90865,LOG,00000,"execute S_1: SELECT c_discount, c_last, c_credit, w_tax     FROM bmsql_customer     JOIN bmsql_warehouse ON (w_id = c_w_id)     WHERE c_w_id = $1 AND c_d_id = $2 AND c_id = $3 FOR UPDATE","parameters: $1 = '1', $2 = '1', $3 = '32'",,,,,,,,"","client backend"
2024-06-16 14:33:39.390 CST,"raingage","benchmark",15269,"127.0.0.1:45210",666e86a6.3ba5,826,"SELECT",2024-06-16 14:31:02 CST,5/60,90865,LOG,00000,"execute S_1: SELECT c_discount, c_last, c_credit, w_tax     FROM bmsql_customer     JOIN bmsql_warehouse ON (w_id = c_w_id)     WHERE c_w_id = $1 AND c_d_id = $2 AND c_id = $3 FOR UPDATE","parameters: $1 = '1', $2 = '1', $3 = '32'",,,,,,,,"","client backend"
2024-06-16 14:33:39.455 CST,"raingage","benchmark",15269,"127.0.0.1:45210",666e86a6.3ba5,827,"SELECT",2024-06-16 14:31:02 CST,5/60,90865,LOG,00000,"execute S_1: SELECT c_discount, c_last, c_credit, w_tax     FROM bmsql_customer     JOIN bmsql_warehouse ON (w_id = c_w_id)     WHERE c_w_id = $1 AND c_d_id = $2 AND c_id = $3 FOR UPDATE","parameters: $1 = '1', $2 = '1', $3 = '32'",,,,,,,,"","client backend"
2024-06-16 14:33:39.519 CST,"raingage","benchmark",15269,"127.0.0.1:45210",666e86a6.3ba5,828,"SELECT",2024-06-16 14:31:02 CST,5/60,90865,LOG,00000,"execute S_1: SELECT c_discount, c_last, c_credit, w_tax     FROM bmsql_customer     JOIN bmsql_warehouse ON (w_id = c_w_id)     WHERE c_w_id = $1 AND c_d_id = $2 AND c_id = $3 FOR UPDATE","parameters: $1 = '1', $2 = '1', $3 = '32'",,,,,,,,"","client backend"
2024-06-16 14:33:39.540 CST,"raingage","benchmark",15269,"127.0.0.1:45210",666e86a6.3ba5,829,"SELECT",2024-06-16 14:31:02 CST,5/60,90865,LOG,00000,"execute S_6: SELECT i_price, i_name, i_data     FROM bmsql_item     WHERE i_id = $1","parameters: $1 = '55'",,,,,,,,"","client backend"
2024-06-16 14:33:39.551 CST,"raingage","benchmark",15269,"127.0.0.1:45210",666e86a6.3ba5,830,"SELECT",2024-06-16 14:31:02 CST,5/60,90865,LOG,00000,"execute S_7: SELECT s_quantity, s_data,        s_dist_01, s_dist_02, s_dist_03, s_dist_04,        s_dist_05, s_dist_06, s_dist_07, s_dist_08,        s_dist_09, s_dist_10     FROM bmsql_stock     WHERE s_w_id = $1 AND s_i_id = $2  FOR UPDATE","parameters: $1 = '1', $2 = '55'",,,,,,,,"","client backend"
2024-06-16 14:33:39.572 CST,"raingage","benchmark",15269,"127.0.0.1:45210",666e86a6.3ba5,831,"UPDATE",2024-06-16 14:31:02 CST,5/60,90865,LOG,00000,"execute S_8: UPDATE bmsql_stock     SET s_quantity = $1, s_ytd = s_ytd + $2,         s_order_cnt = s_order_cnt + 1,         s_remote_cnt = s_remote_cnt + $3     WHERE s_w_id = $4 AND s_i_id = $5","parameters: $1 = '28', $2 = '1', $3 = '0', $4 = '1', $5 = '55'",,,,,,,,"","client backend"
2024-06-16 14:33:39.591 CST,"raingage","benchmark",15269,"127.0.0.1:45210",666e86a6.3ba5,832,"COMMIT",2024-06-16 14:31:02 CST,5/60,90865,LOG,00000,"execute S_3: COMMIT",,,,,,,,,"","client backend"
2024-06-16 14:33:39.608 CST,"raingage","benchmark",15269,"127.0.0.1:45210",666e86a6.3ba5,833,"BEGIN",2024-06-16 14:31:02 CST,5/61,0,LOG,00000,"execute S_4: BEGIN",,,,,,,,,"","client backend"
2024-06-16 14:33:39.622 CST,"raingage","benchmark",15269,"127.0.0.1:45210",666e86a6.3ba5,834,"SELECT",2024-06-16 14:31:02 CST,5/61,0,LOG,00000,"execute S_5: SELECT d_tax, d_next_o_id     FROM bmsql_district     WHERE d_w_id = $1 AND d_id = $2 ","parameters: $1 = '1', $2 = '1'",,,,,,,,"","client backend"
2024-06-16 14:33:39.686 CST,"raingage","benchmark",15269,"127.0.0.1:45210",666e86a6.3ba5,835,"SELECT",2024-06-16 14:31:02 CST,5/61,0,LOG,00000,"execute S_1: SELECT c_discount, c_last, c_credit, w_tax     FROM bmsql_customer     JOIN bmsql_warehouse ON (w_id = c_w_id)     WHERE c_w_id = $1 AND c_d_id = $2 AND c_id = $3 FOR UPDATE","parameters: $1 = '1', $2 = '1', $3 = '9'",,,,,,,,"","client backend"
2024-06-16 14:33:39.749 CST,"raingage","benchmark",15269,"127.0.0.1:45210",666e86a6.3ba5,836,"SELECT",2024-06-16 14:31:02 CST,5/61,90866,LOG,00000,"execute S_1: SELECT c_discount, c_last, c_credit, w_tax     FROM bmsql_customer     JOIN bmsql_warehouse ON (w_id = c_w_id)     WHERE c_w_id = $1 AND c_d_id = $2 AND c_id = $3 FOR UPDATE","parameters: $1 = '1', $2 = '1', $3 = '9'",,,,,,,,"","client backend"
2024-06-16 14:33:39.818 CST,"raingage","benchmark",15269,"127.0.0.1:45210",666e86a6.3ba5,837,"SELECT",2024-06-16 14:31:02 CST,5/61,90866,LOG,00000,"execute S_1: SELECT c_discount, c_last, c_credit, w_tax     FROM bmsql_customer     JOIN bmsql_warehouse ON (w_id = c_w_id)     WHERE c_w_id = $1 AND c_d_id = $2 AND c_id = $3 FOR UPDATE","parameters: $1 = '1', $2 = '1', $3 = '9'",,,,,,,,"","client backend"
2024-06-16 14:33:39.886 CST,"raingage","benchmark",15269,"127.0.0.1:45210",666e86a6.3ba5,838,"SELECT",2024-06-16 14:31:02 CST,5/61,90866,LOG,00000,"execute S_1: SELECT c_discount, c_last, c_credit, w_tax     FROM bmsql_customer     JOIN bmsql_warehouse ON (w_id = c_w_id)     WHERE c_w_id = $1 AND c_d_id = $2 AND c_id = $3 FOR UPDATE","parameters: $1 = '1', $2 = '1', $3 = '9'",,,,,,,,"","client backend"
2024-06-16 14:33:39.954 CST,"raingage","benchmark",15269,"127.0.0.1:45210",666e86a6.3ba5,839,"SELECT",2024-06-16 14:31:02 CST,5/61,90866,LOG,00000,"execute S_1: SELECT c_discount, c_last, c_credit, w_tax     FROM bmsql_customer     JOIN bmsql_warehouse ON (w_id = c_w_id)     WHERE c_w_id = $1 AND c_d_id = $2 AND c_id = $3 FOR UPDATE","parameters: $1 = '1', $2 = '1', $3 = '9'",,,,,,,,"","client backend"
2024-06-16 14:33:40.016 CST,"raingage","benchmark",15269,"127.0.0.1:45210",666e86a6.3ba5,840,"SELECT",2024-06-16 14:31:02 CST,5/61,90866,LOG,00000,"execute S_1: SELECT c_discount, c_last, c_credit, w_tax     FROM bmsql_customer     JOIN bmsql_warehouse ON (w_id = c_w_id)     WHERE c_w_id = $1 AND c_d_id = $2 AND c_id = $3 FOR UPDATE","parameters: $1 = '1', $2 = '1', $3 = '9'",,,,,,,,"","client backend"
2024-06-16 14:33:40.084 CST,"raingage","benchmark",15269,"127.0.0.1:45210",666e86a6.3ba5,841,"SELECT",2024-06-16 14:31:02 CST,5/61,90866,LOG,00000,"execute S_1: SELECT c_discount, c_last, c_credit, w_tax     FROM bmsql_customer     JOIN bmsql_warehouse ON (w_id = c_w_id)     WHERE c_w_id = $1 AND c_d_id = $2 AND c_id = $3 FOR UPDATE","parameters: $1 = '1', $2 = '1', $3 = '9'",,,,,,,,"","client backend"
2024-06-16 14:33:40.152 CST,"raingage","benchmark",15269,"127.0.0.1:45210",666e86a6.3ba5,842,"SELECT",2024-06-16 14:31:02 CST,5/61,90866,LOG,00000,"execute S_1: SELECT c_discount, c_last, c_credit, w_tax     FROM bmsql_customer     JOIN bmsql_warehouse ON (w_id = c_w_id)     WHERE c_w_id = $1 AND c_d_id = $2 AND c_id = $3 FOR UPDATE","parameters: $1 = '1', $2 = '1', $3 = '9'",,,,,,,,"","client backend"
2024-06-16 14:33:40.170 CST,"raingage","benchmark",15269,"127.0.0.1:45210",666e86a6.3ba5,843,"SELECT",2024-06-16 14:31:02 CST,5/61,90866,LOG,00000,"execute S_6: SELECT i_price, i_name, i_data     FROM bmsql_item     WHERE i_id = $1","parameters: $1 = '54'",,,,,,,,"","client backend"
2024-06-16 14:33:40.182 CST,"raingage","benchmark",15269,"127.0.0.1:45210",666e86a6.3ba5,844,"SELECT",2024-06-16 14:31:02 CST,5/61,90866,LOG,00000,"execute S_7: SELECT s_quantity, s_data,        s_dist_01, s_dist_02, s_dist_03, s_dist_04,        s_dist_05, s_dist_06, s_dist_07, s_dist_08,        s_dist_09, s_dist_10     FROM bmsql_stock     WHERE s_w_id = $1 AND s_i_id = $2  FOR UPDATE","parameters: $1 = '1', $2 = '54'",,,,,,,,"","client backend"
2024-06-16 14:33:40.196 CST,"raingage","benchmark",15269,"127.0.0.1:45210",666e86a6.3ba5,845,"UPDATE",2024-06-16 14:31:02 CST,5/61,90866,LOG,00000,"execute S_8: UPDATE bmsql_stock     SET s_quantity = $1, s_ytd = s_ytd + $2,         s_order_cnt = s_order_cnt + 1,         s_remote_cnt = s_remote_cnt + $3     WHERE s_w_id = $4 AND s_i_id = $5","parameters: $1 = '19', $2 = '1', $3 = '0', $4 = '1', $5 = '54'",,,,,,,,"","client backend"
2024-06-16 14:33:40.217 CST,"raingage","benchmark",15269,"127.0.0.1:45210",666e86a6.3ba5,846,"COMMIT",2024-06-16 14:31:02 CST,5/61,90866,LOG,00000,"execute S_3: COMMIT",,,,,,,,,"","client backend"
2024-06-16 14:33:40.233 CST,"raingage","benchmark",15269,"127.0.0.1:45210",666e86a6.3ba5,847,"BEGIN",2024-06-16 14:31:02 CST,5/62,0,LOG,00000,"execute S_4: BEGIN",,,,,,,,,"","client backend"
2024-06-16 14:33:40.246 CST,"raingage","benchmark",15269,"127.0.0.1:45210",666e86a6.3ba5,848,"SELECT",2024-06-16 14:31:02 CST,5/62,0,LOG,00000,"execute S_5: SELECT d_tax, d_next_o_id     FROM bmsql_district     WHERE d_w_id = $1 AND d_id = $2 ","parameters: $1 = '1', $2 = '1'",,,,,,,,"","client backend"
2024-06-16 14:33:40.317 CST,"raingage","benchmark",15269,"127.0.0.1:45210",666e86a6.3ba5,849,"SELECT",2024-06-16 14:31:02 CST,5/62,0,LOG,00000,"execute S_1: SELECT c_discount, c_last, c_credit, w_tax     FROM bmsql_customer     JOIN bmsql_warehouse ON (w_id = c_w_id)     WHERE c_w_id = $1 AND c_d_id = $2 AND c_id = $3 FOR UPDATE","parameters: $1 = '1', $2 = '1', $3 = '53'",,,,,,,,"","client backend"
2024-06-16 14:33:40.382 CST,"raingage","benchmark",15269,"127.0.0.1:45210",666e86a6.3ba5,850,"SELECT",2024-06-16 14:31:02 CST,5/62,90867,LOG,00000,"execute S_1: SELECT c_discount, c_last, c_credit, w_tax     FROM bmsql_customer     JOIN bmsql_warehouse ON (w_id = c_w_id)     WHERE c_w_id = $1 AND c_d_id = $2 AND c_id = $3 FOR UPDATE","parameters: $1 = '1', $2 = '1', $3 = '53'",,,,,,,,"","client backend"
2024-06-16 14:33:40.450 CST,"raingage","benchmark",15269,"127.0.0.1:45210",666e86a6.3ba5,851,"SELECT",2024-06-16 14:31:02 CST,5/62,90867,LOG,00000,"execute S_1: SELECT c_discount, c_last, c_credit, w_tax     FROM bmsql_customer     JOIN bmsql_warehouse ON (w_id = c_w_id)     WHERE c_w_id = $1 AND c_d_id = $2 AND c_id = $3 FOR UPDATE","parameters: $1 = '1', $2 = '1', $3 = '53'",,,,,,,,"","client backend"
2024-06-16 14:33:40.519 CST,"raingage","benchmark",15269,"127.0.0.1:45210",666e86a6.3ba5,852,"SELECT",2024-06-16 14:31:02 CST,5/62,90867,LOG,00000,"execute S_1: SELECT c_discount, c_last, c_credit, w_tax     FROM bmsql_customer     JOIN bmsql_warehouse ON (w_id = c_w_id)     WHERE c_w_id = $1 AND c_d_id = $2 AND c_id = $3 FOR UPDATE","parameters: $1 = '1', $2 = '1', $3 = '53'",,,,,,,,"","client backend"
2024-06-16 14:33:40.590 CST,"raingage","benchmark",15269,"127.0.0.1:45210",666e86a6.3ba5,853,"SELECT",2024-06-16 14:31:02 CST,5/62,90867,LOG,00000,"execute S_1: SELECT c_discount, c_last, c_credit, w_tax     FROM bmsql_customer     JOIN bmsql_warehouse ON (w_id = c_w_id)     WHERE c_w_id = $1 AND c_d_id = $2 AND c_id = $3 FOR UPDATE","parameters: $1 = '1', $2 = '1', $3 = '53'",,,,,,,,"","client backend"
2024-06-16 14:33:40.654 CST,"raingage","benchmark",15269,"127.0.0.1:45210",666e86a6.3ba5,854,"SELECT",2024-06-16 14:31:02 CST,5/62,90867,LOG,00000,"execute S_1: SELECT c_discount, c_last, c_credit, w_tax     FROM bmsql_customer     JOIN bmsql_warehouse ON (w_id = c_w_id)     WHERE c_w_id = $1 AND c_d_id = $2 AND c_id = $3 FOR UPDATE","parameters: $1 = '1', $2 = '1', $3 = '53'",,,,,,,,"","client backend"
2024-06-16 14:33:40.722 CST,"raingage","benchmark",15269,"127.0.0.1:45210",666e86a6.3ba5,855,"SELECT",2024-06-16 14:31:02 CST,5/62,90867,LOG,00000,"execute S_1: SELECT c_discount, c_last, c_credit, w_tax     FROM bmsql_customer     JOIN bmsql_warehouse ON (w_id = c_w_id)     WHERE c_w_id = $1 AND c_d_id = $2 AND c_id = $3 FOR UPDATE","parameters: $1 = '1', $2 = '1', $3 = '53'",,,,,,,,"","client backend"
2024-06-16 14:33:40.793 CST,"raingage","benchmark",15269,"127.0.0.1:45210",666e86a6.3ba5,856,"SELECT",2024-06-16 14:31:02 CST,5/62,90867,LOG,00000,"execute S_1: SELECT c_discount, c_last, c_credit, w_tax     FROM bmsql_customer     JOIN bmsql_warehouse ON (w_id = c_w_id)     WHERE c_w_id = $1 AND c_d_id = $2 AND c_id = $3 FOR UPDATE","parameters: $1 = '1', $2 = '1', $3 = '53'",,,,,,,,"","client backend"
2024-06-16 14:33:40.807 CST,"raingage","benchmark",15269,"127.0.0.1:45210",666e86a6.3ba5,857,"SELECT",2024-06-16 14:31:02 CST,5/62,90867,LOG,00000,"execute S_6: SELECT i_price, i_name, i_data     FROM bmsql_item     WHERE i_id = $1","parameters: $1 = '40'",,,,,,,,"","client backend"
2024-06-16 14:33:40.819 CST,"raingage","benchmark",15269,"127.0.0.1:45210",666e86a6.3ba5,858,"SELECT",2024-06-16 14:31:02 CST,5/62,90867,LOG,00000,"execute S_7: SELECT s_quantity, s_data,        s_dist_01, s_dist_02, s_dist_03, s_dist_04,        s_dist_05, s_dist_06, s_dist_07, s_dist_08,        s_dist_09, s_dist_10     FROM bmsql_stock     WHERE s_w_id = $1 AND s_i_id = $2  FOR UPDATE","parameters: $1 = '1', $2 = '40'",,,,,,,,"","client backend"
2024-06-16 14:33:40.835 CST,"raingage","benchmark",15269,"127.0.0.1:45210",666e86a6.3ba5,859,"UPDATE",2024-06-16 14:31:02 CST,5/62,90867,LOG,00000,"execute S_8: UPDATE bmsql_stock     SET s_quantity = $1, s_ytd = s_ytd + $2,         s_order_cnt = s_order_cnt + 1,         s_remote_cnt = s_remote_cnt + $3     WHERE s_w_id = $4 AND s_i_id = $5","parameters: $1 = '98', $2 = '2', $3 = '0', $4 = '1', $5 = '40'",,,,,,,,"","client backend"
2024-06-16 14:33:40.850 CST,"raingage","benchmark",15269,"127.0.0.1:45210",666e86a6.3ba5,860,"COMMIT",2024-06-16 14:31:02 CST,5/62,90867,LOG,00000,"execute S_3: COMMIT",,,,,,,,,"","client backend"
2024-06-16 14:33:40.863 CST,"raingage","benchmark",15269,"127.0.0.1:45210",666e86a6.3ba5,861,"BEGIN",2024-06-16 14:31:02 CST,5/63,0,LOG,00000,"execute S_4: BEGIN",,,,,,,,,"","client backend"
2024-06-16 14:33:40.878 CST,"raingage","benchmark",15269,"127.0.0.1:45210",666e86a6.3ba5,862,"SELECT",2024-06-16 14:31:02 CST,5/63,0,LOG,00000,"execute S_5: SELECT d_tax, d_next_o_id     FROM bmsql_district     WHERE d_w_id = $1 AND d_id = $2 ","parameters: $1 = '1', $2 = '1'",,,,,,,,"","client backend"
2024-06-16 14:33:40.925 CST,"raingage","benchmark",15272,"127.0.0.1:45216",666e86a7.3ba8,395,"BEGIN",2024-06-16 14:31:03 CST,8/30,0,LOG,00000,"execute S_3: BEGIN",,,,,,,,,"","client backend"
2024-06-16 14:33:40.938 CST,"raingage","benchmark",15272,"127.0.0.1:45216",666e86a7.3ba8,396,"SELECT",2024-06-16 14:31:03 CST,8/30,0,LOG,00000,"execute S_4: SELECT d_tax, d_next_o_id     FROM bmsql_district     WHERE d_w_id = $1 AND d_id = $2 ","parameters: $1 = '1', $2 = '1'",,,,,,,,"","client backend"
2024-06-16 14:33:40.940 CST,"raingage","benchmark",15269,"127.0.0.1:45210",666e86a6.3ba5,863,"SELECT",2024-06-16 14:31:02 CST,5/63,0,LOG,00000,"execute S_1: SELECT c_discount, c_last, c_credit, w_tax     FROM bmsql_customer     JOIN bmsql_warehouse ON (w_id = c_w_id)     WHERE c_w_id = $1 AND c_d_id = $2 AND c_id = $3 FOR UPDATE","parameters: $1 = '1', $2 = '1', $3 = '53'",,,,,,,,"","client backend"
2024-06-16 14:33:41.007 CST,"raingage","benchmark",15272,"127.0.0.1:45216",666e86a7.3ba8,397,"SELECT",2024-06-16 14:31:03 CST,8/30,0,LOG,00000,"execute S_1: SELECT c_discount, c_last, c_credit, w_tax     FROM bmsql_customer     JOIN bmsql_warehouse ON (w_id = c_w_id)     WHERE c_w_id = $1 AND c_d_id = $2 AND c_id = $3 FOR UPDATE","parameters: $1 = '1', $2 = '1', $3 = '73'",,,,,,,,"","client backend"
2024-06-16 14:33:41.009 CST,"raingage","benchmark",15269,"127.0.0.1:45210",666e86a6.3ba5,864,"SELECT",2024-06-16 14:31:02 CST,5/63,90868,LOG,00000,"execute S_1: SELECT c_discount, c_last, c_credit, w_tax     FROM bmsql_customer     JOIN bmsql_warehouse ON (w_id = c_w_id)     WHERE c_w_id = $1 AND c_d_id = $2 AND c_id = $3 FOR UPDATE","parameters: $1 = '1', $2 = '1', $3 = '53'",,,,,,,,"","client backend"
2024-06-16 14:33:41.078 CST,"raingage","benchmark",15269,"127.0.0.1:45210",666e86a6.3ba5,865,"SELECT",2024-06-16 14:31:02 CST,5/63,90868,LOG,00000,"execute S_1: SELECT c_discount, c_last, c_credit, w_tax     FROM bmsql_customer     JOIN bmsql_warehouse ON (w_id = c_w_id)     WHERE c_w_id = $1 AND c_d_id = $2 AND c_id = $3 FOR UPDATE","parameters: $1 = '1', $2 = '1', $3 = '53'",,,,,,,,"","client backend"
2024-06-16 14:33:41.146 CST,"raingage","benchmark",15269,"127.0.0.1:45210",666e86a6.3ba5,866,"SELECT",2024-06-16 14:31:02 CST,5/63,90868,LOG,00000,"execute S_1: SELECT c_discount, c_last, c_credit, w_tax     FROM bmsql_customer     JOIN bmsql_warehouse ON (w_id = c_w_id)     WHERE c_w_id = $1 AND c_d_id = $2 AND c_id = $3 FOR UPDATE","parameters: $1 = '1', $2 = '1', $3 = '53'",,,,,,,,"","client backend"
2024-06-16 14:33:41.216 CST,"raingage","benchmark",15269,"127.0.0.1:45210",666e86a6.3ba5,867,"SELECT",2024-06-16 14:31:02 CST,5/63,90868,LOG,00000,"execute S_1: SELECT c_discount, c_last, c_credit, w_tax     FROM bmsql_customer     JOIN bmsql_warehouse ON (w_id = c_w_id)     WHERE c_w_id = $1 AND c_d_id = $2 AND c_id = $3 FOR UPDATE","parameters: $1 = '1', $2 = '1', $3 = '53'",,,,,,,,"","client backend"
2024-06-16 14:33:41.284 CST,"raingage","benchmark",15269,"127.0.0.1:45210",666e86a6.3ba5,868,"SELECT",2024-06-16 14:31:02 CST,5/63,90868,LOG,00000,"execute S_1: SELECT c_discount, c_last, c_credit, w_tax     FROM bmsql_customer     JOIN bmsql_warehouse ON (w_id = c_w_id)     WHERE c_w_id = $1 AND c_d_id = $2 AND c_id = $3 FOR UPDATE","parameters: $1 = '1', $2 = '1', $3 = '53'",,,,,,,,"","client backend"
2024-06-16 14:33:41.349 CST,"raingage","benchmark",15269,"127.0.0.1:45210",666e86a6.3ba5,869,"SELECT",2024-06-16 14:31:02 CST,5/63,90868,LOG,00000,"execute S_1: SELECT c_discount, c_last, c_credit, w_tax     FROM bmsql_customer     JOIN bmsql_warehouse ON (w_id = c_w_id)     WHERE c_w_id = $1 AND c_d_id = $2 AND c_id = $3 FOR UPDATE","parameters: $1 = '1', $2 = '1', $3 = '53'",,,,,,,,"","client backend"
2024-06-16 14:33:41.416 CST,"raingage","benchmark",15269,"127.0.0.1:45210",666e86a6.3ba5,870,"SELECT",2024-06-16 14:31:02 CST,5/63,90868,LOG,00000,"execute S_1: SELECT c_discount, c_last, c_credit, w_tax     FROM bmsql_customer     JOIN bmsql_warehouse ON (w_id = c_w_id)     WHERE c_w_id = $1 AND c_d_id = $2 AND c_id = $3 FOR UPDATE","parameters: $1 = '1', $2 = '1', $3 = '53'",,,,,,,,"","client backend"
2024-06-16 14:33:41.434 CST,"raingage","benchmark",15269,"127.0.0.1:45210",666e86a6.3ba5,871,"SELECT",2024-06-16 14:31:02 CST,5/63,90868,LOG,00000,"execute S_6: SELECT i_price, i_name, i_data     FROM bmsql_item     WHERE i_id = $1","parameters: $1 = '40'",,,,,,,,"","client backend"
2024-06-16 14:33:41.447 CST,"raingage","benchmark",15269,"127.0.0.1:45210",666e86a6.3ba5,872,"SELECT",2024-06-16 14:31:02 CST,5/63,90868,LOG,00000,"execute S_7: SELECT s_quantity, s_data,        s_dist_01, s_dist_02, s_dist_03, s_dist_04,        s_dist_05, s_dist_06, s_dist_07, s_dist_08,        s_dist_09, s_dist_10     FROM bmsql_stock     WHERE s_w_id = $1 AND s_i_id = $2  FOR UPDATE","parameters: $1 = '1', $2 = '40'",,,,,,,,"","client backend"
2024-06-16 14:33:41.462 CST,"raingage","benchmark",15269,"127.0.0.1:45210",666e86a6.3ba5,873,"UPDATE",2024-06-16 14:31:02 CST,5/63,90868,LOG,00000,"execute S_8: UPDATE bmsql_stock     SET s_quantity = $1, s_ytd = s_ytd + $2,         s_order_cnt = s_order_cnt + 1,         s_remote_cnt = s_remote_cnt + $3     WHERE s_w_id = $4 AND s_i_id = $5","parameters: $1 = '96', $2 = '2', $3 = '0', $4 = '1', $5 = '40'",,,,,,,,"","client backend"
2024-06-16 14:33:41.477 CST,"raingage","benchmark",15269,"127.0.0.1:45210",666e86a6.3ba5,874,"COMMIT",2024-06-16 14:31:02 CST,5/63,90868,LOG,00000,"execute S_3: COMMIT",,,,,,,,,"","client backend"
2024-06-16 14:33:41.548 CST,"raingage","benchmark",15272,"127.0.0.1:45216",666e86a7.3ba8,398,"SELECT",2024-06-16 14:31:03 CST,8/30,90869,LOG,00000,"execute S_1: SELECT c_discount, c_last, c_credit, w_tax     FROM bmsql_customer     JOIN bmsql_warehouse ON (w_id = c_w_id)     WHERE c_w_id = $1 AND c_d_id = $2 AND c_id = $3 FOR UPDATE","parameters: $1 = '1', $2 = '1', $3 = '73'",,,,,,,,"","client backend"
2024-06-16 14:33:41.620 CST,"raingage","benchmark",15272,"127.0.0.1:45216",666e86a7.3ba8,399,"SELECT",2024-06-16 14:31:03 CST,8/30,90869,LOG,00000,"execute S_1: SELECT c_discount, c_last, c_credit, w_tax     FROM bmsql_customer     JOIN bmsql_warehouse ON (w_id = c_w_id)     WHERE c_w_id = $1 AND c_d_id = $2 AND c_id = $3 FOR UPDATE","parameters: $1 = '1', $2 = '1', $3 = '73'",,,,,,,,"","client backend"
2024-06-16 14:33:41.684 CST,"raingage","benchmark",15272,"127.0.0.1:45216",666e86a7.3ba8,400,"SELECT",2024-06-16 14:31:03 CST,8/30,90869,LOG,00000,"execute S_1: SELECT c_discount, c_last, c_credit, w_tax     FROM bmsql_customer     JOIN bmsql_warehouse ON (w_id = c_w_id)     WHERE c_w_id = $1 AND c_d_id = $2 AND c_id = $3 FOR UPDATE","parameters: $1 = '1', $2 = '1', $3 = '73'",,,,,,,,"","client backend"
2024-06-16 14:33:41.749 CST,"raingage","benchmark",15272,"127.0.0.1:45216",666e86a7.3ba8,401,"SELECT",2024-06-16 14:31:03 CST,8/30,90869,LOG,00000,"execute S_1: SELECT c_discount, c_last, c_credit, w_tax     FROM bmsql_customer     JOIN bmsql_warehouse ON (w_id = c_w_id)     WHERE c_w_id = $1 AND c_d_id = $2 AND c_id = $3 FOR UPDATE","parameters: $1 = '1', $2 = '1', $3 = '73'",,,,,,,,"","client backend"
2024-06-16 14:33:41.817 CST,"raingage","benchmark",15272,"127.0.0.1:45216",666e86a7.3ba8,402,"SELECT",2024-06-16 14:31:03 CST,8/30,90869,LOG,00000,"execute S_1: SELECT c_discount, c_last, c_credit, w_tax     FROM bmsql_customer     JOIN bmsql_warehouse ON (w_id = c_w_id)     WHERE c_w_id = $1 AND c_d_id = $2 AND c_id = $3 FOR UPDATE","parameters: $1 = '1', $2 = '1', $3 = '73'",,,,,,,,"","client backend"
2024-06-16 14:33:41.882 CST,"raingage","benchmark",15272,"127.0.0.1:45216",666e86a7.3ba8,403,"SELECT",2024-06-16 14:31:03 CST,8/30,90869,LOG,00000,"execute S_1: SELECT c_discount, c_last, c_credit, w_tax     FROM bmsql_customer     JOIN bmsql_warehouse ON (w_id = c_w_id)     WHERE c_w_id = $1 AND c_d_id = $2 AND c_id = $3 FOR UPDATE","parameters: $1 = '1', $2 = '1', $3 = '73'",,,,,,,,"","client backend"
2024-06-16 14:33:41.955 CST,"raingage","benchmark",15272,"127.0.0.1:45216",666e86a7.3ba8,404,"SELECT",2024-06-16 14:31:03 CST,8/30,90869,LOG,00000,"execute S_1: SELECT c_discount, c_last, c_credit, w_tax     FROM bmsql_customer     JOIN bmsql_warehouse ON (w_id = c_w_id)     WHERE c_w_id = $1 AND c_d_id = $2 AND c_id = $3 FOR UPDATE","parameters: $1 = '1', $2 = '1', $3 = '73'",,,,,,,,"","client backend"
2024-06-16 14:33:41.975 CST,"raingage","benchmark",15272,"127.0.0.1:45216",666e86a7.3ba8,405,"SELECT",2024-06-16 14:31:03 CST,8/30,90869,LOG,00000,"execute S_5: SELECT i_price, i_name, i_data     FROM bmsql_item     WHERE i_id = $1","parameters: $1 = '10'",,,,,,,,"","client backend"
2024-06-16 14:33:41.989 CST,"raingage","benchmark",15272,"127.0.0.1:45216",666e86a7.3ba8,406,"SELECT",2024-06-16 14:31:03 CST,8/30,90869,LOG,00000,"execute S_6: SELECT s_quantity, s_data,        s_dist_01, s_dist_02, s_dist_03, s_dist_04,        s_dist_05, s_dist_06, s_dist_07, s_dist_08,        s_dist_09, s_dist_10     FROM bmsql_stock     WHERE s_w_id = $1 AND s_i_id = $2  FOR UPDATE","parameters: $1 = '1', $2 = '10'",,,,,,,,"","client backend"
2024-06-16 14:33:42.008 CST,"raingage","benchmark",15272,"127.0.0.1:45216",666e86a7.3ba8,407,"UPDATE",2024-06-16 14:31:03 CST,8/30,90869,LOG,00000,"execute S_7: UPDATE bmsql_stock     SET s_quantity = $1, s_ytd = s_ytd + $2,         s_order_cnt = s_order_cnt + 1,         s_remote_cnt = s_remote_cnt + $3     WHERE s_w_id = $4 AND s_i_id = $5","parameters: $1 = '99', $2 = '2', $3 = '0', $4 = '1', $5 = '10'",,,,,,,,"","client backend"
2024-06-16 14:33:42.028 CST,"raingage","benchmark",15272,"127.0.0.1:45216",666e86a7.3ba8,408,"COMMIT",2024-06-16 14:31:03 CST,8/30,90869,LOG,00000,"execute S_2: COMMIT",,,,,,,,,"","client backend"
2024-06-16 14:33:42.048 CST,"raingage","benchmark",15272,"127.0.0.1:45216",666e86a7.3ba8,409,"BEGIN",2024-06-16 14:31:03 CST,8/31,0,LOG,00000,"execute S_3: BEGIN",,,,,,,,,"","client backend"
2024-06-16 14:33:42.060 CST,"raingage","benchmark",15272,"127.0.0.1:45216",666e86a7.3ba8,410,"SELECT",2024-06-16 14:31:03 CST,8/31,0,LOG,00000,"execute S_4: SELECT d_tax, d_next_o_id     FROM bmsql_district     WHERE d_w_id = $1 AND d_id = $2 ","parameters: $1 = '1', $2 = '2'",,,,,,,,"","client backend"
2024-06-16 14:33:42.090 CST,"raingage","benchmark",15268,"127.0.0.1:45208",666e86a6.3ba4,873,"BEGIN",2024-06-16 14:31:02 CST,4/64,0,LOG,00000,"execute S_3: BEGIN",,,,,,,,,"","client backend"
2024-06-16 14:33:42.107 CST,"raingage","benchmark",15268,"127.0.0.1:45208",666e86a6.3ba4,874,"SELECT",2024-06-16 14:31:02 CST,4/64,0,LOG,00000,"execute S_4: SELECT d_tax, d_next_o_id     FROM bmsql_district     WHERE d_w_id = $1 AND d_id = $2 ","parameters: $1 = '1', $2 = '1'",,,,,,,,"","client backend"
2024-06-16 14:33:42.128 CST,"raingage","benchmark",15272,"127.0.0.1:45216",666e86a7.3ba8,411,"SELECT",2024-06-16 14:31:03 CST,8/31,0,LOG,00000,"execute S_1: SELECT c_discount, c_last, c_credit, w_tax     FROM bmsql_customer     JOIN bmsql_warehouse ON (w_id = c_w_id)     WHERE c_w_id = $1 AND c_d_id = $2 AND c_id = $3 FOR UPDATE","parameters: $1 = '1', $2 = '2', $3 = '40'",,,,,,,,"","client backend"
2024-06-16 14:33:42.176 CST,"raingage","benchmark",15268,"127.0.0.1:45208",666e86a6.3ba4,875,"SELECT",2024-06-16 14:31:02 CST,4/64,0,LOG,00000,"execute S_1: SELECT c_discount, c_last, c_credit, w_tax     FROM bmsql_customer     JOIN bmsql_warehouse ON (w_id = c_w_id)     WHERE c_w_id = $1 AND c_d_id = $2 AND c_id = $3 FOR UPDATE","parameters: $1 = '1', $2 = '1', $3 = '39'",,,,,,,,"","client backend"
2024-06-16 14:33:42.198 CST,"raingage","benchmark",15272,"127.0.0.1:45216",666e86a7.3ba8,412,"SELECT",2024-06-16 14:31:03 CST,8/31,90871,LOG,00000,"execute S_1: SELECT c_discount, c_last, c_credit, w_tax     FROM bmsql_customer     JOIN bmsql_warehouse ON (w_id = c_w_id)     WHERE c_w_id = $1 AND c_d_id = $2 AND c_id = $3 FOR UPDATE","parameters: $1 = '1', $2 = '2', $3 = '40'",,,,,,,,"","client backend"
2024-06-16 14:33:42.269 CST,"raingage","benchmark",15272,"127.0.0.1:45216",666e86a7.3ba8,413,"SELECT",2024-06-16 14:31:03 CST,8/31,90871,LOG,00000,"execute S_1: SELECT c_discount, c_last, c_credit, w_tax     FROM bmsql_customer     JOIN bmsql_warehouse ON (w_id = c_w_id)     WHERE c_w_id = $1 AND c_d_id = $2 AND c_id = $3 FOR UPDATE","parameters: $1 = '1', $2 = '2', $3 = '40'",,,,,,,,"","client backend"
2024-06-16 14:33:42.337 CST,"raingage","benchmark",15272,"127.0.0.1:45216",666e86a7.3ba8,414,"SELECT",2024-06-16 14:31:03 CST,8/31,90871,LOG,00000,"execute S_1: SELECT c_discount, c_last, c_credit, w_tax     FROM bmsql_customer     JOIN bmsql_warehouse ON (w_id = c_w_id)     WHERE c_w_id = $1 AND c_d_id = $2 AND c_id = $3 FOR UPDATE","parameters: $1 = '1', $2 = '2', $3 = '40'",,,,,,,,"","client backend"
2024-06-16 14:33:42.403 CST,"raingage","benchmark",15272,"127.0.0.1:45216",666e86a7.3ba8,415,"SELECT",2024-06-16 14:31:03 CST,8/31,90871,LOG,00000,"execute S_1: SELECT c_discount, c_last, c_credit, w_tax     FROM bmsql_customer     JOIN bmsql_warehouse ON (w_id = c_w_id)     WHERE c_w_id = $1 AND c_d_id = $2 AND c_id = $3 FOR UPDATE","parameters: $1 = '1', $2 = '2', $3 = '40'",,,,,,,,"","client backend"
2024-06-16 14:33:42.472 CST,"raingage","benchmark",15272,"127.0.0.1:45216",666e86a7.3ba8,416,"SELECT",2024-06-16 14:31:03 CST,8/31,90871,LOG,00000,"execute S_1: SELECT c_discount, c_last, c_credit, w_tax     FROM bmsql_customer     JOIN bmsql_warehouse ON (w_id = c_w_id)     WHERE c_w_id = $1 AND c_d_id = $2 AND c_id = $3 FOR UPDATE","parameters: $1 = '1', $2 = '2', $3 = '40'",,,,,,,,"","client backend"
2024-06-16 14:33:42.544 CST,"raingage","benchmark",15272,"127.0.0.1:45216",666e86a7.3ba8,417,"SELECT",2024-06-16 14:31:03 CST,8/31,90871,LOG,00000,"execute S_1: SELECT c_discount, c_last, c_credit, w_tax     FROM bmsql_customer     JOIN bmsql_warehouse ON (w_id = c_w_id)     WHERE c_w_id = $1 AND c_d_id = $2 AND c_id = $3 FOR UPDATE","parameters: $1 = '1', $2 = '2', $3 = '40'",,,,,,,,"","client backend"
2024-06-16 14:33:42.615 CST,"raingage","benchmark",15272,"127.0.0.1:45216",666e86a7.3ba8,418,"SELECT",2024-06-16 14:31:03 CST,8/31,90871,LOG,00000,"execute S_1: SELECT c_discount, c_last, c_credit, w_tax     FROM bmsql_customer     JOIN bmsql_warehouse ON (w_id = c_w_id)     WHERE c_w_id = $1 AND c_d_id = $2 AND c_id = $3 FOR UPDATE","parameters: $1 = '1', $2 = '2', $3 = '40'",,,,,,,,"","client backend"
2024-06-16 14:33:42.636 CST,"raingage","benchmark",15272,"127.0.0.1:45216",666e86a7.3ba8,419,"SELECT",2024-06-16 14:31:03 CST,8/31,90871,LOG,00000,"execute S_5: SELECT i_price, i_name, i_data     FROM bmsql_item     WHERE i_id = $1","parameters: $1 = '34'",,,,,,,,"","client backend"
2024-06-16 14:33:42.653 CST,"raingage","benchmark",15272,"127.0.0.1:45216",666e86a7.3ba8,420,"SELECT",2024-06-16 14:31:03 CST,8/31,90871,LOG,00000,"execute S_6: SELECT s_quantity, s_data,        s_dist_01, s_dist_02, s_dist_03, s_dist_04,        s_dist_05, s_dist_06, s_dist_07, s_dist_08,        s_dist_09, s_dist_10     FROM bmsql_stock     WHERE s_w_id = $1 AND s_i_id = $2  FOR UPDATE","parameters: $1 = '1', $2 = '34'",,,,,,,,"","client backend"
2024-06-16 14:33:42.668 CST,"raingage","benchmark",15272,"127.0.0.1:45216",666e86a7.3ba8,421,"UPDATE",2024-06-16 14:31:03 CST,8/31,90871,LOG,00000,"execute S_7: UPDATE bmsql_stock     SET s_quantity = $1, s_ytd = s_ytd + $2,         s_order_cnt = s_order_cnt + 1,         s_remote_cnt = s_remote_cnt + $3     WHERE s_w_id = $4 AND s_i_id = $5","parameters: $1 = '11', $2 = '2', $3 = '0', $4 = '1', $5 = '34'",,,,,,,,"","client backend"
2024-06-16 14:33:42.686 CST,"raingage","benchmark",15272,"127.0.0.1:45216",666e86a7.3ba8,422,"COMMIT",2024-06-16 14:31:03 CST,8/31,90871,LOG,00000,"execute S_2: COMMIT",,,,,,,,,"","client backend"
2024-06-16 14:33:42.703 CST,"raingage","benchmark",15272,"127.0.0.1:45216",666e86a7.3ba8,423,"BEGIN",2024-06-16 14:31:03 CST,8/32,0,LOG,00000,"execute S_3: BEGIN",,,,,,,,,"","client backend"
2024-06-16 14:33:42.717 CST,"raingage","benchmark",15272,"127.0.0.1:45216",666e86a7.3ba8,424,"SELECT",2024-06-16 14:31:03 CST,8/32,0,LOG,00000,"execute S_4: SELECT d_tax, d_next_o_id     FROM bmsql_district     WHERE d_w_id = $1 AND d_id = $2 ","parameters: $1 = '1', $2 = '2'",,,,,,,,"","client backend"
2024-06-16 14:33:42.749 CST,"raingage","benchmark",15268,"127.0.0.1:45208",666e86a6.3ba4,876,"SELECT",2024-06-16 14:31:02 CST,4/64,90872,LOG,00000,"execute S_1: SELECT c_discount, c_last, c_credit, w_tax     FROM bmsql_customer     JOIN bmsql_warehouse ON (w_id = c_w_id)     WHERE c_w_id = $1 AND c_d_id = $2 AND c_id = $3 FOR UPDATE","parameters: $1 = '1', $2 = '1', $3 = '39'",,,,,,,,"","client backend"
2024-06-16 14:33:42.781 CST,"raingage","benchmark",15272,"127.0.0.1:45216",666e86a7.3ba8,425,"SELECT",2024-06-16 14:31:03 CST,8/32,0,LOG,00000,"execute S_1: SELECT c_discount, c_last, c_credit, w_tax     FROM bmsql_customer     JOIN bmsql_warehouse ON (w_id = c_w_id)     WHERE c_w_id = $1 AND c_d_id = $2 AND c_id = $3 FOR UPDATE","parameters: $1 = '1', $2 = '2', $3 = '40'",,,,,,,,"","client backend"
2024-06-16 14:33:42.821 CST,"raingage","benchmark",15268,"127.0.0.1:45208",666e86a6.3ba4,877,"SELECT",2024-06-16 14:31:02 CST,4/64,90872,LOG,00000,"execute S_1: SELECT c_discount, c_last, c_credit, w_tax     FROM bmsql_customer     JOIN bmsql_warehouse ON (w_id = c_w_id)     WHERE c_w_id = $1 AND c_d_id = $2 AND c_id = $3 FOR UPDATE","parameters: $1 = '1', $2 = '1', $3 = '39'",,,,,,,,"","client backend"
2024-06-16 14:33:42.885 CST,"raingage","benchmark",15268,"127.0.0.1:45208",666e86a6.3ba4,878,"SELECT",2024-06-16 14:31:02 CST,4/64,90872,LOG,00000,"execute S_1: SELECT c_discount, c_last, c_credit, w_tax     FROM bmsql_customer     JOIN bmsql_warehouse ON (w_id = c_w_id)     WHERE c_w_id = $1 AND c_d_id = $2 AND c_id = $3 FOR UPDATE","parameters: $1 = '1', $2 = '1', $3 = '39'",,,,,,,,"","client backend"
2024-06-16 14:33:42.953 CST,"raingage","benchmark",15268,"127.0.0.1:45208",666e86a6.3ba4,879,"SELECT",2024-06-16 14:31:02 CST,4/64,90872,LOG,00000,"execute S_1: SELECT c_discount, c_last, c_credit, w_tax     FROM bmsql_customer     JOIN bmsql_warehouse ON (w_id = c_w_id)     WHERE c_w_id = $1 AND c_d_id = $2 AND c_id = $3 FOR UPDATE","parameters: $1 = '1', $2 = '1', $3 = '39'",,,,,,,,"","client backend"
2024-06-16 14:33:43.021 CST,"raingage","benchmark",15268,"127.0.0.1:45208",666e86a6.3ba4,880,"SELECT",2024-06-16 14:31:02 CST,4/64,90872,LOG,00000,"execute S_1: SELECT c_discount, c_last, c_credit, w_tax     FROM bmsql_customer     JOIN bmsql_warehouse ON (w_id = c_w_id)     WHERE c_w_id = $1 AND c_d_id = $2 AND c_id = $3 FOR UPDATE","parameters: $1 = '1', $2 = '1', $3 = '39'",,,,,,,,"","client backend"
2024-06-16 14:33:43.091 CST,"raingage","benchmark",15268,"127.0.0.1:45208",666e86a6.3ba4,881,"SELECT",2024-06-16 14:31:02 CST,4/64,90872,LOG,00000,"execute S_1: SELECT c_discount, c_last, c_credit, w_tax     FROM bmsql_customer     JOIN bmsql_warehouse ON (w_id = c_w_id)     WHERE c_w_id = $1 AND c_d_id = $2 AND c_id = $3 FOR UPDATE","parameters: $1 = '1', $2 = '1', $3 = '39'",,,,,,,,"","client backend"
2024-06-16 14:33:43.156 CST,"raingage","benchmark",15268,"127.0.0.1:45208",666e86a6.3ba4,882,"SELECT",2024-06-16 14:31:02 CST,4/64,90872,LOG,00000,"execute S_1: SELECT c_discount, c_last, c_credit, w_tax     FROM bmsql_customer     JOIN bmsql_warehouse ON (w_id = c_w_id)     WHERE c_w_id = $1 AND c_d_id = $2 AND c_id = $3 FOR UPDATE","parameters: $1 = '1', $2 = '1', $3 = '39'",,,,,,,,"","client backend"
2024-06-16 14:33:43.169 CST,"raingage","benchmark",15268,"127.0.0.1:45208",666e86a6.3ba4,883,"SELECT",2024-06-16 14:31:02 CST,4/64,90872,LOG,00000,"execute S_5: SELECT i_price, i_name, i_data     FROM bmsql_item     WHERE i_id = $1","parameters: $1 = '65'",,,,,,,,"","client backend"
2024-06-16 14:33:43.178 CST,"raingage","benchmark",15268,"127.0.0.1:45208",666e86a6.3ba4,884,"SELECT",2024-06-16 14:31:02 CST,4/64,90872,LOG,00000,"execute S_6: SELECT s_quantity, s_data,        s_dist_01, s_dist_02, s_dist_03, s_dist_04,        s_dist_05, s_dist_06, s_dist_07, s_dist_08,        s_dist_09, s_dist_10     FROM bmsql_stock     WHERE s_w_id = $1 AND s_i_id = $2  FOR UPDATE","parameters: $1 = '1', $2 = '65'",,,,,,,,"","client backend"
2024-06-16 14:33:43.194 CST,"raingage","benchmark",15268,"127.0.0.1:45208",666e86a6.3ba4,885,"UPDATE",2024-06-16 14:31:02 CST,4/64,90872,LOG,00000,"execute S_7: UPDATE bmsql_stock     SET s_quantity = $1, s_ytd = s_ytd + $2,         s_order_cnt = s_order_cnt + 1,         s_remote_cnt = s_remote_cnt + $3     WHERE s_w_id = $4 AND s_i_id = $5","parameters: $1 = '12', $2 = '2', $3 = '0', $4 = '1', $5 = '65'",,,,,,,,"","client backend"
2024-06-16 14:33:43.211 CST,"raingage","benchmark",15268,"127.0.0.1:45208",666e86a6.3ba4,886,"COMMIT",2024-06-16 14:31:02 CST,4/64,90872,LOG,00000,"execute S_2: COMMIT",,,,,,,,,"","client backend"
2024-06-16 14:33:43.231 CST,"raingage","benchmark",15268,"127.0.0.1:45208",666e86a6.3ba4,887,"BEGIN",2024-06-16 14:31:02 CST,4/65,0,LOG,00000,"execute S_3: BEGIN",,,,,,,,,"","client backend"
2024-06-16 14:33:43.248 CST,"raingage","benchmark",15268,"127.0.0.1:45208",666e86a6.3ba4,888,"SELECT",2024-06-16 14:31:02 CST,4/65,0,LOG,00000,"execute S_4: SELECT d_tax, d_next_o_id     FROM bmsql_district     WHERE d_w_id = $1 AND d_id = $2 ","parameters: $1 = '1', $2 = '2'",,,,,,,,"","client backend"
2024-06-16 14:33:43.282 CST,"raingage","benchmark",15272,"127.0.0.1:45216",666e86a7.3ba8,426,"SELECT",2024-06-16 14:31:03 CST,8/32,90873,LOG,00000,"execute S_1: SELECT c_discount, c_last, c_credit, w_tax     FROM bmsql_customer     JOIN bmsql_warehouse ON (w_id = c_w_id)     WHERE c_w_id = $1 AND c_d_id = $2 AND c_id = $3 FOR UPDATE","parameters: $1 = '1', $2 = '2', $3 = '40'",,,,,,,,"","client backend"
2024-06-16 14:33:43.311 CST,"raingage","benchmark",15268,"127.0.0.1:45208",666e86a6.3ba4,889,"SELECT",2024-06-16 14:31:02 CST,4/65,0,LOG,00000,"execute S_1: SELECT c_discount, c_last, c_credit, w_tax     FROM bmsql_customer     JOIN bmsql_warehouse ON (w_id = c_w_id)     WHERE c_w_id = $1 AND c_d_id = $2 AND c_id = $3 FOR UPDATE","parameters: $1 = '1', $2 = '2', $3 = '59'",,,,,,,,"","client backend"
2024-06-16 14:33:43.353 CST,"raingage","benchmark",15272,"127.0.0.1:45216",666e86a7.3ba8,427,"SELECT",2024-06-16 14:31:03 CST,8/32,90873,LOG,00000,"execute S_1: SELECT c_discount, c_last, c_credit, w_tax     FROM bmsql_customer     JOIN bmsql_warehouse ON (w_id = c_w_id)     WHERE c_w_id = $1 AND c_d_id = $2 AND c_id = $3 FOR UPDATE","parameters: $1 = '1', $2 = '2', $3 = '40'",,,,,,,,"","client backend"
2024-06-16 14:33:43.423 CST,"raingage","benchmark",15272,"127.0.0.1:45216",666e86a7.3ba8,428,"SELECT",2024-06-16 14:31:03 CST,8/32,90873,LOG,00000,"execute S_1: SELECT c_discount, c_last, c_credit, w_tax     FROM bmsql_customer     JOIN bmsql_warehouse ON (w_id = c_w_id)     WHERE c_w_id = $1 AND c_d_id = $2 AND c_id = $3 FOR UPDATE","parameters: $1 = '1', $2 = '2', $3 = '40'",,,,,,,,"","client backend"
2024-06-16 14:33:43.487 CST,"raingage","benchmark",15272,"127.0.0.1:45216",666e86a7.3ba8,429,"SELECT",2024-06-16 14:31:03 CST,8/32,90873,LOG,00000,"execute S_1: SELECT c_discount, c_last, c_credit, w_tax     FROM bmsql_customer     JOIN bmsql_warehouse ON (w_id = c_w_id)     WHERE c_w_id = $1 AND c_d_id = $2 AND c_id = $3 FOR UPDATE","parameters: $1 = '1', $2 = '2', $3 = '40'",,,,,,,,"","client backend"
2024-06-16 14:33:43.557 CST,"raingage","benchmark",15272,"127.0.0.1:45216",666e86a7.3ba8,430,"SELECT",2024-06-16 14:31:03 CST,8/32,90873,LOG,00000,"execute S_1: SELECT c_discount, c_last, c_credit, w_tax     FROM bmsql_customer     JOIN bmsql_warehouse ON (w_id = c_w_id)     WHERE c_w_id = $1 AND c_d_id = $2 AND c_id = $3 FOR UPDATE","parameters: $1 = '1', $2 = '2', $3 = '40'",,,,,,,,"","client backend"
2024-06-16 14:33:43.620 CST,"raingage","benchmark",15272,"127.0.0.1:45216",666e86a7.3ba8,431,"SELECT",2024-06-16 14:31:03 CST,8/32,90873,LOG,00000,"execute S_1: SELECT c_discount, c_last, c_credit, w_tax     FROM bmsql_customer     JOIN bmsql_warehouse ON (w_id = c_w_id)     WHERE c_w_id = $1 AND c_d_id = $2 AND c_id = $3 FOR UPDATE","parameters: $1 = '1', $2 = '2', $3 = '40'",,,,,,,,"","client backend"
2024-06-16 14:33:43.690 CST,"raingage","benchmark",15272,"127.0.0.1:45216",666e86a7.3ba8,432,"SELECT",2024-06-16 14:31:03 CST,8/32,90873,LOG,00000,"execute S_1: SELECT c_discount, c_last, c_credit, w_tax     FROM bmsql_customer     JOIN bmsql_warehouse ON (w_id = c_w_id)     WHERE c_w_id = $1 AND c_d_id = $2 AND c_id = $3 FOR UPDATE","parameters: $1 = '1', $2 = '2', $3 = '40'",,,,,,,,"","client backend"
2024-06-16 14:33:43.705 CST,"raingage","benchmark",15272,"127.0.0.1:45216",666e86a7.3ba8,433,"SELECT",2024-06-16 14:31:03 CST,8/32,90873,LOG,00000,"execute S_5: SELECT i_price, i_name, i_data     FROM bmsql_item     WHERE i_id = $1","parameters: $1 = '34'",,,,,,,,"","client backend"
2024-06-16 14:33:43.721 CST,"raingage","benchmark",15272,"127.0.0.1:45216",666e86a7.3ba8,434,"SELECT",2024-06-16 14:31:03 CST,8/32,90873,LOG,00000,"execute S_6: SELECT s_quantity, s_data,        s_dist_01, s_dist_02, s_dist_03, s_dist_04,        s_dist_05, s_dist_06, s_dist_07, s_dist_08,        s_dist_09, s_dist_10     FROM bmsql_stock     WHERE s_w_id = $1 AND s_i_id = $2  FOR UPDATE","parameters: $1 = '1', $2 = '34'",,,,,,,,"","client backend"
2024-06-16 14:33:43.740 CST,"raingage","benchmark",15272,"127.0.0.1:45216",666e86a7.3ba8,435,"UPDATE",2024-06-16 14:31:03 CST,8/32,90873,LOG,00000,"execute S_7: UPDATE bmsql_stock     SET s_quantity = $1, s_ytd = s_ytd + $2,         s_order_cnt = s_order_cnt + 1,         s_remote_cnt = s_remote_cnt + $3     WHERE s_w_id = $4 AND s_i_id = $5","parameters: $1 = '102', $2 = '2', $3 = '0', $4 = '1', $5 = '34'",,,,,,,,"","client backend"
2024-06-16 14:33:43.753 CST,"raingage","benchmark",15272,"127.0.0.1:45216",666e86a7.3ba8,436,"COMMIT",2024-06-16 14:31:03 CST,8/32,90873,LOG,00000,"execute S_2: COMMIT",,,,,,,,,"","client backend"
2024-06-16 14:33:43.773 CST,"raingage","benchmark",15272,"127.0.0.1:45216",666e86a7.3ba8,437,"BEGIN",2024-06-16 14:31:03 CST,8/33,0,LOG,00000,"execute S_3: BEGIN",,,,,,,,,"","client backend"
2024-06-16 14:33:43.781 CST,"raingage","benchmark",15272,"127.0.0.1:45216",666e86a7.3ba8,438,"SELECT",2024-06-16 14:31:03 CST,8/33,0,LOG,00000,"execute S_4: SELECT d_tax, d_next_o_id     FROM bmsql_district     WHERE d_w_id = $1 AND d_id = $2 ","parameters: $1 = '1', $2 = '2'",,,,,,,,"","client backend"
2024-06-16 14:33:43.822 CST,"raingage","benchmark",15268,"127.0.0.1:45208",666e86a6.3ba4,890,"SELECT",2024-06-16 14:31:02 CST,4/65,90874,LOG,00000,"execute S_1: SELECT c_discount, c_last, c_credit, w_tax     FROM bmsql_customer     JOIN bmsql_warehouse ON (w_id = c_w_id)     WHERE c_w_id = $1 AND c_d_id = $2 AND c_id = $3 FOR UPDATE","parameters: $1 = '1', $2 = '2', $3 = '59'",,,,,,,,"","client backend"
2024-06-16 14:33:43.846 CST,"raingage","benchmark",15272,"127.0.0.1:45216",666e86a7.3ba8,439,"SELECT",2024-06-16 14:31:03 CST,8/33,0,LOG,00000,"execute S_1: SELECT c_discount, c_last, c_credit, w_tax     FROM bmsql_customer     JOIN bmsql_warehouse ON (w_id = c_w_id)     WHERE c_w_id = $1 AND c_d_id = $2 AND c_id = $3 FOR UPDATE","parameters: $1 = '1', $2 = '2', $3 = '59'",,,,,,,,"","client backend"
2024-06-16 14:33:43.884 CST,"raingage","benchmark",15268,"127.0.0.1:45208",666e86a6.3ba4,891,"SELECT",2024-06-16 14:31:02 CST,4/65,90874,LOG,00000,"execute S_1: SELECT c_discount, c_last, c_credit, w_tax     FROM bmsql_customer     JOIN bmsql_warehouse ON (w_id = c_w_id)     WHERE c_w_id = $1 AND c_d_id = $2 AND c_id = $3 FOR UPDATE","parameters: $1 = '1', $2 = '2', $3 = '59'",,,,,,,,"","client backend"
2024-06-16 14:33:43.954 CST,"raingage","benchmark",15268,"127.0.0.1:45208",666e86a6.3ba4,892,"SELECT",2024-06-16 14:31:02 CST,4/65,90874,LOG,00000,"execute S_1: SELECT c_discount, c_last, c_credit, w_tax     FROM bmsql_customer     JOIN bmsql_warehouse ON (w_id = c_w_id)     WHERE c_w_id = $1 AND c_d_id = $2 AND c_id = $3 FOR UPDATE","parameters: $1 = '1', $2 = '2', $3 = '59'",,,,,,,,"","client backend"
2024-06-16 14:33:44.023 CST,"raingage","benchmark",15268,"127.0.0.1:45208",666e86a6.3ba4,893,"SELECT",2024-06-16 14:31:02 CST,4/65,90874,LOG,00000,"execute S_1: SELECT c_discount, c_last, c_credit, w_tax     FROM bmsql_customer     JOIN bmsql_warehouse ON (w_id = c_w_id)     WHERE c_w_id = $1 AND c_d_id = $2 AND c_id = $3 FOR UPDATE","parameters: $1 = '1', $2 = '2', $3 = '59'",,,,,,,,"","client backend"
2024-06-16 14:33:44.091 CST,"raingage","benchmark",15268,"127.0.0.1:45208",666e86a6.3ba4,894,"SELECT",2024-06-16 14:31:02 CST,4/65,90874,LOG,00000,"execute S_1: SELECT c_discount, c_last, c_credit, w_tax     FROM bmsql_customer     JOIN bmsql_warehouse ON (w_id = c_w_id)     WHERE c_w_id = $1 AND c_d_id = $2 AND c_id = $3 FOR UPDATE","parameters: $1 = '1', $2 = '2', $3 = '59'",,,,,,,,"","client backend"
2024-06-16 14:33:44.160 CST,"raingage","benchmark",15268,"127.0.0.1:45208",666e86a6.3ba4,895,"SELECT",2024-06-16 14:31:02 CST,4/65,90874,LOG,00000,"execute S_1: SELECT c_discount, c_last, c_credit, w_tax     FROM bmsql_customer     JOIN bmsql_warehouse ON (w_id = c_w_id)     WHERE c_w_id = $1 AND c_d_id = $2 AND c_id = $3 FOR UPDATE","parameters: $1 = '1', $2 = '2', $3 = '59'",,,,,,,,"","client backend"
2024-06-16 14:33:44.210 CST,"raingage","benchmark",15270,"127.0.0.1:45212",666e86a6.3ba6,775,"BEGIN",2024-06-16 14:31:02 CST,6/57,0,LOG,00000,"execute S_3: BEGIN",,,,,,,,,"","client backend"
2024-06-16 14:33:44.220 CST,"raingage","benchmark",15270,"127.0.0.1:45212",666e86a6.3ba6,776,"SELECT",2024-06-16 14:31:02 CST,6/57,0,LOG,00000,"execute S_4: SELECT d_tax, d_next_o_id     FROM bmsql_district     WHERE d_w_id = $1 AND d_id = $2 ","parameters: $1 = '1', $2 = '1'",,,,,,,,"","client backend"
2024-06-16 14:33:44.228 CST,"raingage","benchmark",15268,"127.0.0.1:45208",666e86a6.3ba4,896,"SELECT",2024-06-16 14:31:02 CST,4/65,90874,LOG,00000,"execute S_1: SELECT c_discount, c_last, c_credit, w_tax     FROM bmsql_customer     JOIN bmsql_warehouse ON (w_id = c_w_id)     WHERE c_w_id = $1 AND c_d_id = $2 AND c_id = $3 FOR UPDATE","parameters: $1 = '1', $2 = '2', $3 = '59'",,,,,,,,"","client backend"
2024-06-16 14:33:44.243 CST,"raingage","benchmark",15268,"127.0.0.1:45208",666e86a6.3ba4,897,"SELECT",2024-06-16 14:31:02 CST,4/65,90874,LOG,00000,"execute S_5: SELECT i_price, i_name, i_data     FROM bmsql_item     WHERE i_id = $1","parameters: $1 = '1'",,,,,,,,"","client backend"
2024-06-16 14:33:44.264 CST,"raingage","benchmark",15268,"127.0.0.1:45208",666e86a6.3ba4,898,"SELECT",2024-06-16 14:31:02 CST,4/65,90874,LOG,00000,"execute S_6: SELECT s_quantity, s_data,        s_dist_01, s_dist_02, s_dist_03, s_dist_04,        s_dist_05, s_dist_06, s_dist_07, s_dist_08,        s_dist_09, s_dist_10     FROM bmsql_stock     WHERE s_w_id = $1 AND s_i_id = $2  FOR UPDATE","parameters: $1 = '1', $2 = '1'",,,,,,,,"","client backend"
2024-06-16 14:33:44.285 CST,"raingage","benchmark",15268,"127.0.0.1:45208",666e86a6.3ba4,899,"UPDATE",2024-06-16 14:31:02 CST,4/65,90874,LOG,00000,"execute S_7: UPDATE bmsql_stock     SET s_quantity = $1, s_ytd = s_ytd + $2,         s_order_cnt = s_order_cnt + 1,         s_remote_cnt = s_remote_cnt + $3     WHERE s_w_id = $4 AND s_i_id = $5","parameters: $1 = '77', $2 = '2', $3 = '0', $4 = '1', $5 = '1'",,,,,,,,"","client backend"
2024-06-16 14:33:44.288 CST,"raingage","benchmark",15270,"127.0.0.1:45212",666e86a6.3ba6,777,"SELECT",2024-06-16 14:31:02 CST,6/57,0,LOG,00000,"execute S_1: SELECT c_discount, c_last, c_credit, w_tax     FROM bmsql_customer     JOIN bmsql_warehouse ON (w_id = c_w_id)     WHERE c_w_id = $1 AND c_d_id = $2 AND c_id = $3 FOR UPDATE","parameters: $1 = '1', $2 = '1', $3 = '58'",,,,,,,,"","client backend"
2024-06-16 14:33:44.298 CST,"raingage","benchmark",15268,"127.0.0.1:45208",666e86a6.3ba4,900,"COMMIT",2024-06-16 14:31:02 CST,4/65,90874,LOG,00000,"execute S_2: COMMIT",,,,,,,,,"","client backend"
2024-06-16 14:33:44.311 CST,"raingage","benchmark",15268,"127.0.0.1:45208",666e86a6.3ba4,901,"BEGIN",2024-06-16 14:31:02 CST,4/66,0,LOG,00000,"execute S_3: BEGIN",,,,,,,,,"","client backend"
2024-06-16 14:33:44.322 CST,"raingage","benchmark",15268,"127.0.0.1:45208",666e86a6.3ba4,902,"SELECT",2024-06-16 14:31:02 CST,4/66,0,LOG,00000,"execute S_4: SELECT d_tax, d_next_o_id     FROM bmsql_district     WHERE d_w_id = $1 AND d_id = $2 ","parameters: $1 = '1', $2 = '3'",,,,,,,,"","client backend"
2024-06-16 14:33:44.367 CST,"raingage","benchmark",15272,"127.0.0.1:45216",666e86a7.3ba8,440,"SELECT",2024-06-16 14:31:03 CST,8/33,90876,LOG,00000,"execute S_1: SELECT c_discount, c_last, c_credit, w_tax     FROM bmsql_customer     JOIN bmsql_warehouse ON (w_id = c_w_id)     WHERE c_w_id = $1 AND c_d_id = $2 AND c_id = $3 FOR UPDATE","parameters: $1 = '1', $2 = '2', $3 = '59'",,,,,,,,"","client backend"
2024-06-16 14:33:44.390 CST,"raingage","benchmark",15268,"127.0.0.1:45208",666e86a6.3ba4,903,"SELECT",2024-06-16 14:31:02 CST,4/66,0,LOG,00000,"execute S_1: SELECT c_discount, c_last, c_credit, w_tax     FROM bmsql_customer     JOIN bmsql_warehouse ON (w_id = c_w_id)     WHERE c_w_id = $1 AND c_d_id = $2 AND c_id = $3 FOR UPDATE","parameters: $1 = '1', $2 = '3', $3 = '85'",,,,,,,,"","client backend"
2024-06-16 14:33:44.429 CST,"raingage","benchmark",15272,"127.0.0.1:45216",666e86a7.3ba8,441,"SELECT",2024-06-16 14:31:03 CST,8/33,90876,LOG,00000,"execute S_1: SELECT c_discount, c_last, c_credit, w_tax     FROM bmsql_customer     JOIN bmsql_warehouse ON (w_id = c_w_id)     WHERE c_w_id = $1 AND c_d_id = $2 AND c_id = $3 FOR UPDATE","parameters: $1 = '1', $2 = '2', $3 = '59'",,,,,,,,"","client backend"
2024-06-16 14:33:44.500 CST,"raingage","benchmark",15272,"127.0.0.1:45216",666e86a7.3ba8,442,"SELECT",2024-06-16 14:31:03 CST,8/33,90876,LOG,00000,"execute S_1: SELECT c_discount, c_last, c_credit, w_tax     FROM bmsql_customer     JOIN bmsql_warehouse ON (w_id = c_w_id)     WHERE c_w_id = $1 AND c_d_id = $2 AND c_id = $3 FOR UPDATE","parameters: $1 = '1', $2 = '2', $3 = '59'",,,,,,,,"","client backend"
2024-06-16 14:33:44.565 CST,"raingage","benchmark",15272,"127.0.0.1:45216",666e86a7.3ba8,443,"SELECT",2024-06-16 14:31:03 CST,8/33,90876,LOG,00000,"execute S_1: SELECT c_discount, c_last, c_credit, w_tax     FROM bmsql_customer     JOIN bmsql_warehouse ON (w_id = c_w_id)     WHERE c_w_id = $1 AND c_d_id = $2 AND c_id = $3 FOR UPDATE","parameters: $1 = '1', $2 = '2', $3 = '59'",,,,,,,,"","client backend"
2024-06-16 14:33:44.637 CST,"raingage","benchmark",15272,"127.0.0.1:45216",666e86a7.3ba8,444,"SELECT",2024-06-16 14:31:03 CST,8/33,90876,LOG,00000,"execute S_1: SELECT c_discount, c_last, c_credit, w_tax     FROM bmsql_customer     JOIN bmsql_warehouse ON (w_id = c_w_id)     WHERE c_w_id = $1 AND c_d_id = $2 AND c_id = $3 FOR UPDATE","parameters: $1 = '1', $2 = '2', $3 = '59'",,,,,,,,"","client backend"
2024-06-16 14:33:44.704 CST,"raingage","benchmark",15272,"127.0.0.1:45216",666e86a7.3ba8,445,"SELECT",2024-06-16 14:31:03 CST,8/33,90876,LOG,00000,"execute S_1: SELECT c_discount, c_last, c_credit, w_tax     FROM bmsql_customer     JOIN bmsql_warehouse ON (w_id = c_w_id)     WHERE c_w_id = $1 AND c_d_id = $2 AND c_id = $3 FOR UPDATE","parameters: $1 = '1', $2 = '2', $3 = '59'",,,,,,,,"","client backend"
2024-06-16 14:33:44.773 CST,"raingage","benchmark",15272,"127.0.0.1:45216",666e86a7.3ba8,446,"SELECT",2024-06-16 14:31:03 CST,8/33,90876,LOG,00000,"execute S_1: SELECT c_discount, c_last, c_credit, w_tax     FROM bmsql_customer     JOIN bmsql_warehouse ON (w_id = c_w_id)     WHERE c_w_id = $1 AND c_d_id = $2 AND c_id = $3 FOR UPDATE","parameters: $1 = '1', $2 = '2', $3 = '59'",,,,,,,,"","client backend"
2024-06-16 14:33:44.790 CST,"raingage","benchmark",15272,"127.0.0.1:45216",666e86a7.3ba8,447,"SELECT",2024-06-16 14:31:03 CST,8/33,90876,LOG,00000,"execute S_5: SELECT i_price, i_name, i_data     FROM bmsql_item     WHERE i_id = $1","parameters: $1 = '1'",,,,,,,,"","client backend"
2024-06-16 14:33:44.806 CST,"raingage","benchmark",15272,"127.0.0.1:45216",666e86a7.3ba8,448,"SELECT",2024-06-16 14:31:03 CST,8/33,90876,LOG,00000,"execute S_6: SELECT s_quantity, s_data,        s_dist_01, s_dist_02, s_dist_03, s_dist_04,        s_dist_05, s_dist_06, s_dist_07, s_dist_08,        s_dist_09, s_dist_10     FROM bmsql_stock     WHERE s_w_id = $1 AND s_i_id = $2  FOR UPDATE","parameters: $1 = '1', $2 = '1'",,,,,,,,"","client backend"
2024-06-16 14:33:44.826 CST,"raingage","benchmark",15272,"127.0.0.1:45216",666e86a7.3ba8,449,"UPDATE",2024-06-16 14:31:03 CST,8/33,90876,LOG,00000,"execute S_7: UPDATE bmsql_stock     SET s_quantity = $1, s_ytd = s_ytd + $2,         s_order_cnt = s_order_cnt + 1,         s_remote_cnt = s_remote_cnt + $3     WHERE s_w_id = $4 AND s_i_id = $5","parameters: $1 = '71', $2 = '6', $3 = '0', $4 = '1', $5 = '1'",,,,,,,,"","client backend"
2024-06-16 14:33:44.845 CST,"raingage","benchmark",15272,"127.0.0.1:45216",666e86a7.3ba8,450,"COMMIT",2024-06-16 14:31:03 CST,8/33,90876,LOG,00000,"execute S_2: COMMIT",,,,,,,,,"","client backend"
2024-06-16 14:33:44.859 CST,"raingage","benchmark",15272,"127.0.0.1:45216",666e86a7.3ba8,451,"BEGIN",2024-06-16 14:31:03 CST,8/34,0,LOG,00000,"execute S_3: BEGIN",,,,,,,,,"","client backend"
2024-06-16 14:33:44.871 CST,"raingage","benchmark",15272,"127.0.0.1:45216",666e86a7.3ba8,452,"SELECT",2024-06-16 14:31:03 CST,8/34,0,LOG,00000,"execute S_4: SELECT d_tax, d_next_o_id     FROM bmsql_district     WHERE d_w_id = $1 AND d_id = $2 ","parameters: $1 = '1', $2 = '3'",,,,,,,,"","client backend"
2024-06-16 14:33:44.914 CST,"raingage","benchmark",15270,"127.0.0.1:45212",666e86a6.3ba6,778,"SELECT",2024-06-16 14:31:02 CST,6/57,90875,LOG,00000,"execute S_1: SELECT c_discount, c_last, c_credit, w_tax     FROM bmsql_customer     JOIN bmsql_warehouse ON (w_id = c_w_id)     WHERE c_w_id = $1 AND c_d_id = $2 AND c_id = $3 FOR UPDATE","parameters: $1 = '1', $2 = '1', $3 = '58'",,,,,,,,"","client backend"
2024-06-16 14:33:44.938 CST,"raingage","benchmark",15272,"127.0.0.1:45216",666e86a7.3ba8,453,"SELECT",2024-06-16 14:31:03 CST,8/34,0,LOG,00000,"execute S_1: SELECT c_discount, c_last, c_credit, w_tax     FROM bmsql_customer     JOIN bmsql_warehouse ON (w_id = c_w_id)     WHERE c_w_id = $1 AND c_d_id = $2 AND c_id = $3 FOR UPDATE","parameters: $1 = '1', $2 = '3', $3 = '85'",,,,,,,,"","client backend"
2024-06-16 14:33:44.983 CST,"raingage","benchmark",15270,"127.0.0.1:45212",666e86a6.3ba6,779,"SELECT",2024-06-16 14:31:02 CST,6/57,90875,LOG,00000,"execute S_1: SELECT c_discount, c_last, c_credit, w_tax     FROM bmsql_customer     JOIN bmsql_warehouse ON (w_id = c_w_id)     WHERE c_w_id = $1 AND c_d_id = $2 AND c_id = $3 FOR UPDATE","parameters: $1 = '1', $2 = '1', $3 = '58'",,,,,,,,"","client backend"
2024-06-16 14:33:45.048 CST,"raingage","benchmark",15270,"127.0.0.1:45212",666e86a6.3ba6,780,"SELECT",2024-06-16 14:31:02 CST,6/57,90875,LOG,00000,"execute S_1: SELECT c_discount, c_last, c_credit, w_tax     FROM bmsql_customer     JOIN bmsql_warehouse ON (w_id = c_w_id)     WHERE c_w_id = $1 AND c_d_id = $2 AND c_id = $3 FOR UPDATE","parameters: $1 = '1', $2 = '1', $3 = '58'",,,,,,,,"","client backend"
2024-06-16 14:33:45.112 CST,"raingage","benchmark",15270,"127.0.0.1:45212",666e86a6.3ba6,781,"SELECT",2024-06-16 14:31:02 CST,6/57,90875,LOG,00000,"execute S_1: SELECT c_discount, c_last, c_credit, w_tax     FROM bmsql_customer     JOIN bmsql_warehouse ON (w_id = c_w_id)     WHERE c_w_id = $1 AND c_d_id = $2 AND c_id = $3 FOR UPDATE","parameters: $1 = '1', $2 = '1', $3 = '58'",,,,,,,,"","client backend"
2024-06-16 14:33:45.183 CST,"raingage","benchmark",15270,"127.0.0.1:45212",666e86a6.3ba6,782,"SELECT",2024-06-16 14:31:02 CST,6/57,90875,LOG,00000,"execute S_1: SELECT c_discount, c_last, c_credit, w_tax     FROM bmsql_customer     JOIN bmsql_warehouse ON (w_id = c_w_id)     WHERE c_w_id = $1 AND c_d_id = $2 AND c_id = $3 FOR UPDATE","parameters: $1 = '1', $2 = '1', $3 = '58'",,,,,,,,"","client backend"
2024-06-16 14:33:45.252 CST,"raingage","benchmark",15270,"127.0.0.1:45212",666e86a6.3ba6,783,"SELECT",2024-06-16 14:31:02 CST,6/57,90875,LOG,00000,"execute S_1: SELECT c_discount, c_last, c_credit, w_tax     FROM bmsql_customer     JOIN bmsql_warehouse ON (w_id = c_w_id)     WHERE c_w_id = $1 AND c_d_id = $2 AND c_id = $3 FOR UPDATE","parameters: $1 = '1', $2 = '1', $3 = '58'",,,,,,,,"","client backend"
2024-06-16 14:33:45.320 CST,"raingage","benchmark",15270,"127.0.0.1:45212",666e86a6.3ba6,784,"SELECT",2024-06-16 14:31:02 CST,6/57,90875,LOG,00000,"execute S_1: SELECT c_discount, c_last, c_credit, w_tax     FROM bmsql_customer     JOIN bmsql_warehouse ON (w_id = c_w_id)     WHERE c_w_id = $1 AND c_d_id = $2 AND c_id = $3 FOR UPDATE","parameters: $1 = '1', $2 = '1', $3 = '58'",,,,,,,,"","client backend"
2024-06-16 14:33:45.338 CST,"raingage","benchmark",15270,"127.0.0.1:45212",666e86a6.3ba6,785,"SELECT",2024-06-16 14:31:02 CST,6/57,90875,LOG,00000,"execute S_5: SELECT i_price, i_name, i_data     FROM bmsql_item     WHERE i_id = $1","parameters: $1 = '45'",,,,,,,,"","client backend"
2024-06-16 14:33:45.354 CST,"raingage","benchmark",15270,"127.0.0.1:45212",666e86a6.3ba6,786,"SELECT",2024-06-16 14:31:02 CST,6/57,90875,LOG,00000,"execute S_6: SELECT s_quantity, s_data,        s_dist_01, s_dist_02, s_dist_03, s_dist_04,        s_dist_05, s_dist_06, s_dist_07, s_dist_08,        s_dist_09, s_dist_10     FROM bmsql_stock     WHERE s_w_id = $1 AND s_i_id = $2  FOR UPDATE","parameters: $1 = '1', $2 = '45'",,,,,,,,"","client backend"
2024-06-16 14:33:45.376 CST,"raingage","benchmark",15270,"127.0.0.1:45212",666e86a6.3ba6,787,"UPDATE",2024-06-16 14:31:02 CST,6/57,90875,LOG,00000,"execute S_7: UPDATE bmsql_stock     SET s_quantity = $1, s_ytd = s_ytd + $2,         s_order_cnt = s_order_cnt + 1,         s_remote_cnt = s_remote_cnt + $3     WHERE s_w_id = $4 AND s_i_id = $5","parameters: $1 = '61', $2 = '6', $3 = '0', $4 = '1', $5 = '45'",,,,,,,,"","client backend"
2024-06-16 14:33:45.396 CST,"raingage","benchmark",15270,"127.0.0.1:45212",666e86a6.3ba6,788,"COMMIT",2024-06-16 14:31:02 CST,6/57,90875,LOG,00000,"execute S_2: COMMIT",,,,,,,,,"","client backend"
2024-06-16 14:33:45.469 CST,"raingage","benchmark",15268,"127.0.0.1:45208",666e86a6.3ba4,904,"SELECT",2024-06-16 14:31:02 CST,4/66,90877,LOG,00000,"execute S_1: SELECT c_discount, c_last, c_credit, w_tax     FROM bmsql_customer     JOIN bmsql_warehouse ON (w_id = c_w_id)     WHERE c_w_id = $1 AND c_d_id = $2 AND c_id = $3 FOR UPDATE","parameters: $1 = '1', $2 = '3', $3 = '85'",,,,,,,,"","client backend"
2024-06-16 14:33:45.539 CST,"raingage","benchmark",15268,"127.0.0.1:45208",666e86a6.3ba4,905,"SELECT",2024-06-16 14:31:02 CST,4/66,90877,LOG,00000,"execute S_1: SELECT c_discount, c_last, c_credit, w_tax     FROM bmsql_customer     JOIN bmsql_warehouse ON (w_id = c_w_id)     WHERE c_w_id = $1 AND c_d_id = $2 AND c_id = $3 FOR UPDATE","parameters: $1 = '1', $2 = '3', $3 = '85'",,,,,,,,"","client backend"
2024-06-16 14:33:45.607 CST,"raingage","benchmark",15268,"127.0.0.1:45208",666e86a6.3ba4,906,"SELECT",2024-06-16 14:31:02 CST,4/66,90877,LOG,00000,"execute S_1: SELECT c_discount, c_last, c_credit, w_tax     FROM bmsql_customer     JOIN bmsql_warehouse ON (w_id = c_w_id)     WHERE c_w_id = $1 AND c_d_id = $2 AND c_id = $3 FOR UPDATE","parameters: $1 = '1', $2 = '3', $3 = '85'",,,,,,,,"","client backend"
2024-06-16 14:33:45.672 CST,"raingage","benchmark",15268,"127.0.0.1:45208",666e86a6.3ba4,907,"SELECT",2024-06-16 14:31:02 CST,4/66,90877,LOG,00000,"execute S_1: SELECT c_discount, c_last, c_credit, w_tax     FROM bmsql_customer     JOIN bmsql_warehouse ON (w_id = c_w_id)     WHERE c_w_id = $1 AND c_d_id = $2 AND c_id = $3 FOR UPDATE","parameters: $1 = '1', $2 = '3', $3 = '85'",,,,,,,,"","client backend"
2024-06-16 14:33:45.741 CST,"raingage","benchmark",15268,"127.0.0.1:45208",666e86a6.3ba4,908,"SELECT",2024-06-16 14:31:02 CST,4/66,90877,LOG,00000,"execute S_1: SELECT c_discount, c_last, c_credit, w_tax     FROM bmsql_customer     JOIN bmsql_warehouse ON (w_id = c_w_id)     WHERE c_w_id = $1 AND c_d_id = $2 AND c_id = $3 FOR UPDATE","parameters: $1 = '1', $2 = '3', $3 = '85'",,,,,,,,"","client backend"
2024-06-16 14:33:45.809 CST,"raingage","benchmark",15268,"127.0.0.1:45208",666e86a6.3ba4,909,"SELECT",2024-06-16 14:31:02 CST,4/66,90877,LOG,00000,"execute S_1: SELECT c_discount, c_last, c_credit, w_tax     FROM bmsql_customer     JOIN bmsql_warehouse ON (w_id = c_w_id)     WHERE c_w_id = $1 AND c_d_id = $2 AND c_id = $3 FOR UPDATE","parameters: $1 = '1', $2 = '3', $3 = '85'",,,,,,,,"","client backend"
2024-06-16 14:33:45.820 CST,"raingage","benchmark",15271,"127.0.0.1:45214",666e86a7.3ba7,941,"BEGIN",2024-06-16 14:31:03 CST,7/69,0,LOG,00000,"execute S_3: BEGIN",,,,,,,,,"","client backend"
2024-06-16 14:33:45.834 CST,"raingage","benchmark",15271,"127.0.0.1:45214",666e86a7.3ba7,942,"SELECT",2024-06-16 14:31:03 CST,7/69,0,LOG,00000,"execute S_4: SELECT d_tax, d_next_o_id     FROM bmsql_district     WHERE d_w_id = $1 AND d_id = $2 ","parameters: $1 = '1', $2 = '1'",,,,,,,,"","client backend"
2024-06-16 14:33:45.872 CST,"raingage","benchmark",15268,"127.0.0.1:45208",666e86a6.3ba4,910,"SELECT",2024-06-16 14:31:02 CST,4/66,90877,LOG,00000,"execute S_1: SELECT c_discount, c_last, c_credit, w_tax     FROM bmsql_customer     JOIN bmsql_warehouse ON (w_id = c_w_id)     WHERE c_w_id = $1 AND c_d_id = $2 AND c_id = $3 FOR UPDATE","parameters: $1 = '1', $2 = '3', $3 = '85'",,,,,,,,"","client backend"
2024-06-16 14:33:45.888 CST,"raingage","benchmark",15268,"127.0.0.1:45208",666e86a6.3ba4,911,"SELECT",2024-06-16 14:31:02 CST,4/66,90877,LOG,00000,"execute S_5: SELECT i_price, i_name, i_data     FROM bmsql_item     WHERE i_id = $1","parameters: $1 = '67'",,,,,,,,"","client backend"
2024-06-16 14:33:45.903 CST,"raingage","benchmark",15268,"127.0.0.1:45208",666e86a6.3ba4,912,"SELECT",2024-06-16 14:31:02 CST,4/66,90877,LOG,00000,"execute S_6: SELECT s_quantity, s_data,        s_dist_01, s_dist_02, s_dist_03, s_dist_04,        s_dist_05, s_dist_06, s_dist_07, s_dist_08,        s_dist_09, s_dist_10     FROM bmsql_stock     WHERE s_w_id = $1 AND s_i_id = $2  FOR UPDATE","parameters: $1 = '1', $2 = '67'",,,,,,,,"","client backend"
2024-06-16 14:33:45.905 CST,"raingage","benchmark",15271,"127.0.0.1:45214",666e86a7.3ba7,943,"SELECT",2024-06-16 14:31:03 CST,7/69,0,LOG,00000,"execute S_1: SELECT c_discount, c_last, c_credit, w_tax     FROM bmsql_customer     JOIN bmsql_warehouse ON (w_id = c_w_id)     WHERE c_w_id = $1 AND c_d_id = $2 AND c_id = $3 FOR UPDATE","parameters: $1 = '1', $2 = '1', $3 = '32'",,,,,,,,"","client backend"
2024-06-16 14:33:45.919 CST,"raingage","benchmark",15268,"127.0.0.1:45208",666e86a6.3ba4,913,"UPDATE",2024-06-16 14:31:02 CST,4/66,90877,LOG,00000,"execute S_7: UPDATE bmsql_stock     SET s_quantity = $1, s_ytd = s_ytd + $2,         s_order_cnt = s_order_cnt + 1,         s_remote_cnt = s_remote_cnt + $3     WHERE s_w_id = $4 AND s_i_id = $5","parameters: $1 = '91', $2 = '4', $3 = '0', $4 = '1', $5 = '67'",,,,,,,,"","client backend"
2024-06-16 14:33:45.938 CST,"raingage","benchmark",15272,"127.0.0.1:45216",666e86a7.3ba8,454,"SELECT waiting",2024-06-16 14:31:03 CST,8/34,0,LOG,00000,"process 15272 still waiting for ShareLock on transaction 90877 after 1000.504 ms","Process holding the lock: 15268. Wait queue: 15272, 15271.",,,,"while locking tuple (13,18) in relation ""bmsql_customer""","SELECT c_discount, c_last, c_credit, w_tax     FROM bmsql_customer     JOIN bmsql_warehouse ON (w_id = c_w_id)     WHERE c_w_id = $1 AND c_d_id = $2 AND c_id = $3 FOR UPDATE",,,"","client backend"
2024-06-16 14:33:45.940 CST,"raingage","benchmark",15268,"127.0.0.1:45208",666e86a6.3ba4,914,"COMMIT",2024-06-16 14:31:02 CST,4/66,90877,LOG,00000,"execute S_2: COMMIT",,,,,,,,,"","client backend"
2024-06-16 14:33:45.942 CST,"raingage","benchmark",15272,"127.0.0.1:45216",666e86a7.3ba8,455,"SELECT waiting",2024-06-16 14:31:03 CST,8/34,0,LOG,00000,"process 15272 acquired ShareLock on transaction 90877 after 1003.698 ms",,,,,"while locking tuple (13,18) in relation ""bmsql_customer""","SELECT c_discount, c_last, c_credit, w_tax     FROM bmsql_customer     JOIN bmsql_warehouse ON (w_id = c_w_id)     WHERE c_w_id = $1 AND c_d_id = $2 AND c_id = $3 FOR UPDATE",,,"","client backend"
2024-06-16 14:33:45.955 CST,"raingage","benchmark",15268,"127.0.0.1:45208",666e86a6.3ba4,915,"BEGIN",2024-06-16 14:31:02 CST,4/67,0,LOG,00000,"execute S_3: BEGIN",,,,,,,,,"","client backend"
2024-06-16 14:33:45.967 CST,"raingage","benchmark",15268,"127.0.0.1:45208",666e86a6.3ba4,916,"SELECT",2024-06-16 14:31:02 CST,4/67,0,LOG,00000,"execute S_4: SELECT d_tax, d_next_o_id     FROM bmsql_district     WHERE d_w_id = $1 AND d_id = $2 ","parameters: $1 = '1', $2 = '4'",,,,,,,,"","client backend"
2024-06-16 14:33:46.007 CST,"raingage","benchmark",15271,"127.0.0.1:45214",666e86a7.3ba7,944,"SELECT",2024-06-16 14:31:03 CST,7/69,90878,LOG,00000,"execute S_1: SELECT c_discount, c_last, c_credit, w_tax     FROM bmsql_customer     JOIN bmsql_warehouse ON (w_id = c_w_id)     WHERE c_w_id = $1 AND c_d_id = $2 AND c_id = $3 FOR UPDATE","parameters: $1 = '1', $2 = '1', $3 = '32'",,,,,,,,"","client backend"
2024-06-16 14:33:46.035 CST,"raingage","benchmark",15268,"127.0.0.1:45208",666e86a6.3ba4,917,"SELECT",2024-06-16 14:31:02 CST,4/67,0,LOG,00000,"execute S_1: SELECT c_discount, c_last, c_credit, w_tax     FROM bmsql_customer     JOIN bmsql_warehouse ON (w_id = c_w_id)     WHERE c_w_id = $1 AND c_d_id = $2 AND c_id = $3 FOR UPDATE","parameters: $1 = '1', $2 = '4', $3 = '12'",,,,,,,,"","client backend"
2024-06-16 14:33:46.075 CST,"raingage","benchmark",15271,"127.0.0.1:45214",666e86a7.3ba7,945,"SELECT",2024-06-16 14:31:03 CST,7/69,90878,LOG,00000,"execute S_1: SELECT c_discount, c_last, c_credit, w_tax     FROM bmsql_customer     JOIN bmsql_warehouse ON (w_id = c_w_id)     WHERE c_w_id = $1 AND c_d_id = $2 AND c_id = $3 FOR UPDATE","parameters: $1 = '1', $2 = '1', $3 = '32'",,,,,,,,"","client backend"
2024-06-16 14:33:46.144 CST,"raingage","benchmark",15271,"127.0.0.1:45214",666e86a7.3ba7,946,"SELECT",2024-06-16 14:31:03 CST,7/69,90878,LOG,00000,"execute S_1: SELECT c_discount, c_last, c_credit, w_tax     FROM bmsql_customer     JOIN bmsql_warehouse ON (w_id = c_w_id)     WHERE c_w_id = $1 AND c_d_id = $2 AND c_id = $3 FOR UPDATE","parameters: $1 = '1', $2 = '1', $3 = '32'",,,,,,,,"","client backend"
2024-06-16 14:33:46.211 CST,"raingage","benchmark",15271,"127.0.0.1:45214",666e86a7.3ba7,947,"SELECT",2024-06-16 14:31:03 CST,7/69,90878,LOG,00000,"execute S_1: SELECT c_discount, c_last, c_credit, w_tax     FROM bmsql_customer     JOIN bmsql_warehouse ON (w_id = c_w_id)     WHERE c_w_id = $1 AND c_d_id = $2 AND c_id = $3 FOR UPDATE","parameters: $1 = '1', $2 = '1', $3 = '32'",,,,,,,,"","client backend"
2024-06-16 14:33:46.275 CST,"raingage","benchmark",15271,"127.0.0.1:45214",666e86a7.3ba7,948,"SELECT",2024-06-16 14:31:03 CST,7/69,90878,LOG,00000,"execute S_1: SELECT c_discount, c_last, c_credit, w_tax     FROM bmsql_customer     JOIN bmsql_warehouse ON (w_id = c_w_id)     WHERE c_w_id = $1 AND c_d_id = $2 AND c_id = $3 FOR UPDATE","parameters: $1 = '1', $2 = '1', $3 = '32'",,,,,,,,"","client backend"
2024-06-16 14:33:46.345 CST,"raingage","benchmark",15271,"127.0.0.1:45214",666e86a7.3ba7,949,"SELECT",2024-06-16 14:31:03 CST,7/69,90878,LOG,00000,"execute S_1: SELECT c_discount, c_last, c_credit, w_tax     FROM bmsql_customer     JOIN bmsql_warehouse ON (w_id = c_w_id)     WHERE c_w_id = $1 AND c_d_id = $2 AND c_id = $3 FOR UPDATE","parameters: $1 = '1', $2 = '1', $3 = '32'",,,,,,,,"","client backend"
2024-06-16 14:33:46.412 CST,"raingage","benchmark",15271,"127.0.0.1:45214",666e86a7.3ba7,950,"SELECT",2024-06-16 14:31:03 CST,7/69,90878,LOG,00000,"execute S_1: SELECT c_discount, c_last, c_credit, w_tax     FROM bmsql_customer     JOIN bmsql_warehouse ON (w_id = c_w_id)     WHERE c_w_id = $1 AND c_d_id = $2 AND c_id = $3 FOR UPDATE","parameters: $1 = '1', $2 = '1', $3 = '32'",,,,,,,,"","client backend"
2024-06-16 14:33:46.424 CST,"raingage","benchmark",15271,"127.0.0.1:45214",666e86a7.3ba7,951,"SELECT",2024-06-16 14:31:03 CST,7/69,90878,LOG,00000,"execute S_5: SELECT i_price, i_name, i_data     FROM bmsql_item     WHERE i_id = $1","parameters: $1 = '55'",,,,,,,,"","client backend"
2024-06-16 14:33:46.438 CST,"raingage","benchmark",15271,"127.0.0.1:45214",666e86a7.3ba7,952,"SELECT",2024-06-16 14:31:03 CST,7/69,90878,LOG,00000,"execute S_6: SELECT s_quantity, s_data,        s_dist_01, s_dist_02, s_dist_03, s_dist_04,        s_dist_05, s_dist_06, s_dist_07, s_dist_08,        s_dist_09, s_dist_10     FROM bmsql_stock     WHERE s_w_id = $1 AND s_i_id = $2  FOR UPDATE","parameters: $1 = '1', $2 = '55'",,,,,,,,"","client backend"
2024-06-16 14:33:46.458 CST,"raingage","benchmark",15271,"127.0.0.1:45214",666e86a7.3ba7,953,"UPDATE",2024-06-16 14:31:03 CST,7/69,90878,LOG,00000,"execute S_7: UPDATE bmsql_stock     SET s_quantity = $1, s_ytd = s_ytd + $2,         s_order_cnt = s_order_cnt + 1,         s_remote_cnt = s_remote_cnt + $3     WHERE s_w_id = $4 AND s_i_id = $5","parameters: $1 = '21', $2 = '7', $3 = '0', $4 = '1', $5 = '55'",,,,,,,,"","client backend"
2024-06-16 14:33:46.475 CST,"raingage","benchmark",15271,"127.0.0.1:45214",666e86a7.3ba7,954,"COMMIT",2024-06-16 14:31:03 CST,7/69,90878,LOG,00000,"execute S_2: COMMIT",,,,,,,,,"","client backend"
2024-06-16 14:33:46.488 CST,"raingage","benchmark",15271,"127.0.0.1:45214",666e86a7.3ba7,955,"BEGIN",2024-06-16 14:31:03 CST,7/70,0,LOG,00000,"execute S_3: BEGIN",,,,,,,,,"","client backend"
2024-06-16 14:33:46.504 CST,"raingage","benchmark",15271,"127.0.0.1:45214",666e86a7.3ba7,956,"SELECT",2024-06-16 14:31:03 CST,7/70,0,LOG,00000,"execute S_4: SELECT d_tax, d_next_o_id     FROM bmsql_district     WHERE d_w_id = $1 AND d_id = $2 ","parameters: $1 = '1', $2 = '4'",,,,,,,,"","client backend"
2024-06-16 14:33:46.545 CST,"raingage","benchmark",15272,"127.0.0.1:45216",666e86a7.3ba8,456,"SELECT",2024-06-16 14:31:03 CST,8/34,90879,LOG,00000,"execute S_1: SELECT c_discount, c_last, c_credit, w_tax     FROM bmsql_customer     JOIN bmsql_warehouse ON (w_id = c_w_id)     WHERE c_w_id = $1 AND c_d_id = $2 AND c_id = $3 FOR UPDATE","parameters: $1 = '1', $2 = '3', $3 = '85'",,,,,,,,"","client backend"
2024-06-16 14:33:46.574 CST,"raingage","benchmark",15271,"127.0.0.1:45214",666e86a7.3ba7,957,"SELECT",2024-06-16 14:31:03 CST,7/70,0,LOG,00000,"execute S_1: SELECT c_discount, c_last, c_credit, w_tax     FROM bmsql_customer     JOIN bmsql_warehouse ON (w_id = c_w_id)     WHERE c_w_id = $1 AND c_d_id = $2 AND c_id = $3 FOR UPDATE","parameters: $1 = '1', $2 = '4', $3 = '10'",,,,,,,,"","client backend"
2024-06-16 14:33:46.613 CST,"raingage","benchmark",15272,"127.0.0.1:45216",666e86a7.3ba8,457,"SELECT",2024-06-16 14:31:03 CST,8/34,90879,LOG,00000,"execute S_1: SELECT c_discount, c_last, c_credit, w_tax     FROM bmsql_customer     JOIN bmsql_warehouse ON (w_id = c_w_id)     WHERE c_w_id = $1 AND c_d_id = $2 AND c_id = $3 FOR UPDATE","parameters: $1 = '1', $2 = '3', $3 = '85'",,,,,,,,"","client backend"
2024-06-16 14:33:46.682 CST,"raingage","benchmark",15272,"127.0.0.1:45216",666e86a7.3ba8,458,"SELECT",2024-06-16 14:31:03 CST,8/34,90879,LOG,00000,"execute S_1: SELECT c_discount, c_last, c_credit, w_tax     FROM bmsql_customer     JOIN bmsql_warehouse ON (w_id = c_w_id)     WHERE c_w_id = $1 AND c_d_id = $2 AND c_id = $3 FOR UPDATE","parameters: $1 = '1', $2 = '3', $3 = '85'",,,,,,,,"","client backend"
2024-06-16 14:33:46.748 CST,"raingage","benchmark",15272,"127.0.0.1:45216",666e86a7.3ba8,459,"SELECT",2024-06-16 14:31:03 CST,8/34,90879,LOG,00000,"execute S_1: SELECT c_discount, c_last, c_credit, w_tax     FROM bmsql_customer     JOIN bmsql_warehouse ON (w_id = c_w_id)     WHERE c_w_id = $1 AND c_d_id = $2 AND c_id = $3 FOR UPDATE","parameters: $1 = '1', $2 = '3', $3 = '85'",,,,,,,,"","client backend"
2024-06-16 14:33:46.814 CST,"raingage","benchmark",15272,"127.0.0.1:45216",666e86a7.3ba8,460,"SELECT",2024-06-16 14:31:03 CST,8/34,90879,LOG,00000,"execute S_1: SELECT c_discount, c_last, c_credit, w_tax     FROM bmsql_customer     JOIN bmsql_warehouse ON (w_id = c_w_id)     WHERE c_w_id = $1 AND c_d_id = $2 AND c_id = $3 FOR UPDATE","parameters: $1 = '1', $2 = '3', $3 = '85'",,,,,,,,"","client backend"
2024-06-16 14:33:46.883 CST,"raingage","benchmark",15272,"127.0.0.1:45216",666e86a7.3ba8,461,"SELECT",2024-06-16 14:31:03 CST,8/34,90879,LOG,00000,"execute S_1: SELECT c_discount, c_last, c_credit, w_tax     FROM bmsql_customer     JOIN bmsql_warehouse ON (w_id = c_w_id)     WHERE c_w_id = $1 AND c_d_id = $2 AND c_id = $3 FOR UPDATE","parameters: $1 = '1', $2 = '3', $3 = '85'",,,,,,,,"","client backend"
2024-06-16 14:33:46.942 CST,"raingage","benchmark",15272,"127.0.0.1:45216",666e86a7.3ba8,462,"SELECT",2024-06-16 14:31:03 CST,8/34,90879,LOG,00000,"execute S_1: SELECT c_discount, c_last, c_credit, w_tax     FROM bmsql_customer     JOIN bmsql_warehouse ON (w_id = c_w_id)     WHERE c_w_id = $1 AND c_d_id = $2 AND c_id = $3 FOR UPDATE","parameters: $1 = '1', $2 = '3', $3 = '85'",,,,,,,,"","client backend"
2024-06-16 14:33:46.955 CST,"raingage","benchmark",15272,"127.0.0.1:45216",666e86a7.3ba8,463,"SELECT",2024-06-16 14:31:03 CST,8/34,90879,LOG,00000,"execute S_5: SELECT i_price, i_name, i_data     FROM bmsql_item     WHERE i_id = $1","parameters: $1 = '67'",,,,,,,,"","client backend"
2024-06-16 14:33:46.975 CST,"raingage","benchmark",15272,"127.0.0.1:45216",666e86a7.3ba8,464,"SELECT",2024-06-16 14:31:03 CST,8/34,90879,LOG,00000,"execute S_6: SELECT s_quantity, s_data,        s_dist_01, s_dist_02, s_dist_03, s_dist_04,        s_dist_05, s_dist_06, s_dist_07, s_dist_08,        s_dist_09, s_dist_10     FROM bmsql_stock     WHERE s_w_id = $1 AND s_i_id = $2  FOR UPDATE","parameters: $1 = '1', $2 = '67'",,,,,,,,"","client backend"
2024-06-16 14:33:46.993 CST,"raingage","benchmark",15272,"127.0.0.1:45216",666e86a7.3ba8,465,"UPDATE",2024-06-16 14:31:03 CST,8/34,90879,LOG,00000,"execute S_7: UPDATE bmsql_stock     SET s_quantity = $1, s_ytd = s_ytd + $2,         s_order_cnt = s_order_cnt + 1,         s_remote_cnt = s_remote_cnt + $3     WHERE s_w_id = $4 AND s_i_id = $5","parameters: $1 = '87', $2 = '4', $3 = '0', $4 = '1', $5 = '67'",,,,,,,,"","client backend"
2024-06-16 14:33:47.011 CST,"raingage","benchmark",15272,"127.0.0.1:45216",666e86a7.3ba8,466,"COMMIT",2024-06-16 14:31:03 CST,8/34,90879,LOG,00000,"execute S_2: COMMIT",,,,,,,,,"","client backend"
2024-06-16 14:33:47.027 CST,"raingage","benchmark",15272,"127.0.0.1:45216",666e86a7.3ba8,467,"BEGIN",2024-06-16 14:31:03 CST,8/35,0,LOG,00000,"execute S_3: BEGIN",,,,,,,,,"","client backend"
2024-06-16 14:33:47.042 CST,"raingage","benchmark",15272,"127.0.0.1:45216",666e86a7.3ba8,468,"SELECT",2024-06-16 14:31:03 CST,8/35,0,LOG,00000,"execute S_4: SELECT d_tax, d_next_o_id     FROM bmsql_district     WHERE d_w_id = $1 AND d_id = $2 ","parameters: $1 = '1', $2 = '4'",,,,,,,,"","client backend"
2024-06-16 14:33:47.084 CST,"raingage","benchmark",15268,"127.0.0.1:45208",666e86a6.3ba4,918,"SELECT",2024-06-16 14:31:02 CST,4/67,90880,LOG,00000,"execute S_1: SELECT c_discount, c_last, c_credit, w_tax     FROM bmsql_customer     JOIN bmsql_warehouse ON (w_id = c_w_id)     WHERE c_w_id = $1 AND c_d_id = $2 AND c_id = $3 FOR UPDATE","parameters: $1 = '1', $2 = '4', $3 = '12'",,,,,,,,"","client backend"
2024-06-16 14:33:47.113 CST,"raingage","benchmark",15272,"127.0.0.1:45216",666e86a7.3ba8,469,"SELECT",2024-06-16 14:31:03 CST,8/35,0,LOG,00000,"execute S_1: SELECT c_discount, c_last, c_credit, w_tax     FROM bmsql_customer     JOIN bmsql_warehouse ON (w_id = c_w_id)     WHERE c_w_id = $1 AND c_d_id = $2 AND c_id = $3 FOR UPDATE","parameters: $1 = '1', $2 = '4', $3 = '10'",,,,,,,,"","client backend"
2024-06-16 14:33:47.154 CST,"raingage","benchmark",15268,"127.0.0.1:45208",666e86a6.3ba4,919,"SELECT",2024-06-16 14:31:02 CST,4/67,90880,LOG,00000,"execute S_1: SELECT c_discount, c_last, c_credit, w_tax     FROM bmsql_customer     JOIN bmsql_warehouse ON (w_id = c_w_id)     WHERE c_w_id = $1 AND c_d_id = $2 AND c_id = $3 FOR UPDATE","parameters: $1 = '1', $2 = '4', $3 = '12'",,,,,,,,"","client backend"
2024-06-16 14:33:47.222 CST,"raingage","benchmark",15268,"127.0.0.1:45208",666e86a6.3ba4,920,"SELECT",2024-06-16 14:31:02 CST,4/67,90880,LOG,00000,"execute S_1: SELECT c_discount, c_last, c_credit, w_tax     FROM bmsql_customer     JOIN bmsql_warehouse ON (w_id = c_w_id)     WHERE c_w_id = $1 AND c_d_id = $2 AND c_id = $3 FOR UPDATE","parameters: $1 = '1', $2 = '4', $3 = '12'",,,,,,,,"","client backend"
2024-06-16 14:33:47.290 CST,"raingage","benchmark",15268,"127.0.0.1:45208",666e86a6.3ba4,921,"SELECT",2024-06-16 14:31:02 CST,4/67,90880,LOG,00000,"execute S_1: SELECT c_discount, c_last, c_credit, w_tax     FROM bmsql_customer     JOIN bmsql_warehouse ON (w_id = c_w_id)     WHERE c_w_id = $1 AND c_d_id = $2 AND c_id = $3 FOR UPDATE","parameters: $1 = '1', $2 = '4', $3 = '12'",,,,,,,,"","client backend"
2024-06-16 14:33:47.352 CST,"raingage","benchmark",15268,"127.0.0.1:45208",666e86a6.3ba4,922,"SELECT",2024-06-16 14:31:02 CST,4/67,90880,LOG,00000,"execute S_1: SELECT c_discount, c_last, c_credit, w_tax     FROM bmsql_customer     JOIN bmsql_warehouse ON (w_id = c_w_id)     WHERE c_w_id = $1 AND c_d_id = $2 AND c_id = $3 FOR UPDATE","parameters: $1 = '1', $2 = '4', $3 = '12'",,,,,,,,"","client backend"
2024-06-16 14:33:47.419 CST,"raingage","benchmark",15268,"127.0.0.1:45208",666e86a6.3ba4,923,"SELECT",2024-06-16 14:31:02 CST,4/67,90880,LOG,00000,"execute S_1: SELECT c_discount, c_last, c_credit, w_tax     FROM bmsql_customer     JOIN bmsql_warehouse ON (w_id = c_w_id)     WHERE c_w_id = $1 AND c_d_id = $2 AND c_id = $3 FOR UPDATE","parameters: $1 = '1', $2 = '4', $3 = '12'",,,,,,,,"","client backend"
2024-06-16 14:33:47.477 CST,"raingage","benchmark",15268,"127.0.0.1:45208",666e86a6.3ba4,924,"SELECT",2024-06-16 14:31:02 CST,4/67,90880,LOG,00000,"execute S_1: SELECT c_discount, c_last, c_credit, w_tax     FROM bmsql_customer     JOIN bmsql_warehouse ON (w_id = c_w_id)     WHERE c_w_id = $1 AND c_d_id = $2 AND c_id = $3 FOR UPDATE","parameters: $1 = '1', $2 = '4', $3 = '12'",,,,,,,,"","client backend"
2024-06-16 14:33:47.494 CST,"raingage","benchmark",15268,"127.0.0.1:45208",666e86a6.3ba4,925,"SELECT",2024-06-16 14:31:02 CST,4/67,90880,LOG,00000,"execute S_5: SELECT i_price, i_name, i_data     FROM bmsql_item     WHERE i_id = $1","parameters: $1 = '22'",,,,,,,,"","client backend"
2024-06-16 14:33:47.511 CST,"raingage","benchmark",15268,"127.0.0.1:45208",666e86a6.3ba4,926,"SELECT",2024-06-16 14:31:02 CST,4/67,90880,LOG,00000,"execute S_6: SELECT s_quantity, s_data,        s_dist_01, s_dist_02, s_dist_03, s_dist_04,        s_dist_05, s_dist_06, s_dist_07, s_dist_08,        s_dist_09, s_dist_10     FROM bmsql_stock     WHERE s_w_id = $1 AND s_i_id = $2  FOR UPDATE","parameters: $1 = '1', $2 = '22'",,,,,,,,"","client backend"
2024-06-16 14:33:47.525 CST,"raingage","benchmark",15268,"127.0.0.1:45208",666e86a6.3ba4,927,"UPDATE",2024-06-16 14:31:02 CST,4/67,90880,LOG,00000,"execute S_7: UPDATE bmsql_stock     SET s_quantity = $1, s_ytd = s_ytd + $2,         s_order_cnt = s_order_cnt + 1,         s_remote_cnt = s_remote_cnt + $3     WHERE s_w_id = $4 AND s_i_id = $5","parameters: $1 = '65', $2 = '7', $3 = '0', $4 = '1', $5 = '22'",,,,,,,,"","client backend"
2024-06-16 14:33:47.544 CST,"raingage","benchmark",15268,"127.0.0.1:45208",666e86a6.3ba4,928,"COMMIT",2024-06-16 14:31:02 CST,4/67,90880,LOG,00000,"execute S_2: COMMIT",,,,,,,,,"","client backend"
2024-06-16 14:33:47.607 CST,"raingage","benchmark",15271,"127.0.0.1:45214",666e86a7.3ba7,958,"SELECT",2024-06-16 14:31:03 CST,7/70,90881,LOG,00000,"execute S_1: SELECT c_discount, c_last, c_credit, w_tax     FROM bmsql_customer     JOIN bmsql_warehouse ON (w_id = c_w_id)     WHERE c_w_id = $1 AND c_d_id = $2 AND c_id = $3 FOR UPDATE","parameters: $1 = '1', $2 = '4', $3 = '10'",,,,,,,,"","client backend"
2024-06-16 14:33:47.676 CST,"raingage","benchmark",15271,"127.0.0.1:45214",666e86a7.3ba7,959,"SELECT",2024-06-16 14:31:03 CST,7/70,90881,LOG,00000,"execute S_1: SELECT c_discount, c_last, c_credit, w_tax     FROM bmsql_customer     JOIN bmsql_warehouse ON (w_id = c_w_id)     WHERE c_w_id = $1 AND c_d_id = $2 AND c_id = $3 FOR UPDATE","parameters: $1 = '1', $2 = '4', $3 = '10'",,,,,,,,"","client backend"
2024-06-16 14:33:47.745 CST,"raingage","benchmark",15271,"127.0.0.1:45214",666e86a7.3ba7,960,"SELECT",2024-06-16 14:31:03 CST,7/70,90881,LOG,00000,"execute S_1: SELECT c_discount, c_last, c_credit, w_tax     FROM bmsql_customer     JOIN bmsql_warehouse ON (w_id = c_w_id)     WHERE c_w_id = $1 AND c_d_id = $2 AND c_id = $3 FOR UPDATE","parameters: $1 = '1', $2 = '4', $3 = '10'",,,,,,,,"","client backend"
2024-06-16 14:33:47.816 CST,"raingage","benchmark",15271,"127.0.0.1:45214",666e86a7.3ba7,961,"SELECT",2024-06-16 14:31:03 CST,7/70,90881,LOG,00000,"execute S_1: SELECT c_discount, c_last, c_credit, w_tax     FROM bmsql_customer     JOIN bmsql_warehouse ON (w_id = c_w_id)     WHERE c_w_id = $1 AND c_d_id = $2 AND c_id = $3 FOR UPDATE","parameters: $1 = '1', $2 = '4', $3 = '10'",,,,,,,,"","client backend"
2024-06-16 14:33:47.882 CST,"raingage","benchmark",15271,"127.0.0.1:45214",666e86a7.3ba7,962,"SELECT",2024-06-16 14:31:03 CST,7/70,90881,LOG,00000,"execute S_1: SELECT c_discount, c_last, c_credit, w_tax     FROM bmsql_customer     JOIN bmsql_warehouse ON (w_id = c_w_id)     WHERE c_w_id = $1 AND c_d_id = $2 AND c_id = $3 FOR UPDATE","parameters: $1 = '1', $2 = '4', $3 = '10'",,,,,,,,"","client backend"
2024-06-16 14:33:47.953 CST,"raingage","benchmark",15271,"127.0.0.1:45214",666e86a7.3ba7,963,"SELECT",2024-06-16 14:31:03 CST,7/70,90881,LOG,00000,"execute S_1: SELECT c_discount, c_last, c_credit, w_tax     FROM bmsql_customer     JOIN bmsql_warehouse ON (w_id = c_w_id)     WHERE c_w_id = $1 AND c_d_id = $2 AND c_id = $3 FOR UPDATE","parameters: $1 = '1', $2 = '4', $3 = '10'",,,,,,,,"","client backend"
2024-06-16 14:33:48.013 CST,"raingage","benchmark",15271,"127.0.0.1:45214",666e86a7.3ba7,964,"SELECT",2024-06-16 14:31:03 CST,7/70,90881,LOG,00000,"execute S_1: SELECT c_discount, c_last, c_credit, w_tax     FROM bmsql_customer     JOIN bmsql_warehouse ON (w_id = c_w_id)     WHERE c_w_id = $1 AND c_d_id = $2 AND c_id = $3 FOR UPDATE","parameters: $1 = '1', $2 = '4', $3 = '10'",,,,,,,,"","client backend"
2024-06-16 14:33:48.025 CST,"raingage","benchmark",15271,"127.0.0.1:45214",666e86a7.3ba7,965,"SELECT",2024-06-16 14:31:03 CST,7/70,90881,LOG,00000,"execute S_5: SELECT i_price, i_name, i_data     FROM bmsql_item     WHERE i_id = $1","parameters: $1 = '43'",,,,,,,,"","client backend"
2024-06-16 14:33:48.045 CST,"raingage","benchmark",15271,"127.0.0.1:45214",666e86a7.3ba7,966,"SELECT",2024-06-16 14:31:03 CST,7/70,90881,LOG,00000,"execute S_6: SELECT s_quantity, s_data,        s_dist_01, s_dist_02, s_dist_03, s_dist_04,        s_dist_05, s_dist_06, s_dist_07, s_dist_08,        s_dist_09, s_dist_10     FROM bmsql_stock     WHERE s_w_id = $1 AND s_i_id = $2  FOR UPDATE","parameters: $1 = '1', $2 = '43'",,,,,,,,"","client backend"
2024-06-16 14:33:48.059 CST,"raingage","benchmark",15271,"127.0.0.1:45214",666e86a7.3ba7,967,"UPDATE",2024-06-16 14:31:03 CST,7/70,90881,LOG,00000,"execute S_7: UPDATE bmsql_stock     SET s_quantity = $1, s_ytd = s_ytd + $2,         s_order_cnt = s_order_cnt + 1,         s_remote_cnt = s_remote_cnt + $3     WHERE s_w_id = $4 AND s_i_id = $5","parameters: $1 = '74', $2 = '8', $3 = '0', $4 = '1', $5 = '43'",,,,,,,,"","client backend"
2024-06-16 14:33:48.077 CST,"raingage","benchmark",15271,"127.0.0.1:45214",666e86a7.3ba7,968,"COMMIT",2024-06-16 14:31:03 CST,7/70,90881,LOG,00000,"execute S_2: COMMIT",,,,,,,,,"","client backend"
2024-06-16 14:33:48.096 CST,"raingage","benchmark",15271,"127.0.0.1:45214",666e86a7.3ba7,969,"BEGIN",2024-06-16 14:31:03 CST,7/71,0,LOG,00000,"execute S_3: BEGIN",,,,,,,,,"","client backend"
2024-06-16 14:33:48.111 CST,"raingage","benchmark",15271,"127.0.0.1:45214",666e86a7.3ba7,970,"SELECT",2024-06-16 14:31:03 CST,7/71,0,LOG,00000,"execute S_4: SELECT d_tax, d_next_o_id     FROM bmsql_district     WHERE d_w_id = $1 AND d_id = $2 ","parameters: $1 = '1', $2 = '4'",,,,,,,,"","client backend"
2024-06-16 14:33:48.142 CST,"raingage","benchmark",15272,"127.0.0.1:45216",666e86a7.3ba8,470,"SELECT",2024-06-16 14:31:03 CST,8/35,90882,LOG,00000,"execute S_1: SELECT c_discount, c_last, c_credit, w_tax     FROM bmsql_customer     JOIN bmsql_warehouse ON (w_id = c_w_id)     WHERE c_w_id = $1 AND c_d_id = $2 AND c_id = $3 FOR UPDATE","parameters: $1 = '1', $2 = '4', $3 = '10'",,,,,,,,"","client backend"
2024-06-16 14:33:48.177 CST,"raingage","benchmark",15271,"127.0.0.1:45214",666e86a7.3ba7,971,"SELECT",2024-06-16 14:31:03 CST,7/71,0,LOG,00000,"execute S_1: SELECT c_discount, c_last, c_credit, w_tax     FROM bmsql_customer     JOIN bmsql_warehouse ON (w_id = c_w_id)     WHERE c_w_id = $1 AND c_d_id = $2 AND c_id = $3 FOR UPDATE","parameters: $1 = '1', $2 = '4', $3 = '65'",,,,,,,,"","client backend"
2024-06-16 14:33:48.209 CST,"raingage","benchmark",15272,"127.0.0.1:45216",666e86a7.3ba8,471,"SELECT",2024-06-16 14:31:03 CST,8/35,90882,LOG,00000,"execute S_1: SELECT c_discount, c_last, c_credit, w_tax     FROM bmsql_customer     JOIN bmsql_warehouse ON (w_id = c_w_id)     WHERE c_w_id = $1 AND c_d_id = $2 AND c_id = $3 FOR UPDATE","parameters: $1 = '1', $2 = '4', $3 = '10'",,,,,,,,"","client backend"
2024-06-16 14:33:48.274 CST,"raingage","benchmark",15272,"127.0.0.1:45216",666e86a7.3ba8,472,"SELECT",2024-06-16 14:31:03 CST,8/35,90882,LOG,00000,"execute S_1: SELECT c_discount, c_last, c_credit, w_tax     FROM bmsql_customer     JOIN bmsql_warehouse ON (w_id = c_w_id)     WHERE c_w_id = $1 AND c_d_id = $2 AND c_id = $3 FOR UPDATE","parameters: $1 = '1', $2 = '4', $3 = '10'",,,,,,,,"","client backend"
2024-06-16 14:33:48.343 CST,"raingage","benchmark",15272,"127.0.0.1:45216",666e86a7.3ba8,473,"SELECT",2024-06-16 14:31:03 CST,8/35,90882,LOG,00000,"execute S_1: SELECT c_discount, c_last, c_credit, w_tax     FROM bmsql_customer     JOIN bmsql_warehouse ON (w_id = c_w_id)     WHERE c_w_id = $1 AND c_d_id = $2 AND c_id = $3 FOR UPDATE","parameters: $1 = '1', $2 = '4', $3 = '10'",,,,,,,,"","client backend"
2024-06-16 14:33:48.411 CST,"raingage","benchmark",15272,"127.0.0.1:45216",666e86a7.3ba8,474,"SELECT",2024-06-16 14:31:03 CST,8/35,90882,LOG,00000,"execute S_1: SELECT c_discount, c_last, c_credit, w_tax     FROM bmsql_customer     JOIN bmsql_warehouse ON (w_id = c_w_id)     WHERE c_w_id = $1 AND c_d_id = $2 AND c_id = $3 FOR UPDATE","parameters: $1 = '1', $2 = '4', $3 = '10'",,,,,,,,"","client backend"
2024-06-16 14:33:48.477 CST,"raingage","benchmark",15272,"127.0.0.1:45216",666e86a7.3ba8,475,"SELECT",2024-06-16 14:31:03 CST,8/35,90882,LOG,00000,"execute S_1: SELECT c_discount, c_last, c_credit, w_tax     FROM bmsql_customer     JOIN bmsql_warehouse ON (w_id = c_w_id)     WHERE c_w_id = $1 AND c_d_id = $2 AND c_id = $3 FOR UPDATE","parameters: $1 = '1', $2 = '4', $3 = '10'",,,,,,,,"","client backend"
2024-06-16 14:33:48.541 CST,"raingage","benchmark",15272,"127.0.0.1:45216",666e86a7.3ba8,476,"SELECT",2024-06-16 14:31:03 CST,8/35,90882,LOG,00000,"execute S_1: SELECT c_discount, c_last, c_credit, w_tax     FROM bmsql_customer     JOIN bmsql_warehouse ON (w_id = c_w_id)     WHERE c_w_id = $1 AND c_d_id = $2 AND c_id = $3 FOR UPDATE","parameters: $1 = '1', $2 = '4', $3 = '10'",,,,,,,,"","client backend"
2024-06-16 14:33:48.559 CST,"raingage","benchmark",15272,"127.0.0.1:45216",666e86a7.3ba8,477,"SELECT",2024-06-16 14:31:03 CST,8/35,90882,LOG,00000,"execute S_5: SELECT i_price, i_name, i_data     FROM bmsql_item     WHERE i_id = $1","parameters: $1 = '43'",,,,,,,,"","client backend"
2024-06-16 14:33:48.578 CST,"raingage","benchmark",15272,"127.0.0.1:45216",666e86a7.3ba8,478,"SELECT",2024-06-16 14:31:03 CST,8/35,90882,LOG,00000,"execute S_6: SELECT s_quantity, s_data,        s_dist_01, s_dist_02, s_dist_03, s_dist_04,        s_dist_05, s_dist_06, s_dist_07, s_dist_08,        s_dist_09, s_dist_10     FROM bmsql_stock     WHERE s_w_id = $1 AND s_i_id = $2  FOR UPDATE","parameters: $1 = '1', $2 = '43'",,,,,,,,"","client backend"
2024-06-16 14:33:48.590 CST,"raingage","benchmark",15272,"127.0.0.1:45216",666e86a7.3ba8,479,"UPDATE",2024-06-16 14:31:03 CST,8/35,90882,LOG,00000,"execute S_7: UPDATE bmsql_stock     SET s_quantity = $1, s_ytd = s_ytd + $2,         s_order_cnt = s_order_cnt + 1,         s_remote_cnt = s_remote_cnt + $3     WHERE s_w_id = $4 AND s_i_id = $5","parameters: $1 = '66', $2 = '8', $3 = '0', $4 = '1', $5 = '43'",,,,,,,,"","client backend"
2024-06-16 14:33:48.604 CST,"raingage","benchmark",15272,"127.0.0.1:45216",666e86a7.3ba8,480,"COMMIT",2024-06-16 14:31:03 CST,8/35,90882,LOG,00000,"execute S_2: COMMIT",,,,,,,,,"","client backend"
2024-06-16 14:33:48.622 CST,"raingage","benchmark",15272,"127.0.0.1:45216",666e86a7.3ba8,481,"BEGIN",2024-06-16 14:31:03 CST,8/36,0,LOG,00000,"execute S_3: BEGIN",,,,,,,,,"","client backend"
2024-06-16 14:33:48.641 CST,"raingage","benchmark",15272,"127.0.0.1:45216",666e86a7.3ba8,482,"SELECT",2024-06-16 14:31:03 CST,8/36,0,LOG,00000,"execute S_4: SELECT d_tax, d_next_o_id     FROM bmsql_district     WHERE d_w_id = $1 AND d_id = $2 ","parameters: $1 = '1', $2 = '4'",,,,,,,,"","client backend"
2024-06-16 14:33:48.669 CST,"raingage","benchmark",15271,"127.0.0.1:45214",666e86a7.3ba7,972,"SELECT",2024-06-16 14:31:03 CST,7/71,90883,LOG,00000,"execute S_1: SELECT c_discount, c_last, c_credit, w_tax     FROM bmsql_customer     JOIN bmsql_warehouse ON (w_id = c_w_id)     WHERE c_w_id = $1 AND c_d_id = $2 AND c_id = $3 FOR UPDATE","parameters: $1 = '1', $2 = '4', $3 = '65'",,,,,,,,"","client backend"
2024-06-16 14:33:48.704 CST,"raingage","benchmark",15272,"127.0.0.1:45216",666e86a7.3ba8,483,"SELECT",2024-06-16 14:31:03 CST,8/36,0,LOG,00000,"execute S_1: SELECT c_discount, c_last, c_credit, w_tax     FROM bmsql_customer     JOIN bmsql_warehouse ON (w_id = c_w_id)     WHERE c_w_id = $1 AND c_d_id = $2 AND c_id = $3 FOR UPDATE","parameters: $1 = '1', $2 = '4', $3 = '21'",,,,,,,,"","client backend"
2024-06-16 14:33:48.736 CST,"raingage","benchmark",15271,"127.0.0.1:45214",666e86a7.3ba7,973,"SELECT",2024-06-16 14:31:03 CST,7/71,90883,LOG,00000,"execute S_1: SELECT c_discount, c_last, c_credit, w_tax     FROM bmsql_customer     JOIN bmsql_warehouse ON (w_id = c_w_id)     WHERE c_w_id = $1 AND c_d_id = $2 AND c_id = $3 FOR UPDATE","parameters: $1 = '1', $2 = '4', $3 = '65'",,,,,,,,"","client backend"
2024-06-16 14:33:48.802 CST,"raingage","benchmark",15271,"127.0.0.1:45214",666e86a7.3ba7,974,"SELECT",2024-06-16 14:31:03 CST,7/71,90883,LOG,00000,"execute S_1: SELECT c_discount, c_last, c_credit, w_tax     FROM bmsql_customer     JOIN bmsql_warehouse ON (w_id = c_w_id)     WHERE c_w_id = $1 AND c_d_id = $2 AND c_id = $3 FOR UPDATE","parameters: $1 = '1', $2 = '4', $3 = '65'",,,,,,,,"","client backend"
2024-06-16 14:33:48.869 CST,"raingage","benchmark",15271,"127.0.0.1:45214",666e86a7.3ba7,975,"SELECT",2024-06-16 14:31:03 CST,7/71,90883,LOG,00000,"execute S_1: SELECT c_discount, c_last, c_credit, w_tax     FROM bmsql_customer     JOIN bmsql_warehouse ON (w_id = c_w_id)     WHERE c_w_id = $1 AND c_d_id = $2 AND c_id = $3 FOR UPDATE","parameters: $1 = '1', $2 = '4', $3 = '65'",,,,,,,,"","client backend"
2024-06-16 14:33:48.934 CST,"raingage","benchmark",15271,"127.0.0.1:45214",666e86a7.3ba7,976,"SELECT",2024-06-16 14:31:03 CST,7/71,90883,LOG,00000,"execute S_1: SELECT c_discount, c_last, c_credit, w_tax     FROM bmsql_customer     JOIN bmsql_warehouse ON (w_id = c_w_id)     WHERE c_w_id = $1 AND c_d_id = $2 AND c_id = $3 FOR UPDATE","parameters: $1 = '1', $2 = '4', $3 = '65'",,,,,,,,"","client backend"
2024-06-16 14:33:49.005 CST,"raingage","benchmark",15271,"127.0.0.1:45214",666e86a7.3ba7,977,"SELECT",2024-06-16 14:31:03 CST,7/71,90883,LOG,00000,"execute S_1: SELECT c_discount, c_last, c_credit, w_tax     FROM bmsql_customer     JOIN bmsql_warehouse ON (w_id = c_w_id)     WHERE c_w_id = $1 AND c_d_id = $2 AND c_id = $3 FOR UPDATE","parameters: $1 = '1', $2 = '4', $3 = '65'",,,,,,,,"","client backend"
2024-06-16 14:33:49.068 CST,"raingage","benchmark",15271,"127.0.0.1:45214",666e86a7.3ba7,978,"SELECT",2024-06-16 14:31:03 CST,7/71,90883,LOG,00000,"execute S_1: SELECT c_discount, c_last, c_credit, w_tax     FROM bmsql_customer     JOIN bmsql_warehouse ON (w_id = c_w_id)     WHERE c_w_id = $1 AND c_d_id = $2 AND c_id = $3 FOR UPDATE","parameters: $1 = '1', $2 = '4', $3 = '65'",,,,,,,,"","client backend"
2024-06-16 14:33:49.085 CST,"raingage","benchmark",15271,"127.0.0.1:45214",666e86a7.3ba7,979,"SELECT",2024-06-16 14:31:03 CST,7/71,90883,LOG,00000,"execute S_5: SELECT i_price, i_name, i_data     FROM bmsql_item     WHERE i_id = $1","parameters: $1 = '66'",,,,,,,,"","client backend"
2024-06-16 14:33:49.104 CST,"raingage","benchmark",15271,"127.0.0.1:45214",666e86a7.3ba7,980,"SELECT",2024-06-16 14:31:03 CST,7/71,90883,LOG,00000,"execute S_6: SELECT s_quantity, s_data,        s_dist_01, s_dist_02, s_dist_03, s_dist_04,        s_dist_05, s_dist_06, s_dist_07, s_dist_08,        s_dist_09, s_dist_10     FROM bmsql_stock     WHERE s_w_id = $1 AND s_i_id = $2  FOR UPDATE","parameters: $1 = '1', $2 = '66'",,,,,,,,"","client backend"
2024-06-16 14:33:49.126 CST,"raingage","benchmark",15271,"127.0.0.1:45214",666e86a7.3ba7,981,"UPDATE",2024-06-16 14:31:03 CST,7/71,90883,LOG,00000,"execute S_7: UPDATE bmsql_stock     SET s_quantity = $1, s_ytd = s_ytd + $2,         s_order_cnt = s_order_cnt + 1,         s_remote_cnt = s_remote_cnt + $3     WHERE s_w_id = $4 AND s_i_id = $5","parameters: $1 = '49', $2 = '9', $3 = '0', $4 = '1', $5 = '66'",,,,,,,,"","client backend"
2024-06-16 14:33:49.145 CST,"raingage","benchmark",15271,"127.0.0.1:45214",666e86a7.3ba7,982,"COMMIT",2024-06-16 14:31:03 CST,7/71,90883,LOG,00000,"execute S_2: COMMIT",,,,,,,,,"","client backend"
2024-06-16 14:33:49.160 CST,"raingage","benchmark",15271,"127.0.0.1:45214",666e86a7.3ba7,983,"BEGIN",2024-06-16 14:31:03 CST,7/72,0,LOG,00000,"execute S_3: BEGIN",,,,,,,,,"","client backend"
2024-06-16 14:33:49.177 CST,"raingage","benchmark",15271,"127.0.0.1:45214",666e86a7.3ba7,984,"SELECT",2024-06-16 14:31:03 CST,7/72,0,LOG,00000,"execute S_4: SELECT d_tax, d_next_o_id     FROM bmsql_district     WHERE d_w_id = $1 AND d_id = $2 ","parameters: $1 = '1', $2 = '4'",,,,,,,,"","client backend"
2024-06-16 14:33:49.214 CST,"raingage","benchmark",15272,"127.0.0.1:45216",666e86a7.3ba8,484,"SELECT",2024-06-16 14:31:03 CST,8/36,90884,LOG,00000,"execute S_1: SELECT c_discount, c_last, c_credit, w_tax     FROM bmsql_customer     JOIN bmsql_warehouse ON (w_id = c_w_id)     WHERE c_w_id = $1 AND c_d_id = $2 AND c_id = $3 FOR UPDATE","parameters: $1 = '1', $2 = '4', $3 = '21'",,,,,,,,"","client backend"
2024-06-16 14:33:49.245 CST,"raingage","benchmark",15271,"127.0.0.1:45214",666e86a7.3ba7,985,"SELECT",2024-06-16 14:31:03 CST,7/72,0,LOG,00000,"execute S_1: SELECT c_discount, c_last, c_credit, w_tax     FROM bmsql_customer     JOIN bmsql_warehouse ON (w_id = c_w_id)     WHERE c_w_id = $1 AND c_d_id = $2 AND c_id = $3 FOR UPDATE","parameters: $1 = '1', $2 = '4', $3 = '61'",,,,,,,,"","client backend"
2024-06-16 14:33:49.278 CST,"raingage","benchmark",15272,"127.0.0.1:45216",666e86a7.3ba8,485,"SELECT",2024-06-16 14:31:03 CST,8/36,90884,LOG,00000,"execute S_1: SELECT c_discount, c_last, c_credit, w_tax     FROM bmsql_customer     JOIN bmsql_warehouse ON (w_id = c_w_id)     WHERE c_w_id = $1 AND c_d_id = $2 AND c_id = $3 FOR UPDATE","parameters: $1 = '1', $2 = '4', $3 = '21'",,,,,,,,"","client backend"
2024-06-16 14:33:49.346 CST,"raingage","benchmark",15272,"127.0.0.1:45216",666e86a7.3ba8,486,"SELECT",2024-06-16 14:31:03 CST,8/36,90884,LOG,00000,"execute S_1: SELECT c_discount, c_last, c_credit, w_tax     FROM bmsql_customer     JOIN bmsql_warehouse ON (w_id = c_w_id)     WHERE c_w_id = $1 AND c_d_id = $2 AND c_id = $3 FOR UPDATE","parameters: $1 = '1', $2 = '4', $3 = '21'",,,,,,,,"","client backend"
2024-06-16 14:33:49.414 CST,"raingage","benchmark",15272,"127.0.0.1:45216",666e86a7.3ba8,487,"SELECT",2024-06-16 14:31:03 CST,8/36,90884,LOG,00000,"execute S_1: SELECT c_discount, c_last, c_credit, w_tax     FROM bmsql_customer     JOIN bmsql_warehouse ON (w_id = c_w_id)     WHERE c_w_id = $1 AND c_d_id = $2 AND c_id = $3 FOR UPDATE","parameters: $1 = '1', $2 = '4', $3 = '21'",,,,,,,,"","client backend"
2024-06-16 14:33:49.475 CST,"raingage","benchmark",15272,"127.0.0.1:45216",666e86a7.3ba8,488,"SELECT",2024-06-16 14:31:03 CST,8/36,90884,LOG,00000,"execute S_1: SELECT c_discount, c_last, c_credit, w_tax     FROM bmsql_customer     JOIN bmsql_warehouse ON (w_id = c_w_id)     WHERE c_w_id = $1 AND c_d_id = $2 AND c_id = $3 FOR UPDATE","parameters: $1 = '1', $2 = '4', $3 = '21'",,,,,,,,"","client backend"
2024-06-16 14:33:49.539 CST,"raingage","benchmark",15272,"127.0.0.1:45216",666e86a7.3ba8,489,"SELECT",2024-06-16 14:31:03 CST,8/36,90884,LOG,00000,"execute S_1: SELECT c_discount, c_last, c_credit, w_tax     FROM bmsql_customer     JOIN bmsql_warehouse ON (w_id = c_w_id)     WHERE c_w_id = $1 AND c_d_id = $2 AND c_id = $3 FOR UPDATE","parameters: $1 = '1', $2 = '4', $3 = '21'",,,,,,,,"","client backend"
2024-06-16 14:33:49.608 CST,"raingage","benchmark",15272,"127.0.0.1:45216",666e86a7.3ba8,490,"SELECT",2024-06-16 14:31:03 CST,8/36,90884,LOG,00000,"execute S_1: SELECT c_discount, c_last, c_credit, w_tax     FROM bmsql_customer     JOIN bmsql_warehouse ON (w_id = c_w_id)     WHERE c_w_id = $1 AND c_d_id = $2 AND c_id = $3 FOR UPDATE","parameters: $1 = '1', $2 = '4', $3 = '21'",,,,,,,,"","client backend"
2024-06-16 14:33:49.624 CST,"raingage","benchmark",15272,"127.0.0.1:45216",666e86a7.3ba8,491,"SELECT",2024-06-16 14:31:03 CST,8/36,90884,LOG,00000,"execute S_5: SELECT i_price, i_name, i_data     FROM bmsql_item     WHERE i_id = $1","parameters: $1 = '47'",,,,,,,,"","client backend"
2024-06-16 14:33:49.636 CST,"raingage","benchmark",15272,"127.0.0.1:45216",666e86a7.3ba8,492,"SELECT",2024-06-16 14:31:03 CST,8/36,90884,LOG,00000,"execute S_6: SELECT s_quantity, s_data,        s_dist_01, s_dist_02, s_dist_03, s_dist_04,        s_dist_05, s_dist_06, s_dist_07, s_dist_08,        s_dist_09, s_dist_10     FROM bmsql_stock     WHERE s_w_id = $1 AND s_i_id = $2  FOR UPDATE","parameters: $1 = '1', $2 = '47'",,,,,,,,"","client backend"
2024-06-16 14:33:49.657 CST,"raingage","benchmark",15272,"127.0.0.1:45216",666e86a7.3ba8,493,"UPDATE",2024-06-16 14:31:03 CST,8/36,90884,LOG,00000,"execute S_7: UPDATE bmsql_stock     SET s_quantity = $1, s_ytd = s_ytd + $2,         s_order_cnt = s_order_cnt + 1,         s_remote_cnt = s_remote_cnt + $3     WHERE s_w_id = $4 AND s_i_id = $5","parameters: $1 = '72', $2 = '2', $3 = '0', $4 = '1', $5 = '47'",,,,,,,,"","client backend"
2024-06-16 14:33:49.677 CST,"raingage","benchmark",15272,"127.0.0.1:45216",666e86a7.3ba8,494,"COMMIT",2024-06-16 14:31:03 CST,8/36,90884,LOG,00000,"execute S_2: COMMIT",,,,,,,,,"","client backend"
2024-06-16 14:33:49.696 CST,"raingage","benchmark",15272,"127.0.0.1:45216",666e86a7.3ba8,495,"BEGIN",2024-06-16 14:31:03 CST,8/37,0,LOG,00000,"execute S_3: BEGIN",,,,,,,,,"","client backend"
2024-06-16 14:33:49.704 CST,"raingage","benchmark",15272,"127.0.0.1:45216",666e86a7.3ba8,496,"SELECT",2024-06-16 14:31:03 CST,8/37,0,LOG,00000,"execute S_4: SELECT d_tax, d_next_o_id     FROM bmsql_district     WHERE d_w_id = $1 AND d_id = $2 ","parameters: $1 = '1', $2 = '4'",,,,,,,,"","client backend"
2024-06-16 14:33:49.743 CST,"raingage","benchmark",15271,"127.0.0.1:45214",666e86a7.3ba7,986,"SELECT",2024-06-16 14:31:03 CST,7/72,90885,LOG,00000,"execute S_1: SELECT c_discount, c_last, c_credit, w_tax     FROM bmsql_customer     JOIN bmsql_warehouse ON (w_id = c_w_id)     WHERE c_w_id = $1 AND c_d_id = $2 AND c_id = $3 FOR UPDATE","parameters: $1 = '1', $2 = '4', $3 = '61'",,,,,,,,"","client backend"
2024-06-16 14:33:49.772 CST,"raingage","benchmark",15272,"127.0.0.1:45216",666e86a7.3ba8,497,"SELECT",2024-06-16 14:31:03 CST,8/37,0,LOG,00000,"execute S_1: SELECT c_discount, c_last, c_credit, w_tax     FROM bmsql_customer     JOIN bmsql_warehouse ON (w_id = c_w_id)     WHERE c_w_id = $1 AND c_d_id = $2 AND c_id = $3 FOR UPDATE","parameters: $1 = '1', $2 = '4', $3 = '61'",,,,,,,,"","client backend"
2024-06-16 14:33:49.806 CST,"raingage","benchmark",15271,"127.0.0.1:45214",666e86a7.3ba7,987,"SELECT",2024-06-16 14:31:03 CST,7/72,90885,LOG,00000,"execute S_1: SELECT c_discount, c_last, c_credit, w_tax     FROM bmsql_customer     JOIN bmsql_warehouse ON (w_id = c_w_id)     WHERE c_w_id = $1 AND c_d_id = $2 AND c_id = $3 FOR UPDATE","parameters: $1 = '1', $2 = '4', $3 = '61'",,,,,,,,"","client backend"
2024-06-16 14:33:49.874 CST,"raingage","benchmark",15271,"127.0.0.1:45214",666e86a7.3ba7,988,"SELECT",2024-06-16 14:31:03 CST,7/72,90885,LOG,00000,"execute S_1: SELECT c_discount, c_last, c_credit, w_tax     FROM bmsql_customer     JOIN bmsql_warehouse ON (w_id = c_w_id)     WHERE c_w_id = $1 AND c_d_id = $2 AND c_id = $3 FOR UPDATE","parameters: $1 = '1', $2 = '4', $3 = '61'",,,,,,,,"","client backend"
2024-06-16 14:33:49.940 CST,"raingage","benchmark",15271,"127.0.0.1:45214",666e86a7.3ba7,989,"SELECT",2024-06-16 14:31:03 CST,7/72,90885,LOG,00000,"execute S_1: SELECT c_discount, c_last, c_credit, w_tax     FROM bmsql_customer     JOIN bmsql_warehouse ON (w_id = c_w_id)     WHERE c_w_id = $1 AND c_d_id = $2 AND c_id = $3 FOR UPDATE","parameters: $1 = '1', $2 = '4', $3 = '61'",,,,,,,,"","client backend"
2024-06-16 14:33:50.011 CST,"raingage","benchmark",15271,"127.0.0.1:45214",666e86a7.3ba7,990,"SELECT",2024-06-16 14:31:03 CST,7/72,90885,LOG,00000,"execute S_1: SELECT c_discount, c_last, c_credit, w_tax     FROM bmsql_customer     JOIN bmsql_warehouse ON (w_id = c_w_id)     WHERE c_w_id = $1 AND c_d_id = $2 AND c_id = $3 FOR UPDATE","parameters: $1 = '1', $2 = '4', $3 = '61'",,,,,,,,"","client backend"
2024-06-16 14:33:50.075 CST,"raingage","benchmark",15271,"127.0.0.1:45214",666e86a7.3ba7,991,"SELECT",2024-06-16 14:31:03 CST,7/72,90885,LOG,00000,"execute S_1: SELECT c_discount, c_last, c_credit, w_tax     FROM bmsql_customer     JOIN bmsql_warehouse ON (w_id = c_w_id)     WHERE c_w_id = $1 AND c_d_id = $2 AND c_id = $3 FOR UPDATE","parameters: $1 = '1', $2 = '4', $3 = '61'",,,,,,,,"","client backend"
2024-06-16 14:33:50.144 CST,"raingage","benchmark",15271,"127.0.0.1:45214",666e86a7.3ba7,992,"SELECT",2024-06-16 14:31:03 CST,7/72,90885,LOG,00000,"execute S_1: SELECT c_discount, c_last, c_credit, w_tax     FROM bmsql_customer     JOIN bmsql_warehouse ON (w_id = c_w_id)     WHERE c_w_id = $1 AND c_d_id = $2 AND c_id = $3 FOR UPDATE","parameters: $1 = '1', $2 = '4', $3 = '61'",,,,,,,,"","client backend"
2024-06-16 14:33:50.159 CST,"raingage","benchmark",15271,"127.0.0.1:45214",666e86a7.3ba7,993,"SELECT",2024-06-16 14:31:03 CST,7/72,90885,LOG,00000,"execute S_5: SELECT i_price, i_name, i_data     FROM bmsql_item     WHERE i_id = $1","parameters: $1 = '4'",,,,,,,,"","client backend"
2024-06-16 14:33:50.174 CST,"raingage","benchmark",15271,"127.0.0.1:45214",666e86a7.3ba7,994,"SELECT",2024-06-16 14:31:03 CST,7/72,90885,LOG,00000,"execute S_6: SELECT s_quantity, s_data,        s_dist_01, s_dist_02, s_dist_03, s_dist_04,        s_dist_05, s_dist_06, s_dist_07, s_dist_08,        s_dist_09, s_dist_10     FROM bmsql_stock     WHERE s_w_id = $1 AND s_i_id = $2  FOR UPDATE","parameters: $1 = '1', $2 = '4'",,,,,,,,"","client backend"
2024-06-16 14:33:50.187 CST,"raingage","benchmark",15271,"127.0.0.1:45214",666e86a7.3ba7,995,"UPDATE",2024-06-16 14:31:03 CST,7/72,90885,LOG,00000,"execute S_7: UPDATE bmsql_stock     SET s_quantity = $1, s_ytd = s_ytd + $2,         s_order_cnt = s_order_cnt + 1,         s_remote_cnt = s_remote_cnt + $3     WHERE s_w_id = $4 AND s_i_id = $5","parameters: $1 = '84', $2 = '2', $3 = '0', $4 = '1', $5 = '4'",,,,,,,,"","client backend"
2024-06-16 14:33:50.202 CST,"raingage","benchmark",15271,"127.0.0.1:45214",666e86a7.3ba7,996,"COMMIT",2024-06-16 14:31:03 CST,7/72,90885,LOG,00000,"execute S_2: COMMIT",,,,,,,,,"","client backend"
2024-06-16 14:33:50.219 CST,"raingage","benchmark",15271,"127.0.0.1:45214",666e86a7.3ba7,997,"BEGIN",2024-06-16 14:31:03 CST,7/73,0,LOG,00000,"execute S_3: BEGIN",,,,,,,,,"","client backend"
2024-06-16 14:33:50.234 CST,"raingage","benchmark",15271,"127.0.0.1:45214",666e86a7.3ba7,998,"SELECT",2024-06-16 14:31:03 CST,7/73,0,LOG,00000,"execute S_4: SELECT d_tax, d_next_o_id     FROM bmsql_district     WHERE d_w_id = $1 AND d_id = $2 ","parameters: $1 = '1', $2 = '2'",,,,,,,,"","client backend"
2024-06-16 14:33:50.265 CST,"raingage","benchmark",15272,"127.0.0.1:45216",666e86a7.3ba8,498,"SELECT",2024-06-16 14:31:03 CST,8/37,90886,LOG,00000,"execute S_1: SELECT c_discount, c_last, c_credit, w_tax     FROM bmsql_customer     JOIN bmsql_warehouse ON (w_id = c_w_id)     WHERE c_w_id = $1 AND c_d_id = $2 AND c_id = $3 FOR UPDATE","parameters: $1 = '1', $2 = '4', $3 = '61'",,,,,,,,"","client backend"
2024-06-16 14:33:50.298 CST,"raingage","benchmark",15271,"127.0.0.1:45214",666e86a7.3ba7,999,"SELECT",2024-06-16 14:31:03 CST,7/73,0,LOG,00000,"execute S_1: SELECT c_discount, c_last, c_credit, w_tax     FROM bmsql_customer     JOIN bmsql_warehouse ON (w_id = c_w_id)     WHERE c_w_id = $1 AND c_d_id = $2 AND c_id = $3 FOR UPDATE","parameters: $1 = '1', $2 = '2', $3 = '6'",,,,,,,,"","client backend"
2024-06-16 14:33:50.328 CST,"raingage","benchmark",15272,"127.0.0.1:45216",666e86a7.3ba8,499,"SELECT",2024-06-16 14:31:03 CST,8/37,90886,LOG,00000,"execute S_1: SELECT c_discount, c_last, c_credit, w_tax     FROM bmsql_customer     JOIN bmsql_warehouse ON (w_id = c_w_id)     WHERE c_w_id = $1 AND c_d_id = $2 AND c_id = $3 FOR UPDATE","parameters: $1 = '1', $2 = '4', $3 = '61'",,,,,,,,"","client backend"
2024-06-16 14:33:50.396 CST,"raingage","benchmark",15272,"127.0.0.1:45216",666e86a7.3ba8,500,"SELECT",2024-06-16 14:31:03 CST,8/37,90886,LOG,00000,"execute S_1: SELECT c_discount, c_last, c_credit, w_tax     FROM bmsql_customer     JOIN bmsql_warehouse ON (w_id = c_w_id)     WHERE c_w_id = $1 AND c_d_id = $2 AND c_id = $3 FOR UPDATE","parameters: $1 = '1', $2 = '4', $3 = '61'",,,,,,,,"","client backend"
2024-06-16 14:33:50.448 CST,"raingage","benchmark",15269,"127.0.0.1:45210",666e86a6.3ba5,875,"BEGIN",2024-06-16 14:31:02 CST,5/64,0,LOG,00000,"execute S_4: BEGIN",,,,,,,,,"","client backend"
2024-06-16 14:33:50.461 CST,"raingage","benchmark",15272,"127.0.0.1:45216",666e86a7.3ba8,501,"SELECT",2024-06-16 14:31:03 CST,8/37,90886,LOG,00000,"execute S_1: SELECT c_discount, c_last, c_credit, w_tax     FROM bmsql_customer     JOIN bmsql_warehouse ON (w_id = c_w_id)     WHERE c_w_id = $1 AND c_d_id = $2 AND c_id = $3 FOR UPDATE","parameters: $1 = '1', $2 = '4', $3 = '61'",,,,,,,,"","client backend"
2024-06-16 14:33:50.463 CST,"raingage","benchmark",15269,"127.0.0.1:45210",666e86a6.3ba5,876,"SELECT",2024-06-16 14:31:02 CST,5/64,0,LOG,00000,"execute S_5: SELECT d_tax, d_next_o_id     FROM bmsql_district     WHERE d_w_id = $1 AND d_id = $2 ","parameters: $1 = '1', $2 = '1'",,,,,,,,"","client backend"
2024-06-16 14:33:50.529 CST,"raingage","benchmark",15272,"127.0.0.1:45216",666e86a7.3ba8,502,"SELECT",2024-06-16 14:31:03 CST,8/37,90886,LOG,00000,"execute S_1: SELECT c_discount, c_last, c_credit, w_tax     FROM bmsql_customer     JOIN bmsql_warehouse ON (w_id = c_w_id)     WHERE c_w_id = $1 AND c_d_id = $2 AND c_id = $3 FOR UPDATE","parameters: $1 = '1', $2 = '4', $3 = '61'",,,,,,,,"","client backend"
2024-06-16 14:33:50.530 CST,"raingage","benchmark",15269,"127.0.0.1:45210",666e86a6.3ba5,877,"SELECT",2024-06-16 14:31:02 CST,5/64,0,LOG,00000,"execute S_1: SELECT c_discount, c_last, c_credit, w_tax     FROM bmsql_customer     JOIN bmsql_warehouse ON (w_id = c_w_id)     WHERE c_w_id = $1 AND c_d_id = $2 AND c_id = $3 FOR UPDATE","parameters: $1 = '1', $2 = '1', $3 = '67'",,,,,,,,"","client backend"
2024-06-16 14:33:50.599 CST,"raingage","benchmark",15272,"127.0.0.1:45216",666e86a7.3ba8,503,"SELECT",2024-06-16 14:31:03 CST,8/37,90886,LOG,00000,"execute S_1: SELECT c_discount, c_last, c_credit, w_tax     FROM bmsql_customer     JOIN bmsql_warehouse ON (w_id = c_w_id)     WHERE c_w_id = $1 AND c_d_id = $2 AND c_id = $3 FOR UPDATE","parameters: $1 = '1', $2 = '4', $3 = '61'",,,,,,,,"","client backend"
2024-06-16 14:33:50.661 CST,"raingage","benchmark",15272,"127.0.0.1:45216",666e86a7.3ba8,504,"SELECT",2024-06-16 14:31:03 CST,8/37,90886,LOG,00000,"execute S_1: SELECT c_discount, c_last, c_credit, w_tax     FROM bmsql_customer     JOIN bmsql_warehouse ON (w_id = c_w_id)     WHERE c_w_id = $1 AND c_d_id = $2 AND c_id = $3 FOR UPDATE","parameters: $1 = '1', $2 = '4', $3 = '61'",,,,,,,,"","client backend"
2024-06-16 14:33:50.674 CST,"raingage","benchmark",15272,"127.0.0.1:45216",666e86a7.3ba8,505,"SELECT",2024-06-16 14:31:03 CST,8/37,90886,LOG,00000,"execute S_5: SELECT i_price, i_name, i_data     FROM bmsql_item     WHERE i_id = $1","parameters: $1 = '4'",,,,,,,,"","client backend"
2024-06-16 14:33:50.688 CST,"raingage","benchmark",15272,"127.0.0.1:45216",666e86a7.3ba8,506,"SELECT",2024-06-16 14:31:03 CST,8/37,90886,LOG,00000,"execute S_6: SELECT s_quantity, s_data,        s_dist_01, s_dist_02, s_dist_03, s_dist_04,        s_dist_05, s_dist_06, s_dist_07, s_dist_08,        s_dist_09, s_dist_10     FROM bmsql_stock     WHERE s_w_id = $1 AND s_i_id = $2  FOR UPDATE","parameters: $1 = '1', $2 = '4'",,,,,,,,"","client backend"
2024-06-16 14:33:50.704 CST,"raingage","benchmark",15272,"127.0.0.1:45216",666e86a7.3ba8,507,"UPDATE",2024-06-16 14:31:03 CST,8/37,90886,LOG,00000,"execute S_7: UPDATE bmsql_stock     SET s_quantity = $1, s_ytd = s_ytd + $2,         s_order_cnt = s_order_cnt + 1,         s_remote_cnt = s_remote_cnt + $3     WHERE s_w_id = $4 AND s_i_id = $5","parameters: $1 = '76', $2 = '8', $3 = '0', $4 = '1', $5 = '4'",,,,,,,,"","client backend"
2024-06-16 14:33:50.724 CST,"raingage","benchmark",15272,"127.0.0.1:45216",666e86a7.3ba8,508,"COMMIT",2024-06-16 14:31:03 CST,8/37,90886,LOG,00000,"execute S_2: COMMIT",,,,,,,,,"","client backend"
2024-06-16 14:33:50.740 CST,"raingage","benchmark",15272,"127.0.0.1:45216",666e86a7.3ba8,509,"BEGIN",2024-06-16 14:31:03 CST,8/38,0,LOG,00000,"execute S_3: BEGIN",,,,,,,,,"","client backend"
2024-06-16 14:33:50.755 CST,"raingage","benchmark",15272,"127.0.0.1:45216",666e86a7.3ba8,510,"SELECT",2024-06-16 14:31:03 CST,8/38,0,LOG,00000,"execute S_4: SELECT d_tax, d_next_o_id     FROM bmsql_district     WHERE d_w_id = $1 AND d_id = $2 ","parameters: $1 = '1', $2 = '2'",,,,,,,,"","client backend"
2024-06-16 14:33:50.796 CST,"raingage","benchmark",15271,"127.0.0.1:45214",666e86a7.3ba7,1000,"SELECT",2024-06-16 14:31:03 CST,7/73,90887,LOG,00000,"execute S_1: SELECT c_discount, c_last, c_credit, w_tax     FROM bmsql_customer     JOIN bmsql_warehouse ON (w_id = c_w_id)     WHERE c_w_id = $1 AND c_d_id = $2 AND c_id = $3 FOR UPDATE","parameters: $1 = '1', $2 = '2', $3 = '6'",,,,,,,,"","client backend"
2024-06-16 14:33:50.820 CST,"raingage","benchmark",15272,"127.0.0.1:45216",666e86a7.3ba8,511,"SELECT",2024-06-16 14:31:03 CST,8/38,0,LOG,00000,"execute S_1: SELECT c_discount, c_last, c_credit, w_tax     FROM bmsql_customer     JOIN bmsql_warehouse ON (w_id = c_w_id)     WHERE c_w_id = $1 AND c_d_id = $2 AND c_id = $3 FOR UPDATE","parameters: $1 = '1', $2 = '2', $3 = '54'",,,,,,,,"","client backend"
2024-06-16 14:33:50.865 CST,"raingage","benchmark",15271,"127.0.0.1:45214",666e86a7.3ba7,1001,"SELECT",2024-06-16 14:31:03 CST,7/73,90887,LOG,00000,"execute S_1: SELECT c_discount, c_last, c_credit, w_tax     FROM bmsql_customer     JOIN bmsql_warehouse ON (w_id = c_w_id)     WHERE c_w_id = $1 AND c_d_id = $2 AND c_id = $3 FOR UPDATE","parameters: $1 = '1', $2 = '2', $3 = '6'",,,,,,,,"","client backend"
2024-06-16 14:33:50.933 CST,"raingage","benchmark",15271,"127.0.0.1:45214",666e86a7.3ba7,1002,"SELECT",2024-06-16 14:31:03 CST,7/73,90887,LOG,00000,"execute S_1: SELECT c_discount, c_last, c_credit, w_tax     FROM bmsql_customer     JOIN bmsql_warehouse ON (w_id = c_w_id)     WHERE c_w_id = $1 AND c_d_id = $2 AND c_id = $3 FOR UPDATE","parameters: $1 = '1', $2 = '2', $3 = '6'",,,,,,,,"","client backend"
2024-06-16 14:33:50.996 CST,"raingage","benchmark",15271,"127.0.0.1:45214",666e86a7.3ba7,1003,"SELECT",2024-06-16 14:31:03 CST,7/73,90887,LOG,00000,"execute S_1: SELECT c_discount, c_last, c_credit, w_tax     FROM bmsql_customer     JOIN bmsql_warehouse ON (w_id = c_w_id)     WHERE c_w_id = $1 AND c_d_id = $2 AND c_id = $3 FOR UPDATE","parameters: $1 = '1', $2 = '2', $3 = '6'",,,,,,,,"","client backend"
2024-06-16 14:33:51.064 CST,"raingage","benchmark",15271,"127.0.0.1:45214",666e86a7.3ba7,1004,"SELECT",2024-06-16 14:31:03 CST,7/73,90887,LOG,00000,"execute S_1: SELECT c_discount, c_last, c_credit, w_tax     FROM bmsql_customer     JOIN bmsql_warehouse ON (w_id = c_w_id)     WHERE c_w_id = $1 AND c_d_id = $2 AND c_id = $3 FOR UPDATE","parameters: $1 = '1', $2 = '2', $3 = '6'",,,,,,,,"","client backend"
2024-06-16 14:33:51.136 CST,"raingage","benchmark",15271,"127.0.0.1:45214",666e86a7.3ba7,1005,"SELECT",2024-06-16 14:31:03 CST,7/73,90887,LOG,00000,"execute S_1: SELECT c_discount, c_last, c_credit, w_tax     FROM bmsql_customer     JOIN bmsql_warehouse ON (w_id = c_w_id)     WHERE c_w_id = $1 AND c_d_id = $2 AND c_id = $3 FOR UPDATE","parameters: $1 = '1', $2 = '2', $3 = '6'",,,,,,,,"","client backend"
2024-06-16 14:33:51.205 CST,"raingage","benchmark",15271,"127.0.0.1:45214",666e86a7.3ba7,1006,"SELECT",2024-06-16 14:31:03 CST,7/73,90887,LOG,00000,"execute S_1: SELECT c_discount, c_last, c_credit, w_tax     FROM bmsql_customer     JOIN bmsql_warehouse ON (w_id = c_w_id)     WHERE c_w_id = $1 AND c_d_id = $2 AND c_id = $3 FOR UPDATE","parameters: $1 = '1', $2 = '2', $3 = '6'",,,,,,,,"","client backend"
2024-06-16 14:33:51.217 CST,"raingage","benchmark",15271,"127.0.0.1:45214",666e86a7.3ba7,1007,"SELECT",2024-06-16 14:31:03 CST,7/73,90887,LOG,00000,"execute S_5: SELECT i_price, i_name, i_data     FROM bmsql_item     WHERE i_id = $1","parameters: $1 = '85'",,,,,,,,"","client backend"
2024-06-16 14:33:51.228 CST,"raingage","benchmark",15271,"127.0.0.1:45214",666e86a7.3ba7,1008,"SELECT",2024-06-16 14:31:03 CST,7/73,90887,LOG,00000,"execute S_6: SELECT s_quantity, s_data,        s_dist_01, s_dist_02, s_dist_03, s_dist_04,        s_dist_05, s_dist_06, s_dist_07, s_dist_08,        s_dist_09, s_dist_10     FROM bmsql_stock     WHERE s_w_id = $1 AND s_i_id = $2  FOR UPDATE","parameters: $1 = '1', $2 = '85'",,,,,,,,"","client backend"
2024-06-16 14:33:51.248 CST,"raingage","benchmark",15271,"127.0.0.1:45214",666e86a7.3ba7,1009,"UPDATE",2024-06-16 14:31:03 CST,7/73,90887,LOG,00000,"execute S_7: UPDATE bmsql_stock     SET s_quantity = $1, s_ytd = s_ytd + $2,         s_order_cnt = s_order_cnt + 1,         s_remote_cnt = s_remote_cnt + $3     WHERE s_w_id = $4 AND s_i_id = $5","parameters: $1 = '46', $2 = '7', $3 = '0', $4 = '1', $5 = '85'",,,,,,,,"","client backend"
2024-06-16 14:33:51.269 CST,"raingage","benchmark",15271,"127.0.0.1:45214",666e86a7.3ba7,1010,"COMMIT",2024-06-16 14:31:03 CST,7/73,90887,LOG,00000,"execute S_2: COMMIT",,,,,,,,,"","client backend"
2024-06-16 14:33:51.289 CST,"raingage","benchmark",15271,"127.0.0.1:45214",666e86a7.3ba7,1011,"BEGIN",2024-06-16 14:31:03 CST,7/74,0,LOG,00000,"execute S_3: BEGIN",,,,,,,,,"","client backend"
2024-06-16 14:33:51.300 CST,"raingage","benchmark",15271,"127.0.0.1:45214",666e86a7.3ba7,1012,"SELECT",2024-06-16 14:31:03 CST,7/74,0,LOG,00000,"execute S_4: SELECT d_tax, d_next_o_id     FROM bmsql_district     WHERE d_w_id = $1 AND d_id = $2 ","parameters: $1 = '1', $2 = '2'",,,,,,,,"","client backend"
2024-06-16 14:33:51.334 CST,"raingage","benchmark",15269,"127.0.0.1:45210",666e86a6.3ba5,878,"SELECT",2024-06-16 14:31:02 CST,5/64,90888,LOG,00000,"execute S_1: SELECT c_discount, c_last, c_credit, w_tax     FROM bmsql_customer     JOIN bmsql_warehouse ON (w_id = c_w_id)     WHERE c_w_id = $1 AND c_d_id = $2 AND c_id = $3 FOR UPDATE","parameters: $1 = '1', $2 = '1', $3 = '67'",,,,,,,,"","client backend"
2024-06-16 14:33:51.367 CST,"raingage","benchmark",15271,"127.0.0.1:45214",666e86a7.3ba7,1013,"SELECT",2024-06-16 14:31:03 CST,7/74,0,LOG,00000,"execute S_1: SELECT c_discount, c_last, c_credit, w_tax     FROM bmsql_customer     JOIN bmsql_warehouse ON (w_id = c_w_id)     WHERE c_w_id = $1 AND c_d_id = $2 AND c_id = $3 FOR UPDATE","parameters: $1 = '1', $2 = '2', $3 = '54'",,,,,,,,"","client backend"
2024-06-16 14:33:51.404 CST,"raingage","benchmark",15269,"127.0.0.1:45210",666e86a6.3ba5,879,"SELECT",2024-06-16 14:31:02 CST,5/64,90888,LOG,00000,"execute S_1: SELECT c_discount, c_last, c_credit, w_tax     FROM bmsql_customer     JOIN bmsql_warehouse ON (w_id = c_w_id)     WHERE c_w_id = $1 AND c_d_id = $2 AND c_id = $3 FOR UPDATE","parameters: $1 = '1', $2 = '1', $3 = '67'",,,,,,,,"","client backend"
2024-06-16 14:33:51.473 CST,"raingage","benchmark",15269,"127.0.0.1:45210",666e86a6.3ba5,880,"SELECT",2024-06-16 14:31:02 CST,5/64,90888,LOG,00000,"execute S_1: SELECT c_discount, c_last, c_credit, w_tax     FROM bmsql_customer     JOIN bmsql_warehouse ON (w_id = c_w_id)     WHERE c_w_id = $1 AND c_d_id = $2 AND c_id = $3 FOR UPDATE","parameters: $1 = '1', $2 = '1', $3 = '67'",,,,,,,,"","client backend"
2024-06-16 14:33:51.541 CST,"raingage","benchmark",15269,"127.0.0.1:45210",666e86a6.3ba5,881,"SELECT",2024-06-16 14:31:02 CST,5/64,90888,LOG,00000,"execute S_1: SELECT c_discount, c_last, c_credit, w_tax     FROM bmsql_customer     JOIN bmsql_warehouse ON (w_id = c_w_id)     WHERE c_w_id = $1 AND c_d_id = $2 AND c_id = $3 FOR UPDATE","parameters: $1 = '1', $2 = '1', $3 = '67'",,,,,,,,"","client backend"
2024-06-16 14:33:51.609 CST,"raingage","benchmark",15269,"127.0.0.1:45210",666e86a6.3ba5,882,"SELECT",2024-06-16 14:31:02 CST,5/64,90888,LOG,00000,"execute S_1: SELECT c_discount, c_last, c_credit, w_tax     FROM bmsql_customer     JOIN bmsql_warehouse ON (w_id = c_w_id)     WHERE c_w_id = $1 AND c_d_id = $2 AND c_id = $3 FOR UPDATE","parameters: $1 = '1', $2 = '1', $3 = '67'",,,,,,,,"","client backend"
2024-06-16 14:33:51.673 CST,"raingage","benchmark",15269,"127.0.0.1:45210",666e86a6.3ba5,883,"SELECT",2024-06-16 14:31:02 CST,5/64,90888,LOG,00000,"execute S_1: SELECT c_discount, c_last, c_credit, w_tax     FROM bmsql_customer     JOIN bmsql_warehouse ON (w_id = c_w_id)     WHERE c_w_id = $1 AND c_d_id = $2 AND c_id = $3 FOR UPDATE","parameters: $1 = '1', $2 = '1', $3 = '67'",,,,,,,,"","client backend"
2024-06-16 14:33:51.726 CST,"raingage","benchmark",15269,"127.0.0.1:45210",666e86a6.3ba5,884,"SELECT",2024-06-16 14:31:02 CST,5/64,90888,LOG,00000,"execute S_1: SELECT c_discount, c_last, c_credit, w_tax     FROM bmsql_customer     JOIN bmsql_warehouse ON (w_id = c_w_id)     WHERE c_w_id = $1 AND c_d_id = $2 AND c_id = $3 FOR UPDATE","parameters: $1 = '1', $2 = '1', $3 = '67'",,,,,,,,"","client backend"
2024-06-16 14:33:51.746 CST,"raingage","benchmark",15269,"127.0.0.1:45210",666e86a6.3ba5,885,"SELECT",2024-06-16 14:31:02 CST,5/64,90888,LOG,00000,"execute S_6: SELECT i_price, i_name, i_data     FROM bmsql_item     WHERE i_id = $1","parameters: $1 = '76'",,,,,,,,"","client backend"
2024-06-16 14:33:51.766 CST,"raingage","benchmark",15269,"127.0.0.1:45210",666e86a6.3ba5,886,"SELECT",2024-06-16 14:31:02 CST,5/64,90888,LOG,00000,"execute S_7: SELECT s_quantity, s_data,        s_dist_01, s_dist_02, s_dist_03, s_dist_04,        s_dist_05, s_dist_06, s_dist_07, s_dist_08,        s_dist_09, s_dist_10     FROM bmsql_stock     WHERE s_w_id = $1 AND s_i_id = $2  FOR UPDATE","parameters: $1 = '1', $2 = '76'",,,,,,,,"","client backend"
2024-06-16 14:33:51.787 CST,"raingage","benchmark",15269,"127.0.0.1:45210",666e86a6.3ba5,887,"UPDATE",2024-06-16 14:31:02 CST,5/64,90888,LOG,00000,"execute S_8: UPDATE bmsql_stock     SET s_quantity = $1, s_ytd = s_ytd + $2,         s_order_cnt = s_order_cnt + 1,         s_remote_cnt = s_remote_cnt + $3     WHERE s_w_id = $4 AND s_i_id = $5","parameters: $1 = '69', $2 = '7', $3 = '0', $4 = '1', $5 = '76'",,,,,,,,"","client backend"
2024-06-16 14:33:51.801 CST,"raingage","benchmark",15269,"127.0.0.1:45210",666e86a6.3ba5,888,"COMMIT",2024-06-16 14:31:02 CST,5/64,90888,LOG,00000,"execute S_3: COMMIT",,,,,,,,,"","client backend"
2024-06-16 14:33:51.815 CST,"raingage","benchmark",15269,"127.0.0.1:45210",666e86a6.3ba5,889,"BEGIN",2024-06-16 14:31:02 CST,5/65,0,LOG,00000,"execute S_4: BEGIN",,,,,,,,,"","client backend"
2024-06-16 14:33:51.829 CST,"raingage","benchmark",15269,"127.0.0.1:45210",666e86a6.3ba5,890,"SELECT",2024-06-16 14:31:02 CST,5/65,0,LOG,00000,"execute S_5: SELECT d_tax, d_next_o_id     FROM bmsql_district     WHERE d_w_id = $1 AND d_id = $2 ","parameters: $1 = '1', $2 = '2'",,,,,,,,"","client backend"
2024-06-16 14:33:51.874 CST,"raingage","benchmark",15272,"127.0.0.1:45216",666e86a7.3ba8,512,"SELECT",2024-06-16 14:31:03 CST,8/38,90889,LOG,00000,"execute S_1: SELECT c_discount, c_last, c_credit, w_tax     FROM bmsql_customer     JOIN bmsql_warehouse ON (w_id = c_w_id)     WHERE c_w_id = $1 AND c_d_id = $2 AND c_id = $3 FOR UPDATE","parameters: $1 = '1', $2 = '2', $3 = '54'",,,,,,,,"","client backend"
2024-06-16 14:33:51.897 CST,"raingage","benchmark",15269,"127.0.0.1:45210",666e86a6.3ba5,891,"SELECT",2024-06-16 14:31:02 CST,5/65,0,LOG,00000,"execute S_1: SELECT c_discount, c_last, c_credit, w_tax     FROM bmsql_customer     JOIN bmsql_warehouse ON (w_id = c_w_id)     WHERE c_w_id = $1 AND c_d_id = $2 AND c_id = $3 FOR UPDATE","parameters: $1 = '1', $2 = '2', $3 = '62'",,,,,,,,"","client backend"
2024-06-16 14:33:51.940 CST,"raingage","benchmark",15272,"127.0.0.1:45216",666e86a7.3ba8,513,"SELECT",2024-06-16 14:31:03 CST,8/38,90889,LOG,00000,"execute S_1: SELECT c_discount, c_last, c_credit, w_tax     FROM bmsql_customer     JOIN bmsql_warehouse ON (w_id = c_w_id)     WHERE c_w_id = $1 AND c_d_id = $2 AND c_id = $3 FOR UPDATE","parameters: $1 = '1', $2 = '2', $3 = '54'",,,,,,,,"","client backend"
2024-06-16 14:33:52.006 CST,"raingage","benchmark",15272,"127.0.0.1:45216",666e86a7.3ba8,514,"SELECT",2024-06-16 14:31:03 CST,8/38,90889,LOG,00000,"execute S_1: SELECT c_discount, c_last, c_credit, w_tax     FROM bmsql_customer     JOIN bmsql_warehouse ON (w_id = c_w_id)     WHERE c_w_id = $1 AND c_d_id = $2 AND c_id = $3 FOR UPDATE","parameters: $1 = '1', $2 = '2', $3 = '54'",,,,,,,,"","client backend"
2024-06-16 14:33:52.075 CST,"raingage","benchmark",15272,"127.0.0.1:45216",666e86a7.3ba8,515,"SELECT",2024-06-16 14:31:03 CST,8/38,90889,LOG,00000,"execute S_1: SELECT c_discount, c_last, c_credit, w_tax     FROM bmsql_customer     JOIN bmsql_warehouse ON (w_id = c_w_id)     WHERE c_w_id = $1 AND c_d_id = $2 AND c_id = $3 FOR UPDATE","parameters: $1 = '1', $2 = '2', $3 = '54'",,,,,,,,"","client backend"
2024-06-16 14:33:52.144 CST,"raingage","benchmark",15272,"127.0.0.1:45216",666e86a7.3ba8,516,"SELECT",2024-06-16 14:31:03 CST,8/38,90889,LOG,00000,"execute S_1: SELECT c_discount, c_last, c_credit, w_tax     FROM bmsql_customer     JOIN bmsql_warehouse ON (w_id = c_w_id)     WHERE c_w_id = $1 AND c_d_id = $2 AND c_id = $3 FOR UPDATE","parameters: $1 = '1', $2 = '2', $3 = '54'",,,,,,,,"","client backend"
2024-06-16 14:33:52.207 CST,"raingage","benchmark",15272,"127.0.0.1:45216",666e86a7.3ba8,517,"SELECT",2024-06-16 14:31:03 CST,8/38,90889,LOG,00000,"execute S_1: SELECT c_discount, c_last, c_credit, w_tax     FROM bmsql_customer     JOIN bmsql_warehouse ON (w_id = c_w_id)     WHERE c_w_id = $1 AND c_d_id = $2 AND c_id = $3 FOR UPDATE","parameters: $1 = '1', $2 = '2', $3 = '54'",,,,,,,,"","client backend"
2024-06-16 14:33:52.271 CST,"raingage","benchmark",15272,"127.0.0.1:45216",666e86a7.3ba8,518,"SELECT",2024-06-16 14:31:03 CST,8/38,90889,LOG,00000,"execute S_1: SELECT c_discount, c_last, c_credit, w_tax     FROM bmsql_customer     JOIN bmsql_warehouse ON (w_id = c_w_id)     WHERE c_w_id = $1 AND c_d_id = $2 AND c_id = $3 FOR UPDATE","parameters: $1 = '1', $2 = '2', $3 = '54'",,,,,,,,"","client backend"
2024-06-16 14:33:52.289 CST,"raingage","benchmark",15272,"127.0.0.1:45216",666e86a7.3ba8,519,"SELECT",2024-06-16 14:31:03 CST,8/38,90889,LOG,00000,"execute S_5: SELECT i_price, i_name, i_data     FROM bmsql_item     WHERE i_id = $1","parameters: $1 = '17'",,,,,,,,"","client backend"
2024-06-16 14:33:52.305 CST,"raingage","benchmark",15272,"127.0.0.1:45216",666e86a7.3ba8,520,"SELECT",2024-06-16 14:31:03 CST,8/38,90889,LOG,00000,"execute S_6: SELECT s_quantity, s_data,        s_dist_01, s_dist_02, s_dist_03, s_dist_04,        s_dist_05, s_dist_06, s_dist_07, s_dist_08,        s_dist_09, s_dist_10     FROM bmsql_stock     WHERE s_w_id = $1 AND s_i_id = $2  FOR UPDATE","parameters: $1 = '1', $2 = '17'",,,,,,,,"","client backend"
2024-06-16 14:33:52.322 CST,"raingage","benchmark",15272,"127.0.0.1:45216",666e86a7.3ba8,521,"UPDATE",2024-06-16 14:31:03 CST,8/38,90889,LOG,00000,"execute S_7: UPDATE bmsql_stock     SET s_quantity = $1, s_ytd = s_ytd + $2,         s_order_cnt = s_order_cnt + 1,         s_remote_cnt = s_remote_cnt + $3     WHERE s_w_id = $4 AND s_i_id = $5","parameters: $1 = '102', $2 = '1', $3 = '0', $4 = '1', $5 = '17'",,,,,,,,"","client backend"
2024-06-16 14:33:52.338 CST,"raingage","benchmark",15272,"127.0.0.1:45216",666e86a7.3ba8,522,"COMMIT",2024-06-16 14:31:03 CST,8/38,90889,LOG,00000,"execute S_2: COMMIT",,,,,,,,,"","client backend"
2024-06-16 14:33:52.356 CST,"raingage","benchmark",15272,"127.0.0.1:45216",666e86a7.3ba8,523,"BEGIN",2024-06-16 14:31:03 CST,8/39,0,LOG,00000,"execute S_3: BEGIN",,,,,,,,,"","client backend"
2024-06-16 14:33:52.370 CST,"raingage","benchmark",15272,"127.0.0.1:45216",666e86a7.3ba8,524,"SELECT",2024-06-16 14:31:03 CST,8/39,0,LOG,00000,"execute S_4: SELECT d_tax, d_next_o_id     FROM bmsql_district     WHERE d_w_id = $1 AND d_id = $2 ","parameters: $1 = '1', $2 = '2'",,,,,,,,"","client backend"
2024-06-16 14:33:52.402 CST,"raingage","benchmark",15271,"127.0.0.1:45214",666e86a7.3ba7,1014,"SELECT",2024-06-16 14:31:03 CST,7/74,90891,LOG,00000,"execute S_1: SELECT c_discount, c_last, c_credit, w_tax     FROM bmsql_customer     JOIN bmsql_warehouse ON (w_id = c_w_id)     WHERE c_w_id = $1 AND c_d_id = $2 AND c_id = $3 FOR UPDATE","parameters: $1 = '1', $2 = '2', $3 = '54'",,,,,,,,"","client backend"
2024-06-16 14:33:52.435 CST,"raingage","benchmark",15272,"127.0.0.1:45216",666e86a7.3ba8,525,"SELECT",2024-06-16 14:31:03 CST,8/39,0,LOG,00000,"execute S_1: SELECT c_discount, c_last, c_credit, w_tax     FROM bmsql_customer     JOIN bmsql_warehouse ON (w_id = c_w_id)     WHERE c_w_id = $1 AND c_d_id = $2 AND c_id = $3 FOR UPDATE","parameters: $1 = '1', $2 = '2', $3 = '62'",,,,,,,,"","client backend"
2024-06-16 14:33:52.468 CST,"raingage","benchmark",15271,"127.0.0.1:45214",666e86a7.3ba7,1015,"SELECT",2024-06-16 14:31:03 CST,7/74,90891,LOG,00000,"execute S_1: SELECT c_discount, c_last, c_credit, w_tax     FROM bmsql_customer     JOIN bmsql_warehouse ON (w_id = c_w_id)     WHERE c_w_id = $1 AND c_d_id = $2 AND c_id = $3 FOR UPDATE","parameters: $1 = '1', $2 = '2', $3 = '54'",,,,,,,,"","client backend"
2024-06-16 14:33:52.532 CST,"raingage","benchmark",15271,"127.0.0.1:45214",666e86a7.3ba7,1016,"SELECT",2024-06-16 14:31:03 CST,7/74,90891,LOG,00000,"execute S_1: SELECT c_discount, c_last, c_credit, w_tax     FROM bmsql_customer     JOIN bmsql_warehouse ON (w_id = c_w_id)     WHERE c_w_id = $1 AND c_d_id = $2 AND c_id = $3 FOR UPDATE","parameters: $1 = '1', $2 = '2', $3 = '54'",,,,,,,,"","client backend"
2024-06-16 14:33:52.599 CST,"raingage","benchmark",15271,"127.0.0.1:45214",666e86a7.3ba7,1017,"SELECT",2024-06-16 14:31:03 CST,7/74,90891,LOG,00000,"execute S_1: SELECT c_discount, c_last, c_credit, w_tax     FROM bmsql_customer     JOIN bmsql_warehouse ON (w_id = c_w_id)     WHERE c_w_id = $1 AND c_d_id = $2 AND c_id = $3 FOR UPDATE","parameters: $1 = '1', $2 = '2', $3 = '54'",,,,,,,,"","client backend"
2024-06-16 14:33:52.667 CST,"raingage","benchmark",15271,"127.0.0.1:45214",666e86a7.3ba7,1018,"SELECT",2024-06-16 14:31:03 CST,7/74,90891,LOG,00000,"execute S_1: SELECT c_discount, c_last, c_credit, w_tax     FROM bmsql_customer     JOIN bmsql_warehouse ON (w_id = c_w_id)     WHERE c_w_id = $1 AND c_d_id = $2 AND c_id = $3 FOR UPDATE","parameters: $1 = '1', $2 = '2', $3 = '54'",,,,,,,,"","client backend"
2024-06-16 14:33:52.734 CST,"raingage","benchmark",15271,"127.0.0.1:45214",666e86a7.3ba7,1019,"SELECT",2024-06-16 14:31:03 CST,7/74,90891,LOG,00000,"execute S_1: SELECT c_discount, c_last, c_credit, w_tax     FROM bmsql_customer     JOIN bmsql_warehouse ON (w_id = c_w_id)     WHERE c_w_id = $1 AND c_d_id = $2 AND c_id = $3 FOR UPDATE","parameters: $1 = '1', $2 = '2', $3 = '54'",,,,,,,,"","client backend"
2024-06-16 14:33:52.796 CST,"raingage","benchmark",15271,"127.0.0.1:45214",666e86a7.3ba7,1020,"SELECT",2024-06-16 14:31:03 CST,7/74,90891,LOG,00000,"execute S_1: SELECT c_discount, c_last, c_credit, w_tax     FROM bmsql_customer     JOIN bmsql_warehouse ON (w_id = c_w_id)     WHERE c_w_id = $1 AND c_d_id = $2 AND c_id = $3 FOR UPDATE","parameters: $1 = '1', $2 = '2', $3 = '54'",,,,,,,,"","client backend"
2024-06-16 14:33:52.814 CST,"raingage","benchmark",15271,"127.0.0.1:45214",666e86a7.3ba7,1021,"SELECT",2024-06-16 14:31:03 CST,7/74,90891,LOG,00000,"execute S_5: SELECT i_price, i_name, i_data     FROM bmsql_item     WHERE i_id = $1","parameters: $1 = '17'",,,,,,,,"","client backend"
2024-06-16 14:33:52.834 CST,"raingage","benchmark",15271,"127.0.0.1:45214",666e86a7.3ba7,1022,"SELECT",2024-06-16 14:31:03 CST,7/74,90891,LOG,00000,"execute S_6: SELECT s_quantity, s_data,        s_dist_01, s_dist_02, s_dist_03, s_dist_04,        s_dist_05, s_dist_06, s_dist_07, s_dist_08,        s_dist_09, s_dist_10     FROM bmsql_stock     WHERE s_w_id = $1 AND s_i_id = $2  FOR UPDATE","parameters: $1 = '1', $2 = '17'",,,,,,,,"","client backend"
2024-06-16 14:33:52.852 CST,"raingage","benchmark",15271,"127.0.0.1:45214",666e86a7.3ba7,1023,"UPDATE",2024-06-16 14:31:03 CST,7/74,90891,LOG,00000,"execute S_7: UPDATE bmsql_stock     SET s_quantity = $1, s_ytd = s_ytd + $2,         s_order_cnt = s_order_cnt + 1,         s_remote_cnt = s_remote_cnt + $3     WHERE s_w_id = $4 AND s_i_id = $5","parameters: $1 = '100', $2 = '2', $3 = '0', $4 = '1', $5 = '17'",,,,,,,,"","client backend"
2024-06-16 14:33:52.863 CST,"raingage","benchmark",15271,"127.0.0.1:45214",666e86a7.3ba7,1024,"COMMIT",2024-06-16 14:31:03 CST,7/74,90891,LOG,00000,"execute S_2: COMMIT",,,,,,,,,"","client backend"
2024-06-16 14:33:52.880 CST,"raingage","benchmark",15271,"127.0.0.1:45214",666e86a7.3ba7,1025,"BEGIN",2024-06-16 14:31:03 CST,7/75,0,LOG,00000,"execute S_3: BEGIN",,,,,,,,,"","client backend"
2024-06-16 14:33:52.898 CST,"raingage","benchmark",15271,"127.0.0.1:45214",666e86a7.3ba7,1026,"SELECT",2024-06-16 14:31:03 CST,7/75,0,LOG,00000,"execute S_4: SELECT d_tax, d_next_o_id     FROM bmsql_district     WHERE d_w_id = $1 AND d_id = $2 ","parameters: $1 = '1', $2 = '2'",,,,,,,,"","client backend"
2024-06-16 14:33:52.931 CST,"raingage","benchmark",15269,"127.0.0.1:45210",666e86a6.3ba5,892,"SELECT",2024-06-16 14:31:02 CST,5/65,90890,LOG,00000,"execute S_1: SELECT c_discount, c_last, c_credit, w_tax     FROM bmsql_customer     JOIN bmsql_warehouse ON (w_id = c_w_id)     WHERE c_w_id = $1 AND c_d_id = $2 AND c_id = $3 FOR UPDATE","parameters: $1 = '1', $2 = '2', $3 = '62'",,,,,,,,"","client backend"
2024-06-16 14:33:52.967 CST,"raingage","benchmark",15271,"127.0.0.1:45214",666e86a7.3ba7,1027,"SELECT",2024-06-16 14:31:03 CST,7/75,0,LOG,00000,"execute S_1: SELECT c_discount, c_last, c_credit, w_tax     FROM bmsql_customer     JOIN bmsql_warehouse ON (w_id = c_w_id)     WHERE c_w_id = $1 AND c_d_id = $2 AND c_id = $3 FOR UPDATE","parameters: $1 = '1', $2 = '2', $3 = '77'",,,,,,,,"","client backend"
2024-06-16 14:33:52.999 CST,"raingage","benchmark",15269,"127.0.0.1:45210",666e86a6.3ba5,893,"SELECT",2024-06-16 14:31:02 CST,5/65,90890,LOG,00000,"execute S_1: SELECT c_discount, c_last, c_credit, w_tax     FROM bmsql_customer     JOIN bmsql_warehouse ON (w_id = c_w_id)     WHERE c_w_id = $1 AND c_d_id = $2 AND c_id = $3 FOR UPDATE","parameters: $1 = '1', $2 = '2', $3 = '62'",,,,,,,,"","client backend"
2024-06-16 14:33:53.069 CST,"raingage","benchmark",15269,"127.0.0.1:45210",666e86a6.3ba5,894,"SELECT",2024-06-16 14:31:02 CST,5/65,90890,LOG,00000,"execute S_1: SELECT c_discount, c_last, c_credit, w_tax     FROM bmsql_customer     JOIN bmsql_warehouse ON (w_id = c_w_id)     WHERE c_w_id = $1 AND c_d_id = $2 AND c_id = $3 FOR UPDATE","parameters: $1 = '1', $2 = '2', $3 = '62'",,,,,,,,"","client backend"
2024-06-16 14:33:53.132 CST,"raingage","benchmark",15269,"127.0.0.1:45210",666e86a6.3ba5,895,"SELECT",2024-06-16 14:31:02 CST,5/65,90890,LOG,00000,"execute S_1: SELECT c_discount, c_last, c_credit, w_tax     FROM bmsql_customer     JOIN bmsql_warehouse ON (w_id = c_w_id)     WHERE c_w_id = $1 AND c_d_id = $2 AND c_id = $3 FOR UPDATE","parameters: $1 = '1', $2 = '2', $3 = '62'",,,,,,,,"","client backend"
2024-06-16 14:33:53.200 CST,"raingage","benchmark",15269,"127.0.0.1:45210",666e86a6.3ba5,896,"SELECT",2024-06-16 14:31:02 CST,5/65,90890,LOG,00000,"execute S_1: SELECT c_discount, c_last, c_credit, w_tax     FROM bmsql_customer     JOIN bmsql_warehouse ON (w_id = c_w_id)     WHERE c_w_id = $1 AND c_d_id = $2 AND c_id = $3 FOR UPDATE","parameters: $1 = '1', $2 = '2', $3 = '62'",,,,,,,,"","client backend"
2024-06-16 14:33:53.265 CST,"raingage","benchmark",15269,"127.0.0.1:45210",666e86a6.3ba5,897,"SELECT",2024-06-16 14:31:02 CST,5/65,90890,LOG,00000,"execute S_1: SELECT c_discount, c_last, c_credit, w_tax     FROM bmsql_customer     JOIN bmsql_warehouse ON (w_id = c_w_id)     WHERE c_w_id = $1 AND c_d_id = $2 AND c_id = $3 FOR UPDATE","parameters: $1 = '1', $2 = '2', $3 = '62'",,,,,,,,"","client backend"
2024-06-16 14:33:53.336 CST,"raingage","benchmark",15269,"127.0.0.1:45210",666e86a6.3ba5,898,"SELECT",2024-06-16 14:31:02 CST,5/65,90890,LOG,00000,"execute S_1: SELECT c_discount, c_last, c_credit, w_tax     FROM bmsql_customer     JOIN bmsql_warehouse ON (w_id = c_w_id)     WHERE c_w_id = $1 AND c_d_id = $2 AND c_id = $3 FOR UPDATE","parameters: $1 = '1', $2 = '2', $3 = '62'",,,,,,,,"","client backend"
2024-06-16 14:33:53.339 CST,"raingage","benchmark",15269,"127.0.0.1:45210",666e86a6.3ba5,899,"SELECT",2024-06-16 14:31:02 CST,5/65,90890,LOG,00000,"execute S_6: SELECT i_price, i_name, i_data     FROM bmsql_item     WHERE i_id = $1","parameters: $1 = '99'",,,,,,,,"","client backend"
2024-06-16 14:33:53.356 CST,"raingage","benchmark",15269,"127.0.0.1:45210",666e86a6.3ba5,900,"SELECT",2024-06-16 14:31:02 CST,5/65,90890,LOG,00000,"execute S_7: SELECT s_quantity, s_data,        s_dist_01, s_dist_02, s_dist_03, s_dist_04,        s_dist_05, s_dist_06, s_dist_07, s_dist_08,        s_dist_09, s_dist_10     FROM bmsql_stock     WHERE s_w_id = $1 AND s_i_id = $2  FOR UPDATE","parameters: $1 = '1', $2 = '99'",,,,,,,,"","client backend"
2024-06-16 14:33:53.372 CST,"raingage","benchmark",15269,"127.0.0.1:45210",666e86a6.3ba5,901,"UPDATE",2024-06-16 14:31:02 CST,5/65,90890,LOG,00000,"execute S_8: UPDATE bmsql_stock     SET s_quantity = $1, s_ytd = s_ytd + $2,         s_order_cnt = s_order_cnt + 1,         s_remote_cnt = s_remote_cnt + $3     WHERE s_w_id = $4 AND s_i_id = $5","parameters: $1 = '69', $2 = '2', $3 = '0', $4 = '1', $5 = '99'",,,,,,,,"","client backend"
2024-06-16 14:33:53.392 CST,"raingage","benchmark",15269,"127.0.0.1:45210",666e86a6.3ba5,902,"COMMIT",2024-06-16 14:31:02 CST,5/65,90890,LOG,00000,"execute S_3: COMMIT",,,,,,,,,"","client backend"
2024-06-16 14:33:53.413 CST,"raingage","benchmark",15269,"127.0.0.1:45210",666e86a6.3ba5,903,"BEGIN",2024-06-16 14:31:02 CST,5/66,0,LOG,00000,"execute S_4: BEGIN",,,,,,,,,"","client backend"
2024-06-16 14:33:53.432 CST,"raingage","benchmark",15269,"127.0.0.1:45210",666e86a6.3ba5,904,"SELECT",2024-06-16 14:31:02 CST,5/66,0,LOG,00000,"execute S_5: SELECT d_tax, d_next_o_id     FROM bmsql_district     WHERE d_w_id = $1 AND d_id = $2 ","parameters: $1 = '1', $2 = '2'",,,,,,,,"","client backend"
2024-06-16 14:33:53.457 CST,"raingage","benchmark",15272,"127.0.0.1:45216",666e86a7.3ba8,526,"SELECT",2024-06-16 14:31:03 CST,8/39,90893,LOG,00000,"execute S_1: SELECT c_discount, c_last, c_credit, w_tax     FROM bmsql_customer     JOIN bmsql_warehouse ON (w_id = c_w_id)     WHERE c_w_id = $1 AND c_d_id = $2 AND c_id = $3 FOR UPDATE","parameters: $1 = '1', $2 = '2', $3 = '62'",,,,,,,,"","client backend"
2024-06-16 14:33:53.500 CST,"raingage","benchmark",15269,"127.0.0.1:45210",666e86a6.3ba5,905,"SELECT",2024-06-16 14:31:02 CST,5/66,0,LOG,00000,"execute S_1: SELECT c_discount, c_last, c_credit, w_tax     FROM bmsql_customer     JOIN bmsql_warehouse ON (w_id = c_w_id)     WHERE c_w_id = $1 AND c_d_id = $2 AND c_id = $3 FOR UPDATE","parameters: $1 = '1', $2 = '2', $3 = '73'",,,,,,,,"","client backend"
2024-06-16 14:33:53.528 CST,"raingage","benchmark",15272,"127.0.0.1:45216",666e86a7.3ba8,527,"SELECT",2024-06-16 14:31:03 CST,8/39,90893,LOG,00000,"execute S_1: SELECT c_discount, c_last, c_credit, w_tax     FROM bmsql_customer     JOIN bmsql_warehouse ON (w_id = c_w_id)     WHERE c_w_id = $1 AND c_d_id = $2 AND c_id = $3 FOR UPDATE","parameters: $1 = '1', $2 = '2', $3 = '62'",,,,,,,,"","client backend"
2024-06-16 14:33:53.599 CST,"raingage","benchmark",15272,"127.0.0.1:45216",666e86a7.3ba8,528,"SELECT",2024-06-16 14:31:03 CST,8/39,90893,LOG,00000,"execute S_1: SELECT c_discount, c_last, c_credit, w_tax     FROM bmsql_customer     JOIN bmsql_warehouse ON (w_id = c_w_id)     WHERE c_w_id = $1 AND c_d_id = $2 AND c_id = $3 FOR UPDATE","parameters: $1 = '1', $2 = '2', $3 = '62'",,,,,,,,"","client backend"
2024-06-16 14:33:53.665 CST,"raingage","benchmark",15272,"127.0.0.1:45216",666e86a7.3ba8,529,"SELECT",2024-06-16 14:31:03 CST,8/39,90893,LOG,00000,"execute S_1: SELECT c_discount, c_last, c_credit, w_tax     FROM bmsql_customer     JOIN bmsql_warehouse ON (w_id = c_w_id)     WHERE c_w_id = $1 AND c_d_id = $2 AND c_id = $3 FOR UPDATE","parameters: $1 = '1', $2 = '2', $3 = '62'",,,,,,,,"","client backend"
2024-06-16 14:33:53.726 CST,"raingage","benchmark",15272,"127.0.0.1:45216",666e86a7.3ba8,530,"SELECT",2024-06-16 14:31:03 CST,8/39,90893,LOG,00000,"execute S_1: SELECT c_discount, c_last, c_credit, w_tax     FROM bmsql_customer     JOIN bmsql_warehouse ON (w_id = c_w_id)     WHERE c_w_id = $1 AND c_d_id = $2 AND c_id = $3 FOR UPDATE","parameters: $1 = '1', $2 = '2', $3 = '62'",,,,,,,,"","client backend"
2024-06-16 14:33:53.793 CST,"raingage","benchmark",15272,"127.0.0.1:45216",666e86a7.3ba8,531,"SELECT",2024-06-16 14:31:03 CST,8/39,90893,LOG,00000,"execute S_1: SELECT c_discount, c_last, c_credit, w_tax     FROM bmsql_customer     JOIN bmsql_warehouse ON (w_id = c_w_id)     WHERE c_w_id = $1 AND c_d_id = $2 AND c_id = $3 FOR UPDATE","parameters: $1 = '1', $2 = '2', $3 = '62'",,,,,,,,"","client backend"
2024-06-16 14:33:53.865 CST,"raingage","benchmark",15272,"127.0.0.1:45216",666e86a7.3ba8,532,"SELECT",2024-06-16 14:31:03 CST,8/39,90893,LOG,00000,"execute S_1: SELECT c_discount, c_last, c_credit, w_tax     FROM bmsql_customer     JOIN bmsql_warehouse ON (w_id = c_w_id)     WHERE c_w_id = $1 AND c_d_id = $2 AND c_id = $3 FOR UPDATE","parameters: $1 = '1', $2 = '2', $3 = '62'",,,,,,,,"","client backend"
2024-06-16 14:33:53.883 CST,"raingage","benchmark",15272,"127.0.0.1:45216",666e86a7.3ba8,533,"SELECT",2024-06-16 14:31:03 CST,8/39,90893,LOG,00000,"execute S_5: SELECT i_price, i_name, i_data     FROM bmsql_item     WHERE i_id = $1","parameters: $1 = '99'",,,,,,,,"","client backend"
2024-06-16 14:33:53.900 CST,"raingage","benchmark",15272,"127.0.0.1:45216",666e86a7.3ba8,534,"SELECT",2024-06-16 14:31:03 CST,8/39,90893,LOG,00000,"execute S_6: SELECT s_quantity, s_data,        s_dist_01, s_dist_02, s_dist_03, s_dist_04,        s_dist_05, s_dist_06, s_dist_07, s_dist_08,        s_dist_09, s_dist_10     FROM bmsql_stock     WHERE s_w_id = $1 AND s_i_id = $2  FOR UPDATE","parameters: $1 = '1', $2 = '99'",,,,,,,,"","client backend"
2024-06-16 14:33:53.911 CST,"raingage","benchmark",15272,"127.0.0.1:45216",666e86a7.3ba8,535,"UPDATE",2024-06-16 14:31:03 CST,8/39,90893,LOG,00000,"execute S_7: UPDATE bmsql_stock     SET s_quantity = $1, s_ytd = s_ytd + $2,         s_order_cnt = s_order_cnt + 1,         s_remote_cnt = s_remote_cnt + $3     WHERE s_w_id = $4 AND s_i_id = $5","parameters: $1 = '65', $2 = '4', $3 = '0', $4 = '1', $5 = '99'",,,,,,,,"","client backend"
2024-06-16 14:33:53.933 CST,"raingage","benchmark",15272,"127.0.0.1:45216",666e86a7.3ba8,536,"COMMIT",2024-06-16 14:31:03 CST,8/39,90893,LOG,00000,"execute S_2: COMMIT",,,,,,,,,"","client backend"
2024-06-16 14:33:53.953 CST,"raingage","benchmark",15272,"127.0.0.1:45216",666e86a7.3ba8,537,"BEGIN",2024-06-16 14:31:03 CST,8/40,0,LOG,00000,"execute S_3: BEGIN",,,,,,,,,"","client backend"
2024-06-16 14:33:53.968 CST,"raingage","benchmark",15272,"127.0.0.1:45216",666e86a7.3ba8,538,"SELECT",2024-06-16 14:31:03 CST,8/40,0,LOG,00000,"execute S_4: SELECT d_tax, d_next_o_id     FROM bmsql_district     WHERE d_w_id = $1 AND d_id = $2 ","parameters: $1 = '1', $2 = '2'",,,,,,,,"","client backend"
2024-06-16 14:33:54.003 CST,"raingage","benchmark",15271,"127.0.0.1:45214",666e86a7.3ba7,1028,"SELECT",2024-06-16 14:31:03 CST,7/75,90892,LOG,00000,"execute S_1: SELECT c_discount, c_last, c_credit, w_tax     FROM bmsql_customer     JOIN bmsql_warehouse ON (w_id = c_w_id)     WHERE c_w_id = $1 AND c_d_id = $2 AND c_id = $3 FOR UPDATE","parameters: $1 = '1', $2 = '2', $3 = '77'",,,,,,,,"","client backend"
2024-06-16 14:33:54.038 CST,"raingage","benchmark",15272,"127.0.0.1:45216",666e86a7.3ba8,539,"SELECT",2024-06-16 14:31:03 CST,8/40,0,LOG,00000,"execute S_1: SELECT c_discount, c_last, c_credit, w_tax     FROM bmsql_customer     JOIN bmsql_warehouse ON (w_id = c_w_id)     WHERE c_w_id = $1 AND c_d_id = $2 AND c_id = $3 FOR UPDATE","parameters: $1 = '1', $2 = '2', $3 = '73'",,,,,,,,"","client backend"
2024-06-16 14:33:54.069 CST,"raingage","benchmark",15271,"127.0.0.1:45214",666e86a7.3ba7,1029,"SELECT",2024-06-16 14:31:03 CST,7/75,90892,LOG,00000,"execute S_1: SELECT c_discount, c_last, c_credit, w_tax     FROM bmsql_customer     JOIN bmsql_warehouse ON (w_id = c_w_id)     WHERE c_w_id = $1 AND c_d_id = $2 AND c_id = $3 FOR UPDATE","parameters: $1 = '1', $2 = '2', $3 = '77'",,,,,,,,"","client backend"
2024-06-16 14:33:54.139 CST,"raingage","benchmark",15271,"127.0.0.1:45214",666e86a7.3ba7,1030,"SELECT",2024-06-16 14:31:03 CST,7/75,90892,LOG,00000,"execute S_1: SELECT c_discount, c_last, c_credit, w_tax     FROM bmsql_customer     JOIN bmsql_warehouse ON (w_id = c_w_id)     WHERE c_w_id = $1 AND c_d_id = $2 AND c_id = $3 FOR UPDATE","parameters: $1 = '1', $2 = '2', $3 = '77'",,,,,,,,"","client backend"
2024-06-16 14:33:54.210 CST,"raingage","benchmark",15271,"127.0.0.1:45214",666e86a7.3ba7,1031,"SELECT",2024-06-16 14:31:03 CST,7/75,90892,LOG,00000,"execute S_1: SELECT c_discount, c_last, c_credit, w_tax     FROM bmsql_customer     JOIN bmsql_warehouse ON (w_id = c_w_id)     WHERE c_w_id = $1 AND c_d_id = $2 AND c_id = $3 FOR UPDATE","parameters: $1 = '1', $2 = '2', $3 = '77'",,,,,,,,"","client backend"
2024-06-16 14:33:54.276 CST,"raingage","benchmark",15271,"127.0.0.1:45214",666e86a7.3ba7,1032,"SELECT",2024-06-16 14:31:03 CST,7/75,90892,LOG,00000,"execute S_1: SELECT c_discount, c_last, c_credit, w_tax     FROM bmsql_customer     JOIN bmsql_warehouse ON (w_id = c_w_id)     WHERE c_w_id = $1 AND c_d_id = $2 AND c_id = $3 FOR UPDATE","parameters: $1 = '1', $2 = '2', $3 = '77'",,,,,,,,"","client backend"
2024-06-16 14:33:54.344 CST,"raingage","benchmark",15271,"127.0.0.1:45214",666e86a7.3ba7,1033,"SELECT",2024-06-16 14:31:03 CST,7/75,90892,LOG,00000,"execute S_1: SELECT c_discount, c_last, c_credit, w_tax     FROM bmsql_customer     JOIN bmsql_warehouse ON (w_id = c_w_id)     WHERE c_w_id = $1 AND c_d_id = $2 AND c_id = $3 FOR UPDATE","parameters: $1 = '1', $2 = '2', $3 = '77'",,,,,,,,"","client backend"
2024-06-16 14:33:54.413 CST,"raingage","benchmark",15271,"127.0.0.1:45214",666e86a7.3ba7,1034,"SELECT",2024-06-16 14:31:03 CST,7/75,90892,LOG,00000,"execute S_1: SELECT c_discount, c_last, c_credit, w_tax     FROM bmsql_customer     JOIN bmsql_warehouse ON (w_id = c_w_id)     WHERE c_w_id = $1 AND c_d_id = $2 AND c_id = $3 FOR UPDATE","parameters: $1 = '1', $2 = '2', $3 = '77'",,,,,,,,"","client backend"
2024-06-16 14:33:54.426 CST,"raingage","benchmark",15271,"127.0.0.1:45214",666e86a7.3ba7,1035,"SELECT",2024-06-16 14:31:03 CST,7/75,90892,LOG,00000,"execute S_5: SELECT i_price, i_name, i_data     FROM bmsql_item     WHERE i_id = $1","parameters: $1 = '38'",,,,,,,,"","client backend"
2024-06-16 14:33:54.447 CST,"raingage","benchmark",15271,"127.0.0.1:45214",666e86a7.3ba7,1036,"SELECT",2024-06-16 14:31:03 CST,7/75,90892,LOG,00000,"execute S_6: SELECT s_quantity, s_data,        s_dist_01, s_dist_02, s_dist_03, s_dist_04,        s_dist_05, s_dist_06, s_dist_07, s_dist_08,        s_dist_09, s_dist_10     FROM bmsql_stock     WHERE s_w_id = $1 AND s_i_id = $2  FOR UPDATE","parameters: $1 = '1', $2 = '38'",,,,,,,,"","client backend"
2024-06-16 14:33:54.464 CST,"raingage","benchmark",15271,"127.0.0.1:45214",666e86a7.3ba7,1037,"UPDATE",2024-06-16 14:31:03 CST,7/75,90892,LOG,00000,"execute S_7: UPDATE bmsql_stock     SET s_quantity = $1, s_ytd = s_ytd + $2,         s_order_cnt = s_order_cnt + 1,         s_remote_cnt = s_remote_cnt + $3     WHERE s_w_id = $4 AND s_i_id = $5","parameters: $1 = '48', $2 = '3', $3 = '0', $4 = '1', $5 = '38'",,,,,,,,"","client backend"
2024-06-16 14:33:54.478 CST,"raingage","benchmark",15271,"127.0.0.1:45214",666e86a7.3ba7,1038,"COMMIT",2024-06-16 14:31:03 CST,7/75,90892,LOG,00000,"execute S_2: COMMIT",,,,,,,,,"","client backend"
2024-06-16 14:33:54.500 CST,"raingage","benchmark",15271,"127.0.0.1:45214",666e86a7.3ba7,1039,"BEGIN",2024-06-16 14:31:03 CST,7/76,0,LOG,00000,"execute S_3: BEGIN",,,,,,,,,"","client backend"
2024-06-16 14:33:54.517 CST,"raingage","benchmark",15271,"127.0.0.1:45214",666e86a7.3ba7,1040,"SELECT",2024-06-16 14:31:03 CST,7/76,0,LOG,00000,"execute S_4: SELECT d_tax, d_next_o_id     FROM bmsql_district     WHERE d_w_id = $1 AND d_id = $2 ","parameters: $1 = '1', $2 = '2'",,,,,,,,"","client backend"
2024-06-16 14:33:54.551 CST,"raingage","benchmark",15269,"127.0.0.1:45210",666e86a6.3ba5,906,"SELECT",2024-06-16 14:31:02 CST,5/66,90894,LOG,00000,"execute S_1: SELECT c_discount, c_last, c_credit, w_tax     FROM bmsql_customer     JOIN bmsql_warehouse ON (w_id = c_w_id)     WHERE c_w_id = $1 AND c_d_id = $2 AND c_id = $3 FOR UPDATE","parameters: $1 = '1', $2 = '2', $3 = '73'",,,,,,,,"","client backend"
2024-06-16 14:33:54.579 CST,"raingage","benchmark",15271,"127.0.0.1:45214",666e86a7.3ba7,1041,"SELECT",2024-06-16 14:31:03 CST,7/76,0,LOG,00000,"execute S_1: SELECT c_discount, c_last, c_credit, w_tax     FROM bmsql_customer     JOIN bmsql_warehouse ON (w_id = c_w_id)     WHERE c_w_id = $1 AND c_d_id = $2 AND c_id = $3 FOR UPDATE","parameters: $1 = '1', $2 = '2', $3 = '53'",,,,,,,,"","client backend"
2024-06-16 14:33:54.617 CST,"raingage","benchmark",15269,"127.0.0.1:45210",666e86a6.3ba5,907,"SELECT",2024-06-16 14:31:02 CST,5/66,90894,LOG,00000,"execute S_1: SELECT c_discount, c_last, c_credit, w_tax     FROM bmsql_customer     JOIN bmsql_warehouse ON (w_id = c_w_id)     WHERE c_w_id = $1 AND c_d_id = $2 AND c_id = $3 FOR UPDATE","parameters: $1 = '1', $2 = '2', $3 = '73'",,,,,,,,"","client backend"
2024-06-16 14:33:54.683 CST,"raingage","benchmark",15269,"127.0.0.1:45210",666e86a6.3ba5,908,"SELECT",2024-06-16 14:31:02 CST,5/66,90894,LOG,00000,"execute S_1: SELECT c_discount, c_last, c_credit, w_tax     FROM bmsql_customer     JOIN bmsql_warehouse ON (w_id = c_w_id)     WHERE c_w_id = $1 AND c_d_id = $2 AND c_id = $3 FOR UPDATE","parameters: $1 = '1', $2 = '2', $3 = '73'",,,,,,,,"","client backend"
2024-06-16 14:33:54.748 CST,"raingage","benchmark",15269,"127.0.0.1:45210",666e86a6.3ba5,909,"SELECT",2024-06-16 14:31:02 CST,5/66,90894,LOG,00000,"execute S_1: SELECT c_discount, c_last, c_credit, w_tax     FROM bmsql_customer     JOIN bmsql_warehouse ON (w_id = c_w_id)     WHERE c_w_id = $1 AND c_d_id = $2 AND c_id = $3 FOR UPDATE","parameters: $1 = '1', $2 = '2', $3 = '73'",,,,,,,,"","client backend"
2024-06-16 14:33:54.813 CST,"raingage","benchmark",15269,"127.0.0.1:45210",666e86a6.3ba5,910,"SELECT",2024-06-16 14:31:02 CST,5/66,90894,LOG,00000,"execute S_1: SELECT c_discount, c_last, c_credit, w_tax     FROM bmsql_customer     JOIN bmsql_warehouse ON (w_id = c_w_id)     WHERE c_w_id = $1 AND c_d_id = $2 AND c_id = $3 FOR UPDATE","parameters: $1 = '1', $2 = '2', $3 = '73'",,,,,,,,"","client backend"
2024-06-16 14:33:54.886 CST,"raingage","benchmark",15269,"127.0.0.1:45210",666e86a6.3ba5,911,"SELECT",2024-06-16 14:31:02 CST,5/66,90894,LOG,00000,"execute S_1: SELECT c_discount, c_last, c_credit, w_tax     FROM bmsql_customer     JOIN bmsql_warehouse ON (w_id = c_w_id)     WHERE c_w_id = $1 AND c_d_id = $2 AND c_id = $3 FOR UPDATE","parameters: $1 = '1', $2 = '2', $3 = '73'",,,,,,,,"","client backend"
2024-06-16 14:33:54.958 CST,"raingage","benchmark",15269,"127.0.0.1:45210",666e86a6.3ba5,912,"SELECT",2024-06-16 14:31:02 CST,5/66,90894,LOG,00000,"execute S_1: SELECT c_discount, c_last, c_credit, w_tax     FROM bmsql_customer     JOIN bmsql_warehouse ON (w_id = c_w_id)     WHERE c_w_id = $1 AND c_d_id = $2 AND c_id = $3 FOR UPDATE","parameters: $1 = '1', $2 = '2', $3 = '73'",,,,,,,,"","client backend"
2024-06-16 14:33:54.977 CST,"raingage","benchmark",15269,"127.0.0.1:45210",666e86a6.3ba5,913,"SELECT",2024-06-16 14:31:02 CST,5/66,90894,LOG,00000,"execute S_6: SELECT i_price, i_name, i_data     FROM bmsql_item     WHERE i_id = $1","parameters: $1 = '10'",,,,,,,,"","client backend"
2024-06-16 14:33:54.992 CST,"raingage","benchmark",15269,"127.0.0.1:45210",666e86a6.3ba5,914,"SELECT",2024-06-16 14:31:02 CST,5/66,90894,LOG,00000,"execute S_7: SELECT s_quantity, s_data,        s_dist_01, s_dist_02, s_dist_03, s_dist_04,        s_dist_05, s_dist_06, s_dist_07, s_dist_08,        s_dist_09, s_dist_10     FROM bmsql_stock     WHERE s_w_id = $1 AND s_i_id = $2  FOR UPDATE","parameters: $1 = '1', $2 = '10'",,,,,,,,"","client backend"
2024-06-16 14:33:55.011 CST,"raingage","benchmark",15269,"127.0.0.1:45210",666e86a6.3ba5,915,"UPDATE",2024-06-16 14:31:02 CST,5/66,90894,LOG,00000,"execute S_8: UPDATE bmsql_stock     SET s_quantity = $1, s_ytd = s_ytd + $2,         s_order_cnt = s_order_cnt + 1,         s_remote_cnt = s_remote_cnt + $3     WHERE s_w_id = $4 AND s_i_id = $5","parameters: $1 = '96', $2 = '3', $3 = '0', $4 = '1', $5 = '10'",,,,,,,,"","client backend"
2024-06-16 14:33:55.031 CST,"raingage","benchmark",15269,"127.0.0.1:45210",666e86a6.3ba5,916,"COMMIT",2024-06-16 14:31:02 CST,5/66,90894,LOG,00000,"execute S_3: COMMIT",,,,,,,,,"","client backend"
2024-06-16 14:33:55.048 CST,"raingage","benchmark",15269,"127.0.0.1:45210",666e86a6.3ba5,917,"BEGIN",2024-06-16 14:31:02 CST,5/67,0,LOG,00000,"execute S_4: BEGIN",,,,,,,,,"","client backend"
2024-06-16 14:33:55.067 CST,"raingage","benchmark",15269,"127.0.0.1:45210",666e86a6.3ba5,918,"SELECT",2024-06-16 14:31:02 CST,5/67,0,LOG,00000,"execute S_5: SELECT d_tax, d_next_o_id     FROM bmsql_district     WHERE d_w_id = $1 AND d_id = $2 ","parameters: $1 = '1', $2 = '2'",,,,,,,,"","client backend"
2024-06-16 14:33:55.102 CST,"raingage","benchmark",15271,"127.0.0.1:45214",666e86a7.3ba7,1042,"SELECT",2024-06-16 14:31:03 CST,7/76,90895,LOG,00000,"execute S_1: SELECT c_discount, c_last, c_credit, w_tax     FROM bmsql_customer     JOIN bmsql_warehouse ON (w_id = c_w_id)     WHERE c_w_id = $1 AND c_d_id = $2 AND c_id = $3 FOR UPDATE","parameters: $1 = '1', $2 = '2', $3 = '53'",,,,,,,,"","client backend"
2024-06-16 14:33:55.129 CST,"raingage","benchmark",15269,"127.0.0.1:45210",666e86a6.3ba5,919,"SELECT",2024-06-16 14:31:02 CST,5/67,0,LOG,00000,"execute S_1: SELECT c_discount, c_last, c_credit, w_tax     FROM bmsql_customer     JOIN bmsql_warehouse ON (w_id = c_w_id)     WHERE c_w_id = $1 AND c_d_id = $2 AND c_id = $3 FOR UPDATE","parameters: $1 = '1', $2 = '2', $3 = '53'",,,,,,,,"","client backend"
2024-06-16 14:33:55.168 CST,"raingage","benchmark",15271,"127.0.0.1:45214",666e86a7.3ba7,1043,"SELECT",2024-06-16 14:31:03 CST,7/76,90895,LOG,00000,"execute S_1: SELECT c_discount, c_last, c_credit, w_tax     FROM bmsql_customer     JOIN bmsql_warehouse ON (w_id = c_w_id)     WHERE c_w_id = $1 AND c_d_id = $2 AND c_id = $3 FOR UPDATE","parameters: $1 = '1', $2 = '2', $3 = '53'",,,,,,,,"","client backend"
2024-06-16 14:33:55.237 CST,"raingage","benchmark",15271,"127.0.0.1:45214",666e86a7.3ba7,1044,"SELECT",2024-06-16 14:31:03 CST,7/76,90895,LOG,00000,"execute S_1: SELECT c_discount, c_last, c_credit, w_tax     FROM bmsql_customer     JOIN bmsql_warehouse ON (w_id = c_w_id)     WHERE c_w_id = $1 AND c_d_id = $2 AND c_id = $3 FOR UPDATE","parameters: $1 = '1', $2 = '2', $3 = '53'",,,,,,,,"","client backend"
2024-06-16 14:33:55.308 CST,"raingage","benchmark",15271,"127.0.0.1:45214",666e86a7.3ba7,1045,"SELECT",2024-06-16 14:31:03 CST,7/76,90895,LOG,00000,"execute S_1: SELECT c_discount, c_last, c_credit, w_tax     FROM bmsql_customer     JOIN bmsql_warehouse ON (w_id = c_w_id)     WHERE c_w_id = $1 AND c_d_id = $2 AND c_id = $3 FOR UPDATE","parameters: $1 = '1', $2 = '2', $3 = '53'",,,,,,,,"","client backend"
2024-06-16 14:33:55.372 CST,"raingage","benchmark",15271,"127.0.0.1:45214",666e86a7.3ba7,1046,"SELECT",2024-06-16 14:31:03 CST,7/76,90895,LOG,00000,"execute S_1: SELECT c_discount, c_last, c_credit, w_tax     FROM bmsql_customer     JOIN bmsql_warehouse ON (w_id = c_w_id)     WHERE c_w_id = $1 AND c_d_id = $2 AND c_id = $3 FOR UPDATE","parameters: $1 = '1', $2 = '2', $3 = '53'",,,,,,,,"","client backend"
2024-06-16 14:33:55.434 CST,"raingage","benchmark",15271,"127.0.0.1:45214",666e86a7.3ba7,1047,"SELECT",2024-06-16 14:31:03 CST,7/76,90895,LOG,00000,"execute S_1: SELECT c_discount, c_last, c_credit, w_tax     FROM bmsql_customer     JOIN bmsql_warehouse ON (w_id = c_w_id)     WHERE c_w_id = $1 AND c_d_id = $2 AND c_id = $3 FOR UPDATE","parameters: $1 = '1', $2 = '2', $3 = '53'",,,,,,,,"","client backend"
2024-06-16 14:33:55.502 CST,"raingage","benchmark",15271,"127.0.0.1:45214",666e86a7.3ba7,1048,"SELECT",2024-06-16 14:31:03 CST,7/76,90895,LOG,00000,"execute S_1: SELECT c_discount, c_last, c_credit, w_tax     FROM bmsql_customer     JOIN bmsql_warehouse ON (w_id = c_w_id)     WHERE c_w_id = $1 AND c_d_id = $2 AND c_id = $3 FOR UPDATE","parameters: $1 = '1', $2 = '2', $3 = '53'",,,,,,,,"","client backend"
2024-06-16 14:33:55.522 CST,"raingage","benchmark",15271,"127.0.0.1:45214",666e86a7.3ba7,1049,"SELECT",2024-06-16 14:31:03 CST,7/76,90895,LOG,00000,"execute S_5: SELECT i_price, i_name, i_data     FROM bmsql_item     WHERE i_id = $1","parameters: $1 = '40'",,,,,,,,"","client backend"
2024-06-16 14:33:55.541 CST,"raingage","benchmark",15271,"127.0.0.1:45214",666e86a7.3ba7,1050,"SELECT",2024-06-16 14:31:03 CST,7/76,90895,LOG,00000,"execute S_6: SELECT s_quantity, s_data,        s_dist_01, s_dist_02, s_dist_03, s_dist_04,        s_dist_05, s_dist_06, s_dist_07, s_dist_08,        s_dist_09, s_dist_10     FROM bmsql_stock     WHERE s_w_id = $1 AND s_i_id = $2  FOR UPDATE","parameters: $1 = '1', $2 = '40'",,,,,,,,"","client backend"
2024-06-16 14:33:55.561 CST,"raingage","benchmark",15271,"127.0.0.1:45214",666e86a7.3ba7,1051,"UPDATE",2024-06-16 14:31:03 CST,7/76,90895,LOG,00000,"execute S_7: UPDATE bmsql_stock     SET s_quantity = $1, s_ytd = s_ytd + $2,         s_order_cnt = s_order_cnt + 1,         s_remote_cnt = s_remote_cnt + $3     WHERE s_w_id = $4 AND s_i_id = $5","parameters: $1 = '95', $2 = '1', $3 = '0', $4 = '1', $5 = '40'",,,,,,,,"","client backend"
2024-06-16 14:33:55.580 CST,"raingage","benchmark",15271,"127.0.0.1:45214",666e86a7.3ba7,1052,"COMMIT",2024-06-16 14:31:03 CST,7/76,90895,LOG,00000,"execute S_2: COMMIT",,,,,,,,,"","client backend"
2024-06-16 14:33:55.645 CST,"raingage","benchmark",15272,"127.0.0.1:45216",666e86a7.3ba8,540,"SELECT",2024-06-16 14:31:03 CST,8/40,90896,LOG,00000,"execute S_1: SELECT c_discount, c_last, c_credit, w_tax     FROM bmsql_customer     JOIN bmsql_warehouse ON (w_id = c_w_id)     WHERE c_w_id = $1 AND c_d_id = $2 AND c_id = $3 FOR UPDATE","parameters: $1 = '1', $2 = '2', $3 = '73'",,,,,,,,"","client backend"
2024-06-16 14:33:55.707 CST,"raingage","benchmark",15272,"127.0.0.1:45216",666e86a7.3ba8,541,"SELECT",2024-06-16 14:31:03 CST,8/40,90896,LOG,00000,"execute S_1: SELECT c_discount, c_last, c_credit, w_tax     FROM bmsql_customer     JOIN bmsql_warehouse ON (w_id = c_w_id)     WHERE c_w_id = $1 AND c_d_id = $2 AND c_id = $3 FOR UPDATE","parameters: $1 = '1', $2 = '2', $3 = '73'",,,,,,,,"","client backend"
2024-06-16 14:33:55.769 CST,"raingage","benchmark",15272,"127.0.0.1:45216",666e86a7.3ba8,542,"SELECT",2024-06-16 14:31:03 CST,8/40,90896,LOG,00000,"execute S_1: SELECT c_discount, c_last, c_credit, w_tax     FROM bmsql_customer     JOIN bmsql_warehouse ON (w_id = c_w_id)     WHERE c_w_id = $1 AND c_d_id = $2 AND c_id = $3 FOR UPDATE","parameters: $1 = '1', $2 = '2', $3 = '73'",,,,,,,,"","client backend"
2024-06-16 14:33:55.834 CST,"raingage","benchmark",15272,"127.0.0.1:45216",666e86a7.3ba8,543,"SELECT",2024-06-16 14:31:03 CST,8/40,90896,LOG,00000,"execute S_1: SELECT c_discount, c_last, c_credit, w_tax     FROM bmsql_customer     JOIN bmsql_warehouse ON (w_id = c_w_id)     WHERE c_w_id = $1 AND c_d_id = $2 AND c_id = $3 FOR UPDATE","parameters: $1 = '1', $2 = '2', $3 = '73'",,,,,,,,"","client backend"
2024-06-16 14:33:55.902 CST,"raingage","benchmark",15272,"127.0.0.1:45216",666e86a7.3ba8,544,"SELECT",2024-06-16 14:31:03 CST,8/40,90896,LOG,00000,"execute S_1: SELECT c_discount, c_last, c_credit, w_tax     FROM bmsql_customer     JOIN bmsql_warehouse ON (w_id = c_w_id)     WHERE c_w_id = $1 AND c_d_id = $2 AND c_id = $3 FOR UPDATE","parameters: $1 = '1', $2 = '2', $3 = '73'",,,,,,,,"","client backend"
2024-06-16 14:33:55.969 CST,"raingage","benchmark",15272,"127.0.0.1:45216",666e86a7.3ba8,545,"SELECT",2024-06-16 14:31:03 CST,8/40,90896,LOG,00000,"execute S_1: SELECT c_discount, c_last, c_credit, w_tax     FROM bmsql_customer     JOIN bmsql_warehouse ON (w_id = c_w_id)     WHERE c_w_id = $1 AND c_d_id = $2 AND c_id = $3 FOR UPDATE","parameters: $1 = '1', $2 = '2', $3 = '73'",,,,,,,,"","client backend"
2024-06-16 14:33:56.032 CST,"raingage","benchmark",15272,"127.0.0.1:45216",666e86a7.3ba8,546,"SELECT",2024-06-16 14:31:03 CST,8/40,90896,LOG,00000,"execute S_1: SELECT c_discount, c_last, c_credit, w_tax     FROM bmsql_customer     JOIN bmsql_warehouse ON (w_id = c_w_id)     WHERE c_w_id = $1 AND c_d_id = $2 AND c_id = $3 FOR UPDATE","parameters: $1 = '1', $2 = '2', $3 = '73'",,,,,,,,"","client backend"
2024-06-16 14:33:56.048 CST,"raingage","benchmark",15272,"127.0.0.1:45216",666e86a7.3ba8,547,"SELECT",2024-06-16 14:31:03 CST,8/40,90896,LOG,00000,"execute S_5: SELECT i_price, i_name, i_data     FROM bmsql_item     WHERE i_id = $1","parameters: $1 = '10'",,,,,,,,"","client backend"
2024-06-16 14:33:56.069 CST,"raingage","benchmark",15272,"127.0.0.1:45216",666e86a7.3ba8,548,"SELECT",2024-06-16 14:31:03 CST,8/40,90896,LOG,00000,"execute S_6: SELECT s_quantity, s_data,        s_dist_01, s_dist_02, s_dist_03, s_dist_04,        s_dist_05, s_dist_06, s_dist_07, s_dist_08,        s_dist_09, s_dist_10     FROM bmsql_stock     WHERE s_w_id = $1 AND s_i_id = $2  FOR UPDATE","parameters: $1 = '1', $2 = '10'",,,,,,,,"","client backend"
2024-06-16 14:33:56.086 CST,"raingage","benchmark",15272,"127.0.0.1:45216",666e86a7.3ba8,549,"UPDATE",2024-06-16 14:31:03 CST,8/40,90896,LOG,00000,"execute S_7: UPDATE bmsql_stock     SET s_quantity = $1, s_ytd = s_ytd + $2,         s_order_cnt = s_order_cnt + 1,         s_remote_cnt = s_remote_cnt + $3     WHERE s_w_id = $4 AND s_i_id = $5","parameters: $1 = '95', $2 = '1', $3 = '0', $4 = '1', $5 = '10'",,,,,,,,"","client backend"
2024-06-16 14:33:56.099 CST,"raingage","benchmark",15272,"127.0.0.1:45216",666e86a7.3ba8,550,"COMMIT",2024-06-16 14:31:03 CST,8/40,90896,LOG,00000,"execute S_2: COMMIT",,,,,,,,,"","client backend"
2024-06-16 14:33:56.114 CST,"raingage","benchmark",15272,"127.0.0.1:45216",666e86a7.3ba8,551,"BEGIN",2024-06-16 14:31:03 CST,8/41,0,LOG,00000,"execute S_3: BEGIN",,,,,,,,,"","client backend"
2024-06-16 14:33:56.125 CST,"raingage","benchmark",15272,"127.0.0.1:45216",666e86a7.3ba8,552,"SELECT",2024-06-16 14:31:03 CST,8/41,0,LOG,00000,"execute S_4: SELECT d_tax, d_next_o_id     FROM bmsql_district     WHERE d_w_id = $1 AND d_id = $2 ","parameters: $1 = '1', $2 = '2'",,,,,,,,"","client backend"
2024-06-16 14:33:56.167 CST,"raingage","benchmark",15269,"127.0.0.1:45210",666e86a6.3ba5,920,"SELECT",2024-06-16 14:31:02 CST,5/67,90897,LOG,00000,"execute S_1: SELECT c_discount, c_last, c_credit, w_tax     FROM bmsql_customer     JOIN bmsql_warehouse ON (w_id = c_w_id)     WHERE c_w_id = $1 AND c_d_id = $2 AND c_id = $3 FOR UPDATE","parameters: $1 = '1', $2 = '2', $3 = '53'",,,,,,,,"","client backend"
2024-06-16 14:33:56.192 CST,"raingage","benchmark",15272,"127.0.0.1:45216",666e86a7.3ba8,553,"SELECT",2024-06-16 14:31:03 CST,8/41,0,LOG,00000,"execute S_1: SELECT c_discount, c_last, c_credit, w_tax     FROM bmsql_customer     JOIN bmsql_warehouse ON (w_id = c_w_id)     WHERE c_w_id = $1 AND c_d_id = $2 AND c_id = $3 FOR UPDATE","parameters: $1 = '1', $2 = '2', $3 = '45'",,,,,,,,"","client backend"
2024-06-16 14:33:56.232 CST,"raingage","benchmark",15269,"127.0.0.1:45210",666e86a6.3ba5,921,"SELECT",2024-06-16 14:31:02 CST,5/67,90897,LOG,00000,"execute S_1: SELECT c_discount, c_last, c_credit, w_tax     FROM bmsql_customer     JOIN bmsql_warehouse ON (w_id = c_w_id)     WHERE c_w_id = $1 AND c_d_id = $2 AND c_id = $3 FOR UPDATE","parameters: $1 = '1', $2 = '2', $3 = '53'",,,,,,,,"","client backend"
2024-06-16 14:33:56.300 CST,"raingage","benchmark",15269,"127.0.0.1:45210",666e86a6.3ba5,922,"SELECT",2024-06-16 14:31:02 CST,5/67,90897,LOG,00000,"execute S_1: SELECT c_discount, c_last, c_credit, w_tax     FROM bmsql_customer     JOIN bmsql_warehouse ON (w_id = c_w_id)     WHERE c_w_id = $1 AND c_d_id = $2 AND c_id = $3 FOR UPDATE","parameters: $1 = '1', $2 = '2', $3 = '53'",,,,,,,,"","client backend"
2024-06-16 14:33:56.365 CST,"raingage","benchmark",15269,"127.0.0.1:45210",666e86a6.3ba5,923,"SELECT",2024-06-16 14:31:02 CST,5/67,90897,LOG,00000,"execute S_1: SELECT c_discount, c_last, c_credit, w_tax     FROM bmsql_customer     JOIN bmsql_warehouse ON (w_id = c_w_id)     WHERE c_w_id = $1 AND c_d_id = $2 AND c_id = $3 FOR UPDATE","parameters: $1 = '1', $2 = '2', $3 = '53'",,,,,,,,"","client backend"
2024-06-16 14:33:56.435 CST,"raingage","benchmark",15269,"127.0.0.1:45210",666e86a6.3ba5,924,"SELECT",2024-06-16 14:31:02 CST,5/67,90897,LOG,00000,"execute S_1: SELECT c_discount, c_last, c_credit, w_tax     FROM bmsql_customer     JOIN bmsql_warehouse ON (w_id = c_w_id)     WHERE c_w_id = $1 AND c_d_id = $2 AND c_id = $3 FOR UPDATE","parameters: $1 = '1', $2 = '2', $3 = '53'",,,,,,,,"","client backend"
2024-06-16 14:33:56.502 CST,"raingage","benchmark",15269,"127.0.0.1:45210",666e86a6.3ba5,925,"SELECT",2024-06-16 14:31:02 CST,5/67,90897,LOG,00000,"execute S_1: SELECT c_discount, c_last, c_credit, w_tax     FROM bmsql_customer     JOIN bmsql_warehouse ON (w_id = c_w_id)     WHERE c_w_id = $1 AND c_d_id = $2 AND c_id = $3 FOR UPDATE","parameters: $1 = '1', $2 = '2', $3 = '53'",,,,,,,,"","client backend"
2024-06-16 14:33:56.518 CST,"raingage","benchmark",15268,"127.0.0.1:45208",666e86a6.3ba4,929,"BEGIN",2024-06-16 14:31:02 CST,4/68,0,LOG,00000,"execute S_3: BEGIN",,,,,,,,,"","client backend"
2024-06-16 14:33:56.529 CST,"raingage","benchmark",15268,"127.0.0.1:45208",666e86a6.3ba4,930,"SELECT",2024-06-16 14:31:02 CST,4/68,0,LOG,00000,"execute S_4: SELECT d_tax, d_next_o_id     FROM bmsql_district     WHERE d_w_id = $1 AND d_id = $2 ","parameters: $1 = '1', $2 = '4'",,,,,,,,"","client backend"
2024-06-16 14:33:56.566 CST,"raingage","benchmark",15269,"127.0.0.1:45210",666e86a6.3ba5,926,"SELECT",2024-06-16 14:31:02 CST,5/67,90897,LOG,00000,"execute S_1: SELECT c_discount, c_last, c_credit, w_tax     FROM bmsql_customer     JOIN bmsql_warehouse ON (w_id = c_w_id)     WHERE c_w_id = $1 AND c_d_id = $2 AND c_id = $3 FOR UPDATE","parameters: $1 = '1', $2 = '2', $3 = '53'",,,,,,,,"","client backend"
2024-06-16 14:33:56.582 CST,"raingage","benchmark",15269,"127.0.0.1:45210",666e86a6.3ba5,927,"SELECT",2024-06-16 14:31:02 CST,5/67,90897,LOG,00000,"execute S_6: SELECT i_price, i_name, i_data     FROM bmsql_item     WHERE i_id = $1","parameters: $1 = '40'",,,,,,,,"","client backend"
2024-06-16 14:33:56.594 CST,"raingage","benchmark",15268,"127.0.0.1:45208",666e86a6.3ba4,931,"SELECT",2024-06-16 14:31:02 CST,4/68,0,LOG,00000,"execute S_1: SELECT c_discount, c_last, c_credit, w_tax     FROM bmsql_customer     JOIN bmsql_warehouse ON (w_id = c_w_id)     WHERE c_w_id = $1 AND c_d_id = $2 AND c_id = $3 FOR UPDATE","parameters: $1 = '1', $2 = '4', $3 = '37'",,,,,,,,"","client backend"
2024-06-16 14:33:56.594 CST,"raingage","benchmark",15269,"127.0.0.1:45210",666e86a6.3ba5,928,"SELECT",2024-06-16 14:31:02 CST,5/67,90897,LOG,00000,"execute S_7: SELECT s_quantity, s_data,        s_dist_01, s_dist_02, s_dist_03, s_dist_04,        s_dist_05, s_dist_06, s_dist_07, s_dist_08,        s_dist_09, s_dist_10     FROM bmsql_stock     WHERE s_w_id = $1 AND s_i_id = $2  FOR UPDATE","parameters: $1 = '1', $2 = '40'",,,,,,,,"","client backend"
2024-06-16 14:33:56.608 CST,"raingage","benchmark",15269,"127.0.0.1:45210",666e86a6.3ba5,929,"UPDATE",2024-06-16 14:31:02 CST,5/67,90897,LOG,00000,"execute S_8: UPDATE bmsql_stock     SET s_quantity = $1, s_ytd = s_ytd + $2,         s_order_cnt = s_order_cnt + 1,         s_remote_cnt = s_remote_cnt + $3     WHERE s_w_id = $4 AND s_i_id = $5","parameters: $1 = '89', $2 = '6', $3 = '0', $4 = '1', $5 = '40'",,,,,,,,"","client backend"
2024-06-16 14:33:56.626 CST,"raingage","benchmark",15269,"127.0.0.1:45210",666e86a6.3ba5,930,"COMMIT",2024-06-16 14:31:02 CST,5/67,90897,LOG,00000,"execute S_3: COMMIT",,,,,,,,,"","client backend"
2024-06-16 14:33:56.645 CST,"raingage","benchmark",15269,"127.0.0.1:45210",666e86a6.3ba5,931,"BEGIN",2024-06-16 14:31:02 CST,5/68,0,LOG,00000,"execute S_4: BEGIN",,,,,,,,,"","client backend"
2024-06-16 14:33:56.665 CST,"raingage","benchmark",15269,"127.0.0.1:45210",666e86a6.3ba5,932,"SELECT",2024-06-16 14:31:02 CST,5/68,0,LOG,00000,"execute S_5: SELECT d_tax, d_next_o_id     FROM bmsql_district     WHERE d_w_id = $1 AND d_id = $2 ","parameters: $1 = '1', $2 = '2'",,,,,,,,"","client backend"
2024-06-16 14:33:56.696 CST,"raingage","benchmark",15272,"127.0.0.1:45216",666e86a7.3ba8,554,"SELECT",2024-06-16 14:31:03 CST,8/41,90898,LOG,00000,"execute S_1: SELECT c_discount, c_last, c_credit, w_tax     FROM bmsql_customer     JOIN bmsql_warehouse ON (w_id = c_w_id)     WHERE c_w_id = $1 AND c_d_id = $2 AND c_id = $3 FOR UPDATE","parameters: $1 = '1', $2 = '2', $3 = '45'",,,,,,,,"","client backend"
2024-06-16 14:33:56.736 CST,"raingage","benchmark",15269,"127.0.0.1:45210",666e86a6.3ba5,933,"SELECT",2024-06-16 14:31:02 CST,5/68,0,LOG,00000,"execute S_1: SELECT c_discount, c_last, c_credit, w_tax     FROM bmsql_customer     JOIN bmsql_warehouse ON (w_id = c_w_id)     WHERE c_w_id = $1 AND c_d_id = $2 AND c_id = $3 FOR UPDATE","parameters: $1 = '1', $2 = '2', $3 = '33'",,,,,,,,"","client backend"
2024-06-16 14:33:56.761 CST,"raingage","benchmark",15272,"127.0.0.1:45216",666e86a7.3ba8,555,"SELECT",2024-06-16 14:31:03 CST,8/41,90898,LOG,00000,"execute S_1: SELECT c_discount, c_last, c_credit, w_tax     FROM bmsql_customer     JOIN bmsql_warehouse ON (w_id = c_w_id)     WHERE c_w_id = $1 AND c_d_id = $2 AND c_id = $3 FOR UPDATE","parameters: $1 = '1', $2 = '2', $3 = '45'",,,,,,,,"","client backend"
2024-06-16 14:33:56.832 CST,"raingage","benchmark",15272,"127.0.0.1:45216",666e86a7.3ba8,556,"SELECT",2024-06-16 14:31:03 CST,8/41,90898,LOG,00000,"execute S_1: SELECT c_discount, c_last, c_credit, w_tax     FROM bmsql_customer     JOIN bmsql_warehouse ON (w_id = c_w_id)     WHERE c_w_id = $1 AND c_d_id = $2 AND c_id = $3 FOR UPDATE","parameters: $1 = '1', $2 = '2', $3 = '45'",,,,,,,,"","client backend"
2024-06-16 14:33:56.903 CST,"raingage","benchmark",15272,"127.0.0.1:45216",666e86a7.3ba8,557,"SELECT",2024-06-16 14:31:03 CST,8/41,90898,LOG,00000,"execute S_1: SELECT c_discount, c_last, c_credit, w_tax     FROM bmsql_customer     JOIN bmsql_warehouse ON (w_id = c_w_id)     WHERE c_w_id = $1 AND c_d_id = $2 AND c_id = $3 FOR UPDATE","parameters: $1 = '1', $2 = '2', $3 = '45'",,,,,,,,"","client backend"
2024-06-16 14:33:56.970 CST,"raingage","benchmark",15272,"127.0.0.1:45216",666e86a7.3ba8,558,"SELECT",2024-06-16 14:31:03 CST,8/41,90898,LOG,00000,"execute S_1: SELECT c_discount, c_last, c_credit, w_tax     FROM bmsql_customer     JOIN bmsql_warehouse ON (w_id = c_w_id)     WHERE c_w_id = $1 AND c_d_id = $2 AND c_id = $3 FOR UPDATE","parameters: $1 = '1', $2 = '2', $3 = '45'",,,,,,,,"","client backend"
2024-06-16 14:33:57.041 CST,"raingage","benchmark",15272,"127.0.0.1:45216",666e86a7.3ba8,559,"SELECT",2024-06-16 14:31:03 CST,8/41,90898,LOG,00000,"execute S_1: SELECT c_discount, c_last, c_credit, w_tax     FROM bmsql_customer     JOIN bmsql_warehouse ON (w_id = c_w_id)     WHERE c_w_id = $1 AND c_d_id = $2 AND c_id = $3 FOR UPDATE","parameters: $1 = '1', $2 = '2', $3 = '45'",,,,,,,,"","client backend"
2024-06-16 14:33:57.108 CST,"raingage","benchmark",15272,"127.0.0.1:45216",666e86a7.3ba8,560,"SELECT",2024-06-16 14:31:03 CST,8/41,90898,LOG,00000,"execute S_1: SELECT c_discount, c_last, c_credit, w_tax     FROM bmsql_customer     JOIN bmsql_warehouse ON (w_id = c_w_id)     WHERE c_w_id = $1 AND c_d_id = $2 AND c_id = $3 FOR UPDATE","parameters: $1 = '1', $2 = '2', $3 = '45'",,,,,,,,"","client backend"
2024-06-16 14:33:57.124 CST,"raingage","benchmark",15272,"127.0.0.1:45216",666e86a7.3ba8,561,"SELECT",2024-06-16 14:31:03 CST,8/41,90898,LOG,00000,"execute S_5: SELECT i_price, i_name, i_data     FROM bmsql_item     WHERE i_id = $1","parameters: $1 = '72'",,,,,,,,"","client backend"
2024-06-16 14:33:57.139 CST,"raingage","benchmark",15272,"127.0.0.1:45216",666e86a7.3ba8,562,"SELECT",2024-06-16 14:31:03 CST,8/41,90898,LOG,00000,"execute S_6: SELECT s_quantity, s_data,        s_dist_01, s_dist_02, s_dist_03, s_dist_04,        s_dist_05, s_dist_06, s_dist_07, s_dist_08,        s_dist_09, s_dist_10     FROM bmsql_stock     WHERE s_w_id = $1 AND s_i_id = $2  FOR UPDATE","parameters: $1 = '1', $2 = '72'",,,,,,,,"","client backend"
2024-06-16 14:33:57.152 CST,"raingage","benchmark",15272,"127.0.0.1:45216",666e86a7.3ba8,563,"UPDATE",2024-06-16 14:31:03 CST,8/41,90898,LOG,00000,"execute S_7: UPDATE bmsql_stock     SET s_quantity = $1, s_ytd = s_ytd + $2,         s_order_cnt = s_order_cnt + 1,         s_remote_cnt = s_remote_cnt + $3     WHERE s_w_id = $4 AND s_i_id = $5","parameters: $1 = '16', $2 = '3', $3 = '0', $4 = '1', $5 = '72'",,,,,,,,"","client backend"
2024-06-16 14:33:57.165 CST,"raingage","benchmark",15272,"127.0.0.1:45216",666e86a7.3ba8,564,"COMMIT",2024-06-16 14:31:03 CST,8/41,90898,LOG,00000,"execute S_2: COMMIT",,,,,,,,,"","client backend"
2024-06-16 14:33:57.188 CST,"raingage","benchmark",15272,"127.0.0.1:45216",666e86a7.3ba8,565,"BEGIN",2024-06-16 14:31:03 CST,8/42,0,LOG,00000,"execute S_3: BEGIN",,,,,,,,,"","client backend"
2024-06-16 14:33:57.194 CST,"raingage","benchmark",15272,"127.0.0.1:45216",666e86a7.3ba8,566,"SELECT",2024-06-16 14:31:03 CST,8/42,0,LOG,00000,"execute S_4: SELECT d_tax, d_next_o_id     FROM bmsql_district     WHERE d_w_id = $1 AND d_id = $2 ","parameters: $1 = '1', $2 = '2'",,,,,,,,"","client backend"
2024-06-16 14:33:57.229 CST,"raingage","benchmark",15268,"127.0.0.1:45208",666e86a6.3ba4,932,"SELECT",2024-06-16 14:31:02 CST,4/68,90899,LOG,00000,"execute S_1: SELECT c_discount, c_last, c_credit, w_tax     FROM bmsql_customer     JOIN bmsql_warehouse ON (w_id = c_w_id)     WHERE c_w_id = $1 AND c_d_id = $2 AND c_id = $3 FOR UPDATE","parameters: $1 = '1', $2 = '4', $3 = '37'",,,,,,,,"","client backend"
2024-06-16 14:33:57.257 CST,"raingage","benchmark",15272,"127.0.0.1:45216",666e86a7.3ba8,567,"SELECT",2024-06-16 14:31:03 CST,8/42,0,LOG,00000,"execute S_1: SELECT c_discount, c_last, c_credit, w_tax     FROM bmsql_customer     JOIN bmsql_warehouse ON (w_id = c_w_id)     WHERE c_w_id = $1 AND c_d_id = $2 AND c_id = $3 FOR UPDATE","parameters: $1 = '1', $2 = '2', $3 = '33'",,,,,,,,"","client backend"
2024-06-16 14:33:57.293 CST,"raingage","benchmark",15268,"127.0.0.1:45208",666e86a6.3ba4,933,"SELECT",2024-06-16 14:31:02 CST,4/68,90899,LOG,00000,"execute S_1: SELECT c_discount, c_last, c_credit, w_tax     FROM bmsql_customer     JOIN bmsql_warehouse ON (w_id = c_w_id)     WHERE c_w_id = $1 AND c_d_id = $2 AND c_id = $3 FOR UPDATE","parameters: $1 = '1', $2 = '4', $3 = '37'",,,,,,,,"","client backend"
2024-06-16 14:33:57.363 CST,"raingage","benchmark",15268,"127.0.0.1:45208",666e86a6.3ba4,934,"SELECT",2024-06-16 14:31:02 CST,4/68,90899,LOG,00000,"execute S_1: SELECT c_discount, c_last, c_credit, w_tax     FROM bmsql_customer     JOIN bmsql_warehouse ON (w_id = c_w_id)     WHERE c_w_id = $1 AND c_d_id = $2 AND c_id = $3 FOR UPDATE","parameters: $1 = '1', $2 = '4', $3 = '37'",,,,,,,,"","client backend"
2024-06-16 14:33:57.426 CST,"raingage","benchmark",15268,"127.0.0.1:45208",666e86a6.3ba4,935,"SELECT",2024-06-16 14:31:02 CST,4/68,90899,LOG,00000,"execute S_1: SELECT c_discount, c_last, c_credit, w_tax     FROM bmsql_customer     JOIN bmsql_warehouse ON (w_id = c_w_id)     WHERE c_w_id = $1 AND c_d_id = $2 AND c_id = $3 FOR UPDATE","parameters: $1 = '1', $2 = '4', $3 = '37'",,,,,,,,"","client backend"
2024-06-16 14:33:57.496 CST,"raingage","benchmark",15268,"127.0.0.1:45208",666e86a6.3ba4,936,"SELECT",2024-06-16 14:31:02 CST,4/68,90899,LOG,00000,"execute S_1: SELECT c_discount, c_last, c_credit, w_tax     FROM bmsql_customer     JOIN bmsql_warehouse ON (w_id = c_w_id)     WHERE c_w_id = $1 AND c_d_id = $2 AND c_id = $3 FOR UPDATE","parameters: $1 = '1', $2 = '4', $3 = '37'",,,,,,,,"","client backend"
2024-06-16 14:33:57.562 CST,"raingage","benchmark",15268,"127.0.0.1:45208",666e86a6.3ba4,937,"SELECT",2024-06-16 14:31:02 CST,4/68,90899,LOG,00000,"execute S_1: SELECT c_discount, c_last, c_credit, w_tax     FROM bmsql_customer     JOIN bmsql_warehouse ON (w_id = c_w_id)     WHERE c_w_id = $1 AND c_d_id = $2 AND c_id = $3 FOR UPDATE","parameters: $1 = '1', $2 = '4', $3 = '37'",,,,,,,,"","client backend"
2024-06-16 14:33:57.629 CST,"raingage","benchmark",15268,"127.0.0.1:45208",666e86a6.3ba4,938,"SELECT",2024-06-16 14:31:02 CST,4/68,90899,LOG,00000,"execute S_1: SELECT c_discount, c_last, c_credit, w_tax     FROM bmsql_customer     JOIN bmsql_warehouse ON (w_id = c_w_id)     WHERE c_w_id = $1 AND c_d_id = $2 AND c_id = $3 FOR UPDATE","parameters: $1 = '1', $2 = '4', $3 = '37'",,,,,,,,"","client backend"
2024-06-16 14:33:57.644 CST,"raingage","benchmark",15268,"127.0.0.1:45208",666e86a6.3ba4,939,"SELECT",2024-06-16 14:31:02 CST,4/68,90899,LOG,00000,"execute S_5: SELECT i_price, i_name, i_data     FROM bmsql_item     WHERE i_id = $1","parameters: $1 = '21'",,,,,,,,"","client backend"
2024-06-16 14:33:57.665 CST,"raingage","benchmark",15268,"127.0.0.1:45208",666e86a6.3ba4,940,"SELECT",2024-06-16 14:31:02 CST,4/68,90899,LOG,00000,"execute S_6: SELECT s_quantity, s_data,        s_dist_01, s_dist_02, s_dist_03, s_dist_04,        s_dist_05, s_dist_06, s_dist_07, s_dist_08,        s_dist_09, s_dist_10     FROM bmsql_stock     WHERE s_w_id = $1 AND s_i_id = $2  FOR UPDATE","parameters: $1 = '1', $2 = '21'",,,,,,,,"","client backend"
2024-06-16 14:33:57.680 CST,"raingage","benchmark",15268,"127.0.0.1:45208",666e86a6.3ba4,941,"UPDATE",2024-06-16 14:31:02 CST,4/68,90899,LOG,00000,"execute S_7: UPDATE bmsql_stock     SET s_quantity = $1, s_ytd = s_ytd + $2,         s_order_cnt = s_order_cnt + 1,         s_remote_cnt = s_remote_cnt + $3     WHERE s_w_id = $4 AND s_i_id = $5","parameters: $1 = '13', $2 = '3', $3 = '0', $4 = '1', $5 = '21'",,,,,,,,"","client backend"
2024-06-16 14:33:57.693 CST,"raingage","benchmark",15268,"127.0.0.1:45208",666e86a6.3ba4,942,"COMMIT",2024-06-16 14:31:02 CST,4/68,90899,LOG,00000,"execute S_2: COMMIT",,,,,,,,,"","client backend"
2024-06-16 14:33:57.761 CST,"raingage","benchmark",15269,"127.0.0.1:45210",666e86a6.3ba5,934,"SELECT",2024-06-16 14:31:02 CST,5/68,90900,LOG,00000,"execute S_1: SELECT c_discount, c_last, c_credit, w_tax     FROM bmsql_customer     JOIN bmsql_warehouse ON (w_id = c_w_id)     WHERE c_w_id = $1 AND c_d_id = $2 AND c_id = $3 FOR UPDATE","parameters: $1 = '1', $2 = '2', $3 = '33'",,,,,,,,"","client backend"
2024-06-16 14:33:57.832 CST,"raingage","benchmark",15269,"127.0.0.1:45210",666e86a6.3ba5,935,"SELECT",2024-06-16 14:31:02 CST,5/68,90900,LOG,00000,"execute S_1: SELECT c_discount, c_last, c_credit, w_tax     FROM bmsql_customer     JOIN bmsql_warehouse ON (w_id = c_w_id)     WHERE c_w_id = $1 AND c_d_id = $2 AND c_id = $3 FOR UPDATE","parameters: $1 = '1', $2 = '2', $3 = '33'",,,,,,,,"","client backend"
2024-06-16 14:33:57.902 CST,"raingage","benchmark",15269,"127.0.0.1:45210",666e86a6.3ba5,936,"SELECT",2024-06-16 14:31:02 CST,5/68,90900,LOG,00000,"execute S_1: SELECT c_discount, c_last, c_credit, w_tax     FROM bmsql_customer     JOIN bmsql_warehouse ON (w_id = c_w_id)     WHERE c_w_id = $1 AND c_d_id = $2 AND c_id = $3 FOR UPDATE","parameters: $1 = '1', $2 = '2', $3 = '33'",,,,,,,,"","client backend"
2024-06-16 14:33:57.966 CST,"raingage","benchmark",15269,"127.0.0.1:45210",666e86a6.3ba5,937,"SELECT",2024-06-16 14:31:02 CST,5/68,90900,LOG,00000,"execute S_1: SELECT c_discount, c_last, c_credit, w_tax     FROM bmsql_customer     JOIN bmsql_warehouse ON (w_id = c_w_id)     WHERE c_w_id = $1 AND c_d_id = $2 AND c_id = $3 FOR UPDATE","parameters: $1 = '1', $2 = '2', $3 = '33'",,,,,,,,"","client backend"
2024-06-16 14:33:58.029 CST,"raingage","benchmark",15269,"127.0.0.1:45210",666e86a6.3ba5,938,"SELECT",2024-06-16 14:31:02 CST,5/68,90900,LOG,00000,"execute S_1: SELECT c_discount, c_last, c_credit, w_tax     FROM bmsql_customer     JOIN bmsql_warehouse ON (w_id = c_w_id)     WHERE c_w_id = $1 AND c_d_id = $2 AND c_id = $3 FOR UPDATE","parameters: $1 = '1', $2 = '2', $3 = '33'",,,,,,,,"","client backend"
2024-06-16 14:33:58.092 CST,"raingage","benchmark",15269,"127.0.0.1:45210",666e86a6.3ba5,939,"SELECT",2024-06-16 14:31:02 CST,5/68,90900,LOG,00000,"execute S_1: SELECT c_discount, c_last, c_credit, w_tax     FROM bmsql_customer     JOIN bmsql_warehouse ON (w_id = c_w_id)     WHERE c_w_id = $1 AND c_d_id = $2 AND c_id = $3 FOR UPDATE","parameters: $1 = '1', $2 = '2', $3 = '33'",,,,,,,,"","client backend"
2024-06-16 14:33:58.161 CST,"raingage","benchmark",15269,"127.0.0.1:45210",666e86a6.3ba5,940,"SELECT",2024-06-16 14:31:02 CST,5/68,90900,LOG,00000,"execute S_1: SELECT c_discount, c_last, c_credit, w_tax     FROM bmsql_customer     JOIN bmsql_warehouse ON (w_id = c_w_id)     WHERE c_w_id = $1 AND c_d_id = $2 AND c_id = $3 FOR UPDATE","parameters: $1 = '1', $2 = '2', $3 = '33'",,,,,,,,"","client backend"
2024-06-16 14:33:58.168 CST,"raingage","benchmark",15269,"127.0.0.1:45210",666e86a6.3ba5,941,"SELECT",2024-06-16 14:31:02 CST,5/68,90900,LOG,00000,"execute S_6: SELECT i_price, i_name, i_data     FROM bmsql_item     WHERE i_id = $1","parameters: $1 = '96'",,,,,,,,"","client backend"
2024-06-16 14:33:58.182 CST,"raingage","benchmark",15269,"127.0.0.1:45210",666e86a6.3ba5,942,"SELECT",2024-06-16 14:31:02 CST,5/68,90900,LOG,00000,"execute S_7: SELECT s_quantity, s_data,        s_dist_01, s_dist_02, s_dist_03, s_dist_04,        s_dist_05, s_dist_06, s_dist_07, s_dist_08,        s_dist_09, s_dist_10     FROM bmsql_stock     WHERE s_w_id = $1 AND s_i_id = $2  FOR UPDATE","parameters: $1 = '1', $2 = '96'",,,,,,,,"","client backend"
2024-06-16 14:33:58.202 CST,"raingage","benchmark",15269,"127.0.0.1:45210",666e86a6.3ba5,943,"UPDATE",2024-06-16 14:31:02 CST,5/68,90900,LOG,00000,"execute S_8: UPDATE bmsql_stock     SET s_quantity = $1, s_ytd = s_ytd + $2,         s_order_cnt = s_order_cnt + 1,         s_remote_cnt = s_remote_cnt + $3     WHERE s_w_id = $4 AND s_i_id = $5","parameters: $1 = '76', $2 = '6', $3 = '0', $4 = '1', $5 = '96'",,,,,,,,"","client backend"
2024-06-16 14:33:58.216 CST,"raingage","benchmark",15269,"127.0.0.1:45210",666e86a6.3ba5,944,"COMMIT",2024-06-16 14:31:02 CST,5/68,90900,LOG,00000,"execute S_3: COMMIT",,,,,,,,,"","client backend"
2024-06-16 14:33:58.234 CST,"raingage","benchmark",15269,"127.0.0.1:45210",666e86a6.3ba5,945,"BEGIN",2024-06-16 14:31:02 CST,5/69,0,LOG,00000,"execute S_4: BEGIN",,,,,,,,,"","client backend"
2024-06-16 14:33:58.252 CST,"raingage","benchmark",15269,"127.0.0.1:45210",666e86a6.3ba5,946,"SELECT",2024-06-16 14:31:02 CST,5/69,0,LOG,00000,"execute S_5: SELECT d_tax, d_next_o_id     FROM bmsql_district     WHERE d_w_id = $1 AND d_id = $2 ","parameters: $1 = '1', $2 = '1'",,,,,,,,"","client backend"
2024-06-16 14:33:58.288 CST,"raingage","benchmark",15272,"127.0.0.1:45216",666e86a7.3ba8,568,"SELECT",2024-06-16 14:31:03 CST,8/42,90901,LOG,00000,"execute S_1: SELECT c_discount, c_last, c_credit, w_tax     FROM bmsql_customer     JOIN bmsql_warehouse ON (w_id = c_w_id)     WHERE c_w_id = $1 AND c_d_id = $2 AND c_id = $3 FOR UPDATE","parameters: $1 = '1', $2 = '2', $3 = '33'",,,,,,,,"","client backend"
2024-06-16 14:33:58.316 CST,"raingage","benchmark",15269,"127.0.0.1:45210",666e86a6.3ba5,947,"SELECT",2024-06-16 14:31:02 CST,5/69,0,LOG,00000,"execute S_1: SELECT c_discount, c_last, c_credit, w_tax     FROM bmsql_customer     JOIN bmsql_warehouse ON (w_id = c_w_id)     WHERE c_w_id = $1 AND c_d_id = $2 AND c_id = $3 FOR UPDATE","parameters: $1 = '1', $2 = '1', $3 = '87'",,,,,,,,"","client backend"
2024-06-16 14:33:58.360 CST,"raingage","benchmark",15272,"127.0.0.1:45216",666e86a7.3ba8,569,"SELECT",2024-06-16 14:31:03 CST,8/42,90901,LOG,00000,"execute S_1: SELECT c_discount, c_last, c_credit, w_tax     FROM bmsql_customer     JOIN bmsql_warehouse ON (w_id = c_w_id)     WHERE c_w_id = $1 AND c_d_id = $2 AND c_id = $3 FOR UPDATE","parameters: $1 = '1', $2 = '2', $3 = '33'",,,,,,,,"","client backend"
2024-06-16 14:33:58.425 CST,"raingage","benchmark",15272,"127.0.0.1:45216",666e86a7.3ba8,570,"SELECT",2024-06-16 14:31:03 CST,8/42,90901,LOG,00000,"execute S_1: SELECT c_discount, c_last, c_credit, w_tax     FROM bmsql_customer     JOIN bmsql_warehouse ON (w_id = c_w_id)     WHERE c_w_id = $1 AND c_d_id = $2 AND c_id = $3 FOR UPDATE","parameters: $1 = '1', $2 = '2', $3 = '33'",,,,,,,,"","client backend"
2024-06-16 14:33:58.490 CST,"raingage","benchmark",15272,"127.0.0.1:45216",666e86a7.3ba8,571,"SELECT",2024-06-16 14:31:03 CST,8/42,90901,LOG,00000,"execute S_1: SELECT c_discount, c_last, c_credit, w_tax     FROM bmsql_customer     JOIN bmsql_warehouse ON (w_id = c_w_id)     WHERE c_w_id = $1 AND c_d_id = $2 AND c_id = $3 FOR UPDATE","parameters: $1 = '1', $2 = '2', $3 = '33'",,,,,,,,"","client backend"
2024-06-16 14:33:58.561 CST,"raingage","benchmark",15272,"127.0.0.1:45216",666e86a7.3ba8,572,"SELECT",2024-06-16 14:31:03 CST,8/42,90901,LOG,00000,"execute S_1: SELECT c_discount, c_last, c_credit, w_tax     FROM bmsql_customer     JOIN bmsql_warehouse ON (w_id = c_w_id)     WHERE c_w_id = $1 AND c_d_id = $2 AND c_id = $3 FOR UPDATE","parameters: $1 = '1', $2 = '2', $3 = '33'",,,,,,,,"","client backend"
2024-06-16 14:33:58.627 CST,"raingage","benchmark",15272,"127.0.0.1:45216",666e86a7.3ba8,573,"SELECT",2024-06-16 14:31:03 CST,8/42,90901,LOG,00000,"execute S_1: SELECT c_discount, c_last, c_credit, w_tax     FROM bmsql_customer     JOIN bmsql_warehouse ON (w_id = c_w_id)     WHERE c_w_id = $1 AND c_d_id = $2 AND c_id = $3 FOR UPDATE","parameters: $1 = '1', $2 = '2', $3 = '33'",,,,,,,,"","client backend"
2024-06-16 14:33:58.694 CST,"raingage","benchmark",15272,"127.0.0.1:45216",666e86a7.3ba8,574,"SELECT",2024-06-16 14:31:03 CST,8/42,90901,LOG,00000,"execute S_1: SELECT c_discount, c_last, c_credit, w_tax     FROM bmsql_customer     JOIN bmsql_warehouse ON (w_id = c_w_id)     WHERE c_w_id = $1 AND c_d_id = $2 AND c_id = $3 FOR UPDATE","parameters: $1 = '1', $2 = '2', $3 = '33'",,,,,,,,"","client backend"
2024-06-16 14:33:58.712 CST,"raingage","benchmark",15272,"127.0.0.1:45216",666e86a7.3ba8,575,"SELECT",2024-06-16 14:31:03 CST,8/42,90901,LOG,00000,"execute S_5: SELECT i_price, i_name, i_data     FROM bmsql_item     WHERE i_id = $1","parameters: $1 = '96'",,,,,,,,"","client backend"
2024-06-16 14:33:58.725 CST,"raingage","benchmark",15272,"127.0.0.1:45216",666e86a7.3ba8,576,"SELECT",2024-06-16 14:31:03 CST,8/42,90901,LOG,00000,"execute S_6: SELECT s_quantity, s_data,        s_dist_01, s_dist_02, s_dist_03, s_dist_04,        s_dist_05, s_dist_06, s_dist_07, s_dist_08,        s_dist_09, s_dist_10     FROM bmsql_stock     WHERE s_w_id = $1 AND s_i_id = $2  FOR UPDATE","parameters: $1 = '1', $2 = '96'",,,,,,,,"","client backend"
2024-06-16 14:33:58.746 CST,"raingage","benchmark",15272,"127.0.0.1:45216",666e86a7.3ba8,577,"UPDATE",2024-06-16 14:31:03 CST,8/42,90901,LOG,00000,"execute S_7: UPDATE bmsql_stock     SET s_quantity = $1, s_ytd = s_ytd + $2,         s_order_cnt = s_order_cnt + 1,         s_remote_cnt = s_remote_cnt + $3     WHERE s_w_id = $4 AND s_i_id = $5","parameters: $1 = '70', $2 = '6', $3 = '0', $4 = '1', $5 = '96'",,,,,,,,"","client backend"
2024-06-16 14:33:58.758 CST,"raingage","benchmark",15272,"127.0.0.1:45216",666e86a7.3ba8,578,"COMMIT",2024-06-16 14:31:03 CST,8/42,90901,LOG,00000,"execute S_2: COMMIT",,,,,,,,,"","client backend"
2024-06-16 14:33:58.771 CST,"raingage","benchmark",15272,"127.0.0.1:45216",666e86a7.3ba8,579,"BEGIN",2024-06-16 14:31:03 CST,8/43,0,LOG,00000,"execute S_3: BEGIN",,,,,,,,,"","client backend"
2024-06-16 14:33:58.785 CST,"raingage","benchmark",15272,"127.0.0.1:45216",666e86a7.3ba8,580,"SELECT",2024-06-16 14:31:03 CST,8/43,0,LOG,00000,"execute S_4: SELECT d_tax, d_next_o_id     FROM bmsql_district     WHERE d_w_id = $1 AND d_id = $2 ","parameters: $1 = '1', $2 = '4'",,,,,,,,"","client backend"
2024-06-16 14:33:58.822 CST,"raingage","benchmark",15269,"127.0.0.1:45210",666e86a6.3ba5,948,"SELECT",2024-06-16 14:31:02 CST,5/69,90902,LOG,00000,"execute S_1: SELECT c_discount, c_last, c_credit, w_tax     FROM bmsql_customer     JOIN bmsql_warehouse ON (w_id = c_w_id)     WHERE c_w_id = $1 AND c_d_id = $2 AND c_id = $3 FOR UPDATE","parameters: $1 = '1', $2 = '1', $3 = '87'",,,,,,,,"","client backend"
2024-06-16 14:33:58.850 CST,"raingage","benchmark",15272,"127.0.0.1:45216",666e86a7.3ba8,581,"SELECT",2024-06-16 14:31:03 CST,8/43,0,LOG,00000,"execute S_1: SELECT c_discount, c_last, c_credit, w_tax     FROM bmsql_customer     JOIN bmsql_warehouse ON (w_id = c_w_id)     WHERE c_w_id = $1 AND c_d_id = $2 AND c_id = $3 FOR UPDATE","parameters: $1 = '1', $2 = '4', $3 = '14'",,,,,,,,"","client backend"
2024-06-16 14:33:58.890 CST,"raingage","benchmark",15269,"127.0.0.1:45210",666e86a6.3ba5,949,"SELECT",2024-06-16 14:31:02 CST,5/69,90902,LOG,00000,"execute S_1: SELECT c_discount, c_last, c_credit, w_tax     FROM bmsql_customer     JOIN bmsql_warehouse ON (w_id = c_w_id)     WHERE c_w_id = $1 AND c_d_id = $2 AND c_id = $3 FOR UPDATE","parameters: $1 = '1', $2 = '1', $3 = '87'",,,,,,,,"","client backend"
2024-06-16 14:33:58.954 CST,"raingage","benchmark",15269,"127.0.0.1:45210",666e86a6.3ba5,950,"SELECT",2024-06-16 14:31:02 CST,5/69,90902,LOG,00000,"execute S_1: SELECT c_discount, c_last, c_credit, w_tax     FROM bmsql_customer     JOIN bmsql_warehouse ON (w_id = c_w_id)     WHERE c_w_id = $1 AND c_d_id = $2 AND c_id = $3 FOR UPDATE","parameters: $1 = '1', $2 = '1', $3 = '87'",,,,,,,,"","client backend"
2024-06-16 14:33:59.023 CST,"raingage","benchmark",15269,"127.0.0.1:45210",666e86a6.3ba5,951,"SELECT",2024-06-16 14:31:02 CST,5/69,90902,LOG,00000,"execute S_1: SELECT c_discount, c_last, c_credit, w_tax     FROM bmsql_customer     JOIN bmsql_warehouse ON (w_id = c_w_id)     WHERE c_w_id = $1 AND c_d_id = $2 AND c_id = $3 FOR UPDATE","parameters: $1 = '1', $2 = '1', $3 = '87'",,,,,,,,"","client backend"
2024-06-16 14:33:59.094 CST,"raingage","benchmark",15269,"127.0.0.1:45210",666e86a6.3ba5,952,"SELECT",2024-06-16 14:31:02 CST,5/69,90902,LOG,00000,"execute S_1: SELECT c_discount, c_last, c_credit, w_tax     FROM bmsql_customer     JOIN bmsql_warehouse ON (w_id = c_w_id)     WHERE c_w_id = $1 AND c_d_id = $2 AND c_id = $3 FOR UPDATE","parameters: $1 = '1', $2 = '1', $3 = '87'",,,,,,,,"","client backend"
2024-06-16 14:33:59.167 CST,"raingage","benchmark",15269,"127.0.0.1:45210",666e86a6.3ba5,953,"SELECT",2024-06-16 14:31:02 CST,5/69,90902,LOG,00000,"execute S_1: SELECT c_discount, c_last, c_credit, w_tax     FROM bmsql_customer     JOIN bmsql_warehouse ON (w_id = c_w_id)     WHERE c_w_id = $1 AND c_d_id = $2 AND c_id = $3 FOR UPDATE","parameters: $1 = '1', $2 = '1', $3 = '87'",,,,,,,,"","client backend"
2024-06-16 14:33:59.238 CST,"raingage","benchmark",15269,"127.0.0.1:45210",666e86a6.3ba5,954,"SELECT",2024-06-16 14:31:02 CST,5/69,90902,LOG,00000,"execute S_1: SELECT c_discount, c_last, c_credit, w_tax     FROM bmsql_customer     JOIN bmsql_warehouse ON (w_id = c_w_id)     WHERE c_w_id = $1 AND c_d_id = $2 AND c_id = $3 FOR UPDATE","parameters: $1 = '1', $2 = '1', $3 = '87'",,,,,,,,"","client backend"
2024-06-16 14:33:59.257 CST,"raingage","benchmark",15269,"127.0.0.1:45210",666e86a6.3ba5,955,"SELECT",2024-06-16 14:31:02 CST,5/69,90902,LOG,00000,"execute S_6: SELECT i_price, i_name, i_data     FROM bmsql_item     WHERE i_id = $1","parameters: $1 = '42'",,,,,,,,"","client backend"
2024-06-16 14:33:59.275 CST,"raingage","benchmark",15269,"127.0.0.1:45210",666e86a6.3ba5,956,"SELECT",2024-06-16 14:31:02 CST,5/69,90902,LOG,00000,"execute S_7: SELECT s_quantity, s_data,        s_dist_01, s_dist_02, s_dist_03, s_dist_04,        s_dist_05, s_dist_06, s_dist_07, s_dist_08,        s_dist_09, s_dist_10     FROM bmsql_stock     WHERE s_w_id = $1 AND s_i_id = $2  FOR UPDATE","parameters: $1 = '1', $2 = '42'",,,,,,,,"","client backend"
2024-06-16 14:33:59.289 CST,"raingage","benchmark",15269,"127.0.0.1:45210",666e86a6.3ba5,957,"UPDATE",2024-06-16 14:31:02 CST,5/69,90902,LOG,00000,"execute S_8: UPDATE bmsql_stock     SET s_quantity = $1, s_ytd = s_ytd + $2,         s_order_cnt = s_order_cnt + 1,         s_remote_cnt = s_remote_cnt + $3     WHERE s_w_id = $4 AND s_i_id = $5","parameters: $1 = '62', $2 = '3', $3 = '0', $4 = '1', $5 = '42'",,,,,,,,"","client backend"
2024-06-16 14:33:59.306 CST,"raingage","benchmark",15269,"127.0.0.1:45210",666e86a6.3ba5,958,"COMMIT",2024-06-16 14:31:02 CST,5/69,90902,LOG,00000,"execute S_3: COMMIT",,,,,,,,,"","client backend"
2024-06-16 14:33:59.317 CST,"raingage","benchmark",15269,"127.0.0.1:45210",666e86a6.3ba5,959,"BEGIN",2024-06-16 14:31:02 CST,5/70,0,LOG,00000,"execute S_4: BEGIN",,,,,,,,,"","client backend"
2024-06-16 14:33:59.333 CST,"raingage","benchmark",15269,"127.0.0.1:45210",666e86a6.3ba5,960,"SELECT",2024-06-16 14:31:02 CST,5/70,0,LOG,00000,"execute S_5: SELECT d_tax, d_next_o_id     FROM bmsql_district     WHERE d_w_id = $1 AND d_id = $2 ","parameters: $1 = '1', $2 = '4'",,,,,,,,"","client backend"
2024-06-16 14:33:59.371 CST,"raingage","benchmark",15272,"127.0.0.1:45216",666e86a7.3ba8,582,"SELECT",2024-06-16 14:31:03 CST,8/43,90903,LOG,00000,"execute S_1: SELECT c_discount, c_last, c_credit, w_tax     FROM bmsql_customer     JOIN bmsql_warehouse ON (w_id = c_w_id)     WHERE c_w_id = $1 AND c_d_id = $2 AND c_id = $3 FOR UPDATE","parameters: $1 = '1', $2 = '4', $3 = '14'",,,,,,,,"","client backend"
2024-06-16 14:33:59.400 CST,"raingage","benchmark",15269,"127.0.0.1:45210",666e86a6.3ba5,961,"SELECT",2024-06-16 14:31:02 CST,5/70,0,LOG,00000,"execute S_1: SELECT c_discount, c_last, c_credit, w_tax     FROM bmsql_customer     JOIN bmsql_warehouse ON (w_id = c_w_id)     WHERE c_w_id = $1 AND c_d_id = $2 AND c_id = $3 FOR UPDATE","parameters: $1 = '1', $2 = '4', $3 = '14'",,,,,,,,"","client backend"
2024-06-16 14:33:59.439 CST,"raingage","benchmark",15272,"127.0.0.1:45216",666e86a7.3ba8,583,"SELECT",2024-06-16 14:31:03 CST,8/43,90903,LOG,00000,"execute S_1: SELECT c_discount, c_last, c_credit, w_tax     FROM bmsql_customer     JOIN bmsql_warehouse ON (w_id = c_w_id)     WHERE c_w_id = $1 AND c_d_id = $2 AND c_id = $3 FOR UPDATE","parameters: $1 = '1', $2 = '4', $3 = '14'",,,,,,,,"","client backend"
2024-06-16 14:33:59.512 CST,"raingage","benchmark",15272,"127.0.0.1:45216",666e86a7.3ba8,584,"SELECT",2024-06-16 14:31:03 CST,8/43,90903,LOG,00000,"execute S_1: SELECT c_discount, c_last, c_credit, w_tax     FROM bmsql_customer     JOIN bmsql_warehouse ON (w_id = c_w_id)     WHERE c_w_id = $1 AND c_d_id = $2 AND c_id = $3 FOR UPDATE","parameters: $1 = '1', $2 = '4', $3 = '14'",,,,,,,,"","client backend"
2024-06-16 14:33:59.574 CST,"raingage","benchmark",15272,"127.0.0.1:45216",666e86a7.3ba8,585,"SELECT",2024-06-16 14:31:03 CST,8/43,90903,LOG,00000,"execute S_1: SELECT c_discount, c_last, c_credit, w_tax     FROM bmsql_customer     JOIN bmsql_warehouse ON (w_id = c_w_id)     WHERE c_w_id = $1 AND c_d_id = $2 AND c_id = $3 FOR UPDATE","parameters: $1 = '1', $2 = '4', $3 = '14'",,,,,,,,"","client backend"
2024-06-16 14:33:59.638 CST,"raingage","benchmark",15272,"127.0.0.1:45216",666e86a7.3ba8,586,"SELECT",2024-06-16 14:31:03 CST,8/43,90903,LOG,00000,"execute S_1: SELECT c_discount, c_last, c_credit, w_tax     FROM bmsql_customer     JOIN bmsql_warehouse ON (w_id = c_w_id)     WHERE c_w_id = $1 AND c_d_id = $2 AND c_id = $3 FOR UPDATE","parameters: $1 = '1', $2 = '4', $3 = '14'",,,,,,,,"","client backend"
2024-06-16 14:33:59.700 CST,"raingage","benchmark",15272,"127.0.0.1:45216",666e86a7.3ba8,587,"SELECT",2024-06-16 14:31:03 CST,8/43,90903,LOG,00000,"execute S_1: SELECT c_discount, c_last, c_credit, w_tax     FROM bmsql_customer     JOIN bmsql_warehouse ON (w_id = c_w_id)     WHERE c_w_id = $1 AND c_d_id = $2 AND c_id = $3 FOR UPDATE","parameters: $1 = '1', $2 = '4', $3 = '14'",,,,,,,,"","client backend"
2024-06-16 14:33:59.763 CST,"raingage","benchmark",15272,"127.0.0.1:45216",666e86a7.3ba8,588,"SELECT",2024-06-16 14:31:03 CST,8/43,90903,LOG,00000,"execute S_1: SELECT c_discount, c_last, c_credit, w_tax     FROM bmsql_customer     JOIN bmsql_warehouse ON (w_id = c_w_id)     WHERE c_w_id = $1 AND c_d_id = $2 AND c_id = $3 FOR UPDATE","parameters: $1 = '1', $2 = '4', $3 = '14'",,,,,,,,"","client backend"
2024-06-16 14:33:59.781 CST,"raingage","benchmark",15272,"127.0.0.1:45216",666e86a7.3ba8,589,"SELECT",2024-06-16 14:31:03 CST,8/43,90903,LOG,00000,"execute S_5: SELECT i_price, i_name, i_data     FROM bmsql_item     WHERE i_id = $1","parameters: $1 = '80'",,,,,,,,"","client backend"
2024-06-16 14:33:59.792 CST,"raingage","benchmark",15272,"127.0.0.1:45216",666e86a7.3ba8,590,"SELECT",2024-06-16 14:31:03 CST,8/43,90903,LOG,00000,"execute S_6: SELECT s_quantity, s_data,        s_dist_01, s_dist_02, s_dist_03, s_dist_04,        s_dist_05, s_dist_06, s_dist_07, s_dist_08,        s_dist_09, s_dist_10     FROM bmsql_stock     WHERE s_w_id = $1 AND s_i_id = $2  FOR UPDATE","parameters: $1 = '1', $2 = '80'",,,,,,,,"","client backend"
2024-06-16 14:33:59.810 CST,"raingage","benchmark",15272,"127.0.0.1:45216",666e86a7.3ba8,591,"UPDATE",2024-06-16 14:31:03 CST,8/43,90903,LOG,00000,"execute S_7: UPDATE bmsql_stock     SET s_quantity = $1, s_ytd = s_ytd + $2,         s_order_cnt = s_order_cnt + 1,         s_remote_cnt = s_remote_cnt + $3     WHERE s_w_id = $4 AND s_i_id = $5","parameters: $1 = '95', $2 = '4', $3 = '0', $4 = '1', $5 = '80'",,,,,,,,"","client backend"
2024-06-16 14:33:59.823 CST,"raingage","benchmark",15272,"127.0.0.1:45216",666e86a7.3ba8,592,"COMMIT",2024-06-16 14:31:03 CST,8/43,90903,LOG,00000,"execute S_2: COMMIT",,,,,,,,,"","client backend"
2024-06-16 14:33:59.839 CST,"raingage","benchmark",15272,"127.0.0.1:45216",666e86a7.3ba8,593,"BEGIN",2024-06-16 14:31:03 CST,8/44,0,LOG,00000,"execute S_3: BEGIN",,,,,,,,,"","client backend"
2024-06-16 14:33:59.852 CST,"raingage","benchmark",15272,"127.0.0.1:45216",666e86a7.3ba8,594,"SELECT",2024-06-16 14:31:03 CST,8/44,0,LOG,00000,"execute S_4: SELECT d_tax, d_next_o_id     FROM bmsql_district     WHERE d_w_id = $1 AND d_id = $2 ","parameters: $1 = '1', $2 = '4'",,,,,,,,"","client backend"
2024-06-16 14:33:59.892 CST,"raingage","benchmark",15269,"127.0.0.1:45210",666e86a6.3ba5,962,"SELECT",2024-06-16 14:31:02 CST,5/70,90904,LOG,00000,"execute S_1: SELECT c_discount, c_last, c_credit, w_tax     FROM bmsql_customer     JOIN bmsql_warehouse ON (w_id = c_w_id)     WHERE c_w_id = $1 AND c_d_id = $2 AND c_id = $3 FOR UPDATE","parameters: $1 = '1', $2 = '4', $3 = '14'",,,,,,,,"","client backend"
2024-06-16 14:33:59.918 CST,"raingage","benchmark",15272,"127.0.0.1:45216",666e86a7.3ba8,595,"SELECT",2024-06-16 14:31:03 CST,8/44,0,LOG,00000,"execute S_1: SELECT c_discount, c_last, c_credit, w_tax     FROM bmsql_customer     JOIN bmsql_warehouse ON (w_id = c_w_id)     WHERE c_w_id = $1 AND c_d_id = $2 AND c_id = $3 FOR UPDATE","parameters: $1 = '1', $2 = '4', $3 = '21'",,,,,,,,"","client backend"
2024-06-16 14:33:59.959 CST,"raingage","benchmark",15269,"127.0.0.1:45210",666e86a6.3ba5,963,"SELECT",2024-06-16 14:31:02 CST,5/70,90904,LOG,00000,"execute S_1: SELECT c_discount, c_last, c_credit, w_tax     FROM bmsql_customer     JOIN bmsql_warehouse ON (w_id = c_w_id)     WHERE c_w_id = $1 AND c_d_id = $2 AND c_id = $3 FOR UPDATE","parameters: $1 = '1', $2 = '4', $3 = '14'",,,,,,,,"","client backend"
2024-06-16 14:34:00.024 CST,"raingage","benchmark",15269,"127.0.0.1:45210",666e86a6.3ba5,964,"SELECT",2024-06-16 14:31:02 CST,5/70,90904,LOG,00000,"execute S_1: SELECT c_discount, c_last, c_credit, w_tax     FROM bmsql_customer     JOIN bmsql_warehouse ON (w_id = c_w_id)     WHERE c_w_id = $1 AND c_d_id = $2 AND c_id = $3 FOR UPDATE","parameters: $1 = '1', $2 = '4', $3 = '14'",,,,,,,,"","client backend"
2024-06-16 14:34:00.094 CST,"raingage","benchmark",15269,"127.0.0.1:45210",666e86a6.3ba5,965,"SELECT",2024-06-16 14:31:02 CST,5/70,90904,LOG,00000,"execute S_1: SELECT c_discount, c_last, c_credit, w_tax     FROM bmsql_customer     JOIN bmsql_warehouse ON (w_id = c_w_id)     WHERE c_w_id = $1 AND c_d_id = $2 AND c_id = $3 FOR UPDATE","parameters: $1 = '1', $2 = '4', $3 = '14'",,,,,,,,"","client backend"
2024-06-16 14:34:00.160 CST,"raingage","benchmark",15269,"127.0.0.1:45210",666e86a6.3ba5,966,"SELECT",2024-06-16 14:31:02 CST,5/70,90904,LOG,00000,"execute S_1: SELECT c_discount, c_last, c_credit, w_tax     FROM bmsql_customer     JOIN bmsql_warehouse ON (w_id = c_w_id)     WHERE c_w_id = $1 AND c_d_id = $2 AND c_id = $3 FOR UPDATE","parameters: $1 = '1', $2 = '4', $3 = '14'",,,,,,,,"","client backend"
2024-06-16 14:34:00.222 CST,"raingage","benchmark",15269,"127.0.0.1:45210",666e86a6.3ba5,967,"SELECT",2024-06-16 14:31:02 CST,5/70,90904,LOG,00000,"execute S_1: SELECT c_discount, c_last, c_credit, w_tax     FROM bmsql_customer     JOIN bmsql_warehouse ON (w_id = c_w_id)     WHERE c_w_id = $1 AND c_d_id = $2 AND c_id = $3 FOR UPDATE","parameters: $1 = '1', $2 = '4', $3 = '14'",,,,,,,,"","client backend"
2024-06-16 14:34:00.287 CST,"raingage","benchmark",15269,"127.0.0.1:45210",666e86a6.3ba5,968,"SELECT",2024-06-16 14:31:02 CST,5/70,90904,LOG,00000,"execute S_1: SELECT c_discount, c_last, c_credit, w_tax     FROM bmsql_customer     JOIN bmsql_warehouse ON (w_id = c_w_id)     WHERE c_w_id = $1 AND c_d_id = $2 AND c_id = $3 FOR UPDATE","parameters: $1 = '1', $2 = '4', $3 = '14'",,,,,,,,"","client backend"
2024-06-16 14:34:00.303 CST,"raingage","benchmark",15269,"127.0.0.1:45210",666e86a6.3ba5,969,"SELECT",2024-06-16 14:31:02 CST,5/70,90904,LOG,00000,"execute S_6: SELECT i_price, i_name, i_data     FROM bmsql_item     WHERE i_id = $1","parameters: $1 = '80'",,,,,,,,"","client backend"
2024-06-16 14:34:00.318 CST,"raingage","benchmark",15269,"127.0.0.1:45210",666e86a6.3ba5,970,"SELECT",2024-06-16 14:31:02 CST,5/70,90904,LOG,00000,"execute S_7: SELECT s_quantity, s_data,        s_dist_01, s_dist_02, s_dist_03, s_dist_04,        s_dist_05, s_dist_06, s_dist_07, s_dist_08,        s_dist_09, s_dist_10     FROM bmsql_stock     WHERE s_w_id = $1 AND s_i_id = $2  FOR UPDATE","parameters: $1 = '1', $2 = '80'",,,,,,,,"","client backend"
2024-06-16 14:34:00.330 CST,"raingage","benchmark",15269,"127.0.0.1:45210",666e86a6.3ba5,971,"UPDATE",2024-06-16 14:31:02 CST,5/70,90904,LOG,00000,"execute S_8: UPDATE bmsql_stock     SET s_quantity = $1, s_ytd = s_ytd + $2,         s_order_cnt = s_order_cnt + 1,         s_remote_cnt = s_remote_cnt + $3     WHERE s_w_id = $4 AND s_i_id = $5","parameters: $1 = '91', $2 = '4', $3 = '0', $4 = '1', $5 = '80'",,,,,,,,"","client backend"
2024-06-16 14:34:00.351 CST,"raingage","benchmark",15269,"127.0.0.1:45210",666e86a6.3ba5,972,"COMMIT",2024-06-16 14:31:02 CST,5/70,90904,LOG,00000,"execute S_3: COMMIT",,,,,,,,,"","client backend"
2024-06-16 14:34:00.371 CST,"raingage","benchmark",15269,"127.0.0.1:45210",666e86a6.3ba5,973,"BEGIN",2024-06-16 14:31:02 CST,5/71,0,LOG,00000,"execute S_4: BEGIN",,,,,,,,,"","client backend"
2024-06-16 14:34:00.391 CST,"raingage","benchmark",15269,"127.0.0.1:45210",666e86a6.3ba5,974,"SELECT",2024-06-16 14:31:02 CST,5/71,0,LOG,00000,"execute S_5: SELECT d_tax, d_next_o_id     FROM bmsql_district     WHERE d_w_id = $1 AND d_id = $2 ","parameters: $1 = '1', $2 = '4'",,,,,,,,"","client backend"
2024-06-16 14:34:00.420 CST,"raingage","benchmark",15272,"127.0.0.1:45216",666e86a7.3ba8,596,"SELECT",2024-06-16 14:31:03 CST,8/44,90905,LOG,00000,"execute S_1: SELECT c_discount, c_last, c_credit, w_tax     FROM bmsql_customer     JOIN bmsql_warehouse ON (w_id = c_w_id)     WHERE c_w_id = $1 AND c_d_id = $2 AND c_id = $3 FOR UPDATE","parameters: $1 = '1', $2 = '4', $3 = '21'",,,,,,,,"","client backend"
2024-06-16 14:34:00.457 CST,"raingage","benchmark",15269,"127.0.0.1:45210",666e86a6.3ba5,975,"SELECT",2024-06-16 14:31:02 CST,5/71,0,LOG,00000,"execute S_1: SELECT c_discount, c_last, c_credit, w_tax     FROM bmsql_customer     JOIN bmsql_warehouse ON (w_id = c_w_id)     WHERE c_w_id = $1 AND c_d_id = $2 AND c_id = $3 FOR UPDATE","parameters: $1 = '1', $2 = '4', $3 = '15'",,,,,,,,"","client backend"
2024-06-16 14:34:00.485 CST,"raingage","benchmark",15272,"127.0.0.1:45216",666e86a7.3ba8,597,"SELECT",2024-06-16 14:31:03 CST,8/44,90905,LOG,00000,"execute S_1: SELECT c_discount, c_last, c_credit, w_tax     FROM bmsql_customer     JOIN bmsql_warehouse ON (w_id = c_w_id)     WHERE c_w_id = $1 AND c_d_id = $2 AND c_id = $3 FOR UPDATE","parameters: $1 = '1', $2 = '4', $3 = '21'",,,,,,,,"","client backend"
2024-06-16 14:34:00.554 CST,"raingage","benchmark",15272,"127.0.0.1:45216",666e86a7.3ba8,598,"SELECT",2024-06-16 14:31:03 CST,8/44,90905,LOG,00000,"execute S_1: SELECT c_discount, c_last, c_credit, w_tax     FROM bmsql_customer     JOIN bmsql_warehouse ON (w_id = c_w_id)     WHERE c_w_id = $1 AND c_d_id = $2 AND c_id = $3 FOR UPDATE","parameters: $1 = '1', $2 = '4', $3 = '21'",,,,,,,,"","client backend"
2024-06-16 14:34:00.624 CST,"raingage","benchmark",15272,"127.0.0.1:45216",666e86a7.3ba8,599,"SELECT",2024-06-16 14:31:03 CST,8/44,90905,LOG,00000,"execute S_1: SELECT c_discount, c_last, c_credit, w_tax     FROM bmsql_customer     JOIN bmsql_warehouse ON (w_id = c_w_id)     WHERE c_w_id = $1 AND c_d_id = $2 AND c_id = $3 FOR UPDATE","parameters: $1 = '1', $2 = '4', $3 = '21'",,,,,,,,"","client backend"
2024-06-16 14:34:00.688 CST,"raingage","benchmark",15272,"127.0.0.1:45216",666e86a7.3ba8,600,"SELECT",2024-06-16 14:31:03 CST,8/44,90905,LOG,00000,"execute S_1: SELECT c_discount, c_last, c_credit, w_tax     FROM bmsql_customer     JOIN bmsql_warehouse ON (w_id = c_w_id)     WHERE c_w_id = $1 AND c_d_id = $2 AND c_id = $3 FOR UPDATE","parameters: $1 = '1', $2 = '4', $3 = '21'",,,,,,,,"","client backend"
2024-06-16 14:34:00.760 CST,"raingage","benchmark",15272,"127.0.0.1:45216",666e86a7.3ba8,601,"SELECT",2024-06-16 14:31:03 CST,8/44,90905,LOG,00000,"execute S_1: SELECT c_discount, c_last, c_credit, w_tax     FROM bmsql_customer     JOIN bmsql_warehouse ON (w_id = c_w_id)     WHERE c_w_id = $1 AND c_d_id = $2 AND c_id = $3 FOR UPDATE","parameters: $1 = '1', $2 = '4', $3 = '21'",,,,,,,,"","client backend"
2024-06-16 14:34:00.822 CST,"raingage","benchmark",15272,"127.0.0.1:45216",666e86a7.3ba8,602,"SELECT",2024-06-16 14:31:03 CST,8/44,90905,LOG,00000,"execute S_1: SELECT c_discount, c_last, c_credit, w_tax     FROM bmsql_customer     JOIN bmsql_warehouse ON (w_id = c_w_id)     WHERE c_w_id = $1 AND c_d_id = $2 AND c_id = $3 FOR UPDATE","parameters: $1 = '1', $2 = '4', $3 = '21'",,,,,,,,"","client backend"
2024-06-16 14:34:00.836 CST,"raingage","benchmark",15272,"127.0.0.1:45216",666e86a7.3ba8,603,"SELECT",2024-06-16 14:31:03 CST,8/44,90905,LOG,00000,"execute S_5: SELECT i_price, i_name, i_data     FROM bmsql_item     WHERE i_id = $1","parameters: $1 = '47'",,,,,,,,"","client backend"
2024-06-16 14:34:00.851 CST,"raingage","benchmark",15272,"127.0.0.1:45216",666e86a7.3ba8,604,"SELECT",2024-06-16 14:31:03 CST,8/44,90905,LOG,00000,"execute S_6: SELECT s_quantity, s_data,        s_dist_01, s_dist_02, s_dist_03, s_dist_04,        s_dist_05, s_dist_06, s_dist_07, s_dist_08,        s_dist_09, s_dist_10     FROM bmsql_stock     WHERE s_w_id = $1 AND s_i_id = $2  FOR UPDATE","parameters: $1 = '1', $2 = '47'",,,,,,,,"","client backend"
2024-06-16 14:34:00.868 CST,"raingage","benchmark",15272,"127.0.0.1:45216",666e86a7.3ba8,605,"UPDATE",2024-06-16 14:31:03 CST,8/44,90905,LOG,00000,"execute S_7: UPDATE bmsql_stock     SET s_quantity = $1, s_ytd = s_ytd + $2,         s_order_cnt = s_order_cnt + 1,         s_remote_cnt = s_remote_cnt + $3     WHERE s_w_id = $4 AND s_i_id = $5","parameters: $1 = '68', $2 = '4', $3 = '0', $4 = '1', $5 = '47'",,,,,,,,"","client backend"
2024-06-16 14:34:00.887 CST,"raingage","benchmark",15272,"127.0.0.1:45216",666e86a7.3ba8,606,"COMMIT",2024-06-16 14:31:03 CST,8/44,90905,LOG,00000,"execute S_2: COMMIT",,,,,,,,,"","client backend"
2024-06-16 14:34:00.904 CST,"raingage","benchmark",15272,"127.0.0.1:45216",666e86a7.3ba8,607,"BEGIN",2024-06-16 14:31:03 CST,8/45,0,LOG,00000,"execute S_3: BEGIN",,,,,,,,,"","client backend"
2024-06-16 14:34:00.918 CST,"raingage","benchmark",15272,"127.0.0.1:45216",666e86a7.3ba8,608,"SELECT",2024-06-16 14:31:03 CST,8/45,0,LOG,00000,"execute S_4: SELECT d_tax, d_next_o_id     FROM bmsql_district     WHERE d_w_id = $1 AND d_id = $2 ","parameters: $1 = '1', $2 = '4'",,,,,,,,"","client backend"
2024-06-16 14:34:00.952 CST,"raingage","benchmark",15269,"127.0.0.1:45210",666e86a6.3ba5,976,"SELECT",2024-06-16 14:31:02 CST,5/71,90906,LOG,00000,"execute S_1: SELECT c_discount, c_last, c_credit, w_tax     FROM bmsql_customer     JOIN bmsql_warehouse ON (w_id = c_w_id)     WHERE c_w_id = $1 AND c_d_id = $2 AND c_id = $3 FOR UPDATE","parameters: $1 = '1', $2 = '4', $3 = '15'",,,,,,,,"","client backend"
2024-06-16 14:34:00.981 CST,"raingage","benchmark",15272,"127.0.0.1:45216",666e86a7.3ba8,609,"SELECT",2024-06-16 14:31:03 CST,8/45,0,LOG,00000,"execute S_1: SELECT c_discount, c_last, c_credit, w_tax     FROM bmsql_customer     JOIN bmsql_warehouse ON (w_id = c_w_id)     WHERE c_w_id = $1 AND c_d_id = $2 AND c_id = $3 FOR UPDATE","parameters: $1 = '1', $2 = '4', $3 = '15'",,,,,,,,"","client backend"
2024-06-16 14:34:01.022 CST,"raingage","benchmark",15269,"127.0.0.1:45210",666e86a6.3ba5,977,"SELECT",2024-06-16 14:31:02 CST,5/71,90906,LOG,00000,"execute S_1: SELECT c_discount, c_last, c_credit, w_tax     FROM bmsql_customer     JOIN bmsql_warehouse ON (w_id = c_w_id)     WHERE c_w_id = $1 AND c_d_id = $2 AND c_id = $3 FOR UPDATE","parameters: $1 = '1', $2 = '4', $3 = '15'",,,,,,,,"","client backend"
2024-06-16 14:34:01.092 CST,"raingage","benchmark",15269,"127.0.0.1:45210",666e86a6.3ba5,978,"SELECT",2024-06-16 14:31:02 CST,5/71,90906,LOG,00000,"execute S_1: SELECT c_discount, c_last, c_credit, w_tax     FROM bmsql_customer     JOIN bmsql_warehouse ON (w_id = c_w_id)     WHERE c_w_id = $1 AND c_d_id = $2 AND c_id = $3 FOR UPDATE","parameters: $1 = '1', $2 = '4', $3 = '15'",,,,,,,,"","client backend"
2024-06-16 14:34:01.157 CST,"raingage","benchmark",15269,"127.0.0.1:45210",666e86a6.3ba5,979,"SELECT",2024-06-16 14:31:02 CST,5/71,90906,LOG,00000,"execute S_1: SELECT c_discount, c_last, c_credit, w_tax     FROM bmsql_customer     JOIN bmsql_warehouse ON (w_id = c_w_id)     WHERE c_w_id = $1 AND c_d_id = $2 AND c_id = $3 FOR UPDATE","parameters: $1 = '1', $2 = '4', $3 = '15'",,,,,,,,"","client backend"
2024-06-16 14:34:01.224 CST,"raingage","benchmark",15269,"127.0.0.1:45210",666e86a6.3ba5,980,"SELECT",2024-06-16 14:31:02 CST,5/71,90906,LOG,00000,"execute S_1: SELECT c_discount, c_last, c_credit, w_tax     FROM bmsql_customer     JOIN bmsql_warehouse ON (w_id = c_w_id)     WHERE c_w_id = $1 AND c_d_id = $2 AND c_id = $3 FOR UPDATE","parameters: $1 = '1', $2 = '4', $3 = '15'",,,,,,,,"","client backend"
2024-06-16 14:34:01.287 CST,"raingage","benchmark",15269,"127.0.0.1:45210",666e86a6.3ba5,981,"SELECT",2024-06-16 14:31:02 CST,5/71,90906,LOG,00000,"execute S_1: SELECT c_discount, c_last, c_credit, w_tax     FROM bmsql_customer     JOIN bmsql_warehouse ON (w_id = c_w_id)     WHERE c_w_id = $1 AND c_d_id = $2 AND c_id = $3 FOR UPDATE","parameters: $1 = '1', $2 = '4', $3 = '15'",,,,,,,,"","client backend"
2024-06-16 14:34:01.351 CST,"raingage","benchmark",15269,"127.0.0.1:45210",666e86a6.3ba5,982,"SELECT",2024-06-16 14:31:02 CST,5/71,90906,LOG,00000,"execute S_1: SELECT c_discount, c_last, c_credit, w_tax     FROM bmsql_customer     JOIN bmsql_warehouse ON (w_id = c_w_id)     WHERE c_w_id = $1 AND c_d_id = $2 AND c_id = $3 FOR UPDATE","parameters: $1 = '1', $2 = '4', $3 = '15'",,,,,,,,"","client backend"
2024-06-16 14:34:01.366 CST,"raingage","benchmark",15269,"127.0.0.1:45210",666e86a6.3ba5,983,"SELECT",2024-06-16 14:31:02 CST,5/71,90906,LOG,00000,"execute S_6: SELECT i_price, i_name, i_data     FROM bmsql_item     WHERE i_id = $1","parameters: $1 = '14'",,,,,,,,"","client backend"
2024-06-16 14:34:01.379 CST,"raingage","benchmark",15269,"127.0.0.1:45210",666e86a6.3ba5,984,"SELECT",2024-06-16 14:31:02 CST,5/71,90906,LOG,00000,"execute S_7: SELECT s_quantity, s_data,        s_dist_01, s_dist_02, s_dist_03, s_dist_04,        s_dist_05, s_dist_06, s_dist_07, s_dist_08,        s_dist_09, s_dist_10     FROM bmsql_stock     WHERE s_w_id = $1 AND s_i_id = $2  FOR UPDATE","parameters: $1 = '1', $2 = '14'",,,,,,,,"","client backend"
2024-06-16 14:34:01.394 CST,"raingage","benchmark",15269,"127.0.0.1:45210",666e86a6.3ba5,985,"UPDATE",2024-06-16 14:31:02 CST,5/71,90906,LOG,00000,"execute S_8: UPDATE bmsql_stock     SET s_quantity = $1, s_ytd = s_ytd + $2,         s_order_cnt = s_order_cnt + 1,         s_remote_cnt = s_remote_cnt + $3     WHERE s_w_id = $4 AND s_i_id = $5","parameters: $1 = '34', $2 = '4', $3 = '0', $4 = '1', $5 = '14'",,,,,,,,"","client backend"
2024-06-16 14:34:01.409 CST,"raingage","benchmark",15269,"127.0.0.1:45210",666e86a6.3ba5,986,"COMMIT",2024-06-16 14:31:02 CST,5/71,90906,LOG,00000,"execute S_3: COMMIT",,,,,,,,,"","client backend"
2024-06-16 14:34:01.479 CST,"raingage","benchmark",15272,"127.0.0.1:45216",666e86a7.3ba8,610,"SELECT",2024-06-16 14:31:03 CST,8/45,90907,LOG,00000,"execute S_1: SELECT c_discount, c_last, c_credit, w_tax     FROM bmsql_customer     JOIN bmsql_warehouse ON (w_id = c_w_id)     WHERE c_w_id = $1 AND c_d_id = $2 AND c_id = $3 FOR UPDATE","parameters: $1 = '1', $2 = '4', $3 = '15'",,,,,,,,"","client backend"
2024-06-16 14:34:01.551 CST,"raingage","benchmark",15272,"127.0.0.1:45216",666e86a7.3ba8,611,"SELECT",2024-06-16 14:31:03 CST,8/45,90907,LOG,00000,"execute S_1: SELECT c_discount, c_last, c_credit, w_tax     FROM bmsql_customer     JOIN bmsql_warehouse ON (w_id = c_w_id)     WHERE c_w_id = $1 AND c_d_id = $2 AND c_id = $3 FOR UPDATE","parameters: $1 = '1', $2 = '4', $3 = '15'",,,,,,,,"","client backend"
2024-06-16 14:34:01.617 CST,"raingage","benchmark",15272,"127.0.0.1:45216",666e86a7.3ba8,612,"SELECT",2024-06-16 14:31:03 CST,8/45,90907,LOG,00000,"execute S_1: SELECT c_discount, c_last, c_credit, w_tax     FROM bmsql_customer     JOIN bmsql_warehouse ON (w_id = c_w_id)     WHERE c_w_id = $1 AND c_d_id = $2 AND c_id = $3 FOR UPDATE","parameters: $1 = '1', $2 = '4', $3 = '15'",,,,,,,,"","client backend"
2024-06-16 14:34:01.689 CST,"raingage","benchmark",15272,"127.0.0.1:45216",666e86a7.3ba8,613,"SELECT",2024-06-16 14:31:03 CST,8/45,90907,LOG,00000,"execute S_1: SELECT c_discount, c_last, c_credit, w_tax     FROM bmsql_customer     JOIN bmsql_warehouse ON (w_id = c_w_id)     WHERE c_w_id = $1 AND c_d_id = $2 AND c_id = $3 FOR UPDATE","parameters: $1 = '1', $2 = '4', $3 = '15'",,,,,,,,"","client backend"
2024-06-16 14:34:01.759 CST,"raingage","benchmark",15272,"127.0.0.1:45216",666e86a7.3ba8,614,"SELECT",2024-06-16 14:31:03 CST,8/45,90907,LOG,00000,"execute S_1: SELECT c_discount, c_last, c_credit, w_tax     FROM bmsql_customer     JOIN bmsql_warehouse ON (w_id = c_w_id)     WHERE c_w_id = $1 AND c_d_id = $2 AND c_id = $3 FOR UPDATE","parameters: $1 = '1', $2 = '4', $3 = '15'",,,,,,,,"","client backend"
2024-06-16 14:34:01.825 CST,"raingage","benchmark",15272,"127.0.0.1:45216",666e86a7.3ba8,615,"SELECT",2024-06-16 14:31:03 CST,8/45,90907,LOG,00000,"execute S_1: SELECT c_discount, c_last, c_credit, w_tax     FROM bmsql_customer     JOIN bmsql_warehouse ON (w_id = c_w_id)     WHERE c_w_id = $1 AND c_d_id = $2 AND c_id = $3 FOR UPDATE","parameters: $1 = '1', $2 = '4', $3 = '15'",,,,,,,,"","client backend"
2024-06-16 14:34:01.888 CST,"raingage","benchmark",15272,"127.0.0.1:45216",666e86a7.3ba8,616,"SELECT",2024-06-16 14:31:03 CST,8/45,90907,LOG,00000,"execute S_1: SELECT c_discount, c_last, c_credit, w_tax     FROM bmsql_customer     JOIN bmsql_warehouse ON (w_id = c_w_id)     WHERE c_w_id = $1 AND c_d_id = $2 AND c_id = $3 FOR UPDATE","parameters: $1 = '1', $2 = '4', $3 = '15'",,,,,,,,"","client backend"
2024-06-16 14:34:01.908 CST,"raingage","benchmark",15272,"127.0.0.1:45216",666e86a7.3ba8,617,"SELECT",2024-06-16 14:31:03 CST,8/45,90907,LOG,00000,"execute S_5: SELECT i_price, i_name, i_data     FROM bmsql_item     WHERE i_id = $1","parameters: $1 = '14'",,,,,,,,"","client backend"
2024-06-16 14:34:01.925 CST,"raingage","benchmark",15272,"127.0.0.1:45216",666e86a7.3ba8,618,"SELECT",2024-06-16 14:31:03 CST,8/45,90907,LOG,00000,"execute S_6: SELECT s_quantity, s_data,        s_dist_01, s_dist_02, s_dist_03, s_dist_04,        s_dist_05, s_dist_06, s_dist_07, s_dist_08,        s_dist_09, s_dist_10     FROM bmsql_stock     WHERE s_w_id = $1 AND s_i_id = $2  FOR UPDATE","parameters: $1 = '1', $2 = '14'",,,,,,,,"","client backend"
2024-06-16 14:34:01.939 CST,"raingage","benchmark",15272,"127.0.0.1:45216",666e86a7.3ba8,619,"UPDATE",2024-06-16 14:31:03 CST,8/45,90907,LOG,00000,"execute S_7: UPDATE bmsql_stock     SET s_quantity = $1, s_ytd = s_ytd + $2,         s_order_cnt = s_order_cnt + 1,         s_remote_cnt = s_remote_cnt + $3     WHERE s_w_id = $4 AND s_i_id = $5","parameters: $1 = '33', $2 = '1', $3 = '0', $4 = '1', $5 = '14'",,,,,,,,"","client backend"
2024-06-16 14:34:01.957 CST,"raingage","benchmark",15272,"127.0.0.1:45216",666e86a7.3ba8,620,"COMMIT",2024-06-16 14:31:03 CST,8/45,90907,LOG,00000,"execute S_2: COMMIT",,,,,,,,,"","client backend"
2024-06-16 14:34:03.326 CST,"raingage","benchmark",15270,"127.0.0.1:45212",666e86a6.3ba6,789,"BEGIN",2024-06-16 14:31:02 CST,6/58,0,LOG,00000,"execute S_3: BEGIN",,,,,,,,,"","client backend"
2024-06-16 14:34:03.338 CST,"raingage","benchmark",15270,"127.0.0.1:45212",666e86a6.3ba6,790,"SELECT",2024-06-16 14:31:02 CST,6/58,0,LOG,00000,"execute S_4: SELECT d_tax, d_next_o_id     FROM bmsql_district     WHERE d_w_id = $1 AND d_id = $2 ","parameters: $1 = '1', $2 = '4'",,,,,,,,"","client backend"
2024-06-16 14:34:03.409 CST,"raingage","benchmark",15270,"127.0.0.1:45212",666e86a6.3ba6,791,"SELECT",2024-06-16 14:31:02 CST,6/58,0,LOG,00000,"execute S_1: SELECT c_discount, c_last, c_credit, w_tax     FROM bmsql_customer     JOIN bmsql_warehouse ON (w_id = c_w_id)     WHERE c_w_id = $1 AND c_d_id = $2 AND c_id = $3 FOR UPDATE","parameters: $1 = '1', $2 = '4', $3 = '12'",,,,,,,,"","client backend"
2024-06-16 14:34:03.479 CST,"raingage","benchmark",15270,"127.0.0.1:45212",666e86a6.3ba6,792,"SELECT",2024-06-16 14:31:02 CST,6/58,90908,LOG,00000,"execute S_1: SELECT c_discount, c_last, c_credit, w_tax     FROM bmsql_customer     JOIN bmsql_warehouse ON (w_id = c_w_id)     WHERE c_w_id = $1 AND c_d_id = $2 AND c_id = $3 FOR UPDATE","parameters: $1 = '1', $2 = '4', $3 = '12'",,,,,,,,"","client backend"
2024-06-16 14:34:03.546 CST,"raingage","benchmark",15270,"127.0.0.1:45212",666e86a6.3ba6,793,"SELECT",2024-06-16 14:31:02 CST,6/58,90908,LOG,00000,"execute S_1: SELECT c_discount, c_last, c_credit, w_tax     FROM bmsql_customer     JOIN bmsql_warehouse ON (w_id = c_w_id)     WHERE c_w_id = $1 AND c_d_id = $2 AND c_id = $3 FOR UPDATE","parameters: $1 = '1', $2 = '4', $3 = '12'",,,,,,,,"","client backend"
2024-06-16 14:34:03.616 CST,"raingage","benchmark",15270,"127.0.0.1:45212",666e86a6.3ba6,794,"SELECT",2024-06-16 14:31:02 CST,6/58,90908,LOG,00000,"execute S_1: SELECT c_discount, c_last, c_credit, w_tax     FROM bmsql_customer     JOIN bmsql_warehouse ON (w_id = c_w_id)     WHERE c_w_id = $1 AND c_d_id = $2 AND c_id = $3 FOR UPDATE","parameters: $1 = '1', $2 = '4', $3 = '12'",,,,,,,,"","client backend"
2024-06-16 14:34:03.687 CST,"raingage","benchmark",15270,"127.0.0.1:45212",666e86a6.3ba6,795,"SELECT",2024-06-16 14:31:02 CST,6/58,90908,LOG,00000,"execute S_1: SELECT c_discount, c_last, c_credit, w_tax     FROM bmsql_customer     JOIN bmsql_warehouse ON (w_id = c_w_id)     WHERE c_w_id = $1 AND c_d_id = $2 AND c_id = $3 FOR UPDATE","parameters: $1 = '1', $2 = '4', $3 = '12'",,,,,,,,"","client backend"
2024-06-16 14:34:03.750 CST,"raingage","benchmark",15270,"127.0.0.1:45212",666e86a6.3ba6,796,"SELECT",2024-06-16 14:31:02 CST,6/58,90908,LOG,00000,"execute S_1: SELECT c_discount, c_last, c_credit, w_tax     FROM bmsql_customer     JOIN bmsql_warehouse ON (w_id = c_w_id)     WHERE c_w_id = $1 AND c_d_id = $2 AND c_id = $3 FOR UPDATE","parameters: $1 = '1', $2 = '4', $3 = '12'",,,,,,,,"","client backend"
2024-06-16 14:34:03.814 CST,"raingage","benchmark",15270,"127.0.0.1:45212",666e86a6.3ba6,797,"SELECT",2024-06-16 14:31:02 CST,6/58,90908,LOG,00000,"execute S_1: SELECT c_discount, c_last, c_credit, w_tax     FROM bmsql_customer     JOIN bmsql_warehouse ON (w_id = c_w_id)     WHERE c_w_id = $1 AND c_d_id = $2 AND c_id = $3 FOR UPDATE","parameters: $1 = '1', $2 = '4', $3 = '12'",,,,,,,,"","client backend"
2024-06-16 14:34:03.879 CST,"raingage","benchmark",15270,"127.0.0.1:45212",666e86a6.3ba6,798,"SELECT",2024-06-16 14:31:02 CST,6/58,90908,LOG,00000,"execute S_1: SELECT c_discount, c_last, c_credit, w_tax     FROM bmsql_customer     JOIN bmsql_warehouse ON (w_id = c_w_id)     WHERE c_w_id = $1 AND c_d_id = $2 AND c_id = $3 FOR UPDATE","parameters: $1 = '1', $2 = '4', $3 = '12'",,,,,,,,"","client backend"
2024-06-16 14:34:03.892 CST,"raingage","benchmark",15270,"127.0.0.1:45212",666e86a6.3ba6,799,"SELECT",2024-06-16 14:31:02 CST,6/58,90908,LOG,00000,"execute S_5: SELECT i_price, i_name, i_data     FROM bmsql_item     WHERE i_id = $1","parameters: $1 = '3000022'",,,,,,,,"","client backend"
2024-06-16 14:34:03.905 CST,"raingage","benchmark",15270,"127.0.0.1:45212",666e86a6.3ba6,800,"ROLLBACK",2024-06-16 14:31:02 CST,6/58,90908,LOG,00000,"execute S_8: ROLLBACK",,,,,,,,,"","client backend"
2024-06-16 14:34:03.921 CST,"raingage","benchmark",15270,"127.0.0.1:45212",666e86a6.3ba6,801,"BEGIN",2024-06-16 14:31:02 CST,6/59,0,LOG,00000,"execute S_3: BEGIN",,,,,,,,,"","client backend"
2024-06-16 14:34:03.935 CST,"raingage","benchmark",15270,"127.0.0.1:45212",666e86a6.3ba6,802,"SELECT",2024-06-16 14:31:02 CST,6/59,0,LOG,00000,"execute S_4: SELECT d_tax, d_next_o_id     FROM bmsql_district     WHERE d_w_id = $1 AND d_id = $2 ","parameters: $1 = '1', $2 = '4'",,,,,,,,"","client backend"
2024-06-16 14:34:04.000 CST,"raingage","benchmark",15270,"127.0.0.1:45212",666e86a6.3ba6,803,"SELECT",2024-06-16 14:31:02 CST,6/59,0,LOG,00000,"execute S_1: SELECT c_discount, c_last, c_credit, w_tax     FROM bmsql_customer     JOIN bmsql_warehouse ON (w_id = c_w_id)     WHERE c_w_id = $1 AND c_d_id = $2 AND c_id = $3 FOR UPDATE","parameters: $1 = '1', $2 = '4', $3 = '9'",,,,,,,,"","client backend"
2024-06-16 14:34:04.067 CST,"raingage","benchmark",15270,"127.0.0.1:45212",666e86a6.3ba6,804,"SELECT",2024-06-16 14:31:02 CST,6/59,90909,LOG,00000,"execute S_1: SELECT c_discount, c_last, c_credit, w_tax     FROM bmsql_customer     JOIN bmsql_warehouse ON (w_id = c_w_id)     WHERE c_w_id = $1 AND c_d_id = $2 AND c_id = $3 FOR UPDATE","parameters: $1 = '1', $2 = '4', $3 = '9'",,,,,,,,"","client backend"
2024-06-16 14:34:04.134 CST,"raingage","benchmark",15270,"127.0.0.1:45212",666e86a6.3ba6,805,"SELECT",2024-06-16 14:31:02 CST,6/59,90909,LOG,00000,"execute S_1: SELECT c_discount, c_last, c_credit, w_tax     FROM bmsql_customer     JOIN bmsql_warehouse ON (w_id = c_w_id)     WHERE c_w_id = $1 AND c_d_id = $2 AND c_id = $3 FOR UPDATE","parameters: $1 = '1', $2 = '4', $3 = '9'",,,,,,,,"","client backend"
2024-06-16 14:34:04.206 CST,"raingage","benchmark",15270,"127.0.0.1:45212",666e86a6.3ba6,806,"SELECT",2024-06-16 14:31:02 CST,6/59,90909,LOG,00000,"execute S_1: SELECT c_discount, c_last, c_credit, w_tax     FROM bmsql_customer     JOIN bmsql_warehouse ON (w_id = c_w_id)     WHERE c_w_id = $1 AND c_d_id = $2 AND c_id = $3 FOR UPDATE","parameters: $1 = '1', $2 = '4', $3 = '9'",,,,,,,,"","client backend"
2024-06-16 14:34:04.272 CST,"raingage","benchmark",15270,"127.0.0.1:45212",666e86a6.3ba6,807,"SELECT",2024-06-16 14:31:02 CST,6/59,90909,LOG,00000,"execute S_1: SELECT c_discount, c_last, c_credit, w_tax     FROM bmsql_customer     JOIN bmsql_warehouse ON (w_id = c_w_id)     WHERE c_w_id = $1 AND c_d_id = $2 AND c_id = $3 FOR UPDATE","parameters: $1 = '1', $2 = '4', $3 = '9'",,,,,,,,"","client backend"
2024-06-16 14:34:04.335 CST,"raingage","benchmark",15270,"127.0.0.1:45212",666e86a6.3ba6,808,"SELECT",2024-06-16 14:31:02 CST,6/59,90909,LOG,00000,"execute S_1: SELECT c_discount, c_last, c_credit, w_tax     FROM bmsql_customer     JOIN bmsql_warehouse ON (w_id = c_w_id)     WHERE c_w_id = $1 AND c_d_id = $2 AND c_id = $3 FOR UPDATE","parameters: $1 = '1', $2 = '4', $3 = '9'",,,,,,,,"","client backend"
2024-06-16 14:34:04.403 CST,"raingage","benchmark",15270,"127.0.0.1:45212",666e86a6.3ba6,809,"SELECT",2024-06-16 14:31:02 CST,6/59,90909,LOG,00000,"execute S_1: SELECT c_discount, c_last, c_credit, w_tax     FROM bmsql_customer     JOIN bmsql_warehouse ON (w_id = c_w_id)     WHERE c_w_id = $1 AND c_d_id = $2 AND c_id = $3 FOR UPDATE","parameters: $1 = '1', $2 = '4', $3 = '9'",,,,,,,,"","client backend"
2024-06-16 14:34:04.469 CST,"raingage","benchmark",15270,"127.0.0.1:45212",666e86a6.3ba6,810,"SELECT",2024-06-16 14:31:02 CST,6/59,90909,LOG,00000,"execute S_1: SELECT c_discount, c_last, c_credit, w_tax     FROM bmsql_customer     JOIN bmsql_warehouse ON (w_id = c_w_id)     WHERE c_w_id = $1 AND c_d_id = $2 AND c_id = $3 FOR UPDATE","parameters: $1 = '1', $2 = '4', $3 = '9'",,,,,,,,"","client backend"
2024-06-16 14:34:04.485 CST,"raingage","benchmark",15270,"127.0.0.1:45212",666e86a6.3ba6,811,"SELECT",2024-06-16 14:31:02 CST,6/59,90909,LOG,00000,"execute S_5: SELECT i_price, i_name, i_data     FROM bmsql_item     WHERE i_id = $1","parameters: $1 = '26'",,,,,,,,"","client backend"
2024-06-16 14:34:04.504 CST,"raingage","benchmark",15270,"127.0.0.1:45212",666e86a6.3ba6,812,"SELECT",2024-06-16 14:31:02 CST,6/59,90909,LOG,00000,"execute S_6: SELECT s_quantity, s_data,        s_dist_01, s_dist_02, s_dist_03, s_dist_04,        s_dist_05, s_dist_06, s_dist_07, s_dist_08,        s_dist_09, s_dist_10     FROM bmsql_stock     WHERE s_w_id = $1 AND s_i_id = $2  FOR UPDATE","parameters: $1 = '1', $2 = '26'",,,,,,,,"","client backend"
2024-06-16 14:34:04.519 CST,"raingage","benchmark",15270,"127.0.0.1:45212",666e86a6.3ba6,813,"UPDATE",2024-06-16 14:31:02 CST,6/59,90909,LOG,00000,"execute S_7: UPDATE bmsql_stock     SET s_quantity = $1, s_ytd = s_ytd + $2,         s_order_cnt = s_order_cnt + 1,         s_remote_cnt = s_remote_cnt + $3     WHERE s_w_id = $4 AND s_i_id = $5","parameters: $1 = '17', $2 = '3', $3 = '0', $4 = '1', $5 = '26'",,,,,,,,"","client backend"
2024-06-16 14:34:04.533 CST,"raingage","benchmark",15270,"127.0.0.1:45212",666e86a6.3ba6,814,"COMMIT",2024-06-16 14:31:02 CST,6/59,90909,LOG,00000,"execute S_2: COMMIT",,,,,,,,,"","client backend"
2024-06-16 14:34:04.551 CST,"raingage","benchmark",15270,"127.0.0.1:45212",666e86a6.3ba6,815,"BEGIN",2024-06-16 14:31:02 CST,6/60,0,LOG,00000,"execute S_3: BEGIN",,,,,,,,,"","client backend"
2024-06-16 14:34:04.555 CST,"raingage","benchmark",15271,"127.0.0.1:45214",666e86a7.3ba7,1053,"BEGIN",2024-06-16 14:31:03 CST,7/77,0,LOG,00000,"execute S_3: BEGIN",,,,,,,,,"","client backend"
2024-06-16 14:34:04.562 CST,"raingage","benchmark",15270,"127.0.0.1:45212",666e86a6.3ba6,816,"SELECT",2024-06-16 14:31:02 CST,6/60,0,LOG,00000,"execute S_4: SELECT d_tax, d_next_o_id     FROM bmsql_district     WHERE d_w_id = $1 AND d_id = $2 ","parameters: $1 = '1', $2 = '3'",,,,,,,,"","client backend"
2024-06-16 14:34:04.572 CST,"raingage","benchmark",15271,"127.0.0.1:45214",666e86a7.3ba7,1054,"SELECT",2024-06-16 14:31:03 CST,7/77,0,LOG,00000,"execute S_4: SELECT d_tax, d_next_o_id     FROM bmsql_district     WHERE d_w_id = $1 AND d_id = $2 ","parameters: $1 = '1', $2 = '2'",,,,,,,,"","client backend"
2024-06-16 14:34:04.632 CST,"raingage","benchmark",15270,"127.0.0.1:45212",666e86a6.3ba6,817,"SELECT",2024-06-16 14:31:02 CST,6/60,0,LOG,00000,"execute S_1: SELECT c_discount, c_last, c_credit, w_tax     FROM bmsql_customer     JOIN bmsql_warehouse ON (w_id = c_w_id)     WHERE c_w_id = $1 AND c_d_id = $2 AND c_id = $3 FOR UPDATE","parameters: $1 = '1', $2 = '3', $3 = '74'",,,,,,,,"","client backend"
2024-06-16 14:34:04.635 CST,"raingage","benchmark",15271,"127.0.0.1:45214",666e86a7.3ba7,1055,"SELECT",2024-06-16 14:31:03 CST,7/77,0,LOG,00000,"execute S_1: SELECT c_discount, c_last, c_credit, w_tax     FROM bmsql_customer     JOIN bmsql_warehouse ON (w_id = c_w_id)     WHERE c_w_id = $1 AND c_d_id = $2 AND c_id = $3 FOR UPDATE","parameters: $1 = '1', $2 = '2', $3 = '45'",,,,,,,,"","client backend"
2024-06-16 14:34:04.697 CST,"raingage","benchmark",15270,"127.0.0.1:45212",666e86a6.3ba6,818,"SELECT",2024-06-16 14:31:02 CST,6/60,90910,LOG,00000,"execute S_1: SELECT c_discount, c_last, c_credit, w_tax     FROM bmsql_customer     JOIN bmsql_warehouse ON (w_id = c_w_id)     WHERE c_w_id = $1 AND c_d_id = $2 AND c_id = $3 FOR UPDATE","parameters: $1 = '1', $2 = '3', $3 = '74'",,,,,,,,"","client backend"
2024-06-16 14:34:04.760 CST,"raingage","benchmark",15270,"127.0.0.1:45212",666e86a6.3ba6,819,"SELECT",2024-06-16 14:31:02 CST,6/60,90910,LOG,00000,"execute S_1: SELECT c_discount, c_last, c_credit, w_tax     FROM bmsql_customer     JOIN bmsql_warehouse ON (w_id = c_w_id)     WHERE c_w_id = $1 AND c_d_id = $2 AND c_id = $3 FOR UPDATE","parameters: $1 = '1', $2 = '3', $3 = '74'",,,,,,,,"","client backend"
2024-06-16 14:34:04.824 CST,"raingage","benchmark",15270,"127.0.0.1:45212",666e86a6.3ba6,820,"SELECT",2024-06-16 14:31:02 CST,6/60,90910,LOG,00000,"execute S_1: SELECT c_discount, c_last, c_credit, w_tax     FROM bmsql_customer     JOIN bmsql_warehouse ON (w_id = c_w_id)     WHERE c_w_id = $1 AND c_d_id = $2 AND c_id = $3 FOR UPDATE","parameters: $1 = '1', $2 = '3', $3 = '74'",,,,,,,,"","client backend"
2024-06-16 14:34:04.893 CST,"raingage","benchmark",15270,"127.0.0.1:45212",666e86a6.3ba6,821,"SELECT",2024-06-16 14:31:02 CST,6/60,90910,LOG,00000,"execute S_1: SELECT c_discount, c_last, c_credit, w_tax     FROM bmsql_customer     JOIN bmsql_warehouse ON (w_id = c_w_id)     WHERE c_w_id = $1 AND c_d_id = $2 AND c_id = $3 FOR UPDATE","parameters: $1 = '1', $2 = '3', $3 = '74'",,,,,,,,"","client backend"
2024-06-16 14:34:04.956 CST,"raingage","benchmark",15270,"127.0.0.1:45212",666e86a6.3ba6,822,"SELECT",2024-06-16 14:31:02 CST,6/60,90910,LOG,00000,"execute S_1: SELECT c_discount, c_last, c_credit, w_tax     FROM bmsql_customer     JOIN bmsql_warehouse ON (w_id = c_w_id)     WHERE c_w_id = $1 AND c_d_id = $2 AND c_id = $3 FOR UPDATE","parameters: $1 = '1', $2 = '3', $3 = '74'",,,,,,,,"","client backend"
2024-06-16 14:34:05.021 CST,"raingage","benchmark",15270,"127.0.0.1:45212",666e86a6.3ba6,823,"SELECT",2024-06-16 14:31:02 CST,6/60,90910,LOG,00000,"execute S_1: SELECT c_discount, c_last, c_credit, w_tax     FROM bmsql_customer     JOIN bmsql_warehouse ON (w_id = c_w_id)     WHERE c_w_id = $1 AND c_d_id = $2 AND c_id = $3 FOR UPDATE","parameters: $1 = '1', $2 = '3', $3 = '74'",,,,,,,,"","client backend"
2024-06-16 14:34:05.083 CST,"raingage","benchmark",15270,"127.0.0.1:45212",666e86a6.3ba6,824,"SELECT",2024-06-16 14:31:02 CST,6/60,90910,LOG,00000,"execute S_1: SELECT c_discount, c_last, c_credit, w_tax     FROM bmsql_customer     JOIN bmsql_warehouse ON (w_id = c_w_id)     WHERE c_w_id = $1 AND c_d_id = $2 AND c_id = $3 FOR UPDATE","parameters: $1 = '1', $2 = '3', $3 = '74'",,,,,,,,"","client backend"
2024-06-16 14:34:05.104 CST,"raingage","benchmark",15270,"127.0.0.1:45212",666e86a6.3ba6,825,"SELECT",2024-06-16 14:31:02 CST,6/60,90910,LOG,00000,"execute S_5: SELECT i_price, i_name, i_data     FROM bmsql_item     WHERE i_id = $1","parameters: $1 = '36'",,,,,,,,"","client backend"
2024-06-16 14:34:05.116 CST,"raingage","benchmark",15270,"127.0.0.1:45212",666e86a6.3ba6,826,"SELECT",2024-06-16 14:31:02 CST,6/60,90910,LOG,00000,"execute S_6: SELECT s_quantity, s_data,        s_dist_01, s_dist_02, s_dist_03, s_dist_04,        s_dist_05, s_dist_06, s_dist_07, s_dist_08,        s_dist_09, s_dist_10     FROM bmsql_stock     WHERE s_w_id = $1 AND s_i_id = $2  FOR UPDATE","parameters: $1 = '1', $2 = '36'",,,,,,,,"","client backend"
2024-06-16 14:34:05.130 CST,"raingage","benchmark",15270,"127.0.0.1:45212",666e86a6.3ba6,827,"UPDATE",2024-06-16 14:31:02 CST,6/60,90910,LOG,00000,"execute S_7: UPDATE bmsql_stock     SET s_quantity = $1, s_ytd = s_ytd + $2,         s_order_cnt = s_order_cnt + 1,         s_remote_cnt = s_remote_cnt + $3     WHERE s_w_id = $4 AND s_i_id = $5","parameters: $1 = '36', $2 = '3', $3 = '0', $4 = '1', $5 = '36'",,,,,,,,"","client backend"
2024-06-16 14:34:05.142 CST,"raingage","benchmark",15270,"127.0.0.1:45212",666e86a6.3ba6,828,"COMMIT",2024-06-16 14:31:02 CST,6/60,90910,LOG,00000,"execute S_2: COMMIT",,,,,,,,,"","client backend"
2024-06-16 14:34:05.160 CST,"raingage","benchmark",15270,"127.0.0.1:45212",666e86a6.3ba6,829,"BEGIN",2024-06-16 14:31:02 CST,6/61,0,LOG,00000,"execute S_3: BEGIN",,,,,,,,,"","client backend"
2024-06-16 14:34:05.175 CST,"raingage","benchmark",15270,"127.0.0.1:45212",666e86a6.3ba6,830,"SELECT",2024-06-16 14:31:02 CST,6/61,0,LOG,00000,"execute S_4: SELECT d_tax, d_next_o_id     FROM bmsql_district     WHERE d_w_id = $1 AND d_id = $2 ","parameters: $1 = '1', $2 = '3'",,,,,,,,"","client backend"
2024-06-16 14:34:05.207 CST,"raingage","benchmark",15271,"127.0.0.1:45214",666e86a7.3ba7,1056,"SELECT",2024-06-16 14:31:03 CST,7/77,90911,LOG,00000,"execute S_1: SELECT c_discount, c_last, c_credit, w_tax     FROM bmsql_customer     JOIN bmsql_warehouse ON (w_id = c_w_id)     WHERE c_w_id = $1 AND c_d_id = $2 AND c_id = $3 FOR UPDATE","parameters: $1 = '1', $2 = '2', $3 = '45'",,,,,,,,"","client backend"
2024-06-16 14:34:05.241 CST,"raingage","benchmark",15270,"127.0.0.1:45212",666e86a6.3ba6,831,"SELECT",2024-06-16 14:31:02 CST,6/61,0,LOG,00000,"execute S_1: SELECT c_discount, c_last, c_credit, w_tax     FROM bmsql_customer     JOIN bmsql_warehouse ON (w_id = c_w_id)     WHERE c_w_id = $1 AND c_d_id = $2 AND c_id = $3 FOR UPDATE","parameters: $1 = '1', $2 = '3', $3 = '74'",,,,,,,,"","client backend"
2024-06-16 14:34:05.275 CST,"raingage","benchmark",15271,"127.0.0.1:45214",666e86a7.3ba7,1057,"SELECT",2024-06-16 14:31:03 CST,7/77,90911,LOG,00000,"execute S_1: SELECT c_discount, c_last, c_credit, w_tax     FROM bmsql_customer     JOIN bmsql_warehouse ON (w_id = c_w_id)     WHERE c_w_id = $1 AND c_d_id = $2 AND c_id = $3 FOR UPDATE","parameters: $1 = '1', $2 = '2', $3 = '45'",,,,,,,,"","client backend"
2024-06-16 14:34:05.343 CST,"raingage","benchmark",15271,"127.0.0.1:45214",666e86a7.3ba7,1058,"SELECT",2024-06-16 14:31:03 CST,7/77,90911,LOG,00000,"execute S_1: SELECT c_discount, c_last, c_credit, w_tax     FROM bmsql_customer     JOIN bmsql_warehouse ON (w_id = c_w_id)     WHERE c_w_id = $1 AND c_d_id = $2 AND c_id = $3 FOR UPDATE","parameters: $1 = '1', $2 = '2', $3 = '45'",,,,,,,,"","client backend"
2024-06-16 14:34:05.414 CST,"raingage","benchmark",15271,"127.0.0.1:45214",666e86a7.3ba7,1059,"SELECT",2024-06-16 14:31:03 CST,7/77,90911,LOG,00000,"execute S_1: SELECT c_discount, c_last, c_credit, w_tax     FROM bmsql_customer     JOIN bmsql_warehouse ON (w_id = c_w_id)     WHERE c_w_id = $1 AND c_d_id = $2 AND c_id = $3 FOR UPDATE","parameters: $1 = '1', $2 = '2', $3 = '45'",,,,,,,,"","client backend"
2024-06-16 14:34:05.485 CST,"raingage","benchmark",15271,"127.0.0.1:45214",666e86a7.3ba7,1060,"SELECT",2024-06-16 14:31:03 CST,7/77,90911,LOG,00000,"execute S_1: SELECT c_discount, c_last, c_credit, w_tax     FROM bmsql_customer     JOIN bmsql_warehouse ON (w_id = c_w_id)     WHERE c_w_id = $1 AND c_d_id = $2 AND c_id = $3 FOR UPDATE","parameters: $1 = '1', $2 = '2', $3 = '45'",,,,,,,,"","client backend"
2024-06-16 14:34:05.553 CST,"raingage","benchmark",15271,"127.0.0.1:45214",666e86a7.3ba7,1061,"SELECT",2024-06-16 14:31:03 CST,7/77,90911,LOG,00000,"execute S_1: SELECT c_discount, c_last, c_credit, w_tax     FROM bmsql_customer     JOIN bmsql_warehouse ON (w_id = c_w_id)     WHERE c_w_id = $1 AND c_d_id = $2 AND c_id = $3 FOR UPDATE","parameters: $1 = '1', $2 = '2', $3 = '45'",,,,,,,,"","client backend"
2024-06-16 14:34:05.622 CST,"raingage","benchmark",15271,"127.0.0.1:45214",666e86a7.3ba7,1062,"SELECT",2024-06-16 14:31:03 CST,7/77,90911,LOG,00000,"execute S_1: SELECT c_discount, c_last, c_credit, w_tax     FROM bmsql_customer     JOIN bmsql_warehouse ON (w_id = c_w_id)     WHERE c_w_id = $1 AND c_d_id = $2 AND c_id = $3 FOR UPDATE","parameters: $1 = '1', $2 = '2', $3 = '45'",,,,,,,,"","client backend"
2024-06-16 14:34:05.636 CST,"raingage","benchmark",15271,"127.0.0.1:45214",666e86a7.3ba7,1063,"SELECT",2024-06-16 14:31:03 CST,7/77,90911,LOG,00000,"execute S_5: SELECT i_price, i_name, i_data     FROM bmsql_item     WHERE i_id = $1","parameters: $1 = '72'",,,,,,,,"","client backend"
2024-06-16 14:34:05.650 CST,"raingage","benchmark",15271,"127.0.0.1:45214",666e86a7.3ba7,1064,"SELECT",2024-06-16 14:31:03 CST,7/77,90911,LOG,00000,"execute S_6: SELECT s_quantity, s_data,        s_dist_01, s_dist_02, s_dist_03, s_dist_04,        s_dist_05, s_dist_06, s_dist_07, s_dist_08,        s_dist_09, s_dist_10     FROM bmsql_stock     WHERE s_w_id = $1 AND s_i_id = $2  FOR UPDATE","parameters: $1 = '1', $2 = '72'",,,,,,,,"","client backend"
2024-06-16 14:34:05.666 CST,"raingage","benchmark",15271,"127.0.0.1:45214",666e86a7.3ba7,1065,"UPDATE",2024-06-16 14:31:03 CST,7/77,90911,LOG,00000,"execute S_7: UPDATE bmsql_stock     SET s_quantity = $1, s_ytd = s_ytd + $2,         s_order_cnt = s_order_cnt + 1,         s_remote_cnt = s_remote_cnt + $3     WHERE s_w_id = $4 AND s_i_id = $5","parameters: $1 = '13', $2 = '3', $3 = '0', $4 = '1', $5 = '72'",,,,,,,,"","client backend"
2024-06-16 14:34:05.683 CST,"raingage","benchmark",15271,"127.0.0.1:45214",666e86a7.3ba7,1066,"COMMIT",2024-06-16 14:31:03 CST,7/77,90911,LOG,00000,"execute S_2: COMMIT",,,,,,,,,"","client backend"
2024-06-16 14:34:05.698 CST,"raingage","benchmark",15271,"127.0.0.1:45214",666e86a7.3ba7,1067,"BEGIN",2024-06-16 14:31:03 CST,7/78,0,LOG,00000,"execute S_3: BEGIN",,,,,,,,,"","client backend"
2024-06-16 14:34:05.710 CST,"raingage","benchmark",15271,"127.0.0.1:45214",666e86a7.3ba7,1068,"SELECT",2024-06-16 14:31:03 CST,7/78,0,LOG,00000,"execute S_4: SELECT d_tax, d_next_o_id     FROM bmsql_district     WHERE d_w_id = $1 AND d_id = $2 ","parameters: $1 = '1', $2 = '3'",,,,,,,,"","client backend"
2024-06-16 14:34:05.755 CST,"raingage","benchmark",15270,"127.0.0.1:45212",666e86a6.3ba6,832,"SELECT",2024-06-16 14:31:02 CST,6/61,90912,LOG,00000,"execute S_1: SELECT c_discount, c_last, c_credit, w_tax     FROM bmsql_customer     JOIN bmsql_warehouse ON (w_id = c_w_id)     WHERE c_w_id = $1 AND c_d_id = $2 AND c_id = $3 FOR UPDATE","parameters: $1 = '1', $2 = '3', $3 = '74'",,,,,,,,"","client backend"
2024-06-16 14:34:05.772 CST,"raingage","benchmark",15271,"127.0.0.1:45214",666e86a7.3ba7,1069,"SELECT",2024-06-16 14:31:03 CST,7/78,0,LOG,00000,"execute S_1: SELECT c_discount, c_last, c_credit, w_tax     FROM bmsql_customer     JOIN bmsql_warehouse ON (w_id = c_w_id)     WHERE c_w_id = $1 AND c_d_id = $2 AND c_id = $3 FOR UPDATE","parameters: $1 = '1', $2 = '3', $3 = '81'",,,,,,,,"","client backend"
2024-06-16 14:34:05.824 CST,"raingage","benchmark",15270,"127.0.0.1:45212",666e86a6.3ba6,833,"SELECT",2024-06-16 14:31:02 CST,6/61,90912,LOG,00000,"execute S_1: SELECT c_discount, c_last, c_credit, w_tax     FROM bmsql_customer     JOIN bmsql_warehouse ON (w_id = c_w_id)     WHERE c_w_id = $1 AND c_d_id = $2 AND c_id = $3 FOR UPDATE","parameters: $1 = '1', $2 = '3', $3 = '74'",,,,,,,,"","client backend"
2024-06-16 14:34:05.888 CST,"raingage","benchmark",15270,"127.0.0.1:45212",666e86a6.3ba6,834,"SELECT",2024-06-16 14:31:02 CST,6/61,90912,LOG,00000,"execute S_1: SELECT c_discount, c_last, c_credit, w_tax     FROM bmsql_customer     JOIN bmsql_warehouse ON (w_id = c_w_id)     WHERE c_w_id = $1 AND c_d_id = $2 AND c_id = $3 FOR UPDATE","parameters: $1 = '1', $2 = '3', $3 = '74'",,,,,,,,"","client backend"
2024-06-16 14:34:05.951 CST,"raingage","benchmark",15270,"127.0.0.1:45212",666e86a6.3ba6,835,"SELECT",2024-06-16 14:31:02 CST,6/61,90912,LOG,00000,"execute S_1: SELECT c_discount, c_last, c_credit, w_tax     FROM bmsql_customer     JOIN bmsql_warehouse ON (w_id = c_w_id)     WHERE c_w_id = $1 AND c_d_id = $2 AND c_id = $3 FOR UPDATE","parameters: $1 = '1', $2 = '3', $3 = '74'",,,,,,,,"","client backend"
2024-06-16 14:34:06.017 CST,"raingage","benchmark",15270,"127.0.0.1:45212",666e86a6.3ba6,836,"SELECT",2024-06-16 14:31:02 CST,6/61,90912,LOG,00000,"execute S_1: SELECT c_discount, c_last, c_credit, w_tax     FROM bmsql_customer     JOIN bmsql_warehouse ON (w_id = c_w_id)     WHERE c_w_id = $1 AND c_d_id = $2 AND c_id = $3 FOR UPDATE","parameters: $1 = '1', $2 = '3', $3 = '74'",,,,,,,,"","client backend"
2024-06-16 14:34:06.088 CST,"raingage","benchmark",15270,"127.0.0.1:45212",666e86a6.3ba6,837,"SELECT",2024-06-16 14:31:02 CST,6/61,90912,LOG,00000,"execute S_1: SELECT c_discount, c_last, c_credit, w_tax     FROM bmsql_customer     JOIN bmsql_warehouse ON (w_id = c_w_id)     WHERE c_w_id = $1 AND c_d_id = $2 AND c_id = $3 FOR UPDATE","parameters: $1 = '1', $2 = '3', $3 = '74'",,,,,,,,"","client backend"
2024-06-16 14:34:06.158 CST,"raingage","benchmark",15270,"127.0.0.1:45212",666e86a6.3ba6,838,"SELECT",2024-06-16 14:31:02 CST,6/61,90912,LOG,00000,"execute S_1: SELECT c_discount, c_last, c_credit, w_tax     FROM bmsql_customer     JOIN bmsql_warehouse ON (w_id = c_w_id)     WHERE c_w_id = $1 AND c_d_id = $2 AND c_id = $3 FOR UPDATE","parameters: $1 = '1', $2 = '3', $3 = '74'",,,,,,,,"","client backend"
2024-06-16 14:34:06.174 CST,"raingage","benchmark",15270,"127.0.0.1:45212",666e86a6.3ba6,839,"SELECT",2024-06-16 14:31:02 CST,6/61,90912,LOG,00000,"execute S_5: SELECT i_price, i_name, i_data     FROM bmsql_item     WHERE i_id = $1","parameters: $1 = '36'",,,,,,,,"","client backend"
2024-06-16 14:34:06.192 CST,"raingage","benchmark",15270,"127.0.0.1:45212",666e86a6.3ba6,840,"SELECT",2024-06-16 14:31:02 CST,6/61,90912,LOG,00000,"execute S_6: SELECT s_quantity, s_data,        s_dist_01, s_dist_02, s_dist_03, s_dist_04,        s_dist_05, s_dist_06, s_dist_07, s_dist_08,        s_dist_09, s_dist_10     FROM bmsql_stock     WHERE s_w_id = $1 AND s_i_id = $2  FOR UPDATE","parameters: $1 = '1', $2 = '36'",,,,,,,,"","client backend"
2024-06-16 14:34:06.207 CST,"raingage","benchmark",15270,"127.0.0.1:45212",666e86a6.3ba6,841,"UPDATE",2024-06-16 14:31:02 CST,6/61,90912,LOG,00000,"execute S_7: UPDATE bmsql_stock     SET s_quantity = $1, s_ytd = s_ytd + $2,         s_order_cnt = s_order_cnt + 1,         s_remote_cnt = s_remote_cnt + $3     WHERE s_w_id = $4 AND s_i_id = $5","parameters: $1 = '33', $2 = '3', $3 = '0', $4 = '1', $5 = '36'",,,,,,,,"","client backend"
2024-06-16 14:34:06.220 CST,"raingage","benchmark",15270,"127.0.0.1:45212",666e86a6.3ba6,842,"COMMIT",2024-06-16 14:31:02 CST,6/61,90912,LOG,00000,"execute S_2: COMMIT",,,,,,,,,"","client backend"
2024-06-16 14:34:06.239 CST,"raingage","benchmark",15270,"127.0.0.1:45212",666e86a6.3ba6,843,"BEGIN",2024-06-16 14:31:02 CST,6/62,0,LOG,00000,"execute S_3: BEGIN",,,,,,,,,"","client backend"
2024-06-16 14:34:06.241 CST,"raingage","benchmark",15270,"127.0.0.1:45212",666e86a6.3ba6,844,"SELECT",2024-06-16 14:31:02 CST,6/62,0,LOG,00000,"execute S_4: SELECT d_tax, d_next_o_id     FROM bmsql_district     WHERE d_w_id = $1 AND d_id = $2 ","parameters: $1 = '1', $2 = '3'",,,,,,,,"","client backend"
2024-06-16 14:34:06.285 CST,"raingage","benchmark",15271,"127.0.0.1:45214",666e86a7.3ba7,1070,"SELECT",2024-06-16 14:31:03 CST,7/78,90913,LOG,00000,"execute S_1: SELECT c_discount, c_last, c_credit, w_tax     FROM bmsql_customer     JOIN bmsql_warehouse ON (w_id = c_w_id)     WHERE c_w_id = $1 AND c_d_id = $2 AND c_id = $3 FOR UPDATE","parameters: $1 = '1', $2 = '3', $3 = '81'",,,,,,,,"","client backend"
2024-06-16 14:34:06.308 CST,"raingage","benchmark",15270,"127.0.0.1:45212",666e86a6.3ba6,845,"SELECT",2024-06-16 14:31:02 CST,6/62,0,LOG,00000,"execute S_1: SELECT c_discount, c_last, c_credit, w_tax     FROM bmsql_customer     JOIN bmsql_warehouse ON (w_id = c_w_id)     WHERE c_w_id = $1 AND c_d_id = $2 AND c_id = $3 FOR UPDATE","parameters: $1 = '1', $2 = '3', $3 = '9'",,,,,,,,"","client backend"
2024-06-16 14:34:06.356 CST,"raingage","benchmark",15271,"127.0.0.1:45214",666e86a7.3ba7,1071,"SELECT",2024-06-16 14:31:03 CST,7/78,90913,LOG,00000,"execute S_1: SELECT c_discount, c_last, c_credit, w_tax     FROM bmsql_customer     JOIN bmsql_warehouse ON (w_id = c_w_id)     WHERE c_w_id = $1 AND c_d_id = $2 AND c_id = $3 FOR UPDATE","parameters: $1 = '1', $2 = '3', $3 = '81'",,,,,,,,"","client backend"
2024-06-16 14:34:06.420 CST,"raingage","benchmark",15271,"127.0.0.1:45214",666e86a7.3ba7,1072,"SELECT",2024-06-16 14:31:03 CST,7/78,90913,LOG,00000,"execute S_1: SELECT c_discount, c_last, c_credit, w_tax     FROM bmsql_customer     JOIN bmsql_warehouse ON (w_id = c_w_id)     WHERE c_w_id = $1 AND c_d_id = $2 AND c_id = $3 FOR UPDATE","parameters: $1 = '1', $2 = '3', $3 = '81'",,,,,,,,"","client backend"
2024-06-16 14:34:06.484 CST,"raingage","benchmark",15271,"127.0.0.1:45214",666e86a7.3ba7,1073,"SELECT",2024-06-16 14:31:03 CST,7/78,90913,LOG,00000,"execute S_1: SELECT c_discount, c_last, c_credit, w_tax     FROM bmsql_customer     JOIN bmsql_warehouse ON (w_id = c_w_id)     WHERE c_w_id = $1 AND c_d_id = $2 AND c_id = $3 FOR UPDATE","parameters: $1 = '1', $2 = '3', $3 = '81'",,,,,,,,"","client backend"
2024-06-16 14:34:06.549 CST,"raingage","benchmark",15271,"127.0.0.1:45214",666e86a7.3ba7,1074,"SELECT",2024-06-16 14:31:03 CST,7/78,90913,LOG,00000,"execute S_1: SELECT c_discount, c_last, c_credit, w_tax     FROM bmsql_customer     JOIN bmsql_warehouse ON (w_id = c_w_id)     WHERE c_w_id = $1 AND c_d_id = $2 AND c_id = $3 FOR UPDATE","parameters: $1 = '1', $2 = '3', $3 = '81'",,,,,,,,"","client backend"
2024-06-16 14:34:06.611 CST,"raingage","benchmark",15271,"127.0.0.1:45214",666e86a7.3ba7,1075,"SELECT",2024-06-16 14:31:03 CST,7/78,90913,LOG,00000,"execute S_1: SELECT c_discount, c_last, c_credit, w_tax     FROM bmsql_customer     JOIN bmsql_warehouse ON (w_id = c_w_id)     WHERE c_w_id = $1 AND c_d_id = $2 AND c_id = $3 FOR UPDATE","parameters: $1 = '1', $2 = '3', $3 = '81'",,,,,,,,"","client backend"
2024-06-16 14:34:06.666 CST,"raingage","benchmark",15268,"127.0.0.1:45208",666e86a6.3ba4,943,"BEGIN",2024-06-16 14:31:02 CST,4/69,0,LOG,00000,"execute S_3: BEGIN",,,,,,,,,"","client backend"
2024-06-16 14:34:06.676 CST,"raingage","benchmark",15271,"127.0.0.1:45214",666e86a7.3ba7,1076,"SELECT",2024-06-16 14:31:03 CST,7/78,90913,LOG,00000,"execute S_1: SELECT c_discount, c_last, c_credit, w_tax     FROM bmsql_customer     JOIN bmsql_warehouse ON (w_id = c_w_id)     WHERE c_w_id = $1 AND c_d_id = $2 AND c_id = $3 FOR UPDATE","parameters: $1 = '1', $2 = '3', $3 = '81'",,,,,,,,"","client backend"
2024-06-16 14:34:06.678 CST,"raingage","benchmark",15268,"127.0.0.1:45208",666e86a6.3ba4,944,"SELECT",2024-06-16 14:31:02 CST,4/69,0,LOG,00000,"execute S_4: SELECT d_tax, d_next_o_id     FROM bmsql_district     WHERE d_w_id = $1 AND d_id = $2 ","parameters: $1 = '1', $2 = '1'",,,,,,,,"","client backend"
2024-06-16 14:34:06.691 CST,"raingage","benchmark",15271,"127.0.0.1:45214",666e86a7.3ba7,1077,"SELECT",2024-06-16 14:31:03 CST,7/78,90913,LOG,00000,"execute S_5: SELECT i_price, i_name, i_data     FROM bmsql_item     WHERE i_id = $1","parameters: $1 = '111'",,,,,,,,"","client backend"
2024-06-16 14:34:06.703 CST,"raingage","benchmark",15271,"127.0.0.1:45214",666e86a7.3ba7,1078,"SELECT",2024-06-16 14:31:03 CST,7/78,90913,LOG,00000,"execute S_6: SELECT s_quantity, s_data,        s_dist_01, s_dist_02, s_dist_03, s_dist_04,        s_dist_05, s_dist_06, s_dist_07, s_dist_08,        s_dist_09, s_dist_10     FROM bmsql_stock     WHERE s_w_id = $1 AND s_i_id = $2  FOR UPDATE","parameters: $1 = '1', $2 = '111'",,,,,,,,"","client backend"
2024-06-16 14:34:06.723 CST,"raingage","benchmark",15271,"127.0.0.1:45214",666e86a7.3ba7,1079,"UPDATE",2024-06-16 14:31:03 CST,7/78,90913,LOG,00000,"execute S_7: UPDATE bmsql_stock     SET s_quantity = $1, s_ytd = s_ytd + $2,         s_order_cnt = s_order_cnt + 1,         s_remote_cnt = s_remote_cnt + $3     WHERE s_w_id = $4 AND s_i_id = $5","parameters: $1 = '55', $2 = '3', $3 = '0', $4 = '1', $5 = '111'",,,,,,,,"","client backend"
2024-06-16 14:34:06.740 CST,"raingage","benchmark",15271,"127.0.0.1:45214",666e86a7.3ba7,1080,"COMMIT",2024-06-16 14:31:03 CST,7/78,90913,LOG,00000,"execute S_2: COMMIT",,,,,,,,,"","client backend"
2024-06-16 14:34:06.741 CST,"raingage","benchmark",15268,"127.0.0.1:45208",666e86a6.3ba4,945,"SELECT",2024-06-16 14:31:02 CST,4/69,0,LOG,00000,"execute S_1: SELECT c_discount, c_last, c_credit, w_tax     FROM bmsql_customer     JOIN bmsql_warehouse ON (w_id = c_w_id)     WHERE c_w_id = $1 AND c_d_id = $2 AND c_id = $3 FOR UPDATE","parameters: $1 = '1', $2 = '1', $3 = '87'",,,,,,,,"","client backend"
2024-06-16 14:34:06.810 CST,"raingage","benchmark",15268,"127.0.0.1:45208",666e86a6.3ba4,946,"SELECT",2024-06-16 14:31:02 CST,4/69,90915,LOG,00000,"execute S_1: SELECT c_discount, c_last, c_credit, w_tax     FROM bmsql_customer     JOIN bmsql_warehouse ON (w_id = c_w_id)     WHERE c_w_id = $1 AND c_d_id = $2 AND c_id = $3 FOR UPDATE","parameters: $1 = '1', $2 = '1', $3 = '87'",,,,,,,,"","client backend"
2024-06-16 14:34:06.873 CST,"raingage","benchmark",15268,"127.0.0.1:45208",666e86a6.3ba4,947,"SELECT",2024-06-16 14:31:02 CST,4/69,90915,LOG,00000,"execute S_1: SELECT c_discount, c_last, c_credit, w_tax     FROM bmsql_customer     JOIN bmsql_warehouse ON (w_id = c_w_id)     WHERE c_w_id = $1 AND c_d_id = $2 AND c_id = $3 FOR UPDATE","parameters: $1 = '1', $2 = '1', $3 = '87'",,,,,,,,"","client backend"
2024-06-16 14:34:06.942 CST,"raingage","benchmark",15268,"127.0.0.1:45208",666e86a6.3ba4,948,"SELECT",2024-06-16 14:31:02 CST,4/69,90915,LOG,00000,"execute S_1: SELECT c_discount, c_last, c_credit, w_tax     FROM bmsql_customer     JOIN bmsql_warehouse ON (w_id = c_w_id)     WHERE c_w_id = $1 AND c_d_id = $2 AND c_id = $3 FOR UPDATE","parameters: $1 = '1', $2 = '1', $3 = '87'",,,,,,,,"","client backend"
2024-06-16 14:34:07.011 CST,"raingage","benchmark",15268,"127.0.0.1:45208",666e86a6.3ba4,949,"SELECT",2024-06-16 14:31:02 CST,4/69,90915,LOG,00000,"execute S_1: SELECT c_discount, c_last, c_credit, w_tax     FROM bmsql_customer     JOIN bmsql_warehouse ON (w_id = c_w_id)     WHERE c_w_id = $1 AND c_d_id = $2 AND c_id = $3 FOR UPDATE","parameters: $1 = '1', $2 = '1', $3 = '87'",,,,,,,,"","client backend"
2024-06-16 14:34:07.074 CST,"raingage","benchmark",15268,"127.0.0.1:45208",666e86a6.3ba4,950,"SELECT",2024-06-16 14:31:02 CST,4/69,90915,LOG,00000,"execute S_1: SELECT c_discount, c_last, c_credit, w_tax     FROM bmsql_customer     JOIN bmsql_warehouse ON (w_id = c_w_id)     WHERE c_w_id = $1 AND c_d_id = $2 AND c_id = $3 FOR UPDATE","parameters: $1 = '1', $2 = '1', $3 = '87'",,,,,,,,"","client backend"
2024-06-16 14:34:07.143 CST,"raingage","benchmark",15268,"127.0.0.1:45208",666e86a6.3ba4,951,"SELECT",2024-06-16 14:31:02 CST,4/69,90915,LOG,00000,"execute S_1: SELECT c_discount, c_last, c_credit, w_tax     FROM bmsql_customer     JOIN bmsql_warehouse ON (w_id = c_w_id)     WHERE c_w_id = $1 AND c_d_id = $2 AND c_id = $3 FOR UPDATE","parameters: $1 = '1', $2 = '1', $3 = '87'",,,,,,,,"","client backend"
2024-06-16 14:34:07.210 CST,"raingage","benchmark",15268,"127.0.0.1:45208",666e86a6.3ba4,952,"SELECT",2024-06-16 14:31:02 CST,4/69,90915,LOG,00000,"execute S_1: SELECT c_discount, c_last, c_credit, w_tax     FROM bmsql_customer     JOIN bmsql_warehouse ON (w_id = c_w_id)     WHERE c_w_id = $1 AND c_d_id = $2 AND c_id = $3 FOR UPDATE","parameters: $1 = '1', $2 = '1', $3 = '87'",,,,,,,,"","client backend"
2024-06-16 14:34:07.224 CST,"raingage","benchmark",15268,"127.0.0.1:45208",666e86a6.3ba4,953,"SELECT",2024-06-16 14:31:02 CST,4/69,90915,LOG,00000,"execute S_5: SELECT i_price, i_name, i_data     FROM bmsql_item     WHERE i_id = $1","parameters: $1 = '42'",,,,,,,,"","client backend"
2024-06-16 14:34:07.237 CST,"raingage","benchmark",15268,"127.0.0.1:45208",666e86a6.3ba4,954,"SELECT",2024-06-16 14:31:02 CST,4/69,90915,LOG,00000,"execute S_6: SELECT s_quantity, s_data,        s_dist_01, s_dist_02, s_dist_03, s_dist_04,        s_dist_05, s_dist_06, s_dist_07, s_dist_08,        s_dist_09, s_dist_10     FROM bmsql_stock     WHERE s_w_id = $1 AND s_i_id = $2  FOR UPDATE","parameters: $1 = '1', $2 = '42'",,,,,,,,"","client backend"
2024-06-16 14:34:07.251 CST,"raingage","benchmark",15268,"127.0.0.1:45208",666e86a6.3ba4,955,"UPDATE",2024-06-16 14:31:02 CST,4/69,90915,LOG,00000,"execute S_7: UPDATE bmsql_stock     SET s_quantity = $1, s_ytd = s_ytd + $2,         s_order_cnt = s_order_cnt + 1,         s_remote_cnt = s_remote_cnt + $3     WHERE s_w_id = $4 AND s_i_id = $5","parameters: $1 = '59', $2 = '3', $3 = '0', $4 = '1', $5 = '42'",,,,,,,,"","client backend"
2024-06-16 14:34:07.271 CST,"raingage","benchmark",15268,"127.0.0.1:45208",666e86a6.3ba4,956,"COMMIT",2024-06-16 14:31:02 CST,4/69,90915,LOG,00000,"execute S_2: COMMIT",,,,,,,,,"","client backend"
2024-06-16 14:34:07.292 CST,"raingage","benchmark",15268,"127.0.0.1:45208",666e86a6.3ba4,957,"BEGIN",2024-06-16 14:31:02 CST,4/70,0,LOG,00000,"execute S_3: BEGIN",,,,,,,,,"","client backend"
2024-06-16 14:34:07.305 CST,"raingage","benchmark",15268,"127.0.0.1:45208",666e86a6.3ba4,958,"SELECT",2024-06-16 14:31:02 CST,4/70,0,LOG,00000,"execute S_4: SELECT d_tax, d_next_o_id     FROM bmsql_district     WHERE d_w_id = $1 AND d_id = $2 ","parameters: $1 = '1', $2 = '1'",,,,,,,,"","client backend"
2024-06-16 14:34:07.334 CST,"raingage","benchmark",15270,"127.0.0.1:45212",666e86a6.3ba6,846,"SELECT",2024-06-16 14:31:02 CST,6/62,90914,LOG,00000,"execute S_1: SELECT c_discount, c_last, c_credit, w_tax     FROM bmsql_customer     JOIN bmsql_warehouse ON (w_id = c_w_id)     WHERE c_w_id = $1 AND c_d_id = $2 AND c_id = $3 FOR UPDATE","parameters: $1 = '1', $2 = '3', $3 = '9'",,,,,,,,"","client backend"
2024-06-16 14:34:07.375 CST,"raingage","benchmark",15268,"127.0.0.1:45208",666e86a6.3ba4,959,"SELECT",2024-06-16 14:31:02 CST,4/70,0,LOG,00000,"execute S_1: SELECT c_discount, c_last, c_credit, w_tax     FROM bmsql_customer     JOIN bmsql_warehouse ON (w_id = c_w_id)     WHERE c_w_id = $1 AND c_d_id = $2 AND c_id = $3 FOR UPDATE","parameters: $1 = '1', $2 = '1', $3 = '92'",,,,,,,,"","client backend"
2024-06-16 14:34:07.405 CST,"raingage","benchmark",15270,"127.0.0.1:45212",666e86a6.3ba6,847,"SELECT",2024-06-16 14:31:02 CST,6/62,90914,LOG,00000,"execute S_1: SELECT c_discount, c_last, c_credit, w_tax     FROM bmsql_customer     JOIN bmsql_warehouse ON (w_id = c_w_id)     WHERE c_w_id = $1 AND c_d_id = $2 AND c_id = $3 FOR UPDATE","parameters: $1 = '1', $2 = '3', $3 = '9'",,,,,,,,"","client backend"
2024-06-16 14:34:07.469 CST,"raingage","benchmark",15270,"127.0.0.1:45212",666e86a6.3ba6,848,"SELECT",2024-06-16 14:31:02 CST,6/62,90914,LOG,00000,"execute S_1: SELECT c_discount, c_last, c_credit, w_tax     FROM bmsql_customer     JOIN bmsql_warehouse ON (w_id = c_w_id)     WHERE c_w_id = $1 AND c_d_id = $2 AND c_id = $3 FOR UPDATE","parameters: $1 = '1', $2 = '3', $3 = '9'",,,,,,,,"","client backend"
2024-06-16 14:34:07.537 CST,"raingage","benchmark",15270,"127.0.0.1:45212",666e86a6.3ba6,849,"SELECT",2024-06-16 14:31:02 CST,6/62,90914,LOG,00000,"execute S_1: SELECT c_discount, c_last, c_credit, w_tax     FROM bmsql_customer     JOIN bmsql_warehouse ON (w_id = c_w_id)     WHERE c_w_id = $1 AND c_d_id = $2 AND c_id = $3 FOR UPDATE","parameters: $1 = '1', $2 = '3', $3 = '9'",,,,,,,,"","client backend"
2024-06-16 14:34:07.608 CST,"raingage","benchmark",15270,"127.0.0.1:45212",666e86a6.3ba6,850,"SELECT",2024-06-16 14:31:02 CST,6/62,90914,LOG,00000,"execute S_1: SELECT c_discount, c_last, c_credit, w_tax     FROM bmsql_customer     JOIN bmsql_warehouse ON (w_id = c_w_id)     WHERE c_w_id = $1 AND c_d_id = $2 AND c_id = $3 FOR UPDATE","parameters: $1 = '1', $2 = '3', $3 = '9'",,,,,,,,"","client backend"
2024-06-16 14:34:07.674 CST,"raingage","benchmark",15270,"127.0.0.1:45212",666e86a6.3ba6,851,"SELECT",2024-06-16 14:31:02 CST,6/62,90914,LOG,00000,"execute S_1: SELECT c_discount, c_last, c_credit, w_tax     FROM bmsql_customer     JOIN bmsql_warehouse ON (w_id = c_w_id)     WHERE c_w_id = $1 AND c_d_id = $2 AND c_id = $3 FOR UPDATE","parameters: $1 = '1', $2 = '3', $3 = '9'",,,,,,,,"","client backend"
2024-06-16 14:34:07.737 CST,"raingage","benchmark",15270,"127.0.0.1:45212",666e86a6.3ba6,852,"SELECT",2024-06-16 14:31:02 CST,6/62,90914,LOG,00000,"execute S_1: SELECT c_discount, c_last, c_credit, w_tax     FROM bmsql_customer     JOIN bmsql_warehouse ON (w_id = c_w_id)     WHERE c_w_id = $1 AND c_d_id = $2 AND c_id = $3 FOR UPDATE","parameters: $1 = '1', $2 = '3', $3 = '9'",,,,,,,,"","client backend"
2024-06-16 14:34:07.741 CST,"raingage","benchmark",15270,"127.0.0.1:45212",666e86a6.3ba6,853,"SELECT",2024-06-16 14:31:02 CST,6/62,90914,LOG,00000,"execute S_5: SELECT i_price, i_name, i_data     FROM bmsql_item     WHERE i_id = $1","parameters: $1 = '25'",,,,,,,,"","client backend"
2024-06-16 14:34:07.760 CST,"raingage","benchmark",15270,"127.0.0.1:45212",666e86a6.3ba6,854,"SELECT",2024-06-16 14:31:02 CST,6/62,90914,LOG,00000,"execute S_6: SELECT s_quantity, s_data,        s_dist_01, s_dist_02, s_dist_03, s_dist_04,        s_dist_05, s_dist_06, s_dist_07, s_dist_08,        s_dist_09, s_dist_10     FROM bmsql_stock     WHERE s_w_id = $1 AND s_i_id = $2  FOR UPDATE","parameters: $1 = '1', $2 = '25'",,,,,,,,"","client backend"
2024-06-16 14:34:07.777 CST,"raingage","benchmark",15270,"127.0.0.1:45212",666e86a6.3ba6,855,"UPDATE",2024-06-16 14:31:02 CST,6/62,90914,LOG,00000,"execute S_7: UPDATE bmsql_stock     SET s_quantity = $1, s_ytd = s_ytd + $2,         s_order_cnt = s_order_cnt + 1,         s_remote_cnt = s_remote_cnt + $3     WHERE s_w_id = $4 AND s_i_id = $5","parameters: $1 = '93', $2 = '3', $3 = '0', $4 = '1', $5 = '25'",,,,,,,,"","client backend"
2024-06-16 14:34:07.789 CST,"raingage","benchmark",15270,"127.0.0.1:45212",666e86a6.3ba6,856,"COMMIT",2024-06-16 14:31:02 CST,6/62,90914,LOG,00000,"execute S_2: COMMIT",,,,,,,,,"","client backend"
2024-06-16 14:34:07.858 CST,"raingage","benchmark",15268,"127.0.0.1:45208",666e86a6.3ba4,960,"SELECT",2024-06-16 14:31:02 CST,4/70,90916,LOG,00000,"execute S_1: SELECT c_discount, c_last, c_credit, w_tax     FROM bmsql_customer     JOIN bmsql_warehouse ON (w_id = c_w_id)     WHERE c_w_id = $1 AND c_d_id = $2 AND c_id = $3 FOR UPDATE","parameters: $1 = '1', $2 = '1', $3 = '92'",,,,,,,,"","client backend"
2024-06-16 14:34:07.923 CST,"raingage","benchmark",15268,"127.0.0.1:45208",666e86a6.3ba4,961,"SELECT",2024-06-16 14:31:02 CST,4/70,90916,LOG,00000,"execute S_1: SELECT c_discount, c_last, c_credit, w_tax     FROM bmsql_customer     JOIN bmsql_warehouse ON (w_id = c_w_id)     WHERE c_w_id = $1 AND c_d_id = $2 AND c_id = $3 FOR UPDATE","parameters: $1 = '1', $2 = '1', $3 = '92'",,,,,,,,"","client backend"
2024-06-16 14:34:07.988 CST,"raingage","benchmark",15268,"127.0.0.1:45208",666e86a6.3ba4,962,"SELECT",2024-06-16 14:31:02 CST,4/70,90916,LOG,00000,"execute S_1: SELECT c_discount, c_last, c_credit, w_tax     FROM bmsql_customer     JOIN bmsql_warehouse ON (w_id = c_w_id)     WHERE c_w_id = $1 AND c_d_id = $2 AND c_id = $3 FOR UPDATE","parameters: $1 = '1', $2 = '1', $3 = '92'",,,,,,,,"","client backend"
2024-06-16 14:34:08.054 CST,"raingage","benchmark",15268,"127.0.0.1:45208",666e86a6.3ba4,963,"SELECT",2024-06-16 14:31:02 CST,4/70,90916,LOG,00000,"execute S_1: SELECT c_discount, c_last, c_credit, w_tax     FROM bmsql_customer     JOIN bmsql_warehouse ON (w_id = c_w_id)     WHERE c_w_id = $1 AND c_d_id = $2 AND c_id = $3 FOR UPDATE","parameters: $1 = '1', $2 = '1', $3 = '92'",,,,,,,,"","client backend"
2024-06-16 14:34:08.121 CST,"raingage","benchmark",15268,"127.0.0.1:45208",666e86a6.3ba4,964,"SELECT",2024-06-16 14:31:02 CST,4/70,90916,LOG,00000,"execute S_1: SELECT c_discount, c_last, c_credit, w_tax     FROM bmsql_customer     JOIN bmsql_warehouse ON (w_id = c_w_id)     WHERE c_w_id = $1 AND c_d_id = $2 AND c_id = $3 FOR UPDATE","parameters: $1 = '1', $2 = '1', $3 = '92'",,,,,,,,"","client backend"
2024-06-16 14:34:08.183 CST,"raingage","benchmark",15268,"127.0.0.1:45208",666e86a6.3ba4,965,"SELECT",2024-06-16 14:31:02 CST,4/70,90916,LOG,00000,"execute S_1: SELECT c_discount, c_last, c_credit, w_tax     FROM bmsql_customer     JOIN bmsql_warehouse ON (w_id = c_w_id)     WHERE c_w_id = $1 AND c_d_id = $2 AND c_id = $3 FOR UPDATE","parameters: $1 = '1', $2 = '1', $3 = '92'",,,,,,,,"","client backend"
2024-06-16 14:34:08.250 CST,"raingage","benchmark",15268,"127.0.0.1:45208",666e86a6.3ba4,966,"SELECT",2024-06-16 14:31:02 CST,4/70,90916,LOG,00000,"execute S_1: SELECT c_discount, c_last, c_credit, w_tax     FROM bmsql_customer     JOIN bmsql_warehouse ON (w_id = c_w_id)     WHERE c_w_id = $1 AND c_d_id = $2 AND c_id = $3 FOR UPDATE","parameters: $1 = '1', $2 = '1', $3 = '92'",,,,,,,,"","client backend"
2024-06-16 14:34:08.266 CST,"raingage","benchmark",15268,"127.0.0.1:45208",666e86a6.3ba4,967,"SELECT",2024-06-16 14:31:02 CST,4/70,90916,LOG,00000,"execute S_5: SELECT i_price, i_name, i_data     FROM bmsql_item     WHERE i_id = $1","parameters: $1 = '91'",,,,,,,,"","client backend"
2024-06-16 14:34:08.283 CST,"raingage","benchmark",15268,"127.0.0.1:45208",666e86a6.3ba4,968,"SELECT",2024-06-16 14:31:02 CST,4/70,90916,LOG,00000,"execute S_6: SELECT s_quantity, s_data,        s_dist_01, s_dist_02, s_dist_03, s_dist_04,        s_dist_05, s_dist_06, s_dist_07, s_dist_08,        s_dist_09, s_dist_10     FROM bmsql_stock     WHERE s_w_id = $1 AND s_i_id = $2  FOR UPDATE","parameters: $1 = '1', $2 = '91'",,,,,,,,"","client backend"
2024-06-16 14:34:08.304 CST,"raingage","benchmark",15268,"127.0.0.1:45208",666e86a6.3ba4,969,"UPDATE",2024-06-16 14:31:02 CST,4/70,90916,LOG,00000,"execute S_7: UPDATE bmsql_stock     SET s_quantity = $1, s_ytd = s_ytd + $2,         s_order_cnt = s_order_cnt + 1,         s_remote_cnt = s_remote_cnt + $3     WHERE s_w_id = $4 AND s_i_id = $5","parameters: $1 = '101', $2 = '3', $3 = '0', $4 = '1', $5 = '91'",,,,,,,,"","client backend"
2024-06-16 14:34:08.316 CST,"raingage","benchmark",15268,"127.0.0.1:45208",666e86a6.3ba4,970,"COMMIT",2024-06-16 14:31:02 CST,4/70,90916,LOG,00000,"execute S_2: COMMIT",,,,,,,,,"","client backend"
2024-06-16 14:34:08.334 CST,"raingage","benchmark",15268,"127.0.0.1:45208",666e86a6.3ba4,971,"BEGIN",2024-06-16 14:31:02 CST,4/71,0,LOG,00000,"execute S_3: BEGIN",,,,,,,,,"","client backend"
2024-06-16 14:34:08.351 CST,"raingage","benchmark",15268,"127.0.0.1:45208",666e86a6.3ba4,972,"SELECT",2024-06-16 14:31:02 CST,4/71,0,LOG,00000,"execute S_4: SELECT d_tax, d_next_o_id     FROM bmsql_district     WHERE d_w_id = $1 AND d_id = $2 ","parameters: $1 = '1', $2 = '2'",,,,,,,,"","client backend"
2024-06-16 14:34:08.415 CST,"raingage","benchmark",15268,"127.0.0.1:45208",666e86a6.3ba4,973,"SELECT",2024-06-16 14:31:02 CST,4/71,0,LOG,00000,"execute S_1: SELECT c_discount, c_last, c_credit, w_tax     FROM bmsql_customer     JOIN bmsql_warehouse ON (w_id = c_w_id)     WHERE c_w_id = $1 AND c_d_id = $2 AND c_id = $3 FOR UPDATE","parameters: $1 = '1', $2 = '2', $3 = '63'",,,,,,,,"","client backend"
2024-06-16 14:34:08.478 CST,"raingage","benchmark",15268,"127.0.0.1:45208",666e86a6.3ba4,974,"SELECT",2024-06-16 14:31:02 CST,4/71,90917,LOG,00000,"execute S_1: SELECT c_discount, c_last, c_credit, w_tax     FROM bmsql_customer     JOIN bmsql_warehouse ON (w_id = c_w_id)     WHERE c_w_id = $1 AND c_d_id = $2 AND c_id = $3 FOR UPDATE","parameters: $1 = '1', $2 = '2', $3 = '63'",,,,,,,,"","client backend"
2024-06-16 14:34:08.548 CST,"raingage","benchmark",15268,"127.0.0.1:45208",666e86a6.3ba4,975,"SELECT",2024-06-16 14:31:02 CST,4/71,90917,LOG,00000,"execute S_1: SELECT c_discount, c_last, c_credit, w_tax     FROM bmsql_customer     JOIN bmsql_warehouse ON (w_id = c_w_id)     WHERE c_w_id = $1 AND c_d_id = $2 AND c_id = $3 FOR UPDATE","parameters: $1 = '1', $2 = '2', $3 = '63'",,,,,,,,"","client backend"
2024-06-16 14:34:08.615 CST,"raingage","benchmark",15268,"127.0.0.1:45208",666e86a6.3ba4,976,"SELECT",2024-06-16 14:31:02 CST,4/71,90917,LOG,00000,"execute S_1: SELECT c_discount, c_last, c_credit, w_tax     FROM bmsql_customer     JOIN bmsql_warehouse ON (w_id = c_w_id)     WHERE c_w_id = $1 AND c_d_id = $2 AND c_id = $3 FOR UPDATE","parameters: $1 = '1', $2 = '2', $3 = '63'",,,,,,,,"","client backend"
2024-06-16 14:34:08.686 CST,"raingage","benchmark",15268,"127.0.0.1:45208",666e86a6.3ba4,977,"SELECT",2024-06-16 14:31:02 CST,4/71,90917,LOG,00000,"execute S_1: SELECT c_discount, c_last, c_credit, w_tax     FROM bmsql_customer     JOIN bmsql_warehouse ON (w_id = c_w_id)     WHERE c_w_id = $1 AND c_d_id = $2 AND c_id = $3 FOR UPDATE","parameters: $1 = '1', $2 = '2', $3 = '63'",,,,,,,,"","client backend"
2024-06-16 14:34:08.749 CST,"raingage","benchmark",15268,"127.0.0.1:45208",666e86a6.3ba4,978,"SELECT",2024-06-16 14:31:02 CST,4/71,90917,LOG,00000,"execute S_1: SELECT c_discount, c_last, c_credit, w_tax     FROM bmsql_customer     JOIN bmsql_warehouse ON (w_id = c_w_id)     WHERE c_w_id = $1 AND c_d_id = $2 AND c_id = $3 FOR UPDATE","parameters: $1 = '1', $2 = '2', $3 = '63'",,,,,,,,"","client backend"
2024-06-16 14:34:08.814 CST,"raingage","benchmark",15268,"127.0.0.1:45208",666e86a6.3ba4,979,"SELECT",2024-06-16 14:31:02 CST,4/71,90917,LOG,00000,"execute S_1: SELECT c_discount, c_last, c_credit, w_tax     FROM bmsql_customer     JOIN bmsql_warehouse ON (w_id = c_w_id)     WHERE c_w_id = $1 AND c_d_id = $2 AND c_id = $3 FOR UPDATE","parameters: $1 = '1', $2 = '2', $3 = '63'",,,,,,,,"","client backend"
2024-06-16 14:34:08.884 CST,"raingage","benchmark",15268,"127.0.0.1:45208",666e86a6.3ba4,980,"SELECT",2024-06-16 14:31:02 CST,4/71,90917,LOG,00000,"execute S_1: SELECT c_discount, c_last, c_credit, w_tax     FROM bmsql_customer     JOIN bmsql_warehouse ON (w_id = c_w_id)     WHERE c_w_id = $1 AND c_d_id = $2 AND c_id = $3 FOR UPDATE","parameters: $1 = '1', $2 = '2', $3 = '63'",,,,,,,,"","client backend"
2024-06-16 14:34:08.897 CST,"raingage","benchmark",15268,"127.0.0.1:45208",666e86a6.3ba4,981,"SELECT",2024-06-16 14:31:02 CST,4/71,90917,LOG,00000,"execute S_5: SELECT i_price, i_name, i_data     FROM bmsql_item     WHERE i_id = $1","parameters: $1 = '92'",,,,,,,,"","client backend"
2024-06-16 14:34:08.918 CST,"raingage","benchmark",15268,"127.0.0.1:45208",666e86a6.3ba4,982,"SELECT",2024-06-16 14:31:02 CST,4/71,90917,LOG,00000,"execute S_6: SELECT s_quantity, s_data,        s_dist_01, s_dist_02, s_dist_03, s_dist_04,        s_dist_05, s_dist_06, s_dist_07, s_dist_08,        s_dist_09, s_dist_10     FROM bmsql_stock     WHERE s_w_id = $1 AND s_i_id = $2  FOR UPDATE","parameters: $1 = '1', $2 = '92'",,,,,,,,"","client backend"
2024-06-16 14:34:08.933 CST,"raingage","benchmark",15268,"127.0.0.1:45208",666e86a6.3ba4,983,"UPDATE",2024-06-16 14:31:02 CST,4/71,90917,LOG,00000,"execute S_7: UPDATE bmsql_stock     SET s_quantity = $1, s_ytd = s_ytd + $2,         s_order_cnt = s_order_cnt + 1,         s_remote_cnt = s_remote_cnt + $3     WHERE s_w_id = $4 AND s_i_id = $5","parameters: $1 = '65', $2 = '3', $3 = '0', $4 = '1', $5 = '92'",,,,,,,,"","client backend"
2024-06-16 14:34:08.951 CST,"raingage","benchmark",15268,"127.0.0.1:45208",666e86a6.3ba4,984,"COMMIT",2024-06-16 14:31:02 CST,4/71,90917,LOG,00000,"execute S_2: COMMIT",,,,,,,,,"","client backend"
2024-06-16 14:34:08.968 CST,"raingage","benchmark",15268,"127.0.0.1:45208",666e86a6.3ba4,985,"BEGIN",2024-06-16 14:31:02 CST,4/72,0,LOG,00000,"execute S_3: BEGIN",,,,,,,,,"","client backend"
2024-06-16 14:34:08.984 CST,"raingage","benchmark",15268,"127.0.0.1:45208",666e86a6.3ba4,986,"SELECT",2024-06-16 14:31:02 CST,4/72,0,LOG,00000,"execute S_4: SELECT d_tax, d_next_o_id     FROM bmsql_district     WHERE d_w_id = $1 AND d_id = $2 ","parameters: $1 = '1', $2 = '2'",,,,,,,,"","client backend"
2024-06-16 14:34:09.051 CST,"raingage","benchmark",15268,"127.0.0.1:45208",666e86a6.3ba4,987,"SELECT",2024-06-16 14:31:02 CST,4/72,0,LOG,00000,"execute S_1: SELECT c_discount, c_last, c_credit, w_tax     FROM bmsql_customer     JOIN bmsql_warehouse ON (w_id = c_w_id)     WHERE c_w_id = $1 AND c_d_id = $2 AND c_id = $3 FOR UPDATE","parameters: $1 = '1', $2 = '2', $3 = '97'",,,,,,,,"","client backend"
2024-06-16 14:34:09.116 CST,"raingage","benchmark",15268,"127.0.0.1:45208",666e86a6.3ba4,988,"SELECT",2024-06-16 14:31:02 CST,4/72,90918,LOG,00000,"execute S_1: SELECT c_discount, c_last, c_credit, w_tax     FROM bmsql_customer     JOIN bmsql_warehouse ON (w_id = c_w_id)     WHERE c_w_id = $1 AND c_d_id = $2 AND c_id = $3 FOR UPDATE","parameters: $1 = '1', $2 = '2', $3 = '97'",,,,,,,,"","client backend"
2024-06-16 14:34:09.179 CST,"raingage","benchmark",15268,"127.0.0.1:45208",666e86a6.3ba4,989,"SELECT",2024-06-16 14:31:02 CST,4/72,90918,LOG,00000,"execute S_1: SELECT c_discount, c_last, c_credit, w_tax     FROM bmsql_customer     JOIN bmsql_warehouse ON (w_id = c_w_id)     WHERE c_w_id = $1 AND c_d_id = $2 AND c_id = $3 FOR UPDATE","parameters: $1 = '1', $2 = '2', $3 = '97'",,,,,,,,"","client backend"
2024-06-16 14:34:09.246 CST,"raingage","benchmark",15268,"127.0.0.1:45208",666e86a6.3ba4,990,"SELECT",2024-06-16 14:31:02 CST,4/72,90918,LOG,00000,"execute S_1: SELECT c_discount, c_last, c_credit, w_tax     FROM bmsql_customer     JOIN bmsql_warehouse ON (w_id = c_w_id)     WHERE c_w_id = $1 AND c_d_id = $2 AND c_id = $3 FOR UPDATE","parameters: $1 = '1', $2 = '2', $3 = '97'",,,,,,,,"","client backend"
2024-06-16 14:34:09.314 CST,"raingage","benchmark",15268,"127.0.0.1:45208",666e86a6.3ba4,991,"SELECT",2024-06-16 14:31:02 CST,4/72,90918,LOG,00000,"execute S_1: SELECT c_discount, c_last, c_credit, w_tax     FROM bmsql_customer     JOIN bmsql_warehouse ON (w_id = c_w_id)     WHERE c_w_id = $1 AND c_d_id = $2 AND c_id = $3 FOR UPDATE","parameters: $1 = '1', $2 = '2', $3 = '97'",,,,,,,,"","client backend"
2024-06-16 14:34:09.380 CST,"raingage","benchmark",15268,"127.0.0.1:45208",666e86a6.3ba4,992,"SELECT",2024-06-16 14:31:02 CST,4/72,90918,LOG,00000,"execute S_1: SELECT c_discount, c_last, c_credit, w_tax     FROM bmsql_customer     JOIN bmsql_warehouse ON (w_id = c_w_id)     WHERE c_w_id = $1 AND c_d_id = $2 AND c_id = $3 FOR UPDATE","parameters: $1 = '1', $2 = '2', $3 = '97'",,,,,,,,"","client backend"
2024-06-16 14:34:09.449 CST,"raingage","benchmark",15268,"127.0.0.1:45208",666e86a6.3ba4,993,"SELECT",2024-06-16 14:31:02 CST,4/72,90918,LOG,00000,"execute S_1: SELECT c_discount, c_last, c_credit, w_tax     FROM bmsql_customer     JOIN bmsql_warehouse ON (w_id = c_w_id)     WHERE c_w_id = $1 AND c_d_id = $2 AND c_id = $3 FOR UPDATE","parameters: $1 = '1', $2 = '2', $3 = '97'",,,,,,,,"","client backend"
2024-06-16 14:34:09.515 CST,"raingage","benchmark",15268,"127.0.0.1:45208",666e86a6.3ba4,994,"SELECT",2024-06-16 14:31:02 CST,4/72,90918,LOG,00000,"execute S_1: SELECT c_discount, c_last, c_credit, w_tax     FROM bmsql_customer     JOIN bmsql_warehouse ON (w_id = c_w_id)     WHERE c_w_id = $1 AND c_d_id = $2 AND c_id = $3 FOR UPDATE","parameters: $1 = '1', $2 = '2', $3 = '97'",,,,,,,,"","client backend"
2024-06-16 14:34:09.526 CST,"raingage","benchmark",15268,"127.0.0.1:45208",666e86a6.3ba4,995,"SELECT",2024-06-16 14:31:02 CST,4/72,90918,LOG,00000,"execute S_5: SELECT i_price, i_name, i_data     FROM bmsql_item     WHERE i_id = $1","parameters: $1 = '77'",,,,,,,,"","client backend"
2024-06-16 14:34:09.545 CST,"raingage","benchmark",15268,"127.0.0.1:45208",666e86a6.3ba4,996,"SELECT",2024-06-16 14:31:02 CST,4/72,90918,LOG,00000,"execute S_6: SELECT s_quantity, s_data,        s_dist_01, s_dist_02, s_dist_03, s_dist_04,        s_dist_05, s_dist_06, s_dist_07, s_dist_08,        s_dist_09, s_dist_10     FROM bmsql_stock     WHERE s_w_id = $1 AND s_i_id = $2  FOR UPDATE","parameters: $1 = '1', $2 = '77'",,,,,,,,"","client backend"
2024-06-16 14:34:09.556 CST,"raingage","benchmark",15268,"127.0.0.1:45208",666e86a6.3ba4,997,"UPDATE",2024-06-16 14:31:02 CST,4/72,90918,LOG,00000,"execute S_7: UPDATE bmsql_stock     SET s_quantity = $1, s_ytd = s_ytd + $2,         s_order_cnt = s_order_cnt + 1,         s_remote_cnt = s_remote_cnt + $3     WHERE s_w_id = $4 AND s_i_id = $5","parameters: $1 = '22', $2 = '2', $3 = '0', $4 = '1', $5 = '77'",,,,,,,,"","client backend"
2024-06-16 14:34:09.574 CST,"raingage","benchmark",15268,"127.0.0.1:45208",666e86a6.3ba4,998,"COMMIT",2024-06-16 14:31:02 CST,4/72,90918,LOG,00000,"execute S_2: COMMIT",,,,,,,,,"","client backend"
2024-06-16 14:34:09.590 CST,"raingage","benchmark",15268,"127.0.0.1:45208",666e86a6.3ba4,999,"BEGIN",2024-06-16 14:31:02 CST,4/73,0,LOG,00000,"execute S_3: BEGIN",,,,,,,,,"","client backend"
2024-06-16 14:34:09.603 CST,"raingage","benchmark",15268,"127.0.0.1:45208",666e86a6.3ba4,1000,"SELECT",2024-06-16 14:31:02 CST,4/73,0,LOG,00000,"execute S_4: SELECT d_tax, d_next_o_id     FROM bmsql_district     WHERE d_w_id = $1 AND d_id = $2 ","parameters: $1 = '1', $2 = '2'",,,,,,,,"","client backend"
2024-06-16 14:34:09.672 CST,"raingage","benchmark",15268,"127.0.0.1:45208",666e86a6.3ba4,1001,"SELECT",2024-06-16 14:31:02 CST,4/73,0,LOG,00000,"execute S_1: SELECT c_discount, c_last, c_credit, w_tax     FROM bmsql_customer     JOIN bmsql_warehouse ON (w_id = c_w_id)     WHERE c_w_id = $1 AND c_d_id = $2 AND c_id = $3 FOR UPDATE","parameters: $1 = '1', $2 = '2', $3 = '97'",,,,,,,,"","client backend"
2024-06-16 14:34:09.742 CST,"raingage","benchmark",15268,"127.0.0.1:45208",666e86a6.3ba4,1002,"SELECT",2024-06-16 14:31:02 CST,4/73,90919,LOG,00000,"execute S_1: SELECT c_discount, c_last, c_credit, w_tax     FROM bmsql_customer     JOIN bmsql_warehouse ON (w_id = c_w_id)     WHERE c_w_id = $1 AND c_d_id = $2 AND c_id = $3 FOR UPDATE","parameters: $1 = '1', $2 = '2', $3 = '97'",,,,,,,,"","client backend"
2024-06-16 14:34:09.811 CST,"raingage","benchmark",15268,"127.0.0.1:45208",666e86a6.3ba4,1003,"SELECT",2024-06-16 14:31:02 CST,4/73,90919,LOG,00000,"execute S_1: SELECT c_discount, c_last, c_credit, w_tax     FROM bmsql_customer     JOIN bmsql_warehouse ON (w_id = c_w_id)     WHERE c_w_id = $1 AND c_d_id = $2 AND c_id = $3 FOR UPDATE","parameters: $1 = '1', $2 = '2', $3 = '97'",,,,,,,,"","client backend"
2024-06-16 14:34:09.875 CST,"raingage","benchmark",15268,"127.0.0.1:45208",666e86a6.3ba4,1004,"SELECT",2024-06-16 14:31:02 CST,4/73,90919,LOG,00000,"execute S_1: SELECT c_discount, c_last, c_credit, w_tax     FROM bmsql_customer     JOIN bmsql_warehouse ON (w_id = c_w_id)     WHERE c_w_id = $1 AND c_d_id = $2 AND c_id = $3 FOR UPDATE","parameters: $1 = '1', $2 = '2', $3 = '97'",,,,,,,,"","client backend"
2024-06-16 14:34:09.937 CST,"raingage","benchmark",15268,"127.0.0.1:45208",666e86a6.3ba4,1005,"SELECT",2024-06-16 14:31:02 CST,4/73,90919,LOG,00000,"execute S_1: SELECT c_discount, c_last, c_credit, w_tax     FROM bmsql_customer     JOIN bmsql_warehouse ON (w_id = c_w_id)     WHERE c_w_id = $1 AND c_d_id = $2 AND c_id = $3 FOR UPDATE","parameters: $1 = '1', $2 = '2', $3 = '97'",,,,,,,,"","client backend"
2024-06-16 14:34:10.006 CST,"raingage","benchmark",15268,"127.0.0.1:45208",666e86a6.3ba4,1006,"SELECT",2024-06-16 14:31:02 CST,4/73,90919,LOG,00000,"execute S_1: SELECT c_discount, c_last, c_credit, w_tax     FROM bmsql_customer     JOIN bmsql_warehouse ON (w_id = c_w_id)     WHERE c_w_id = $1 AND c_d_id = $2 AND c_id = $3 FOR UPDATE","parameters: $1 = '1', $2 = '2', $3 = '97'",,,,,,,,"","client backend"
2024-06-16 14:34:10.076 CST,"raingage","benchmark",15268,"127.0.0.1:45208",666e86a6.3ba4,1007,"SELECT",2024-06-16 14:31:02 CST,4/73,90919,LOG,00000,"execute S_1: SELECT c_discount, c_last, c_credit, w_tax     FROM bmsql_customer     JOIN bmsql_warehouse ON (w_id = c_w_id)     WHERE c_w_id = $1 AND c_d_id = $2 AND c_id = $3 FOR UPDATE","parameters: $1 = '1', $2 = '2', $3 = '97'",,,,,,,,"","client backend"
2024-06-16 14:34:10.139 CST,"raingage","benchmark",15268,"127.0.0.1:45208",666e86a6.3ba4,1008,"SELECT",2024-06-16 14:31:02 CST,4/73,90919,LOG,00000,"execute S_1: SELECT c_discount, c_last, c_credit, w_tax     FROM bmsql_customer     JOIN bmsql_warehouse ON (w_id = c_w_id)     WHERE c_w_id = $1 AND c_d_id = $2 AND c_id = $3 FOR UPDATE","parameters: $1 = '1', $2 = '2', $3 = '97'",,,,,,,,"","client backend"
2024-06-16 14:34:10.158 CST,"raingage","benchmark",15268,"127.0.0.1:45208",666e86a6.3ba4,1009,"SELECT",2024-06-16 14:31:02 CST,4/73,90919,LOG,00000,"execute S_5: SELECT i_price, i_name, i_data     FROM bmsql_item     WHERE i_id = $1","parameters: $1 = '77'",,,,,,,,"","client backend"
2024-06-16 14:34:10.170 CST,"raingage","benchmark",15268,"127.0.0.1:45208",666e86a6.3ba4,1010,"SELECT",2024-06-16 14:31:02 CST,4/73,90919,LOG,00000,"execute S_6: SELECT s_quantity, s_data,        s_dist_01, s_dist_02, s_dist_03, s_dist_04,        s_dist_05, s_dist_06, s_dist_07, s_dist_08,        s_dist_09, s_dist_10     FROM bmsql_stock     WHERE s_w_id = $1 AND s_i_id = $2  FOR UPDATE","parameters: $1 = '1', $2 = '77'",,,,,,,,"","client backend"
2024-06-16 14:34:10.182 CST,"raingage","benchmark",15268,"127.0.0.1:45208",666e86a6.3ba4,1011,"UPDATE",2024-06-16 14:31:02 CST,4/73,90919,LOG,00000,"execute S_7: UPDATE bmsql_stock     SET s_quantity = $1, s_ytd = s_ytd + $2,         s_order_cnt = s_order_cnt + 1,         s_remote_cnt = s_remote_cnt + $3     WHERE s_w_id = $4 AND s_i_id = $5","parameters: $1 = '20', $2 = '2', $3 = '0', $4 = '1', $5 = '77'",,,,,,,,"","client backend"
2024-06-16 14:34:10.195 CST,"raingage","benchmark",15268,"127.0.0.1:45208",666e86a6.3ba4,1012,"COMMIT",2024-06-16 14:31:02 CST,4/73,90919,LOG,00000,"execute S_2: COMMIT",,,,,,,,,"","client backend"
2024-06-16 14:34:10.212 CST,"raingage","benchmark",15268,"127.0.0.1:45208",666e86a6.3ba4,1013,"BEGIN",2024-06-16 14:31:02 CST,4/74,0,LOG,00000,"execute S_3: BEGIN",,,,,,,,,"","client backend"
2024-06-16 14:34:10.226 CST,"raingage","benchmark",15268,"127.0.0.1:45208",666e86a6.3ba4,1014,"SELECT",2024-06-16 14:31:02 CST,4/74,0,LOG,00000,"execute S_4: SELECT d_tax, d_next_o_id     FROM bmsql_district     WHERE d_w_id = $1 AND d_id = $2 ","parameters: $1 = '1', $2 = '1'",,,,,,,,"","client backend"
2024-06-16 14:34:10.295 CST,"raingage","benchmark",15268,"127.0.0.1:45208",666e86a6.3ba4,1015,"SELECT",2024-06-16 14:31:02 CST,4/74,0,LOG,00000,"execute S_1: SELECT c_discount, c_last, c_credit, w_tax     FROM bmsql_customer     JOIN bmsql_warehouse ON (w_id = c_w_id)     WHERE c_w_id = $1 AND c_d_id = $2 AND c_id = $3 FOR UPDATE","parameters: $1 = '1', $2 = '1', $3 = '11'",,,,,,,,"","client backend"
2024-06-16 14:34:10.365 CST,"raingage","benchmark",15268,"127.0.0.1:45208",666e86a6.3ba4,1016,"SELECT",2024-06-16 14:31:02 CST,4/74,90920,LOG,00000,"execute S_1: SELECT c_discount, c_last, c_credit, w_tax     FROM bmsql_customer     JOIN bmsql_warehouse ON (w_id = c_w_id)     WHERE c_w_id = $1 AND c_d_id = $2 AND c_id = $3 FOR UPDATE","parameters: $1 = '1', $2 = '1', $3 = '11'",,,,,,,,"","client backend"
2024-06-16 14:34:10.384 CST,"raingage","benchmark",15269,"127.0.0.1:45210",666e86a6.3ba5,987,"BEGIN",2024-06-16 14:31:02 CST,5/72,0,LOG,00000,"execute S_4: BEGIN",,,,,,,,,"","client backend"
2024-06-16 14:34:10.402 CST,"raingage","benchmark",15269,"127.0.0.1:45210",666e86a6.3ba5,988,"SELECT",2024-06-16 14:31:02 CST,5/72,0,LOG,00000,"execute S_5: SELECT d_tax, d_next_o_id     FROM bmsql_district     WHERE d_w_id = $1 AND d_id = $2 ","parameters: $1 = '1', $2 = '2'",,,,,,,,"","client backend"
2024-06-16 14:34:10.428 CST,"raingage","benchmark",15268,"127.0.0.1:45208",666e86a6.3ba4,1017,"SELECT",2024-06-16 14:31:02 CST,4/74,90920,LOG,00000,"execute S_1: SELECT c_discount, c_last, c_credit, w_tax     FROM bmsql_customer     JOIN bmsql_warehouse ON (w_id = c_w_id)     WHERE c_w_id = $1 AND c_d_id = $2 AND c_id = $3 FOR UPDATE","parameters: $1 = '1', $2 = '1', $3 = '11'",,,,,,,,"","client backend"
2024-06-16 14:34:10.471 CST,"raingage","benchmark",15269,"127.0.0.1:45210",666e86a6.3ba5,989,"SELECT",2024-06-16 14:31:02 CST,5/72,0,LOG,00000,"execute S_1: SELECT c_discount, c_last, c_credit, w_tax     FROM bmsql_customer     JOIN bmsql_warehouse ON (w_id = c_w_id)     WHERE c_w_id = $1 AND c_d_id = $2 AND c_id = $3 FOR UPDATE","parameters: $1 = '1', $2 = '2', $3 = '64'",,,,,,,,"","client backend"
2024-06-16 14:34:10.492 CST,"raingage","benchmark",15268,"127.0.0.1:45208",666e86a6.3ba4,1018,"SELECT",2024-06-16 14:31:02 CST,4/74,90920,LOG,00000,"execute S_1: SELECT c_discount, c_last, c_credit, w_tax     FROM bmsql_customer     JOIN bmsql_warehouse ON (w_id = c_w_id)     WHERE c_w_id = $1 AND c_d_id = $2 AND c_id = $3 FOR UPDATE","parameters: $1 = '1', $2 = '1', $3 = '11'",,,,,,,,"","client backend"
2024-06-16 14:34:10.556 CST,"raingage","benchmark",15268,"127.0.0.1:45208",666e86a6.3ba4,1019,"SELECT",2024-06-16 14:31:02 CST,4/74,90920,LOG,00000,"execute S_1: SELECT c_discount, c_last, c_credit, w_tax     FROM bmsql_customer     JOIN bmsql_warehouse ON (w_id = c_w_id)     WHERE c_w_id = $1 AND c_d_id = $2 AND c_id = $3 FOR UPDATE","parameters: $1 = '1', $2 = '1', $3 = '11'",,,,,,,,"","client backend"
2024-06-16 14:34:10.620 CST,"raingage","benchmark",15268,"127.0.0.1:45208",666e86a6.3ba4,1020,"SELECT",2024-06-16 14:31:02 CST,4/74,90920,LOG,00000,"execute S_1: SELECT c_discount, c_last, c_credit, w_tax     FROM bmsql_customer     JOIN bmsql_warehouse ON (w_id = c_w_id)     WHERE c_w_id = $1 AND c_d_id = $2 AND c_id = $3 FOR UPDATE","parameters: $1 = '1', $2 = '1', $3 = '11'",,,,,,,,"","client backend"
2024-06-16 14:34:10.691 CST,"raingage","benchmark",15268,"127.0.0.1:45208",666e86a6.3ba4,1021,"SELECT",2024-06-16 14:31:02 CST,4/74,90920,LOG,00000,"execute S_1: SELECT c_discount, c_last, c_credit, w_tax     FROM bmsql_customer     JOIN bmsql_warehouse ON (w_id = c_w_id)     WHERE c_w_id = $1 AND c_d_id = $2 AND c_id = $3 FOR UPDATE","parameters: $1 = '1', $2 = '1', $3 = '11'",,,,,,,,"","client backend"
2024-06-16 14:34:10.752 CST,"raingage","benchmark",15268,"127.0.0.1:45208",666e86a6.3ba4,1022,"SELECT",2024-06-16 14:31:02 CST,4/74,90920,LOG,00000,"execute S_1: SELECT c_discount, c_last, c_credit, w_tax     FROM bmsql_customer     JOIN bmsql_warehouse ON (w_id = c_w_id)     WHERE c_w_id = $1 AND c_d_id = $2 AND c_id = $3 FOR UPDATE","parameters: $1 = '1', $2 = '1', $3 = '11'",,,,,,,,"","client backend"
2024-06-16 14:34:10.771 CST,"raingage","benchmark",15268,"127.0.0.1:45208",666e86a6.3ba4,1023,"SELECT",2024-06-16 14:31:02 CST,4/74,90920,LOG,00000,"execute S_5: SELECT i_price, i_name, i_data     FROM bmsql_item     WHERE i_id = $1","parameters: $1 = '9'",,,,,,,,"","client backend"
2024-06-16 14:34:10.788 CST,"raingage","benchmark",15268,"127.0.0.1:45208",666e86a6.3ba4,1024,"SELECT",2024-06-16 14:31:02 CST,4/74,90920,LOG,00000,"execute S_6: SELECT s_quantity, s_data,        s_dist_01, s_dist_02, s_dist_03, s_dist_04,        s_dist_05, s_dist_06, s_dist_07, s_dist_08,        s_dist_09, s_dist_10     FROM bmsql_stock     WHERE s_w_id = $1 AND s_i_id = $2  FOR UPDATE","parameters: $1 = '1', $2 = '9'",,,,,,,,"","client backend"
2024-06-16 14:34:10.805 CST,"raingage","benchmark",15268,"127.0.0.1:45208",666e86a6.3ba4,1025,"UPDATE",2024-06-16 14:31:02 CST,4/74,90920,LOG,00000,"execute S_7: UPDATE bmsql_stock     SET s_quantity = $1, s_ytd = s_ytd + $2,         s_order_cnt = s_order_cnt + 1,         s_remote_cnt = s_remote_cnt + $3     WHERE s_w_id = $4 AND s_i_id = $5","parameters: $1 = '34', $2 = '7', $3 = '0', $4 = '1', $5 = '9'",,,,,,,,"","client backend"
2024-06-16 14:34:10.826 CST,"raingage","benchmark",15268,"127.0.0.1:45208",666e86a6.3ba4,1026,"COMMIT",2024-06-16 14:31:02 CST,4/74,90920,LOG,00000,"execute S_2: COMMIT",,,,,,,,,"","client backend"
2024-06-16 14:34:10.844 CST,"raingage","benchmark",15268,"127.0.0.1:45208",666e86a6.3ba4,1027,"BEGIN",2024-06-16 14:31:02 CST,4/75,0,LOG,00000,"execute S_3: BEGIN",,,,,,,,,"","client backend"
2024-06-16 14:34:10.861 CST,"raingage","benchmark",15268,"127.0.0.1:45208",666e86a6.3ba4,1028,"SELECT",2024-06-16 14:31:02 CST,4/75,0,LOG,00000,"execute S_4: SELECT d_tax, d_next_o_id     FROM bmsql_district     WHERE d_w_id = $1 AND d_id = $2 ","parameters: $1 = '1', $2 = '1'",,,,,,,,"","client backend"
2024-06-16 14:34:10.896 CST,"raingage","benchmark",15269,"127.0.0.1:45210",666e86a6.3ba5,990,"SELECT",2024-06-16 14:31:02 CST,5/72,90921,LOG,00000,"execute S_1: SELECT c_discount, c_last, c_credit, w_tax     FROM bmsql_customer     JOIN bmsql_warehouse ON (w_id = c_w_id)     WHERE c_w_id = $1 AND c_d_id = $2 AND c_id = $3 FOR UPDATE","parameters: $1 = '1', $2 = '2', $3 = '64'",,,,,,,,"","client backend"
2024-06-16 14:34:10.929 CST,"raingage","benchmark",15268,"127.0.0.1:45208",666e86a6.3ba4,1029,"SELECT",2024-06-16 14:31:02 CST,4/75,0,LOG,00000,"execute S_1: SELECT c_discount, c_last, c_credit, w_tax     FROM bmsql_customer     JOIN bmsql_warehouse ON (w_id = c_w_id)     WHERE c_w_id = $1 AND c_d_id = $2 AND c_id = $3 FOR UPDATE","parameters: $1 = '1', $2 = '1', $3 = '11'",,,,,,,,"","client backend"
2024-06-16 14:34:10.932 CST,"raingage","benchmark",15272,"127.0.0.1:45216",666e86a7.3ba8,621,"BEGIN",2024-06-16 14:31:03 CST,8/46,0,LOG,00000,"execute S_3: BEGIN",,,,,,,,,"","client backend"
2024-06-16 14:34:10.952 CST,"raingage","benchmark",15272,"127.0.0.1:45216",666e86a7.3ba8,622,"SELECT",2024-06-16 14:31:03 CST,8/46,0,LOG,00000,"execute S_4: SELECT d_tax, d_next_o_id     FROM bmsql_district     WHERE d_w_id = $1 AND d_id = $2 ","parameters: $1 = '1', $2 = '4'",,,,,,,,"","client backend"
2024-06-16 14:34:10.962 CST,"raingage","benchmark",15269,"127.0.0.1:45210",666e86a6.3ba5,991,"SELECT",2024-06-16 14:31:02 CST,5/72,90921,LOG,00000,"execute S_1: SELECT c_discount, c_last, c_credit, w_tax     FROM bmsql_customer     JOIN bmsql_warehouse ON (w_id = c_w_id)     WHERE c_w_id = $1 AND c_d_id = $2 AND c_id = $3 FOR UPDATE","parameters: $1 = '1', $2 = '2', $3 = '64'",,,,,,,,"","client backend"
2024-06-16 14:34:11.024 CST,"raingage","benchmark",15272,"127.0.0.1:45216",666e86a7.3ba8,623,"SELECT",2024-06-16 14:31:03 CST,8/46,0,LOG,00000,"execute S_1: SELECT c_discount, c_last, c_credit, w_tax     FROM bmsql_customer     JOIN bmsql_warehouse ON (w_id = c_w_id)     WHERE c_w_id = $1 AND c_d_id = $2 AND c_id = $3 FOR UPDATE","parameters: $1 = '1', $2 = '4', $3 = '9'",,,,,,,,"","client backend"
2024-06-16 14:34:11.027 CST,"raingage","benchmark",15269,"127.0.0.1:45210",666e86a6.3ba5,992,"SELECT",2024-06-16 14:31:02 CST,5/72,90921,LOG,00000,"execute S_1: SELECT c_discount, c_last, c_credit, w_tax     FROM bmsql_customer     JOIN bmsql_warehouse ON (w_id = c_w_id)     WHERE c_w_id = $1 AND c_d_id = $2 AND c_id = $3 FOR UPDATE","parameters: $1 = '1', $2 = '2', $3 = '64'",,,,,,,,"","client backend"
2024-06-16 14:34:11.089 CST,"raingage","benchmark",15269,"127.0.0.1:45210",666e86a6.3ba5,993,"SELECT",2024-06-16 14:31:02 CST,5/72,90921,LOG,00000,"execute S_1: SELECT c_discount, c_last, c_credit, w_tax     FROM bmsql_customer     JOIN bmsql_warehouse ON (w_id = c_w_id)     WHERE c_w_id = $1 AND c_d_id = $2 AND c_id = $3 FOR UPDATE","parameters: $1 = '1', $2 = '2', $3 = '64'",,,,,,,,"","client backend"
2024-06-16 14:34:11.159 CST,"raingage","benchmark",15269,"127.0.0.1:45210",666e86a6.3ba5,994,"SELECT",2024-06-16 14:31:02 CST,5/72,90921,LOG,00000,"execute S_1: SELECT c_discount, c_last, c_credit, w_tax     FROM bmsql_customer     JOIN bmsql_warehouse ON (w_id = c_w_id)     WHERE c_w_id = $1 AND c_d_id = $2 AND c_id = $3 FOR UPDATE","parameters: $1 = '1', $2 = '2', $3 = '64'",,,,,,,,"","client backend"
2024-06-16 14:34:11.230 CST,"raingage","benchmark",15269,"127.0.0.1:45210",666e86a6.3ba5,995,"SELECT",2024-06-16 14:31:02 CST,5/72,90921,LOG,00000,"execute S_1: SELECT c_discount, c_last, c_credit, w_tax     FROM bmsql_customer     JOIN bmsql_warehouse ON (w_id = c_w_id)     WHERE c_w_id = $1 AND c_d_id = $2 AND c_id = $3 FOR UPDATE","parameters: $1 = '1', $2 = '2', $3 = '64'",,,,,,,,"","client backend"
2024-06-16 14:34:11.292 CST,"raingage","benchmark",15269,"127.0.0.1:45210",666e86a6.3ba5,996,"SELECT",2024-06-16 14:31:02 CST,5/72,90921,LOG,00000,"execute S_1: SELECT c_discount, c_last, c_credit, w_tax     FROM bmsql_customer     JOIN bmsql_warehouse ON (w_id = c_w_id)     WHERE c_w_id = $1 AND c_d_id = $2 AND c_id = $3 FOR UPDATE","parameters: $1 = '1', $2 = '2', $3 = '64'",,,,,,,,"","client backend"
2024-06-16 14:34:11.307 CST,"raingage","benchmark",15269,"127.0.0.1:45210",666e86a6.3ba5,997,"SELECT",2024-06-16 14:31:02 CST,5/72,90921,LOG,00000,"execute S_6: SELECT i_price, i_name, i_data     FROM bmsql_item     WHERE i_id = $1","parameters: $1 = '58'",,,,,,,,"","client backend"
2024-06-16 14:34:11.318 CST,"raingage","benchmark",15269,"127.0.0.1:45210",666e86a6.3ba5,998,"SELECT",2024-06-16 14:31:02 CST,5/72,90921,LOG,00000,"execute S_7: SELECT s_quantity, s_data,        s_dist_01, s_dist_02, s_dist_03, s_dist_04,        s_dist_05, s_dist_06, s_dist_07, s_dist_08,        s_dist_09, s_dist_10     FROM bmsql_stock     WHERE s_w_id = $1 AND s_i_id = $2  FOR UPDATE","parameters: $1 = '1', $2 = '58'",,,,,,,,"","client backend"
2024-06-16 14:34:11.334 CST,"raingage","benchmark",15269,"127.0.0.1:45210",666e86a6.3ba5,999,"UPDATE",2024-06-16 14:31:02 CST,5/72,90921,LOG,00000,"execute S_8: UPDATE bmsql_stock     SET s_quantity = $1, s_ytd = s_ytd + $2,         s_order_cnt = s_order_cnt + 1,         s_remote_cnt = s_remote_cnt + $3     WHERE s_w_id = $4 AND s_i_id = $5","parameters: $1 = '62', $2 = '7', $3 = '0', $4 = '1', $5 = '58'",,,,,,,,"","client backend"
2024-06-16 14:34:11.354 CST,"raingage","benchmark",15269,"127.0.0.1:45210",666e86a6.3ba5,1000,"COMMIT",2024-06-16 14:31:02 CST,5/72,90921,LOG,00000,"execute S_3: COMMIT",,,,,,,,,"","client backend"
2024-06-16 14:34:11.373 CST,"raingage","benchmark",15269,"127.0.0.1:45210",666e86a6.3ba5,1001,"BEGIN",2024-06-16 14:31:02 CST,5/73,0,LOG,00000,"execute S_4: BEGIN",,,,,,,,,"","client backend"
2024-06-16 14:34:11.390 CST,"raingage","benchmark",15269,"127.0.0.1:45210",666e86a6.3ba5,1002,"SELECT",2024-06-16 14:31:02 CST,5/73,0,LOG,00000,"execute S_5: SELECT d_tax, d_next_o_id     FROM bmsql_district     WHERE d_w_id = $1 AND d_id = $2 ","parameters: $1 = '1', $2 = '1'",,,,,,,,"","client backend"
2024-06-16 14:34:11.427 CST,"raingage","benchmark",15268,"127.0.0.1:45208",666e86a6.3ba4,1030,"SELECT",2024-06-16 14:31:02 CST,4/75,90922,LOG,00000,"execute S_1: SELECT c_discount, c_last, c_credit, w_tax     FROM bmsql_customer     JOIN bmsql_warehouse ON (w_id = c_w_id)     WHERE c_w_id = $1 AND c_d_id = $2 AND c_id = $3 FOR UPDATE","parameters: $1 = '1', $2 = '1', $3 = '11'",,,,,,,,"","client backend"
2024-06-16 14:34:11.461 CST,"raingage","benchmark",15269,"127.0.0.1:45210",666e86a6.3ba5,1003,"SELECT",2024-06-16 14:31:02 CST,5/73,0,LOG,00000,"execute S_1: SELECT c_discount, c_last, c_credit, w_tax     FROM bmsql_customer     JOIN bmsql_warehouse ON (w_id = c_w_id)     WHERE c_w_id = $1 AND c_d_id = $2 AND c_id = $3 FOR UPDATE","parameters: $1 = '1', $2 = '1', $3 = '64'",,,,,,,,"","client backend"
2024-06-16 14:34:11.496 CST,"raingage","benchmark",15268,"127.0.0.1:45208",666e86a6.3ba4,1031,"SELECT",2024-06-16 14:31:02 CST,4/75,90922,LOG,00000,"execute S_1: SELECT c_discount, c_last, c_credit, w_tax     FROM bmsql_customer     JOIN bmsql_warehouse ON (w_id = c_w_id)     WHERE c_w_id = $1 AND c_d_id = $2 AND c_id = $3 FOR UPDATE","parameters: $1 = '1', $2 = '1', $3 = '11'",,,,,,,,"","client backend"
2024-06-16 14:34:11.564 CST,"raingage","benchmark",15268,"127.0.0.1:45208",666e86a6.3ba4,1032,"SELECT",2024-06-16 14:31:02 CST,4/75,90922,LOG,00000,"execute S_1: SELECT c_discount, c_last, c_credit, w_tax     FROM bmsql_customer     JOIN bmsql_warehouse ON (w_id = c_w_id)     WHERE c_w_id = $1 AND c_d_id = $2 AND c_id = $3 FOR UPDATE","parameters: $1 = '1', $2 = '1', $3 = '11'",,,,,,,,"","client backend"
2024-06-16 14:34:11.636 CST,"raingage","benchmark",15268,"127.0.0.1:45208",666e86a6.3ba4,1033,"SELECT",2024-06-16 14:31:02 CST,4/75,90922,LOG,00000,"execute S_1: SELECT c_discount, c_last, c_credit, w_tax     FROM bmsql_customer     JOIN bmsql_warehouse ON (w_id = c_w_id)     WHERE c_w_id = $1 AND c_d_id = $2 AND c_id = $3 FOR UPDATE","parameters: $1 = '1', $2 = '1', $3 = '11'",,,,,,,,"","client backend"
2024-06-16 14:34:11.705 CST,"raingage","benchmark",15268,"127.0.0.1:45208",666e86a6.3ba4,1034,"SELECT",2024-06-16 14:31:02 CST,4/75,90922,LOG,00000,"execute S_1: SELECT c_discount, c_last, c_credit, w_tax     FROM bmsql_customer     JOIN bmsql_warehouse ON (w_id = c_w_id)     WHERE c_w_id = $1 AND c_d_id = $2 AND c_id = $3 FOR UPDATE","parameters: $1 = '1', $2 = '1', $3 = '11'",,,,,,,,"","client backend"
2024-06-16 14:34:11.777 CST,"raingage","benchmark",15268,"127.0.0.1:45208",666e86a6.3ba4,1035,"SELECT",2024-06-16 14:31:02 CST,4/75,90922,LOG,00000,"execute S_1: SELECT c_discount, c_last, c_credit, w_tax     FROM bmsql_customer     JOIN bmsql_warehouse ON (w_id = c_w_id)     WHERE c_w_id = $1 AND c_d_id = $2 AND c_id = $3 FOR UPDATE","parameters: $1 = '1', $2 = '1', $3 = '11'",,,,,,,,"","client backend"
2024-06-16 14:34:11.841 CST,"raingage","benchmark",15268,"127.0.0.1:45208",666e86a6.3ba4,1036,"SELECT",2024-06-16 14:31:02 CST,4/75,90922,LOG,00000,"execute S_1: SELECT c_discount, c_last, c_credit, w_tax     FROM bmsql_customer     JOIN bmsql_warehouse ON (w_id = c_w_id)     WHERE c_w_id = $1 AND c_d_id = $2 AND c_id = $3 FOR UPDATE","parameters: $1 = '1', $2 = '1', $3 = '11'",,,,,,,,"","client backend"
2024-06-16 14:34:11.855 CST,"raingage","benchmark",15268,"127.0.0.1:45208",666e86a6.3ba4,1037,"SELECT",2024-06-16 14:31:02 CST,4/75,90922,LOG,00000,"execute S_5: SELECT i_price, i_name, i_data     FROM bmsql_item     WHERE i_id = $1","parameters: $1 = '9'",,,,,,,,"","client backend"
2024-06-16 14:34:11.873 CST,"raingage","benchmark",15268,"127.0.0.1:45208",666e86a6.3ba4,1038,"SELECT",2024-06-16 14:31:02 CST,4/75,90922,LOG,00000,"execute S_6: SELECT s_quantity, s_data,        s_dist_01, s_dist_02, s_dist_03, s_dist_04,        s_dist_05, s_dist_06, s_dist_07, s_dist_08,        s_dist_09, s_dist_10     FROM bmsql_stock     WHERE s_w_id = $1 AND s_i_id = $2  FOR UPDATE","parameters: $1 = '1', $2 = '9'",,,,,,,,"","client backend"
2024-06-16 14:34:11.889 CST,"raingage","benchmark",15268,"127.0.0.1:45208",666e86a6.3ba4,1039,"UPDATE",2024-06-16 14:31:02 CST,4/75,90922,LOG,00000,"execute S_7: UPDATE bmsql_stock     SET s_quantity = $1, s_ytd = s_ytd + $2,         s_order_cnt = s_order_cnt + 1,         s_remote_cnt = s_remote_cnt + $3     WHERE s_w_id = $4 AND s_i_id = $5","parameters: $1 = '27', $2 = '7', $3 = '0', $4 = '1', $5 = '9'",,,,,,,,"","client backend"
2024-06-16 14:34:11.902 CST,"raingage","benchmark",15268,"127.0.0.1:45208",666e86a6.3ba4,1040,"COMMIT",2024-06-16 14:31:02 CST,4/75,90922,LOG,00000,"execute S_2: COMMIT",,,,,,,,,"","client backend"
2024-06-16 14:34:11.922 CST,"raingage","benchmark",15268,"127.0.0.1:45208",666e86a6.3ba4,1041,"BEGIN",2024-06-16 14:31:02 CST,4/76,0,LOG,00000,"execute S_3: BEGIN",,,,,,,,,"","client backend"
2024-06-16 14:34:11.930 CST,"raingage","benchmark",15268,"127.0.0.1:45208",666e86a6.3ba4,1042,"SELECT",2024-06-16 14:31:02 CST,4/76,0,LOG,00000,"execute S_4: SELECT d_tax, d_next_o_id     FROM bmsql_district     WHERE d_w_id = $1 AND d_id = $2 ","parameters: $1 = '1', $2 = '1'",,,,,,,,"","client backend"
2024-06-16 14:34:11.968 CST,"raingage","benchmark",15272,"127.0.0.1:45216",666e86a7.3ba8,624,"SELECT",2024-06-16 14:31:03 CST,8/46,90923,LOG,00000,"execute S_1: SELECT c_discount, c_last, c_credit, w_tax     FROM bmsql_customer     JOIN bmsql_warehouse ON (w_id = c_w_id)     WHERE c_w_id = $1 AND c_d_id = $2 AND c_id = $3 FOR UPDATE","parameters: $1 = '1', $2 = '4', $3 = '9'",,,,,,,,"","client backend"
2024-06-16 14:34:11.997 CST,"raingage","benchmark",15268,"127.0.0.1:45208",666e86a6.3ba4,1043,"SELECT",2024-06-16 14:31:02 CST,4/76,0,LOG,00000,"execute S_1: SELECT c_discount, c_last, c_credit, w_tax     FROM bmsql_customer     JOIN bmsql_warehouse ON (w_id = c_w_id)     WHERE c_w_id = $1 AND c_d_id = $2 AND c_id = $3 FOR UPDATE","parameters: $1 = '1', $2 = '1', $3 = '64'",,,,,,,,"","client backend"
2024-06-16 14:34:12.038 CST,"raingage","benchmark",15272,"127.0.0.1:45216",666e86a7.3ba8,625,"SELECT",2024-06-16 14:31:03 CST,8/46,90923,LOG,00000,"execute S_1: SELECT c_discount, c_last, c_credit, w_tax     FROM bmsql_customer     JOIN bmsql_warehouse ON (w_id = c_w_id)     WHERE c_w_id = $1 AND c_d_id = $2 AND c_id = $3 FOR UPDATE","parameters: $1 = '1', $2 = '4', $3 = '9'",,,,,,,,"","client backend"
2024-06-16 14:34:12.105 CST,"raingage","benchmark",15272,"127.0.0.1:45216",666e86a7.3ba8,626,"SELECT",2024-06-16 14:31:03 CST,8/46,90923,LOG,00000,"execute S_1: SELECT c_discount, c_last, c_credit, w_tax     FROM bmsql_customer     JOIN bmsql_warehouse ON (w_id = c_w_id)     WHERE c_w_id = $1 AND c_d_id = $2 AND c_id = $3 FOR UPDATE","parameters: $1 = '1', $2 = '4', $3 = '9'",,,,,,,,"","client backend"
2024-06-16 14:34:12.176 CST,"raingage","benchmark",15272,"127.0.0.1:45216",666e86a7.3ba8,627,"SELECT",2024-06-16 14:31:03 CST,8/46,90923,LOG,00000,"execute S_1: SELECT c_discount, c_last, c_credit, w_tax     FROM bmsql_customer     JOIN bmsql_warehouse ON (w_id = c_w_id)     WHERE c_w_id = $1 AND c_d_id = $2 AND c_id = $3 FOR UPDATE","parameters: $1 = '1', $2 = '4', $3 = '9'",,,,,,,,"","client backend"
2024-06-16 14:34:12.243 CST,"raingage","benchmark",15272,"127.0.0.1:45216",666e86a7.3ba8,628,"SELECT",2024-06-16 14:31:03 CST,8/46,90923,LOG,00000,"execute S_1: SELECT c_discount, c_last, c_credit, w_tax     FROM bmsql_customer     JOIN bmsql_warehouse ON (w_id = c_w_id)     WHERE c_w_id = $1 AND c_d_id = $2 AND c_id = $3 FOR UPDATE","parameters: $1 = '1', $2 = '4', $3 = '9'",,,,,,,,"","client backend"
2024-06-16 14:34:12.308 CST,"raingage","benchmark",15272,"127.0.0.1:45216",666e86a7.3ba8,629,"SELECT",2024-06-16 14:31:03 CST,8/46,90923,LOG,00000,"execute S_1: SELECT c_discount, c_last, c_credit, w_tax     FROM bmsql_customer     JOIN bmsql_warehouse ON (w_id = c_w_id)     WHERE c_w_id = $1 AND c_d_id = $2 AND c_id = $3 FOR UPDATE","parameters: $1 = '1', $2 = '4', $3 = '9'",,,,,,,,"","client backend"
2024-06-16 14:34:12.378 CST,"raingage","benchmark",15272,"127.0.0.1:45216",666e86a7.3ba8,630,"SELECT",2024-06-16 14:31:03 CST,8/46,90923,LOG,00000,"execute S_1: SELECT c_discount, c_last, c_credit, w_tax     FROM bmsql_customer     JOIN bmsql_warehouse ON (w_id = c_w_id)     WHERE c_w_id = $1 AND c_d_id = $2 AND c_id = $3 FOR UPDATE","parameters: $1 = '1', $2 = '4', $3 = '9'",,,,,,,,"","client backend"
2024-06-16 14:34:12.396 CST,"raingage","benchmark",15272,"127.0.0.1:45216",666e86a7.3ba8,631,"SELECT",2024-06-16 14:31:03 CST,8/46,90923,LOG,00000,"execute S_5: SELECT i_price, i_name, i_data     FROM bmsql_item     WHERE i_id = $1","parameters: $1 = '26'",,,,,,,,"","client backend"
2024-06-16 14:34:12.412 CST,"raingage","benchmark",15272,"127.0.0.1:45216",666e86a7.3ba8,632,"SELECT",2024-06-16 14:31:03 CST,8/46,90923,LOG,00000,"execute S_6: SELECT s_quantity, s_data,        s_dist_01, s_dist_02, s_dist_03, s_dist_04,        s_dist_05, s_dist_06, s_dist_07, s_dist_08,        s_dist_09, s_dist_10     FROM bmsql_stock     WHERE s_w_id = $1 AND s_i_id = $2  FOR UPDATE","parameters: $1 = '1', $2 = '26'",,,,,,,,"","client backend"
2024-06-16 14:34:12.432 CST,"raingage","benchmark",15272,"127.0.0.1:45216",666e86a7.3ba8,633,"UPDATE",2024-06-16 14:31:03 CST,8/46,90923,LOG,00000,"execute S_7: UPDATE bmsql_stock     SET s_quantity = $1, s_ytd = s_ytd + $2,         s_order_cnt = s_order_cnt + 1,         s_remote_cnt = s_remote_cnt + $3     WHERE s_w_id = $4 AND s_i_id = $5","parameters: $1 = '10', $2 = '7', $3 = '0', $4 = '1', $5 = '26'",,,,,,,,"","client backend"
2024-06-16 14:34:12.453 CST,"raingage","benchmark",15272,"127.0.0.1:45216",666e86a7.3ba8,634,"COMMIT",2024-06-16 14:31:03 CST,8/46,90923,LOG,00000,"execute S_2: COMMIT",,,,,,,,,"","client backend"
2024-06-16 14:34:12.526 CST,"raingage","benchmark",15269,"127.0.0.1:45210",666e86a6.3ba5,1004,"SELECT",2024-06-16 14:31:02 CST,5/73,90924,LOG,00000,"execute S_1: SELECT c_discount, c_last, c_credit, w_tax     FROM bmsql_customer     JOIN bmsql_warehouse ON (w_id = c_w_id)     WHERE c_w_id = $1 AND c_d_id = $2 AND c_id = $3 FOR UPDATE","parameters: $1 = '1', $2 = '1', $3 = '64'",,,,,,,,"","client backend"
2024-06-16 14:34:12.595 CST,"raingage","benchmark",15269,"127.0.0.1:45210",666e86a6.3ba5,1005,"SELECT",2024-06-16 14:31:02 CST,5/73,90924,LOG,00000,"execute S_1: SELECT c_discount, c_last, c_credit, w_tax     FROM bmsql_customer     JOIN bmsql_warehouse ON (w_id = c_w_id)     WHERE c_w_id = $1 AND c_d_id = $2 AND c_id = $3 FOR UPDATE","parameters: $1 = '1', $2 = '1', $3 = '64'",,,,,,,,"","client backend"
2024-06-16 14:34:12.662 CST,"raingage","benchmark",15269,"127.0.0.1:45210",666e86a6.3ba5,1006,"SELECT",2024-06-16 14:31:02 CST,5/73,90924,LOG,00000,"execute S_1: SELECT c_discount, c_last, c_credit, w_tax     FROM bmsql_customer     JOIN bmsql_warehouse ON (w_id = c_w_id)     WHERE c_w_id = $1 AND c_d_id = $2 AND c_id = $3 FOR UPDATE","parameters: $1 = '1', $2 = '1', $3 = '64'",,,,,,,,"","client backend"
2024-06-16 14:34:12.727 CST,"raingage","benchmark",15269,"127.0.0.1:45210",666e86a6.3ba5,1007,"SELECT",2024-06-16 14:31:02 CST,5/73,90924,LOG,00000,"execute S_1: SELECT c_discount, c_last, c_credit, w_tax     FROM bmsql_customer     JOIN bmsql_warehouse ON (w_id = c_w_id)     WHERE c_w_id = $1 AND c_d_id = $2 AND c_id = $3 FOR UPDATE","parameters: $1 = '1', $2 = '1', $3 = '64'",,,,,,,,"","client backend"
2024-06-16 14:34:12.795 CST,"raingage","benchmark",15269,"127.0.0.1:45210",666e86a6.3ba5,1008,"SELECT",2024-06-16 14:31:02 CST,5/73,90924,LOG,00000,"execute S_1: SELECT c_discount, c_last, c_credit, w_tax     FROM bmsql_customer     JOIN bmsql_warehouse ON (w_id = c_w_id)     WHERE c_w_id = $1 AND c_d_id = $2 AND c_id = $3 FOR UPDATE","parameters: $1 = '1', $2 = '1', $3 = '64'",,,,,,,,"","client backend"
2024-06-16 14:34:12.859 CST,"raingage","benchmark",15269,"127.0.0.1:45210",666e86a6.3ba5,1009,"SELECT",2024-06-16 14:31:02 CST,5/73,90924,LOG,00000,"execute S_1: SELECT c_discount, c_last, c_credit, w_tax     FROM bmsql_customer     JOIN bmsql_warehouse ON (w_id = c_w_id)     WHERE c_w_id = $1 AND c_d_id = $2 AND c_id = $3 FOR UPDATE","parameters: $1 = '1', $2 = '1', $3 = '64'",,,,,,,,"","client backend"
2024-06-16 14:34:12.928 CST,"raingage","benchmark",15269,"127.0.0.1:45210",666e86a6.3ba5,1010,"SELECT",2024-06-16 14:31:02 CST,5/73,90924,LOG,00000,"execute S_1: SELECT c_discount, c_last, c_credit, w_tax     FROM bmsql_customer     JOIN bmsql_warehouse ON (w_id = c_w_id)     WHERE c_w_id = $1 AND c_d_id = $2 AND c_id = $3 FOR UPDATE","parameters: $1 = '1', $2 = '1', $3 = '64'",,,,,,,,"","client backend"
2024-06-16 14:34:12.949 CST,"raingage","benchmark",15269,"127.0.0.1:45210",666e86a6.3ba5,1011,"SELECT",2024-06-16 14:31:02 CST,5/73,90924,LOG,00000,"execute S_6: SELECT i_price, i_name, i_data     FROM bmsql_item     WHERE i_id = $1","parameters: $1 = '58'",,,,,,,,"","client backend"
2024-06-16 14:34:12.964 CST,"raingage","benchmark",15269,"127.0.0.1:45210",666e86a6.3ba5,1012,"SELECT",2024-06-16 14:31:02 CST,5/73,90924,LOG,00000,"execute S_7: SELECT s_quantity, s_data,        s_dist_01, s_dist_02, s_dist_03, s_dist_04,        s_dist_05, s_dist_06, s_dist_07, s_dist_08,        s_dist_09, s_dist_10     FROM bmsql_stock     WHERE s_w_id = $1 AND s_i_id = $2  FOR UPDATE","parameters: $1 = '1', $2 = '58'",,,,,,,,"","client backend"
2024-06-16 14:34:12.976 CST,"raingage","benchmark",15269,"127.0.0.1:45210",666e86a6.3ba5,1013,"UPDATE",2024-06-16 14:31:02 CST,5/73,90924,LOG,00000,"execute S_8: UPDATE bmsql_stock     SET s_quantity = $1, s_ytd = s_ytd + $2,         s_order_cnt = s_order_cnt + 1,         s_remote_cnt = s_remote_cnt + $3     WHERE s_w_id = $4 AND s_i_id = $5","parameters: $1 = '56', $2 = '6', $3 = '0', $4 = '1', $5 = '58'",,,,,,,,"","client backend"
2024-06-16 14:34:12.992 CST,"raingage","benchmark",15269,"127.0.0.1:45210",666e86a6.3ba5,1014,"COMMIT",2024-06-16 14:31:02 CST,5/73,90924,LOG,00000,"execute S_3: COMMIT",,,,,,,,,"","client backend"
2024-06-16 14:34:13.009 CST,"raingage","benchmark",15269,"127.0.0.1:45210",666e86a6.3ba5,1015,"BEGIN",2024-06-16 14:31:02 CST,5/74,0,LOG,00000,"execute S_4: BEGIN",,,,,,,,,"","client backend"
2024-06-16 14:34:13.025 CST,"raingage","benchmark",15269,"127.0.0.1:45210",666e86a6.3ba5,1016,"SELECT",2024-06-16 14:31:02 CST,5/74,0,LOG,00000,"execute S_5: SELECT d_tax, d_next_o_id     FROM bmsql_district     WHERE d_w_id = $1 AND d_id = $2 ","parameters: $1 = '1', $2 = '2'",,,,,,,,"","client backend"
2024-06-16 14:34:13.056 CST,"raingage","benchmark",15268,"127.0.0.1:45208",666e86a6.3ba4,1044,"SELECT",2024-06-16 14:31:02 CST,4/76,90925,LOG,00000,"execute S_1: SELECT c_discount, c_last, c_credit, w_tax     FROM bmsql_customer     JOIN bmsql_warehouse ON (w_id = c_w_id)     WHERE c_w_id = $1 AND c_d_id = $2 AND c_id = $3 FOR UPDATE","parameters: $1 = '1', $2 = '1', $3 = '64'",,,,,,,,"","client backend"
2024-06-16 14:34:13.097 CST,"raingage","benchmark",15269,"127.0.0.1:45210",666e86a6.3ba5,1017,"SELECT",2024-06-16 14:31:02 CST,5/74,0,LOG,00000,"execute S_1: SELECT c_discount, c_last, c_credit, w_tax     FROM bmsql_customer     JOIN bmsql_warehouse ON (w_id = c_w_id)     WHERE c_w_id = $1 AND c_d_id = $2 AND c_id = $3 FOR UPDATE","parameters: $1 = '1', $2 = '2', $3 = '8'",,,,,,,,"","client backend"
2024-06-16 14:34:13.120 CST,"raingage","benchmark",15268,"127.0.0.1:45208",666e86a6.3ba4,1045,"SELECT",2024-06-16 14:31:02 CST,4/76,90925,LOG,00000,"execute S_1: SELECT c_discount, c_last, c_credit, w_tax     FROM bmsql_customer     JOIN bmsql_warehouse ON (w_id = c_w_id)     WHERE c_w_id = $1 AND c_d_id = $2 AND c_id = $3 FOR UPDATE","parameters: $1 = '1', $2 = '1', $3 = '64'",,,,,,,,"","client backend"
2024-06-16 14:34:13.184 CST,"raingage","benchmark",15268,"127.0.0.1:45208",666e86a6.3ba4,1046,"SELECT",2024-06-16 14:31:02 CST,4/76,90925,LOG,00000,"execute S_1: SELECT c_discount, c_last, c_credit, w_tax     FROM bmsql_customer     JOIN bmsql_warehouse ON (w_id = c_w_id)     WHERE c_w_id = $1 AND c_d_id = $2 AND c_id = $3 FOR UPDATE","parameters: $1 = '1', $2 = '1', $3 = '64'",,,,,,,,"","client backend"
2024-06-16 14:34:13.254 CST,"raingage","benchmark",15268,"127.0.0.1:45208",666e86a6.3ba4,1047,"SELECT",2024-06-16 14:31:02 CST,4/76,90925,LOG,00000,"execute S_1: SELECT c_discount, c_last, c_credit, w_tax     FROM bmsql_customer     JOIN bmsql_warehouse ON (w_id = c_w_id)     WHERE c_w_id = $1 AND c_d_id = $2 AND c_id = $3 FOR UPDATE","parameters: $1 = '1', $2 = '1', $3 = '64'",,,,,,,,"","client backend"
2024-06-16 14:34:13.321 CST,"raingage","benchmark",15268,"127.0.0.1:45208",666e86a6.3ba4,1048,"SELECT",2024-06-16 14:31:02 CST,4/76,90925,LOG,00000,"execute S_1: SELECT c_discount, c_last, c_credit, w_tax     FROM bmsql_customer     JOIN bmsql_warehouse ON (w_id = c_w_id)     WHERE c_w_id = $1 AND c_d_id = $2 AND c_id = $3 FOR UPDATE","parameters: $1 = '1', $2 = '1', $3 = '64'",,,,,,,,"","client backend"
2024-06-16 14:34:13.390 CST,"raingage","benchmark",15268,"127.0.0.1:45208",666e86a6.3ba4,1049,"SELECT",2024-06-16 14:31:02 CST,4/76,90925,LOG,00000,"execute S_1: SELECT c_discount, c_last, c_credit, w_tax     FROM bmsql_customer     JOIN bmsql_warehouse ON (w_id = c_w_id)     WHERE c_w_id = $1 AND c_d_id = $2 AND c_id = $3 FOR UPDATE","parameters: $1 = '1', $2 = '1', $3 = '64'",,,,,,,,"","client backend"
2024-06-16 14:34:13.454 CST,"raingage","benchmark",15268,"127.0.0.1:45208",666e86a6.3ba4,1050,"SELECT",2024-06-16 14:31:02 CST,4/76,90925,LOG,00000,"execute S_1: SELECT c_discount, c_last, c_credit, w_tax     FROM bmsql_customer     JOIN bmsql_warehouse ON (w_id = c_w_id)     WHERE c_w_id = $1 AND c_d_id = $2 AND c_id = $3 FOR UPDATE","parameters: $1 = '1', $2 = '1', $3 = '64'",,,,,,,,"","client backend"
2024-06-16 14:34:13.473 CST,"raingage","benchmark",15268,"127.0.0.1:45208",666e86a6.3ba4,1051,"SELECT",2024-06-16 14:31:02 CST,4/76,90925,LOG,00000,"execute S_5: SELECT i_price, i_name, i_data     FROM bmsql_item     WHERE i_id = $1","parameters: $1 = '58'",,,,,,,,"","client backend"
2024-06-16 14:34:13.491 CST,"raingage","benchmark",15268,"127.0.0.1:45208",666e86a6.3ba4,1052,"SELECT",2024-06-16 14:31:02 CST,4/76,90925,LOG,00000,"execute S_6: SELECT s_quantity, s_data,        s_dist_01, s_dist_02, s_dist_03, s_dist_04,        s_dist_05, s_dist_06, s_dist_07, s_dist_08,        s_dist_09, s_dist_10     FROM bmsql_stock     WHERE s_w_id = $1 AND s_i_id = $2  FOR UPDATE","parameters: $1 = '1', $2 = '58'",,,,,,,,"","client backend"
2024-06-16 14:34:13.508 CST,"raingage","benchmark",15268,"127.0.0.1:45208",666e86a6.3ba4,1053,"UPDATE",2024-06-16 14:31:02 CST,4/76,90925,LOG,00000,"execute S_7: UPDATE bmsql_stock     SET s_quantity = $1, s_ytd = s_ytd + $2,         s_order_cnt = s_order_cnt + 1,         s_remote_cnt = s_remote_cnt + $3     WHERE s_w_id = $4 AND s_i_id = $5","parameters: $1 = '50', $2 = '6', $3 = '0', $4 = '1', $5 = '58'",,,,,,,,"","client backend"
2024-06-16 14:34:13.526 CST,"raingage","benchmark",15268,"127.0.0.1:45208",666e86a6.3ba4,1054,"COMMIT",2024-06-16 14:31:02 CST,4/76,90925,LOG,00000,"execute S_2: COMMIT",,,,,,,,,"","client backend"
2024-06-16 14:34:13.542 CST,"raingage","benchmark",15268,"127.0.0.1:45208",666e86a6.3ba4,1055,"BEGIN",2024-06-16 14:31:02 CST,4/77,0,LOG,00000,"execute S_3: BEGIN",,,,,,,,,"","client backend"
2024-06-16 14:34:13.561 CST,"raingage","benchmark",15268,"127.0.0.1:45208",666e86a6.3ba4,1056,"SELECT",2024-06-16 14:31:02 CST,4/77,0,LOG,00000,"execute S_4: SELECT d_tax, d_next_o_id     FROM bmsql_district     WHERE d_w_id = $1 AND d_id = $2 ","parameters: $1 = '1', $2 = '2'",,,,,,,,"","client backend"
2024-06-16 14:34:13.593 CST,"raingage","benchmark",15269,"127.0.0.1:45210",666e86a6.3ba5,1018,"SELECT",2024-06-16 14:31:02 CST,5/74,90926,LOG,00000,"execute S_1: SELECT c_discount, c_last, c_credit, w_tax     FROM bmsql_customer     JOIN bmsql_warehouse ON (w_id = c_w_id)     WHERE c_w_id = $1 AND c_d_id = $2 AND c_id = $3 FOR UPDATE","parameters: $1 = '1', $2 = '2', $3 = '8'",,,,,,,,"","client backend"
2024-06-16 14:34:13.629 CST,"raingage","benchmark",15268,"127.0.0.1:45208",666e86a6.3ba4,1057,"SELECT",2024-06-16 14:31:02 CST,4/77,0,LOG,00000,"execute S_1: SELECT c_discount, c_last, c_credit, w_tax     FROM bmsql_customer     JOIN bmsql_warehouse ON (w_id = c_w_id)     WHERE c_w_id = $1 AND c_d_id = $2 AND c_id = $3 FOR UPDATE","parameters: $1 = '1', $2 = '2', $3 = '8'",,,,,,,,"","client backend"
2024-06-16 14:34:13.656 CST,"raingage","benchmark",15269,"127.0.0.1:45210",666e86a6.3ba5,1019,"SELECT",2024-06-16 14:31:02 CST,5/74,90926,LOG,00000,"execute S_1: SELECT c_discount, c_last, c_credit, w_tax     FROM bmsql_customer     JOIN bmsql_warehouse ON (w_id = c_w_id)     WHERE c_w_id = $1 AND c_d_id = $2 AND c_id = $3 FOR UPDATE","parameters: $1 = '1', $2 = '2', $3 = '8'",,,,,,,,"","client backend"
2024-06-16 14:34:13.727 CST,"raingage","benchmark",15269,"127.0.0.1:45210",666e86a6.3ba5,1020,"SELECT",2024-06-16 14:31:02 CST,5/74,90926,LOG,00000,"execute S_1: SELECT c_discount, c_last, c_credit, w_tax     FROM bmsql_customer     JOIN bmsql_warehouse ON (w_id = c_w_id)     WHERE c_w_id = $1 AND c_d_id = $2 AND c_id = $3 FOR UPDATE","parameters: $1 = '1', $2 = '2', $3 = '8'",,,,,,,,"","client backend"
2024-06-16 14:34:13.789 CST,"raingage","benchmark",15269,"127.0.0.1:45210",666e86a6.3ba5,1021,"SELECT",2024-06-16 14:31:02 CST,5/74,90926,LOG,00000,"execute S_1: SELECT c_discount, c_last, c_credit, w_tax     FROM bmsql_customer     JOIN bmsql_warehouse ON (w_id = c_w_id)     WHERE c_w_id = $1 AND c_d_id = $2 AND c_id = $3 FOR UPDATE","parameters: $1 = '1', $2 = '2', $3 = '8'",,,,,,,,"","client backend"
2024-06-16 14:34:13.855 CST,"raingage","benchmark",15269,"127.0.0.1:45210",666e86a6.3ba5,1022,"SELECT",2024-06-16 14:31:02 CST,5/74,90926,LOG,00000,"execute S_1: SELECT c_discount, c_last, c_credit, w_tax     FROM bmsql_customer     JOIN bmsql_warehouse ON (w_id = c_w_id)     WHERE c_w_id = $1 AND c_d_id = $2 AND c_id = $3 FOR UPDATE","parameters: $1 = '1', $2 = '2', $3 = '8'",,,,,,,,"","client backend"
2024-06-16 14:34:13.922 CST,"raingage","benchmark",15269,"127.0.0.1:45210",666e86a6.3ba5,1023,"SELECT",2024-06-16 14:31:02 CST,5/74,90926,LOG,00000,"execute S_1: SELECT c_discount, c_last, c_credit, w_tax     FROM bmsql_customer     JOIN bmsql_warehouse ON (w_id = c_w_id)     WHERE c_w_id = $1 AND c_d_id = $2 AND c_id = $3 FOR UPDATE","parameters: $1 = '1', $2 = '2', $3 = '8'",,,,,,,,"","client backend"
2024-06-16 14:34:13.985 CST,"raingage","benchmark",15269,"127.0.0.1:45210",666e86a6.3ba5,1024,"SELECT",2024-06-16 14:31:02 CST,5/74,90926,LOG,00000,"execute S_1: SELECT c_discount, c_last, c_credit, w_tax     FROM bmsql_customer     JOIN bmsql_warehouse ON (w_id = c_w_id)     WHERE c_w_id = $1 AND c_d_id = $2 AND c_id = $3 FOR UPDATE","parameters: $1 = '1', $2 = '2', $3 = '8'",,,,,,,,"","client backend"
2024-06-16 14:34:13.998 CST,"raingage","benchmark",15269,"127.0.0.1:45210",666e86a6.3ba5,1025,"SELECT",2024-06-16 14:31:02 CST,5/74,90926,LOG,00000,"execute S_6: SELECT i_price, i_name, i_data     FROM bmsql_item     WHERE i_id = $1","parameters: $1 = '105'",,,,,,,,"","client backend"
2024-06-16 14:34:14.012 CST,"raingage","benchmark",15269,"127.0.0.1:45210",666e86a6.3ba5,1026,"SELECT",2024-06-16 14:31:02 CST,5/74,90926,LOG,00000,"execute S_7: SELECT s_quantity, s_data,        s_dist_01, s_dist_02, s_dist_03, s_dist_04,        s_dist_05, s_dist_06, s_dist_07, s_dist_08,        s_dist_09, s_dist_10     FROM bmsql_stock     WHERE s_w_id = $1 AND s_i_id = $2  FOR UPDATE","parameters: $1 = '1', $2 = '105'",,,,,,,,"","client backend"
2024-06-16 14:34:14.026 CST,"raingage","benchmark",15269,"127.0.0.1:45210",666e86a6.3ba5,1027,"UPDATE",2024-06-16 14:31:02 CST,5/74,90926,LOG,00000,"execute S_8: UPDATE bmsql_stock     SET s_quantity = $1, s_ytd = s_ytd + $2,         s_order_cnt = s_order_cnt + 1,         s_remote_cnt = s_remote_cnt + $3     WHERE s_w_id = $4 AND s_i_id = $5","parameters: $1 = '107', $2 = '2', $3 = '0', $4 = '1', $5 = '105'",,,,,,,,"","client backend"
2024-06-16 14:34:14.045 CST,"raingage","benchmark",15269,"127.0.0.1:45210",666e86a6.3ba5,1028,"COMMIT",2024-06-16 14:31:02 CST,5/74,90926,LOG,00000,"execute S_3: COMMIT",,,,,,,,,"","client backend"
2024-06-16 14:34:14.063 CST,"raingage","benchmark",15269,"127.0.0.1:45210",666e86a6.3ba5,1029,"BEGIN",2024-06-16 14:31:02 CST,5/75,0,LOG,00000,"execute S_4: BEGIN",,,,,,,,,"","client backend"
2024-06-16 14:34:14.080 CST,"raingage","benchmark",15269,"127.0.0.1:45210",666e86a6.3ba5,1030,"SELECT",2024-06-16 14:31:02 CST,5/75,0,LOG,00000,"execute S_5: SELECT d_tax, d_next_o_id     FROM bmsql_district     WHERE d_w_id = $1 AND d_id = $2 ","parameters: $1 = '1', $2 = '3'",,,,,,,,"","client backend"
2024-06-16 14:34:14.109 CST,"raingage","benchmark",15268,"127.0.0.1:45208",666e86a6.3ba4,1058,"SELECT",2024-06-16 14:31:02 CST,4/77,90927,LOG,00000,"execute S_1: SELECT c_discount, c_last, c_credit, w_tax     FROM bmsql_customer     JOIN bmsql_warehouse ON (w_id = c_w_id)     WHERE c_w_id = $1 AND c_d_id = $2 AND c_id = $3 FOR UPDATE","parameters: $1 = '1', $2 = '2', $3 = '8'",,,,,,,,"","client backend"
2024-06-16 14:34:14.149 CST,"raingage","benchmark",15269,"127.0.0.1:45210",666e86a6.3ba5,1031,"SELECT",2024-06-16 14:31:02 CST,5/75,0,LOG,00000,"execute S_1: SELECT c_discount, c_last, c_credit, w_tax     FROM bmsql_customer     JOIN bmsql_warehouse ON (w_id = c_w_id)     WHERE c_w_id = $1 AND c_d_id = $2 AND c_id = $3 FOR UPDATE","parameters: $1 = '1', $2 = '3', $3 = '78'",,,,,,,,"","client backend"
2024-06-16 14:34:14.177 CST,"raingage","benchmark",15268,"127.0.0.1:45208",666e86a6.3ba4,1059,"SELECT",2024-06-16 14:31:02 CST,4/77,90927,LOG,00000,"execute S_1: SELECT c_discount, c_last, c_credit, w_tax     FROM bmsql_customer     JOIN bmsql_warehouse ON (w_id = c_w_id)     WHERE c_w_id = $1 AND c_d_id = $2 AND c_id = $3 FOR UPDATE","parameters: $1 = '1', $2 = '2', $3 = '8'",,,,,,,,"","client backend"
2024-06-16 14:34:14.240 CST,"raingage","benchmark",15268,"127.0.0.1:45208",666e86a6.3ba4,1060,"SELECT",2024-06-16 14:31:02 CST,4/77,90927,LOG,00000,"execute S_1: SELECT c_discount, c_last, c_credit, w_tax     FROM bmsql_customer     JOIN bmsql_warehouse ON (w_id = c_w_id)     WHERE c_w_id = $1 AND c_d_id = $2 AND c_id = $3 FOR UPDATE","parameters: $1 = '1', $2 = '2', $3 = '8'",,,,,,,,"","client backend"
2024-06-16 14:34:14.303 CST,"raingage","benchmark",15268,"127.0.0.1:45208",666e86a6.3ba4,1061,"SELECT",2024-06-16 14:31:02 CST,4/77,90927,LOG,00000,"execute S_1: SELECT c_discount, c_last, c_credit, w_tax     FROM bmsql_customer     JOIN bmsql_warehouse ON (w_id = c_w_id)     WHERE c_w_id = $1 AND c_d_id = $2 AND c_id = $3 FOR UPDATE","parameters: $1 = '1', $2 = '2', $3 = '8'",,,,,,,,"","client backend"
2024-06-16 14:34:14.370 CST,"raingage","benchmark",15268,"127.0.0.1:45208",666e86a6.3ba4,1062,"SELECT",2024-06-16 14:31:02 CST,4/77,90927,LOG,00000,"execute S_1: SELECT c_discount, c_last, c_credit, w_tax     FROM bmsql_customer     JOIN bmsql_warehouse ON (w_id = c_w_id)     WHERE c_w_id = $1 AND c_d_id = $2 AND c_id = $3 FOR UPDATE","parameters: $1 = '1', $2 = '2', $3 = '8'",,,,,,,,"","client backend"
2024-06-16 14:34:14.442 CST,"raingage","benchmark",15268,"127.0.0.1:45208",666e86a6.3ba4,1063,"SELECT",2024-06-16 14:31:02 CST,4/77,90927,LOG,00000,"execute S_1: SELECT c_discount, c_last, c_credit, w_tax     FROM bmsql_customer     JOIN bmsql_warehouse ON (w_id = c_w_id)     WHERE c_w_id = $1 AND c_d_id = $2 AND c_id = $3 FOR UPDATE","parameters: $1 = '1', $2 = '2', $3 = '8'",,,,,,,,"","client backend"
2024-06-16 14:34:14.506 CST,"raingage","benchmark",15268,"127.0.0.1:45208",666e86a6.3ba4,1064,"SELECT",2024-06-16 14:31:02 CST,4/77,90927,LOG,00000,"execute S_1: SELECT c_discount, c_last, c_credit, w_tax     FROM bmsql_customer     JOIN bmsql_warehouse ON (w_id = c_w_id)     WHERE c_w_id = $1 AND c_d_id = $2 AND c_id = $3 FOR UPDATE","parameters: $1 = '1', $2 = '2', $3 = '8'",,,,,,,,"","client backend"
2024-06-16 14:34:14.518 CST,"raingage","benchmark",15268,"127.0.0.1:45208",666e86a6.3ba4,1065,"SELECT",2024-06-16 14:31:02 CST,4/77,90927,LOG,00000,"execute S_5: SELECT i_price, i_name, i_data     FROM bmsql_item     WHERE i_id = $1","parameters: $1 = '105'",,,,,,,,"","client backend"
2024-06-16 14:34:14.536 CST,"raingage","benchmark",15268,"127.0.0.1:45208",666e86a6.3ba4,1066,"SELECT",2024-06-16 14:31:02 CST,4/77,90927,LOG,00000,"execute S_6: SELECT s_quantity, s_data,        s_dist_01, s_dist_02, s_dist_03, s_dist_04,        s_dist_05, s_dist_06, s_dist_07, s_dist_08,        s_dist_09, s_dist_10     FROM bmsql_stock     WHERE s_w_id = $1 AND s_i_id = $2  FOR UPDATE","parameters: $1 = '1', $2 = '105'",,,,,,,,"","client backend"
2024-06-16 14:34:14.551 CST,"raingage","benchmark",15268,"127.0.0.1:45208",666e86a6.3ba4,1067,"UPDATE",2024-06-16 14:31:02 CST,4/77,90927,LOG,00000,"execute S_7: UPDATE bmsql_stock     SET s_quantity = $1, s_ytd = s_ytd + $2,         s_order_cnt = s_order_cnt + 1,         s_remote_cnt = s_remote_cnt + $3     WHERE s_w_id = $4 AND s_i_id = $5","parameters: $1 = '104', $2 = '3', $3 = '0', $4 = '1', $5 = '105'",,,,,,,,"","client backend"
2024-06-16 14:34:14.569 CST,"raingage","benchmark",15268,"127.0.0.1:45208",666e86a6.3ba4,1068,"COMMIT",2024-06-16 14:31:02 CST,4/77,90927,LOG,00000,"execute S_2: COMMIT",,,,,,,,,"","client backend"
2024-06-16 14:34:14.584 CST,"raingage","benchmark",15268,"127.0.0.1:45208",666e86a6.3ba4,1069,"BEGIN",2024-06-16 14:31:02 CST,4/78,0,LOG,00000,"execute S_3: BEGIN",,,,,,,,,"","client backend"
2024-06-16 14:34:14.602 CST,"raingage","benchmark",15268,"127.0.0.1:45208",666e86a6.3ba4,1070,"SELECT",2024-06-16 14:31:02 CST,4/78,0,LOG,00000,"execute S_4: SELECT d_tax, d_next_o_id     FROM bmsql_district     WHERE d_w_id = $1 AND d_id = $2 ","parameters: $1 = '1', $2 = '3'",,,,,,,,"","client backend"
2024-06-16 14:34:14.633 CST,"raingage","benchmark",15269,"127.0.0.1:45210",666e86a6.3ba5,1032,"SELECT",2024-06-16 14:31:02 CST,5/75,90928,LOG,00000,"execute S_1: SELECT c_discount, c_last, c_credit, w_tax     FROM bmsql_customer     JOIN bmsql_warehouse ON (w_id = c_w_id)     WHERE c_w_id = $1 AND c_d_id = $2 AND c_id = $3 FOR UPDATE","parameters: $1 = '1', $2 = '3', $3 = '78'",,,,,,,,"","client backend"
2024-06-16 14:34:14.672 CST,"raingage","benchmark",15268,"127.0.0.1:45208",666e86a6.3ba4,1071,"SELECT",2024-06-16 14:31:02 CST,4/78,0,LOG,00000,"execute S_1: SELECT c_discount, c_last, c_credit, w_tax     FROM bmsql_customer     JOIN bmsql_warehouse ON (w_id = c_w_id)     WHERE c_w_id = $1 AND c_d_id = $2 AND c_id = $3 FOR UPDATE","parameters: $1 = '1', $2 = '3', $3 = '78'",,,,,,,,"","client backend"
2024-06-16 14:34:14.697 CST,"raingage","benchmark",15269,"127.0.0.1:45210",666e86a6.3ba5,1033,"SELECT",2024-06-16 14:31:02 CST,5/75,90928,LOG,00000,"execute S_1: SELECT c_discount, c_last, c_credit, w_tax     FROM bmsql_customer     JOIN bmsql_warehouse ON (w_id = c_w_id)     WHERE c_w_id = $1 AND c_d_id = $2 AND c_id = $3 FOR UPDATE","parameters: $1 = '1', $2 = '3', $3 = '78'",,,,,,,,"","client backend"
2024-06-16 14:34:14.767 CST,"raingage","benchmark",15269,"127.0.0.1:45210",666e86a6.3ba5,1034,"SELECT",2024-06-16 14:31:02 CST,5/75,90928,LOG,00000,"execute S_1: SELECT c_discount, c_last, c_credit, w_tax     FROM bmsql_customer     JOIN bmsql_warehouse ON (w_id = c_w_id)     WHERE c_w_id = $1 AND c_d_id = $2 AND c_id = $3 FOR UPDATE","parameters: $1 = '1', $2 = '3', $3 = '78'",,,,,,,,"","client backend"
2024-06-16 14:34:14.832 CST,"raingage","benchmark",15269,"127.0.0.1:45210",666e86a6.3ba5,1035,"SELECT",2024-06-16 14:31:02 CST,5/75,90928,LOG,00000,"execute S_1: SELECT c_discount, c_last, c_credit, w_tax     FROM bmsql_customer     JOIN bmsql_warehouse ON (w_id = c_w_id)     WHERE c_w_id = $1 AND c_d_id = $2 AND c_id = $3 FOR UPDATE","parameters: $1 = '1', $2 = '3', $3 = '78'",,,,,,,,"","client backend"
2024-06-16 14:34:14.895 CST,"raingage","benchmark",15269,"127.0.0.1:45210",666e86a6.3ba5,1036,"SELECT",2024-06-16 14:31:02 CST,5/75,90928,LOG,00000,"execute S_1: SELECT c_discount, c_last, c_credit, w_tax     FROM bmsql_customer     JOIN bmsql_warehouse ON (w_id = c_w_id)     WHERE c_w_id = $1 AND c_d_id = $2 AND c_id = $3 FOR UPDATE","parameters: $1 = '1', $2 = '3', $3 = '78'",,,,,,,,"","client backend"
2024-06-16 14:34:14.962 CST,"raingage","benchmark",15269,"127.0.0.1:45210",666e86a6.3ba5,1037,"SELECT",2024-06-16 14:31:02 CST,5/75,90928,LOG,00000,"execute S_1: SELECT c_discount, c_last, c_credit, w_tax     FROM bmsql_customer     JOIN bmsql_warehouse ON (w_id = c_w_id)     WHERE c_w_id = $1 AND c_d_id = $2 AND c_id = $3 FOR UPDATE","parameters: $1 = '1', $2 = '3', $3 = '78'",,,,,,,,"","client backend"
2024-06-16 14:34:15.028 CST,"raingage","benchmark",15269,"127.0.0.1:45210",666e86a6.3ba5,1038,"SELECT",2024-06-16 14:31:02 CST,5/75,90928,LOG,00000,"execute S_1: SELECT c_discount, c_last, c_credit, w_tax     FROM bmsql_customer     JOIN bmsql_warehouse ON (w_id = c_w_id)     WHERE c_w_id = $1 AND c_d_id = $2 AND c_id = $3 FOR UPDATE","parameters: $1 = '1', $2 = '3', $3 = '78'",,,,,,,,"","client backend"
2024-06-16 14:34:15.046 CST,"raingage","benchmark",15269,"127.0.0.1:45210",666e86a6.3ba5,1039,"SELECT",2024-06-16 14:31:02 CST,5/75,90928,LOG,00000,"execute S_6: SELECT i_price, i_name, i_data     FROM bmsql_item     WHERE i_id = $1","parameters: $1 = '20'",,,,,,,,"","client backend"
2024-06-16 14:34:15.058 CST,"raingage","benchmark",15269,"127.0.0.1:45210",666e86a6.3ba5,1040,"SELECT",2024-06-16 14:31:02 CST,5/75,90928,LOG,00000,"execute S_7: SELECT s_quantity, s_data,        s_dist_01, s_dist_02, s_dist_03, s_dist_04,        s_dist_05, s_dist_06, s_dist_07, s_dist_08,        s_dist_09, s_dist_10     FROM bmsql_stock     WHERE s_w_id = $1 AND s_i_id = $2  FOR UPDATE","parameters: $1 = '1', $2 = '20'",,,,,,,,"","client backend"
2024-06-16 14:34:15.074 CST,"raingage","benchmark",15269,"127.0.0.1:45210",666e86a6.3ba5,1041,"UPDATE",2024-06-16 14:31:02 CST,5/75,90928,LOG,00000,"execute S_8: UPDATE bmsql_stock     SET s_quantity = $1, s_ytd = s_ytd + $2,         s_order_cnt = s_order_cnt + 1,         s_remote_cnt = s_remote_cnt + $3     WHERE s_w_id = $4 AND s_i_id = $5","parameters: $1 = '14', $2 = '3', $3 = '0', $4 = '1', $5 = '20'",,,,,,,,"","client backend"
2024-06-16 14:34:15.094 CST,"raingage","benchmark",15269,"127.0.0.1:45210",666e86a6.3ba5,1042,"COMMIT",2024-06-16 14:31:02 CST,5/75,90928,LOG,00000,"execute S_3: COMMIT",,,,,,,,,"","client backend"
2024-06-16 14:34:15.111 CST,"raingage","benchmark",15269,"127.0.0.1:45210",666e86a6.3ba5,1043,"BEGIN",2024-06-16 14:31:02 CST,5/76,0,LOG,00000,"execute S_4: BEGIN",,,,,,,,,"","client backend"
2024-06-16 14:34:15.129 CST,"raingage","benchmark",15269,"127.0.0.1:45210",666e86a6.3ba5,1044,"SELECT",2024-06-16 14:31:02 CST,5/76,0,LOG,00000,"execute S_5: SELECT d_tax, d_next_o_id     FROM bmsql_district     WHERE d_w_id = $1 AND d_id = $2 ","parameters: $1 = '1', $2 = '3'",,,,,,,,"","client backend"
2024-06-16 14:34:15.161 CST,"raingage","benchmark",15268,"127.0.0.1:45208",666e86a6.3ba4,1072,"SELECT",2024-06-16 14:31:02 CST,4/78,90929,LOG,00000,"execute S_1: SELECT c_discount, c_last, c_credit, w_tax     FROM bmsql_customer     JOIN bmsql_warehouse ON (w_id = c_w_id)     WHERE c_w_id = $1 AND c_d_id = $2 AND c_id = $3 FOR UPDATE","parameters: $1 = '1', $2 = '3', $3 = '78'",,,,,,,,"","client backend"
2024-06-16 14:34:15.195 CST,"raingage","benchmark",15269,"127.0.0.1:45210",666e86a6.3ba5,1045,"SELECT",2024-06-16 14:31:02 CST,5/76,0,LOG,00000,"execute S_1: SELECT c_discount, c_last, c_credit, w_tax     FROM bmsql_customer     JOIN bmsql_warehouse ON (w_id = c_w_id)     WHERE c_w_id = $1 AND c_d_id = $2 AND c_id = $3 FOR UPDATE","parameters: $1 = '1', $2 = '3', $3 = '82'",,,,,,,,"","client backend"
2024-06-16 14:34:15.227 CST,"raingage","benchmark",15268,"127.0.0.1:45208",666e86a6.3ba4,1073,"SELECT",2024-06-16 14:31:02 CST,4/78,90929,LOG,00000,"execute S_1: SELECT c_discount, c_last, c_credit, w_tax     FROM bmsql_customer     JOIN bmsql_warehouse ON (w_id = c_w_id)     WHERE c_w_id = $1 AND c_d_id = $2 AND c_id = $3 FOR UPDATE","parameters: $1 = '1', $2 = '3', $3 = '78'",,,,,,,,"","client backend"
2024-06-16 14:34:15.289 CST,"raingage","benchmark",15268,"127.0.0.1:45208",666e86a6.3ba4,1074,"SELECT",2024-06-16 14:31:02 CST,4/78,90929,LOG,00000,"execute S_1: SELECT c_discount, c_last, c_credit, w_tax     FROM bmsql_customer     JOIN bmsql_warehouse ON (w_id = c_w_id)     WHERE c_w_id = $1 AND c_d_id = $2 AND c_id = $3 FOR UPDATE","parameters: $1 = '1', $2 = '3', $3 = '78'",,,,,,,,"","client backend"
2024-06-16 14:34:15.357 CST,"raingage","benchmark",15268,"127.0.0.1:45208",666e86a6.3ba4,1075,"SELECT",2024-06-16 14:31:02 CST,4/78,90929,LOG,00000,"execute S_1: SELECT c_discount, c_last, c_credit, w_tax     FROM bmsql_customer     JOIN bmsql_warehouse ON (w_id = c_w_id)     WHERE c_w_id = $1 AND c_d_id = $2 AND c_id = $3 FOR UPDATE","parameters: $1 = '1', $2 = '3', $3 = '78'",,,,,,,,"","client backend"
2024-06-16 14:34:15.426 CST,"raingage","benchmark",15268,"127.0.0.1:45208",666e86a6.3ba4,1076,"SELECT",2024-06-16 14:31:02 CST,4/78,90929,LOG,00000,"execute S_1: SELECT c_discount, c_last, c_credit, w_tax     FROM bmsql_customer     JOIN bmsql_warehouse ON (w_id = c_w_id)     WHERE c_w_id = $1 AND c_d_id = $2 AND c_id = $3 FOR UPDATE","parameters: $1 = '1', $2 = '3', $3 = '78'",,,,,,,,"","client backend"
2024-06-16 14:34:15.493 CST,"raingage","benchmark",15268,"127.0.0.1:45208",666e86a6.3ba4,1077,"SELECT",2024-06-16 14:31:02 CST,4/78,90929,LOG,00000,"execute S_1: SELECT c_discount, c_last, c_credit, w_tax     FROM bmsql_customer     JOIN bmsql_warehouse ON (w_id = c_w_id)     WHERE c_w_id = $1 AND c_d_id = $2 AND c_id = $3 FOR UPDATE","parameters: $1 = '1', $2 = '3', $3 = '78'",,,,,,,,"","client backend"
2024-06-16 14:34:15.563 CST,"raingage","benchmark",15268,"127.0.0.1:45208",666e86a6.3ba4,1078,"SELECT",2024-06-16 14:31:02 CST,4/78,90929,LOG,00000,"execute S_1: SELECT c_discount, c_last, c_credit, w_tax     FROM bmsql_customer     JOIN bmsql_warehouse ON (w_id = c_w_id)     WHERE c_w_id = $1 AND c_d_id = $2 AND c_id = $3 FOR UPDATE","parameters: $1 = '1', $2 = '3', $3 = '78'",,,,,,,,"","client backend"
2024-06-16 14:34:15.575 CST,"raingage","benchmark",15268,"127.0.0.1:45208",666e86a6.3ba4,1079,"SELECT",2024-06-16 14:31:02 CST,4/78,90929,LOG,00000,"execute S_5: SELECT i_price, i_name, i_data     FROM bmsql_item     WHERE i_id = $1","parameters: $1 = '20'",,,,,,,,"","client backend"
2024-06-16 14:34:15.588 CST,"raingage","benchmark",15268,"127.0.0.1:45208",666e86a6.3ba4,1080,"SELECT",2024-06-16 14:31:02 CST,4/78,90929,LOG,00000,"execute S_6: SELECT s_quantity, s_data,        s_dist_01, s_dist_02, s_dist_03, s_dist_04,        s_dist_05, s_dist_06, s_dist_07, s_dist_08,        s_dist_09, s_dist_10     FROM bmsql_stock     WHERE s_w_id = $1 AND s_i_id = $2  FOR UPDATE","parameters: $1 = '1', $2 = '20'",,,,,,,,"","client backend"
2024-06-16 14:34:15.601 CST,"raingage","benchmark",15268,"127.0.0.1:45208",666e86a6.3ba4,1081,"UPDATE",2024-06-16 14:31:02 CST,4/78,90929,LOG,00000,"execute S_7: UPDATE bmsql_stock     SET s_quantity = $1, s_ytd = s_ytd + $2,         s_order_cnt = s_order_cnt + 1,         s_remote_cnt = s_remote_cnt + $3     WHERE s_w_id = $4 AND s_i_id = $5","parameters: $1 = '11', $2 = '3', $3 = '0', $4 = '1', $5 = '20'",,,,,,,,"","client backend"
2024-06-16 14:34:15.622 CST,"raingage","benchmark",15268,"127.0.0.1:45208",666e86a6.3ba4,1082,"COMMIT",2024-06-16 14:31:02 CST,4/78,90929,LOG,00000,"execute S_2: COMMIT",,,,,,,,,"","client backend"
2024-06-16 14:34:15.642 CST,"raingage","benchmark",15268,"127.0.0.1:45208",666e86a6.3ba4,1083,"BEGIN",2024-06-16 14:31:02 CST,4/79,0,LOG,00000,"execute S_3: BEGIN",,,,,,,,,"","client backend"
2024-06-16 14:34:15.658 CST,"raingage","benchmark",15268,"127.0.0.1:45208",666e86a6.3ba4,1084,"SELECT",2024-06-16 14:31:02 CST,4/79,0,LOG,00000,"execute S_4: SELECT d_tax, d_next_o_id     FROM bmsql_district     WHERE d_w_id = $1 AND d_id = $2 ","parameters: $1 = '1', $2 = '3'",,,,,,,,"","client backend"
2024-06-16 14:34:15.687 CST,"raingage","benchmark",15269,"127.0.0.1:45210",666e86a6.3ba5,1046,"SELECT",2024-06-16 14:31:02 CST,5/76,90930,LOG,00000,"execute S_1: SELECT c_discount, c_last, c_credit, w_tax     FROM bmsql_customer     JOIN bmsql_warehouse ON (w_id = c_w_id)     WHERE c_w_id = $1 AND c_d_id = $2 AND c_id = $3 FOR UPDATE","parameters: $1 = '1', $2 = '3', $3 = '82'",,,,,,,,"","client backend"
2024-06-16 14:34:15.727 CST,"raingage","benchmark",15268,"127.0.0.1:45208",666e86a6.3ba4,1085,"SELECT",2024-06-16 14:31:02 CST,4/79,0,LOG,00000,"execute S_1: SELECT c_discount, c_last, c_credit, w_tax     FROM bmsql_customer     JOIN bmsql_warehouse ON (w_id = c_w_id)     WHERE c_w_id = $1 AND c_d_id = $2 AND c_id = $3 FOR UPDATE","parameters: $1 = '1', $2 = '3', $3 = '82'",,,,,,,,"","client backend"
2024-06-16 14:34:15.750 CST,"raingage","benchmark",15269,"127.0.0.1:45210",666e86a6.3ba5,1047,"SELECT",2024-06-16 14:31:02 CST,5/76,90930,LOG,00000,"execute S_1: SELECT c_discount, c_last, c_credit, w_tax     FROM bmsql_customer     JOIN bmsql_warehouse ON (w_id = c_w_id)     WHERE c_w_id = $1 AND c_d_id = $2 AND c_id = $3 FOR UPDATE","parameters: $1 = '1', $2 = '3', $3 = '82'",,,,,,,,"","client backend"
2024-06-16 14:34:15.815 CST,"raingage","benchmark",15269,"127.0.0.1:45210",666e86a6.3ba5,1048,"SELECT",2024-06-16 14:31:02 CST,5/76,90930,LOG,00000,"execute S_1: SELECT c_discount, c_last, c_credit, w_tax     FROM bmsql_customer     JOIN bmsql_warehouse ON (w_id = c_w_id)     WHERE c_w_id = $1 AND c_d_id = $2 AND c_id = $3 FOR UPDATE","parameters: $1 = '1', $2 = '3', $3 = '82'",,,,,,,,"","client backend"
2024-06-16 14:34:15.883 CST,"raingage","benchmark",15269,"127.0.0.1:45210",666e86a6.3ba5,1049,"SELECT",2024-06-16 14:31:02 CST,5/76,90930,LOG,00000,"execute S_1: SELECT c_discount, c_last, c_credit, w_tax     FROM bmsql_customer     JOIN bmsql_warehouse ON (w_id = c_w_id)     WHERE c_w_id = $1 AND c_d_id = $2 AND c_id = $3 FOR UPDATE","parameters: $1 = '1', $2 = '3', $3 = '82'",,,,,,,,"","client backend"
2024-06-16 14:34:15.947 CST,"raingage","benchmark",15269,"127.0.0.1:45210",666e86a6.3ba5,1050,"SELECT",2024-06-16 14:31:02 CST,5/76,90930,LOG,00000,"execute S_1: SELECT c_discount, c_last, c_credit, w_tax     FROM bmsql_customer     JOIN bmsql_warehouse ON (w_id = c_w_id)     WHERE c_w_id = $1 AND c_d_id = $2 AND c_id = $3 FOR UPDATE","parameters: $1 = '1', $2 = '3', $3 = '82'",,,,,,,,"","client backend"
2024-06-16 14:34:16.013 CST,"raingage","benchmark",15269,"127.0.0.1:45210",666e86a6.3ba5,1051,"SELECT",2024-06-16 14:31:02 CST,5/76,90930,LOG,00000,"execute S_1: SELECT c_discount, c_last, c_credit, w_tax     FROM bmsql_customer     JOIN bmsql_warehouse ON (w_id = c_w_id)     WHERE c_w_id = $1 AND c_d_id = $2 AND c_id = $3 FOR UPDATE","parameters: $1 = '1', $2 = '3', $3 = '82'",,,,,,,,"","client backend"
2024-06-16 14:34:16.081 CST,"raingage","benchmark",15269,"127.0.0.1:45210",666e86a6.3ba5,1052,"SELECT",2024-06-16 14:31:02 CST,5/76,90930,LOG,00000,"execute S_1: SELECT c_discount, c_last, c_credit, w_tax     FROM bmsql_customer     JOIN bmsql_warehouse ON (w_id = c_w_id)     WHERE c_w_id = $1 AND c_d_id = $2 AND c_id = $3 FOR UPDATE","parameters: $1 = '1', $2 = '3', $3 = '82'",,,,,,,,"","client backend"
2024-06-16 14:34:16.099 CST,"raingage","benchmark",15269,"127.0.0.1:45210",666e86a6.3ba5,1053,"SELECT",2024-06-16 14:31:02 CST,5/76,90930,LOG,00000,"execute S_6: SELECT i_price, i_name, i_data     FROM bmsql_item     WHERE i_id = $1","parameters: $1 = '62'",,,,,,,,"","client backend"
2024-06-16 14:34:16.118 CST,"raingage","benchmark",15269,"127.0.0.1:45210",666e86a6.3ba5,1054,"SELECT",2024-06-16 14:31:02 CST,5/76,90930,LOG,00000,"execute S_7: SELECT s_quantity, s_data,        s_dist_01, s_dist_02, s_dist_03, s_dist_04,        s_dist_05, s_dist_06, s_dist_07, s_dist_08,        s_dist_09, s_dist_10     FROM bmsql_stock     WHERE s_w_id = $1 AND s_i_id = $2  FOR UPDATE","parameters: $1 = '1', $2 = '62'",,,,,,,,"","client backend"
2024-06-16 14:34:16.138 CST,"raingage","benchmark",15269,"127.0.0.1:45210",666e86a6.3ba5,1055,"UPDATE",2024-06-16 14:31:02 CST,5/76,90930,LOG,00000,"execute S_8: UPDATE bmsql_stock     SET s_quantity = $1, s_ytd = s_ytd + $2,         s_order_cnt = s_order_cnt + 1,         s_remote_cnt = s_remote_cnt + $3     WHERE s_w_id = $4 AND s_i_id = $5","parameters: $1 = '48', $2 = '5', $3 = '0', $4 = '1', $5 = '62'",,,,,,,,"","client backend"
2024-06-16 14:34:16.150 CST,"raingage","benchmark",15269,"127.0.0.1:45210",666e86a6.3ba5,1056,"COMMIT",2024-06-16 14:31:02 CST,5/76,90930,LOG,00000,"execute S_3: COMMIT",,,,,,,,,"","client backend"
2024-06-16 14:34:16.164 CST,"raingage","benchmark",15269,"127.0.0.1:45210",666e86a6.3ba5,1057,"BEGIN",2024-06-16 14:31:02 CST,5/77,0,LOG,00000,"execute S_4: BEGIN",,,,,,,,,"","client backend"
2024-06-16 14:34:16.177 CST,"raingage","benchmark",15269,"127.0.0.1:45210",666e86a6.3ba5,1058,"SELECT",2024-06-16 14:31:02 CST,5/77,0,LOG,00000,"execute S_5: SELECT d_tax, d_next_o_id     FROM bmsql_district     WHERE d_w_id = $1 AND d_id = $2 ","parameters: $1 = '1', $2 = '3'",,,,,,,,"","client backend"
2024-06-16 14:34:16.215 CST,"raingage","benchmark",15268,"127.0.0.1:45208",666e86a6.3ba4,1086,"SELECT",2024-06-16 14:31:02 CST,4/79,90931,LOG,00000,"execute S_1: SELECT c_discount, c_last, c_credit, w_tax     FROM bmsql_customer     JOIN bmsql_warehouse ON (w_id = c_w_id)     WHERE c_w_id = $1 AND c_d_id = $2 AND c_id = $3 FOR UPDATE","parameters: $1 = '1', $2 = '3', $3 = '82'",,,,,,,,"","client backend"
2024-06-16 14:34:16.248 CST,"raingage","benchmark",15269,"127.0.0.1:45210",666e86a6.3ba5,1059,"SELECT",2024-06-16 14:31:02 CST,5/77,0,LOG,00000,"execute S_1: SELECT c_discount, c_last, c_credit, w_tax     FROM bmsql_customer     JOIN bmsql_warehouse ON (w_id = c_w_id)     WHERE c_w_id = $1 AND c_d_id = $2 AND c_id = $3 FOR UPDATE","parameters: $1 = '1', $2 = '3', $3 = '44'",,,,,,,,"","client backend"
2024-06-16 14:34:16.284 CST,"raingage","benchmark",15268,"127.0.0.1:45208",666e86a6.3ba4,1087,"SELECT",2024-06-16 14:31:02 CST,4/79,90931,LOG,00000,"execute S_1: SELECT c_discount, c_last, c_credit, w_tax     FROM bmsql_customer     JOIN bmsql_warehouse ON (w_id = c_w_id)     WHERE c_w_id = $1 AND c_d_id = $2 AND c_id = $3 FOR UPDATE","parameters: $1 = '1', $2 = '3', $3 = '82'",,,,,,,,"","client backend"
2024-06-16 14:34:16.349 CST,"raingage","benchmark",15268,"127.0.0.1:45208",666e86a6.3ba4,1088,"SELECT",2024-06-16 14:31:02 CST,4/79,90931,LOG,00000,"execute S_1: SELECT c_discount, c_last, c_credit, w_tax     FROM bmsql_customer     JOIN bmsql_warehouse ON (w_id = c_w_id)     WHERE c_w_id = $1 AND c_d_id = $2 AND c_id = $3 FOR UPDATE","parameters: $1 = '1', $2 = '3', $3 = '82'",,,,,,,,"","client backend"
2024-06-16 14:34:16.415 CST,"raingage","benchmark",15268,"127.0.0.1:45208",666e86a6.3ba4,1089,"SELECT",2024-06-16 14:31:02 CST,4/79,90931,LOG,00000,"execute S_1: SELECT c_discount, c_last, c_credit, w_tax     FROM bmsql_customer     JOIN bmsql_warehouse ON (w_id = c_w_id)     WHERE c_w_id = $1 AND c_d_id = $2 AND c_id = $3 FOR UPDATE","parameters: $1 = '1', $2 = '3', $3 = '82'",,,,,,,,"","client backend"
2024-06-16 14:34:16.481 CST,"raingage","benchmark",15268,"127.0.0.1:45208",666e86a6.3ba4,1090,"SELECT",2024-06-16 14:31:02 CST,4/79,90931,LOG,00000,"execute S_1: SELECT c_discount, c_last, c_credit, w_tax     FROM bmsql_customer     JOIN bmsql_warehouse ON (w_id = c_w_id)     WHERE c_w_id = $1 AND c_d_id = $2 AND c_id = $3 FOR UPDATE","parameters: $1 = '1', $2 = '3', $3 = '82'",,,,,,,,"","client backend"
2024-06-16 14:34:16.549 CST,"raingage","benchmark",15268,"127.0.0.1:45208",666e86a6.3ba4,1091,"SELECT",2024-06-16 14:31:02 CST,4/79,90931,LOG,00000,"execute S_1: SELECT c_discount, c_last, c_credit, w_tax     FROM bmsql_customer     JOIN bmsql_warehouse ON (w_id = c_w_id)     WHERE c_w_id = $1 AND c_d_id = $2 AND c_id = $3 FOR UPDATE","parameters: $1 = '1', $2 = '3', $3 = '82'",,,,,,,,"","client backend"
2024-06-16 14:34:16.618 CST,"raingage","benchmark",15268,"127.0.0.1:45208",666e86a6.3ba4,1092,"SELECT",2024-06-16 14:31:02 CST,4/79,90931,LOG,00000,"execute S_1: SELECT c_discount, c_last, c_credit, w_tax     FROM bmsql_customer     JOIN bmsql_warehouse ON (w_id = c_w_id)     WHERE c_w_id = $1 AND c_d_id = $2 AND c_id = $3 FOR UPDATE","parameters: $1 = '1', $2 = '3', $3 = '82'",,,,,,,,"","client backend"
2024-06-16 14:34:16.638 CST,"raingage","benchmark",15268,"127.0.0.1:45208",666e86a6.3ba4,1093,"SELECT",2024-06-16 14:31:02 CST,4/79,90931,LOG,00000,"execute S_5: SELECT i_price, i_name, i_data     FROM bmsql_item     WHERE i_id = $1","parameters: $1 = '62'",,,,,,,,"","client backend"
2024-06-16 14:34:16.653 CST,"raingage","benchmark",15268,"127.0.0.1:45208",666e86a6.3ba4,1094,"SELECT",2024-06-16 14:31:02 CST,4/79,90931,LOG,00000,"execute S_6: SELECT s_quantity, s_data,        s_dist_01, s_dist_02, s_dist_03, s_dist_04,        s_dist_05, s_dist_06, s_dist_07, s_dist_08,        s_dist_09, s_dist_10     FROM bmsql_stock     WHERE s_w_id = $1 AND s_i_id = $2  FOR UPDATE","parameters: $1 = '1', $2 = '62'",,,,,,,,"","client backend"
2024-06-16 14:34:16.671 CST,"raingage","benchmark",15268,"127.0.0.1:45208",666e86a6.3ba4,1095,"UPDATE",2024-06-16 14:31:02 CST,4/79,90931,LOG,00000,"execute S_7: UPDATE bmsql_stock     SET s_quantity = $1, s_ytd = s_ytd + $2,         s_order_cnt = s_order_cnt + 1,         s_remote_cnt = s_remote_cnt + $3     WHERE s_w_id = $4 AND s_i_id = $5","parameters: $1 = '43', $2 = '5', $3 = '0', $4 = '1', $5 = '62'",,,,,,,,"","client backend"
2024-06-16 14:34:16.683 CST,"raingage","benchmark",15268,"127.0.0.1:45208",666e86a6.3ba4,1096,"COMMIT",2024-06-16 14:31:02 CST,4/79,90931,LOG,00000,"execute S_2: COMMIT",,,,,,,,,"","client backend"
2024-06-16 14:34:16.699 CST,"raingage","benchmark",15268,"127.0.0.1:45208",666e86a6.3ba4,1097,"BEGIN",2024-06-16 14:31:02 CST,4/80,0,LOG,00000,"execute S_3: BEGIN",,,,,,,,,"","client backend"
2024-06-16 14:34:16.712 CST,"raingage","benchmark",15268,"127.0.0.1:45208",666e86a6.3ba4,1098,"SELECT",2024-06-16 14:31:02 CST,4/80,0,LOG,00000,"execute S_4: SELECT d_tax, d_next_o_id     FROM bmsql_district     WHERE d_w_id = $1 AND d_id = $2 ","parameters: $1 = '1', $2 = '3'",,,,,,,,"","client backend"
2024-06-16 14:34:16.751 CST,"raingage","benchmark",15269,"127.0.0.1:45210",666e86a6.3ba5,1060,"SELECT",2024-06-16 14:31:02 CST,5/77,90932,LOG,00000,"execute S_1: SELECT c_discount, c_last, c_credit, w_tax     FROM bmsql_customer     JOIN bmsql_warehouse ON (w_id = c_w_id)     WHERE c_w_id = $1 AND c_d_id = $2 AND c_id = $3 FOR UPDATE","parameters: $1 = '1', $2 = '3', $3 = '44'",,,,,,,,"","client backend"
2024-06-16 14:34:16.779 CST,"raingage","benchmark",15268,"127.0.0.1:45208",666e86a6.3ba4,1099,"SELECT",2024-06-16 14:31:02 CST,4/80,0,LOG,00000,"execute S_1: SELECT c_discount, c_last, c_credit, w_tax     FROM bmsql_customer     JOIN bmsql_warehouse ON (w_id = c_w_id)     WHERE c_w_id = $1 AND c_d_id = $2 AND c_id = $3 FOR UPDATE","parameters: $1 = '1', $2 = '3', $3 = '44'",,,,,,,,"","client backend"
2024-06-16 14:34:16.823 CST,"raingage","benchmark",15269,"127.0.0.1:45210",666e86a6.3ba5,1061,"SELECT",2024-06-16 14:31:02 CST,5/77,90932,LOG,00000,"execute S_1: SELECT c_discount, c_last, c_credit, w_tax     FROM bmsql_customer     JOIN bmsql_warehouse ON (w_id = c_w_id)     WHERE c_w_id = $1 AND c_d_id = $2 AND c_id = $3 FOR UPDATE","parameters: $1 = '1', $2 = '3', $3 = '44'",,,,,,,,"","client backend"
2024-06-16 14:34:16.891 CST,"raingage","benchmark",15269,"127.0.0.1:45210",666e86a6.3ba5,1062,"SELECT",2024-06-16 14:31:02 CST,5/77,90932,LOG,00000,"execute S_1: SELECT c_discount, c_last, c_credit, w_tax     FROM bmsql_customer     JOIN bmsql_warehouse ON (w_id = c_w_id)     WHERE c_w_id = $1 AND c_d_id = $2 AND c_id = $3 FOR UPDATE","parameters: $1 = '1', $2 = '3', $3 = '44'",,,,,,,,"","client backend"
2024-06-16 14:34:16.959 CST,"raingage","benchmark",15269,"127.0.0.1:45210",666e86a6.3ba5,1063,"SELECT",2024-06-16 14:31:02 CST,5/77,90932,LOG,00000,"execute S_1: SELECT c_discount, c_last, c_credit, w_tax     FROM bmsql_customer     JOIN bmsql_warehouse ON (w_id = c_w_id)     WHERE c_w_id = $1 AND c_d_id = $2 AND c_id = $3 FOR UPDATE","parameters: $1 = '1', $2 = '3', $3 = '44'",,,,,,,,"","client backend"
2024-06-16 14:34:17.022 CST,"raingage","benchmark",15269,"127.0.0.1:45210",666e86a6.3ba5,1064,"SELECT",2024-06-16 14:31:02 CST,5/77,90932,LOG,00000,"execute S_1: SELECT c_discount, c_last, c_credit, w_tax     FROM bmsql_customer     JOIN bmsql_warehouse ON (w_id = c_w_id)     WHERE c_w_id = $1 AND c_d_id = $2 AND c_id = $3 FOR UPDATE","parameters: $1 = '1', $2 = '3', $3 = '44'",,,,,,,,"","client backend"
2024-06-16 14:34:17.088 CST,"raingage","benchmark",15269,"127.0.0.1:45210",666e86a6.3ba5,1065,"SELECT",2024-06-16 14:31:02 CST,5/77,90932,LOG,00000,"execute S_1: SELECT c_discount, c_last, c_credit, w_tax     FROM bmsql_customer     JOIN bmsql_warehouse ON (w_id = c_w_id)     WHERE c_w_id = $1 AND c_d_id = $2 AND c_id = $3 FOR UPDATE","parameters: $1 = '1', $2 = '3', $3 = '44'",,,,,,,,"","client backend"
2024-06-16 14:34:17.158 CST,"raingage","benchmark",15269,"127.0.0.1:45210",666e86a6.3ba5,1066,"SELECT",2024-06-16 14:31:02 CST,5/77,90932,LOG,00000,"execute S_1: SELECT c_discount, c_last, c_credit, w_tax     FROM bmsql_customer     JOIN bmsql_warehouse ON (w_id = c_w_id)     WHERE c_w_id = $1 AND c_d_id = $2 AND c_id = $3 FOR UPDATE","parameters: $1 = '1', $2 = '3', $3 = '44'",,,,,,,,"","client backend"
2024-06-16 14:34:17.174 CST,"raingage","benchmark",15269,"127.0.0.1:45210",666e86a6.3ba5,1067,"SELECT",2024-06-16 14:31:02 CST,5/77,90932,LOG,00000,"execute S_6: SELECT i_price, i_name, i_data     FROM bmsql_item     WHERE i_id = $1","parameters: $1 = '76'",,,,,,,,"","client backend"
2024-06-16 14:34:17.185 CST,"raingage","benchmark",15269,"127.0.0.1:45210",666e86a6.3ba5,1068,"SELECT",2024-06-16 14:31:02 CST,5/77,90932,LOG,00000,"execute S_7: SELECT s_quantity, s_data,        s_dist_01, s_dist_02, s_dist_03, s_dist_04,        s_dist_05, s_dist_06, s_dist_07, s_dist_08,        s_dist_09, s_dist_10     FROM bmsql_stock     WHERE s_w_id = $1 AND s_i_id = $2  FOR UPDATE","parameters: $1 = '1', $2 = '76'",,,,,,,,"","client backend"
2024-06-16 14:34:17.201 CST,"raingage","benchmark",15269,"127.0.0.1:45210",666e86a6.3ba5,1069,"UPDATE",2024-06-16 14:31:02 CST,5/77,90932,LOG,00000,"execute S_8: UPDATE bmsql_stock     SET s_quantity = $1, s_ytd = s_ytd + $2,         s_order_cnt = s_order_cnt + 1,         s_remote_cnt = s_remote_cnt + $3     WHERE s_w_id = $4 AND s_i_id = $5","parameters: $1 = '66', $2 = '3', $3 = '0', $4 = '1', $5 = '76'",,,,,,,,"","client backend"
2024-06-16 14:34:17.214 CST,"raingage","benchmark",15269,"127.0.0.1:45210",666e86a6.3ba5,1070,"COMMIT",2024-06-16 14:31:02 CST,5/77,90932,LOG,00000,"execute S_3: COMMIT",,,,,,,,,"","client backend"
2024-06-16 14:34:17.227 CST,"raingage","benchmark",15269,"127.0.0.1:45210",666e86a6.3ba5,1071,"BEGIN",2024-06-16 14:31:02 CST,5/78,0,LOG,00000,"execute S_4: BEGIN",,,,,,,,,"","client backend"
2024-06-16 14:34:17.238 CST,"raingage","benchmark",15269,"127.0.0.1:45210",666e86a6.3ba5,1072,"SELECT",2024-06-16 14:31:02 CST,5/78,0,LOG,00000,"execute S_5: SELECT d_tax, d_next_o_id     FROM bmsql_district     WHERE d_w_id = $1 AND d_id = $2 ","parameters: $1 = '1', $2 = '3'",,,,,,,,"","client backend"
2024-06-16 14:34:17.284 CST,"raingage","benchmark",15268,"127.0.0.1:45208",666e86a6.3ba4,1100,"SELECT",2024-06-16 14:31:02 CST,4/80,90933,LOG,00000,"execute S_1: SELECT c_discount, c_last, c_credit, w_tax     FROM bmsql_customer     JOIN bmsql_warehouse ON (w_id = c_w_id)     WHERE c_w_id = $1 AND c_d_id = $2 AND c_id = $3 FOR UPDATE","parameters: $1 = '1', $2 = '3', $3 = '44'",,,,,,,,"","client backend"
2024-06-16 14:34:17.309 CST,"raingage","benchmark",15269,"127.0.0.1:45210",666e86a6.3ba5,1073,"SELECT",2024-06-16 14:31:02 CST,5/78,0,LOG,00000,"execute S_1: SELECT c_discount, c_last, c_credit, w_tax     FROM bmsql_customer     JOIN bmsql_warehouse ON (w_id = c_w_id)     WHERE c_w_id = $1 AND c_d_id = $2 AND c_id = $3 FOR UPDATE","parameters: $1 = '1', $2 = '3', $3 = '31'",,,,,,,,"","client backend"
2024-06-16 14:34:17.347 CST,"raingage","benchmark",15268,"127.0.0.1:45208",666e86a6.3ba4,1101,"SELECT",2024-06-16 14:31:02 CST,4/80,90933,LOG,00000,"execute S_1: SELECT c_discount, c_last, c_credit, w_tax     FROM bmsql_customer     JOIN bmsql_warehouse ON (w_id = c_w_id)     WHERE c_w_id = $1 AND c_d_id = $2 AND c_id = $3 FOR UPDATE","parameters: $1 = '1', $2 = '3', $3 = '44'",,,,,,,,"","client backend"
2024-06-16 14:34:17.415 CST,"raingage","benchmark",15268,"127.0.0.1:45208",666e86a6.3ba4,1102,"SELECT",2024-06-16 14:31:02 CST,4/80,90933,LOG,00000,"execute S_1: SELECT c_discount, c_last, c_credit, w_tax     FROM bmsql_customer     JOIN bmsql_warehouse ON (w_id = c_w_id)     WHERE c_w_id = $1 AND c_d_id = $2 AND c_id = $3 FOR UPDATE","parameters: $1 = '1', $2 = '3', $3 = '44'",,,,,,,,"","client backend"
2024-06-16 14:34:17.480 CST,"raingage","benchmark",15268,"127.0.0.1:45208",666e86a6.3ba4,1103,"SELECT",2024-06-16 14:31:02 CST,4/80,90933,LOG,00000,"execute S_1: SELECT c_discount, c_last, c_credit, w_tax     FROM bmsql_customer     JOIN bmsql_warehouse ON (w_id = c_w_id)     WHERE c_w_id = $1 AND c_d_id = $2 AND c_id = $3 FOR UPDATE","parameters: $1 = '1', $2 = '3', $3 = '44'",,,,,,,,"","client backend"
2024-06-16 14:34:17.545 CST,"raingage","benchmark",15268,"127.0.0.1:45208",666e86a6.3ba4,1104,"SELECT",2024-06-16 14:31:02 CST,4/80,90933,LOG,00000,"execute S_1: SELECT c_discount, c_last, c_credit, w_tax     FROM bmsql_customer     JOIN bmsql_warehouse ON (w_id = c_w_id)     WHERE c_w_id = $1 AND c_d_id = $2 AND c_id = $3 FOR UPDATE","parameters: $1 = '1', $2 = '3', $3 = '44'",,,,,,,,"","client backend"
2024-06-16 14:34:17.615 CST,"raingage","benchmark",15268,"127.0.0.1:45208",666e86a6.3ba4,1105,"SELECT",2024-06-16 14:31:02 CST,4/80,90933,LOG,00000,"execute S_1: SELECT c_discount, c_last, c_credit, w_tax     FROM bmsql_customer     JOIN bmsql_warehouse ON (w_id = c_w_id)     WHERE c_w_id = $1 AND c_d_id = $2 AND c_id = $3 FOR UPDATE","parameters: $1 = '1', $2 = '3', $3 = '44'",,,,,,,,"","client backend"
2024-06-16 14:34:17.686 CST,"raingage","benchmark",15268,"127.0.0.1:45208",666e86a6.3ba4,1106,"SELECT",2024-06-16 14:31:02 CST,4/80,90933,LOG,00000,"execute S_1: SELECT c_discount, c_last, c_credit, w_tax     FROM bmsql_customer     JOIN bmsql_warehouse ON (w_id = c_w_id)     WHERE c_w_id = $1 AND c_d_id = $2 AND c_id = $3 FOR UPDATE","parameters: $1 = '1', $2 = '3', $3 = '44'",,,,,,,,"","client backend"
2024-06-16 14:34:17.700 CST,"raingage","benchmark",15268,"127.0.0.1:45208",666e86a6.3ba4,1107,"SELECT",2024-06-16 14:31:02 CST,4/80,90933,LOG,00000,"execute S_5: SELECT i_price, i_name, i_data     FROM bmsql_item     WHERE i_id = $1","parameters: $1 = '76'",,,,,,,,"","client backend"
2024-06-16 14:34:17.714 CST,"raingage","benchmark",15268,"127.0.0.1:45208",666e86a6.3ba4,1108,"SELECT",2024-06-16 14:31:02 CST,4/80,90933,LOG,00000,"execute S_6: SELECT s_quantity, s_data,        s_dist_01, s_dist_02, s_dist_03, s_dist_04,        s_dist_05, s_dist_06, s_dist_07, s_dist_08,        s_dist_09, s_dist_10     FROM bmsql_stock     WHERE s_w_id = $1 AND s_i_id = $2  FOR UPDATE","parameters: $1 = '1', $2 = '76'",,,,,,,,"","client backend"
2024-06-16 14:34:17.734 CST,"raingage","benchmark",15268,"127.0.0.1:45208",666e86a6.3ba4,1109,"UPDATE",2024-06-16 14:31:02 CST,4/80,90933,LOG,00000,"execute S_7: UPDATE bmsql_stock     SET s_quantity = $1, s_ytd = s_ytd + $2,         s_order_cnt = s_order_cnt + 1,         s_remote_cnt = s_remote_cnt + $3     WHERE s_w_id = $4 AND s_i_id = $5","parameters: $1 = '63', $2 = '3', $3 = '0', $4 = '1', $5 = '76'",,,,,,,,"","client backend"
2024-06-16 14:34:17.750 CST,"raingage","benchmark",15268,"127.0.0.1:45208",666e86a6.3ba4,1110,"COMMIT",2024-06-16 14:31:02 CST,4/80,90933,LOG,00000,"execute S_2: COMMIT",,,,,,,,,"","client backend"
2024-06-16 14:34:17.818 CST,"raingage","benchmark",15269,"127.0.0.1:45210",666e86a6.3ba5,1074,"SELECT",2024-06-16 14:31:02 CST,5/78,90934,LOG,00000,"execute S_1: SELECT c_discount, c_last, c_credit, w_tax     FROM bmsql_customer     JOIN bmsql_warehouse ON (w_id = c_w_id)     WHERE c_w_id = $1 AND c_d_id = $2 AND c_id = $3 FOR UPDATE","parameters: $1 = '1', $2 = '3', $3 = '31'",,,,,,,,"","client backend"
2024-06-16 14:34:17.887 CST,"raingage","benchmark",15269,"127.0.0.1:45210",666e86a6.3ba5,1075,"SELECT",2024-06-16 14:31:02 CST,5/78,90934,LOG,00000,"execute S_1: SELECT c_discount, c_last, c_credit, w_tax     FROM bmsql_customer     JOIN bmsql_warehouse ON (w_id = c_w_id)     WHERE c_w_id = $1 AND c_d_id = $2 AND c_id = $3 FOR UPDATE","parameters: $1 = '1', $2 = '3', $3 = '31'",,,,,,,,"","client backend"
2024-06-16 14:34:17.952 CST,"raingage","benchmark",15269,"127.0.0.1:45210",666e86a6.3ba5,1076,"SELECT",2024-06-16 14:31:02 CST,5/78,90934,LOG,00000,"execute S_1: SELECT c_discount, c_last, c_credit, w_tax     FROM bmsql_customer     JOIN bmsql_warehouse ON (w_id = c_w_id)     WHERE c_w_id = $1 AND c_d_id = $2 AND c_id = $3 FOR UPDATE","parameters: $1 = '1', $2 = '3', $3 = '31'",,,,,,,,"","client backend"
2024-06-16 14:34:18.020 CST,"raingage","benchmark",15269,"127.0.0.1:45210",666e86a6.3ba5,1077,"SELECT",2024-06-16 14:31:02 CST,5/78,90934,LOG,00000,"execute S_1: SELECT c_discount, c_last, c_credit, w_tax     FROM bmsql_customer     JOIN bmsql_warehouse ON (w_id = c_w_id)     WHERE c_w_id = $1 AND c_d_id = $2 AND c_id = $3 FOR UPDATE","parameters: $1 = '1', $2 = '3', $3 = '31'",,,,,,,,"","client backend"
2024-06-16 14:34:18.089 CST,"raingage","benchmark",15269,"127.0.0.1:45210",666e86a6.3ba5,1078,"SELECT",2024-06-16 14:31:02 CST,5/78,90934,LOG,00000,"execute S_1: SELECT c_discount, c_last, c_credit, w_tax     FROM bmsql_customer     JOIN bmsql_warehouse ON (w_id = c_w_id)     WHERE c_w_id = $1 AND c_d_id = $2 AND c_id = $3 FOR UPDATE","parameters: $1 = '1', $2 = '3', $3 = '31'",,,,,,,,"","client backend"
2024-06-16 14:34:18.158 CST,"raingage","benchmark",15269,"127.0.0.1:45210",666e86a6.3ba5,1079,"SELECT",2024-06-16 14:31:02 CST,5/78,90934,LOG,00000,"execute S_1: SELECT c_discount, c_last, c_credit, w_tax     FROM bmsql_customer     JOIN bmsql_warehouse ON (w_id = c_w_id)     WHERE c_w_id = $1 AND c_d_id = $2 AND c_id = $3 FOR UPDATE","parameters: $1 = '1', $2 = '3', $3 = '31'",,,,,,,,"","client backend"
2024-06-16 14:34:18.223 CST,"raingage","benchmark",15269,"127.0.0.1:45210",666e86a6.3ba5,1080,"SELECT",2024-06-16 14:31:02 CST,5/78,90934,LOG,00000,"execute S_1: SELECT c_discount, c_last, c_credit, w_tax     FROM bmsql_customer     JOIN bmsql_warehouse ON (w_id = c_w_id)     WHERE c_w_id = $1 AND c_d_id = $2 AND c_id = $3 FOR UPDATE","parameters: $1 = '1', $2 = '3', $3 = '31'",,,,,,,,"","client backend"
2024-06-16 14:34:18.235 CST,"raingage","benchmark",15269,"127.0.0.1:45210",666e86a6.3ba5,1081,"SELECT",2024-06-16 14:31:02 CST,5/78,90934,LOG,00000,"execute S_6: SELECT i_price, i_name, i_data     FROM bmsql_item     WHERE i_id = $1","parameters: $1 = '68'",,,,,,,,"","client backend"
2024-06-16 14:34:18.249 CST,"raingage","benchmark",15269,"127.0.0.1:45210",666e86a6.3ba5,1082,"SELECT",2024-06-16 14:31:02 CST,5/78,90934,LOG,00000,"execute S_7: SELECT s_quantity, s_data,        s_dist_01, s_dist_02, s_dist_03, s_dist_04,        s_dist_05, s_dist_06, s_dist_07, s_dist_08,        s_dist_09, s_dist_10     FROM bmsql_stock     WHERE s_w_id = $1 AND s_i_id = $2  FOR UPDATE","parameters: $1 = '1', $2 = '68'",,,,,,,,"","client backend"
2024-06-16 14:34:18.262 CST,"raingage","benchmark",15269,"127.0.0.1:45210",666e86a6.3ba5,1083,"UPDATE",2024-06-16 14:31:02 CST,5/78,90934,LOG,00000,"execute S_8: UPDATE bmsql_stock     SET s_quantity = $1, s_ytd = s_ytd + $2,         s_order_cnt = s_order_cnt + 1,         s_remote_cnt = s_remote_cnt + $3     WHERE s_w_id = $4 AND s_i_id = $5","parameters: $1 = '55', $2 = '1', $3 = '0', $4 = '1', $5 = '68'",,,,,,,,"","client backend"
2024-06-16 14:34:18.282 CST,"raingage","benchmark",15269,"127.0.0.1:45210",666e86a6.3ba5,1084,"COMMIT",2024-06-16 14:31:02 CST,5/78,90934,LOG,00000,"execute S_3: COMMIT",,,,,,,,,"","client backend"
2024-06-16 14:34:18.306 CST,"raingage","benchmark",15269,"127.0.0.1:45210",666e86a6.3ba5,1085,"BEGIN",2024-06-16 14:31:02 CST,5/79,0,LOG,00000,"execute S_4: BEGIN",,,,,,,,,"","client backend"
2024-06-16 14:34:18.310 CST,"raingage","benchmark",15269,"127.0.0.1:45210",666e86a6.3ba5,1086,"SELECT",2024-06-16 14:31:02 CST,5/79,0,LOG,00000,"execute S_5: SELECT d_tax, d_next_o_id     FROM bmsql_district     WHERE d_w_id = $1 AND d_id = $2 ","parameters: $1 = '1', $2 = '4'",,,,,,,,"","client backend"
2024-06-16 14:34:18.382 CST,"raingage","benchmark",15269,"127.0.0.1:45210",666e86a6.3ba5,1087,"SELECT",2024-06-16 14:31:02 CST,5/79,0,LOG,00000,"execute S_1: SELECT c_discount, c_last, c_credit, w_tax     FROM bmsql_customer     JOIN bmsql_warehouse ON (w_id = c_w_id)     WHERE c_w_id = $1 AND c_d_id = $2 AND c_id = $3 FOR UPDATE","parameters: $1 = '1', $2 = '4', $3 = '14'",,,,,,,,"","client backend"
2024-06-16 14:34:18.446 CST,"raingage","benchmark",15269,"127.0.0.1:45210",666e86a6.3ba5,1088,"SELECT",2024-06-16 14:31:02 CST,5/79,90935,LOG,00000,"execute S_1: SELECT c_discount, c_last, c_credit, w_tax     FROM bmsql_customer     JOIN bmsql_warehouse ON (w_id = c_w_id)     WHERE c_w_id = $1 AND c_d_id = $2 AND c_id = $3 FOR UPDATE","parameters: $1 = '1', $2 = '4', $3 = '14'",,,,,,,,"","client backend"
2024-06-16 14:34:18.511 CST,"raingage","benchmark",15269,"127.0.0.1:45210",666e86a6.3ba5,1089,"SELECT",2024-06-16 14:31:02 CST,5/79,90935,LOG,00000,"execute S_1: SELECT c_discount, c_last, c_credit, w_tax     FROM bmsql_customer     JOIN bmsql_warehouse ON (w_id = c_w_id)     WHERE c_w_id = $1 AND c_d_id = $2 AND c_id = $3 FOR UPDATE","parameters: $1 = '1', $2 = '4', $3 = '14'",,,,,,,,"","client backend"
2024-06-16 14:34:18.574 CST,"raingage","benchmark",15269,"127.0.0.1:45210",666e86a6.3ba5,1090,"SELECT",2024-06-16 14:31:02 CST,5/79,90935,LOG,00000,"execute S_1: SELECT c_discount, c_last, c_credit, w_tax     FROM bmsql_customer     JOIN bmsql_warehouse ON (w_id = c_w_id)     WHERE c_w_id = $1 AND c_d_id = $2 AND c_id = $3 FOR UPDATE","parameters: $1 = '1', $2 = '4', $3 = '14'",,,,,,,,"","client backend"
2024-06-16 14:34:18.645 CST,"raingage","benchmark",15269,"127.0.0.1:45210",666e86a6.3ba5,1091,"SELECT",2024-06-16 14:31:02 CST,5/79,90935,LOG,00000,"execute S_1: SELECT c_discount, c_last, c_credit, w_tax     FROM bmsql_customer     JOIN bmsql_warehouse ON (w_id = c_w_id)     WHERE c_w_id = $1 AND c_d_id = $2 AND c_id = $3 FOR UPDATE","parameters: $1 = '1', $2 = '4', $3 = '14'",,,,,,,,"","client backend"
2024-06-16 14:34:18.709 CST,"raingage","benchmark",15269,"127.0.0.1:45210",666e86a6.3ba5,1092,"SELECT",2024-06-16 14:31:02 CST,5/79,90935,LOG,00000,"execute S_1: SELECT c_discount, c_last, c_credit, w_tax     FROM bmsql_customer     JOIN bmsql_warehouse ON (w_id = c_w_id)     WHERE c_w_id = $1 AND c_d_id = $2 AND c_id = $3 FOR UPDATE","parameters: $1 = '1', $2 = '4', $3 = '14'",,,,,,,,"","client backend"
2024-06-16 14:34:18.777 CST,"raingage","benchmark",15269,"127.0.0.1:45210",666e86a6.3ba5,1093,"SELECT",2024-06-16 14:31:02 CST,5/79,90935,LOG,00000,"execute S_1: SELECT c_discount, c_last, c_credit, w_tax     FROM bmsql_customer     JOIN bmsql_warehouse ON (w_id = c_w_id)     WHERE c_w_id = $1 AND c_d_id = $2 AND c_id = $3 FOR UPDATE","parameters: $1 = '1', $2 = '4', $3 = '14'",,,,,,,,"","client backend"
2024-06-16 14:34:18.844 CST,"raingage","benchmark",15269,"127.0.0.1:45210",666e86a6.3ba5,1094,"SELECT",2024-06-16 14:31:02 CST,5/79,90935,LOG,00000,"execute S_1: SELECT c_discount, c_last, c_credit, w_tax     FROM bmsql_customer     JOIN bmsql_warehouse ON (w_id = c_w_id)     WHERE c_w_id = $1 AND c_d_id = $2 AND c_id = $3 FOR UPDATE","parameters: $1 = '1', $2 = '4', $3 = '14'",,,,,,,,"","client backend"
2024-06-16 14:34:18.862 CST,"raingage","benchmark",15269,"127.0.0.1:45210",666e86a6.3ba5,1095,"SELECT",2024-06-16 14:31:02 CST,5/79,90935,LOG,00000,"execute S_6: SELECT i_price, i_name, i_data     FROM bmsql_item     WHERE i_id = $1","parameters: $1 = '80'",,,,,,,,"","client backend"
2024-06-16 14:34:18.876 CST,"raingage","benchmark",15269,"127.0.0.1:45210",666e86a6.3ba5,1096,"SELECT",2024-06-16 14:31:02 CST,5/79,90935,LOG,00000,"execute S_7: SELECT s_quantity, s_data,        s_dist_01, s_dist_02, s_dist_03, s_dist_04,        s_dist_05, s_dist_06, s_dist_07, s_dist_08,        s_dist_09, s_dist_10     FROM bmsql_stock     WHERE s_w_id = $1 AND s_i_id = $2  FOR UPDATE","parameters: $1 = '1', $2 = '80'",,,,,,,,"","client backend"
2024-06-16 14:34:18.894 CST,"raingage","benchmark",15269,"127.0.0.1:45210",666e86a6.3ba5,1097,"UPDATE",2024-06-16 14:31:02 CST,5/79,90935,LOG,00000,"execute S_8: UPDATE bmsql_stock     SET s_quantity = $1, s_ytd = s_ytd + $2,         s_order_cnt = s_order_cnt + 1,         s_remote_cnt = s_remote_cnt + $3     WHERE s_w_id = $4 AND s_i_id = $5","parameters: $1 = '89', $2 = '2', $3 = '0', $4 = '1', $5 = '80'",,,,,,,,"","client backend"
2024-06-16 14:34:18.914 CST,"raingage","benchmark",15269,"127.0.0.1:45210",666e86a6.3ba5,1098,"COMMIT",2024-06-16 14:31:02 CST,5/79,90935,LOG,00000,"execute S_3: COMMIT",,,,,,,,,"","client backend"
2024-06-16 14:34:18.930 CST,"raingage","benchmark",15269,"127.0.0.1:45210",666e86a6.3ba5,1099,"BEGIN",2024-06-16 14:31:02 CST,5/80,0,LOG,00000,"execute S_4: BEGIN",,,,,,,,,"","client backend"
2024-06-16 14:34:18.943 CST,"raingage","benchmark",15269,"127.0.0.1:45210",666e86a6.3ba5,1100,"SELECT",2024-06-16 14:31:02 CST,5/80,0,LOG,00000,"execute S_5: SELECT d_tax, d_next_o_id     FROM bmsql_district     WHERE d_w_id = $1 AND d_id = $2 ","parameters: $1 = '1', $2 = '1'",,,,,,,,"","client backend"
2024-06-16 14:34:19.006 CST,"raingage","benchmark",15269,"127.0.0.1:45210",666e86a6.3ba5,1101,"SELECT",2024-06-16 14:31:02 CST,5/80,0,LOG,00000,"execute S_1: SELECT c_discount, c_last, c_credit, w_tax     FROM bmsql_customer     JOIN bmsql_warehouse ON (w_id = c_w_id)     WHERE c_w_id = $1 AND c_d_id = $2 AND c_id = $3 FOR UPDATE","parameters: $1 = '1', $2 = '1', $3 = '70'",,,,,,,,"","client backend"
2024-06-16 14:34:19.074 CST,"raingage","benchmark",15269,"127.0.0.1:45210",666e86a6.3ba5,1102,"SELECT",2024-06-16 14:31:02 CST,5/80,90936,LOG,00000,"execute S_1: SELECT c_discount, c_last, c_credit, w_tax     FROM bmsql_customer     JOIN bmsql_warehouse ON (w_id = c_w_id)     WHERE c_w_id = $1 AND c_d_id = $2 AND c_id = $3 FOR UPDATE","parameters: $1 = '1', $2 = '1', $3 = '70'",,,,,,,,"","client backend"
2024-06-16 14:34:19.139 CST,"raingage","benchmark",15269,"127.0.0.1:45210",666e86a6.3ba5,1103,"SELECT",2024-06-16 14:31:02 CST,5/80,90936,LOG,00000,"execute S_1: SELECT c_discount, c_last, c_credit, w_tax     FROM bmsql_customer     JOIN bmsql_warehouse ON (w_id = c_w_id)     WHERE c_w_id = $1 AND c_d_id = $2 AND c_id = $3 FOR UPDATE","parameters: $1 = '1', $2 = '1', $3 = '70'",,,,,,,,"","client backend"
2024-06-16 14:34:19.202 CST,"raingage","benchmark",15269,"127.0.0.1:45210",666e86a6.3ba5,1104,"SELECT",2024-06-16 14:31:02 CST,5/80,90936,LOG,00000,"execute S_1: SELECT c_discount, c_last, c_credit, w_tax     FROM bmsql_customer     JOIN bmsql_warehouse ON (w_id = c_w_id)     WHERE c_w_id = $1 AND c_d_id = $2 AND c_id = $3 FOR UPDATE","parameters: $1 = '1', $2 = '1', $3 = '70'",,,,,,,,"","client backend"
2024-06-16 14:34:19.265 CST,"raingage","benchmark",15269,"127.0.0.1:45210",666e86a6.3ba5,1105,"SELECT",2024-06-16 14:31:02 CST,5/80,90936,LOG,00000,"execute S_1: SELECT c_discount, c_last, c_credit, w_tax     FROM bmsql_customer     JOIN bmsql_warehouse ON (w_id = c_w_id)     WHERE c_w_id = $1 AND c_d_id = $2 AND c_id = $3 FOR UPDATE","parameters: $1 = '1', $2 = '1', $3 = '70'",,,,,,,,"","client backend"
2024-06-16 14:34:19.330 CST,"raingage","benchmark",15269,"127.0.0.1:45210",666e86a6.3ba5,1106,"SELECT",2024-06-16 14:31:02 CST,5/80,90936,LOG,00000,"execute S_1: SELECT c_discount, c_last, c_credit, w_tax     FROM bmsql_customer     JOIN bmsql_warehouse ON (w_id = c_w_id)     WHERE c_w_id = $1 AND c_d_id = $2 AND c_id = $3 FOR UPDATE","parameters: $1 = '1', $2 = '1', $3 = '70'",,,,,,,,"","client backend"
2024-06-16 14:34:19.396 CST,"raingage","benchmark",15269,"127.0.0.1:45210",666e86a6.3ba5,1107,"SELECT",2024-06-16 14:31:02 CST,5/80,90936,LOG,00000,"execute S_1: SELECT c_discount, c_last, c_credit, w_tax     FROM bmsql_customer     JOIN bmsql_warehouse ON (w_id = c_w_id)     WHERE c_w_id = $1 AND c_d_id = $2 AND c_id = $3 FOR UPDATE","parameters: $1 = '1', $2 = '1', $3 = '70'",,,,,,,,"","client backend"
2024-06-16 14:34:19.459 CST,"raingage","benchmark",15269,"127.0.0.1:45210",666e86a6.3ba5,1108,"SELECT",2024-06-16 14:31:02 CST,5/80,90936,LOG,00000,"execute S_1: SELECT c_discount, c_last, c_credit, w_tax     FROM bmsql_customer     JOIN bmsql_warehouse ON (w_id = c_w_id)     WHERE c_w_id = $1 AND c_d_id = $2 AND c_id = $3 FOR UPDATE","parameters: $1 = '1', $2 = '1', $3 = '70'",,,,,,,,"","client backend"
2024-06-16 14:34:19.478 CST,"raingage","benchmark",15269,"127.0.0.1:45210",666e86a6.3ba5,1109,"SELECT",2024-06-16 14:31:02 CST,5/80,90936,LOG,00000,"execute S_6: SELECT i_price, i_name, i_data     FROM bmsql_item     WHERE i_id = $1","parameters: $1 = '51'",,,,,,,,"","client backend"
2024-06-16 14:34:19.493 CST,"raingage","benchmark",15269,"127.0.0.1:45210",666e86a6.3ba5,1110,"SELECT",2024-06-16 14:31:02 CST,5/80,90936,LOG,00000,"execute S_7: SELECT s_quantity, s_data,        s_dist_01, s_dist_02, s_dist_03, s_dist_04,        s_dist_05, s_dist_06, s_dist_07, s_dist_08,        s_dist_09, s_dist_10     FROM bmsql_stock     WHERE s_w_id = $1 AND s_i_id = $2  FOR UPDATE","parameters: $1 = '1', $2 = '51'",,,,,,,,"","client backend"
2024-06-16 14:34:19.508 CST,"raingage","benchmark",15269,"127.0.0.1:45210",666e86a6.3ba5,1111,"UPDATE",2024-06-16 14:31:02 CST,5/80,90936,LOG,00000,"execute S_8: UPDATE bmsql_stock     SET s_quantity = $1, s_ytd = s_ytd + $2,         s_order_cnt = s_order_cnt + 1,         s_remote_cnt = s_remote_cnt + $3     WHERE s_w_id = $4 AND s_i_id = $5","parameters: $1 = '101', $2 = '2', $3 = '0', $4 = '1', $5 = '51'",,,,,,,,"","client backend"
2024-06-16 14:34:19.522 CST,"raingage","benchmark",15269,"127.0.0.1:45210",666e86a6.3ba5,1112,"COMMIT",2024-06-16 14:31:02 CST,5/80,90936,LOG,00000,"execute S_3: COMMIT",,,,,,,,,"","client backend"
2024-06-16 14:34:19.540 CST,"raingage","benchmark",15269,"127.0.0.1:45210",666e86a6.3ba5,1113,"BEGIN",2024-06-16 14:31:02 CST,5/81,0,LOG,00000,"execute S_4: BEGIN",,,,,,,,,"","client backend"
2024-06-16 14:34:19.557 CST,"raingage","benchmark",15269,"127.0.0.1:45210",666e86a6.3ba5,1114,"SELECT",2024-06-16 14:31:02 CST,5/81,0,LOG,00000,"execute S_5: SELECT d_tax, d_next_o_id     FROM bmsql_district     WHERE d_w_id = $1 AND d_id = $2 ","parameters: $1 = '1', $2 = '1'",,,,,,,,"","client backend"
2024-06-16 14:34:19.621 CST,"raingage","benchmark",15269,"127.0.0.1:45210",666e86a6.3ba5,1115,"SELECT",2024-06-16 14:31:02 CST,5/81,0,LOG,00000,"execute S_1: SELECT c_discount, c_last, c_credit, w_tax     FROM bmsql_customer     JOIN bmsql_warehouse ON (w_id = c_w_id)     WHERE c_w_id = $1 AND c_d_id = $2 AND c_id = $3 FOR UPDATE","parameters: $1 = '1', $2 = '1', $3 = '70'",,,,,,,,"","client backend"
2024-06-16 14:34:19.689 CST,"raingage","benchmark",15269,"127.0.0.1:45210",666e86a6.3ba5,1116,"SELECT",2024-06-16 14:31:02 CST,5/81,90937,LOG,00000,"execute S_1: SELECT c_discount, c_last, c_credit, w_tax     FROM bmsql_customer     JOIN bmsql_warehouse ON (w_id = c_w_id)     WHERE c_w_id = $1 AND c_d_id = $2 AND c_id = $3 FOR UPDATE","parameters: $1 = '1', $2 = '1', $3 = '70'",,,,,,,,"","client backend"
2024-06-16 14:34:19.760 CST,"raingage","benchmark",15269,"127.0.0.1:45210",666e86a6.3ba5,1117,"SELECT",2024-06-16 14:31:02 CST,5/81,90937,LOG,00000,"execute S_1: SELECT c_discount, c_last, c_credit, w_tax     FROM bmsql_customer     JOIN bmsql_warehouse ON (w_id = c_w_id)     WHERE c_w_id = $1 AND c_d_id = $2 AND c_id = $3 FOR UPDATE","parameters: $1 = '1', $2 = '1', $3 = '70'",,,,,,,,"","client backend"
2024-06-16 14:34:19.825 CST,"raingage","benchmark",15269,"127.0.0.1:45210",666e86a6.3ba5,1118,"SELECT",2024-06-16 14:31:02 CST,5/81,90937,LOG,00000,"execute S_1: SELECT c_discount, c_last, c_credit, w_tax     FROM bmsql_customer     JOIN bmsql_warehouse ON (w_id = c_w_id)     WHERE c_w_id = $1 AND c_d_id = $2 AND c_id = $3 FOR UPDATE","parameters: $1 = '1', $2 = '1', $3 = '70'",,,,,,,,"","client backend"
2024-06-16 14:34:19.896 CST,"raingage","benchmark",15269,"127.0.0.1:45210",666e86a6.3ba5,1119,"SELECT",2024-06-16 14:31:02 CST,5/81,90937,LOG,00000,"execute S_1: SELECT c_discount, c_last, c_credit, w_tax     FROM bmsql_customer     JOIN bmsql_warehouse ON (w_id = c_w_id)     WHERE c_w_id = $1 AND c_d_id = $2 AND c_id = $3 FOR UPDATE","parameters: $1 = '1', $2 = '1', $3 = '70'",,,,,,,,"","client backend"
2024-06-16 14:34:19.960 CST,"raingage","benchmark",15269,"127.0.0.1:45210",666e86a6.3ba5,1120,"SELECT",2024-06-16 14:31:02 CST,5/81,90937,LOG,00000,"execute S_1: SELECT c_discount, c_last, c_credit, w_tax     FROM bmsql_customer     JOIN bmsql_warehouse ON (w_id = c_w_id)     WHERE c_w_id = $1 AND c_d_id = $2 AND c_id = $3 FOR UPDATE","parameters: $1 = '1', $2 = '1', $3 = '70'",,,,,,,,"","client backend"
2024-06-16 14:34:20.025 CST,"raingage","benchmark",15269,"127.0.0.1:45210",666e86a6.3ba5,1121,"SELECT",2024-06-16 14:31:02 CST,5/81,90937,LOG,00000,"execute S_1: SELECT c_discount, c_last, c_credit, w_tax     FROM bmsql_customer     JOIN bmsql_warehouse ON (w_id = c_w_id)     WHERE c_w_id = $1 AND c_d_id = $2 AND c_id = $3 FOR UPDATE","parameters: $1 = '1', $2 = '1', $3 = '70'",,,,,,,,"","client backend"
2024-06-16 14:34:20.095 CST,"raingage","benchmark",15269,"127.0.0.1:45210",666e86a6.3ba5,1122,"SELECT",2024-06-16 14:31:02 CST,5/81,90937,LOG,00000,"execute S_1: SELECT c_discount, c_last, c_credit, w_tax     FROM bmsql_customer     JOIN bmsql_warehouse ON (w_id = c_w_id)     WHERE c_w_id = $1 AND c_d_id = $2 AND c_id = $3 FOR UPDATE","parameters: $1 = '1', $2 = '1', $3 = '70'",,,,,,,,"","client backend"
2024-06-16 14:34:20.112 CST,"raingage","benchmark",15269,"127.0.0.1:45210",666e86a6.3ba5,1123,"SELECT",2024-06-16 14:31:02 CST,5/81,90937,LOG,00000,"execute S_6: SELECT i_price, i_name, i_data     FROM bmsql_item     WHERE i_id = $1","parameters: $1 = '51'",,,,,,,,"","client backend"
2024-06-16 14:34:20.123 CST,"raingage","benchmark",15269,"127.0.0.1:45210",666e86a6.3ba5,1124,"SELECT",2024-06-16 14:31:02 CST,5/81,90937,LOG,00000,"execute S_7: SELECT s_quantity, s_data,        s_dist_01, s_dist_02, s_dist_03, s_dist_04,        s_dist_05, s_dist_06, s_dist_07, s_dist_08,        s_dist_09, s_dist_10     FROM bmsql_stock     WHERE s_w_id = $1 AND s_i_id = $2  FOR UPDATE","parameters: $1 = '1', $2 = '51'",,,,,,,,"","client backend"
2024-06-16 14:34:20.141 CST,"raingage","benchmark",15269,"127.0.0.1:45210",666e86a6.3ba5,1125,"UPDATE",2024-06-16 14:31:02 CST,5/81,90937,LOG,00000,"execute S_8: UPDATE bmsql_stock     SET s_quantity = $1, s_ytd = s_ytd + $2,         s_order_cnt = s_order_cnt + 1,         s_remote_cnt = s_remote_cnt + $3     WHERE s_w_id = $4 AND s_i_id = $5","parameters: $1 = '98', $2 = '3', $3 = '0', $4 = '1', $5 = '51'",,,,,,,,"","client backend"
2024-06-16 14:34:20.152 CST,"raingage","benchmark",15269,"127.0.0.1:45210",666e86a6.3ba5,1126,"COMMIT",2024-06-16 14:31:02 CST,5/81,90937,LOG,00000,"execute S_3: COMMIT",,,,,,,,,"","client backend"
2024-06-16 14:34:20.169 CST,"raingage","benchmark",15269,"127.0.0.1:45210",666e86a6.3ba5,1127,"BEGIN",2024-06-16 14:31:02 CST,5/82,0,LOG,00000,"execute S_4: BEGIN",,,,,,,,,"","client backend"
2024-06-16 14:34:20.183 CST,"raingage","benchmark",15269,"127.0.0.1:45210",666e86a6.3ba5,1128,"SELECT",2024-06-16 14:31:02 CST,5/82,0,LOG,00000,"execute S_5: SELECT d_tax, d_next_o_id     FROM bmsql_district     WHERE d_w_id = $1 AND d_id = $2 ","parameters: $1 = '1', $2 = '1'",,,,,,,,"","client backend"
2024-06-16 14:34:20.246 CST,"raingage","benchmark",15269,"127.0.0.1:45210",666e86a6.3ba5,1129,"SELECT",2024-06-16 14:31:02 CST,5/82,0,LOG,00000,"execute S_1: SELECT c_discount, c_last, c_credit, w_tax     FROM bmsql_customer     JOIN bmsql_warehouse ON (w_id = c_w_id)     WHERE c_w_id = $1 AND c_d_id = $2 AND c_id = $3 FOR UPDATE","parameters: $1 = '1', $2 = '1', $3 = '54'",,,,,,,,"","client backend"
2024-06-16 14:34:20.316 CST,"raingage","benchmark",15269,"127.0.0.1:45210",666e86a6.3ba5,1130,"SELECT",2024-06-16 14:31:02 CST,5/82,90938,LOG,00000,"execute S_1: SELECT c_discount, c_last, c_credit, w_tax     FROM bmsql_customer     JOIN bmsql_warehouse ON (w_id = c_w_id)     WHERE c_w_id = $1 AND c_d_id = $2 AND c_id = $3 FOR UPDATE","parameters: $1 = '1', $2 = '1', $3 = '54'",,,,,,,,"","client backend"
2024-06-16 14:34:20.384 CST,"raingage","benchmark",15269,"127.0.0.1:45210",666e86a6.3ba5,1131,"SELECT",2024-06-16 14:31:02 CST,5/82,90938,LOG,00000,"execute S_1: SELECT c_discount, c_last, c_credit, w_tax     FROM bmsql_customer     JOIN bmsql_warehouse ON (w_id = c_w_id)     WHERE c_w_id = $1 AND c_d_id = $2 AND c_id = $3 FOR UPDATE","parameters: $1 = '1', $2 = '1', $3 = '54'",,,,,,,,"","client backend"
2024-06-16 14:34:20.449 CST,"raingage","benchmark",15269,"127.0.0.1:45210",666e86a6.3ba5,1132,"SELECT",2024-06-16 14:31:02 CST,5/82,90938,LOG,00000,"execute S_1: SELECT c_discount, c_last, c_credit, w_tax     FROM bmsql_customer     JOIN bmsql_warehouse ON (w_id = c_w_id)     WHERE c_w_id = $1 AND c_d_id = $2 AND c_id = $3 FOR UPDATE","parameters: $1 = '1', $2 = '1', $3 = '54'",,,,,,,,"","client backend"
2024-06-16 14:34:20.514 CST,"raingage","benchmark",15269,"127.0.0.1:45210",666e86a6.3ba5,1133,"SELECT",2024-06-16 14:31:02 CST,5/82,90938,LOG,00000,"execute S_1: SELECT c_discount, c_last, c_credit, w_tax     FROM bmsql_customer     JOIN bmsql_warehouse ON (w_id = c_w_id)     WHERE c_w_id = $1 AND c_d_id = $2 AND c_id = $3 FOR UPDATE","parameters: $1 = '1', $2 = '1', $3 = '54'",,,,,,,,"","client backend"
2024-06-16 14:34:20.577 CST,"raingage","benchmark",15269,"127.0.0.1:45210",666e86a6.3ba5,1134,"SELECT",2024-06-16 14:31:02 CST,5/82,90938,LOG,00000,"execute S_1: SELECT c_discount, c_last, c_credit, w_tax     FROM bmsql_customer     JOIN bmsql_warehouse ON (w_id = c_w_id)     WHERE c_w_id = $1 AND c_d_id = $2 AND c_id = $3 FOR UPDATE","parameters: $1 = '1', $2 = '1', $3 = '54'",,,,,,,,"","client backend"
2024-06-16 14:34:20.642 CST,"raingage","benchmark",15269,"127.0.0.1:45210",666e86a6.3ba5,1135,"SELECT",2024-06-16 14:31:02 CST,5/82,90938,LOG,00000,"execute S_1: SELECT c_discount, c_last, c_credit, w_tax     FROM bmsql_customer     JOIN bmsql_warehouse ON (w_id = c_w_id)     WHERE c_w_id = $1 AND c_d_id = $2 AND c_id = $3 FOR UPDATE","parameters: $1 = '1', $2 = '1', $3 = '54'",,,,,,,,"","client backend"
2024-06-16 14:34:20.711 CST,"raingage","benchmark",15269,"127.0.0.1:45210",666e86a6.3ba5,1136,"SELECT",2024-06-16 14:31:02 CST,5/82,90938,LOG,00000,"execute S_1: SELECT c_discount, c_last, c_credit, w_tax     FROM bmsql_customer     JOIN bmsql_warehouse ON (w_id = c_w_id)     WHERE c_w_id = $1 AND c_d_id = $2 AND c_id = $3 FOR UPDATE","parameters: $1 = '1', $2 = '1', $3 = '54'",,,,,,,,"","client backend"
2024-06-16 14:34:20.725 CST,"raingage","benchmark",15269,"127.0.0.1:45210",666e86a6.3ba5,1137,"SELECT",2024-06-16 14:31:02 CST,5/82,90938,LOG,00000,"execute S_6: SELECT i_price, i_name, i_data     FROM bmsql_item     WHERE i_id = $1","parameters: $1 = '17'",,,,,,,,"","client backend"
2024-06-16 14:34:20.743 CST,"raingage","benchmark",15269,"127.0.0.1:45210",666e86a6.3ba5,1138,"SELECT",2024-06-16 14:31:02 CST,5/82,90938,LOG,00000,"execute S_7: SELECT s_quantity, s_data,        s_dist_01, s_dist_02, s_dist_03, s_dist_04,        s_dist_05, s_dist_06, s_dist_07, s_dist_08,        s_dist_09, s_dist_10     FROM bmsql_stock     WHERE s_w_id = $1 AND s_i_id = $2  FOR UPDATE","parameters: $1 = '1', $2 = '17'",,,,,,,,"","client backend"
2024-06-16 14:34:20.761 CST,"raingage","benchmark",15269,"127.0.0.1:45210",666e86a6.3ba5,1139,"UPDATE",2024-06-16 14:31:02 CST,5/82,90938,LOG,00000,"execute S_8: UPDATE bmsql_stock     SET s_quantity = $1, s_ytd = s_ytd + $2,         s_order_cnt = s_order_cnt + 1,         s_remote_cnt = s_remote_cnt + $3     WHERE s_w_id = $4 AND s_i_id = $5","parameters: $1 = '98', $2 = '2', $3 = '0', $4 = '1', $5 = '17'",,,,,,,,"","client backend"
2024-06-16 14:34:20.775 CST,"raingage","benchmark",15269,"127.0.0.1:45210",666e86a6.3ba5,1140,"COMMIT",2024-06-16 14:31:02 CST,5/82,90938,LOG,00000,"execute S_3: COMMIT",,,,,,,,,"","client backend"
2024-06-16 14:34:21.432 CST,"raingage","benchmark",15272,"127.0.0.1:45216",666e86a7.3ba8,635,"BEGIN",2024-06-16 14:31:03 CST,8/47,0,LOG,00000,"execute S_3: BEGIN",,,,,,,,,"","client backend"
2024-06-16 14:34:21.447 CST,"raingage","benchmark",15272,"127.0.0.1:45216",666e86a7.3ba8,636,"SELECT",2024-06-16 14:31:03 CST,8/47,0,LOG,00000,"execute S_4: SELECT d_tax, d_next_o_id     FROM bmsql_district     WHERE d_w_id = $1 AND d_id = $2 ","parameters: $1 = '1', $2 = '2'",,,,,,,,"","client backend"
2024-06-16 14:34:21.517 CST,"raingage","benchmark",15272,"127.0.0.1:45216",666e86a7.3ba8,637,"SELECT",2024-06-16 14:31:03 CST,8/47,0,LOG,00000,"execute S_1: SELECT c_discount, c_last, c_credit, w_tax     FROM bmsql_customer     JOIN bmsql_warehouse ON (w_id = c_w_id)     WHERE c_w_id = $1 AND c_d_id = $2 AND c_id = $3 FOR UPDATE","parameters: $1 = '1', $2 = '2', $3 = '66'",,,,,,,,"","client backend"
2024-06-16 14:34:21.586 CST,"raingage","benchmark",15272,"127.0.0.1:45216",666e86a7.3ba8,638,"SELECT",2024-06-16 14:31:03 CST,8/47,90939,LOG,00000,"execute S_1: SELECT c_discount, c_last, c_credit, w_tax     FROM bmsql_customer     JOIN bmsql_warehouse ON (w_id = c_w_id)     WHERE c_w_id = $1 AND c_d_id = $2 AND c_id = $3 FOR UPDATE","parameters: $1 = '1', $2 = '2', $3 = '66'",,,,,,,,"","client backend"
2024-06-16 14:34:21.648 CST,"raingage","benchmark",15272,"127.0.0.1:45216",666e86a7.3ba8,639,"SELECT",2024-06-16 14:31:03 CST,8/47,90939,LOG,00000,"execute S_1: SELECT c_discount, c_last, c_credit, w_tax     FROM bmsql_customer     JOIN bmsql_warehouse ON (w_id = c_w_id)     WHERE c_w_id = $1 AND c_d_id = $2 AND c_id = $3 FOR UPDATE","parameters: $1 = '1', $2 = '2', $3 = '66'",,,,,,,,"","client backend"
2024-06-16 14:34:21.711 CST,"raingage","benchmark",15272,"127.0.0.1:45216",666e86a7.3ba8,640,"SELECT",2024-06-16 14:31:03 CST,8/47,90939,LOG,00000,"execute S_1: SELECT c_discount, c_last, c_credit, w_tax     FROM bmsql_customer     JOIN bmsql_warehouse ON (w_id = c_w_id)     WHERE c_w_id = $1 AND c_d_id = $2 AND c_id = $3 FOR UPDATE","parameters: $1 = '1', $2 = '2', $3 = '66'",,,,,,,,"","client backend"
2024-06-16 14:34:21.776 CST,"raingage","benchmark",15272,"127.0.0.1:45216",666e86a7.3ba8,641,"SELECT",2024-06-16 14:31:03 CST,8/47,90939,LOG,00000,"execute S_1: SELECT c_discount, c_last, c_credit, w_tax     FROM bmsql_customer     JOIN bmsql_warehouse ON (w_id = c_w_id)     WHERE c_w_id = $1 AND c_d_id = $2 AND c_id = $3 FOR UPDATE","parameters: $1 = '1', $2 = '2', $3 = '66'",,,,,,,,"","client backend"
2024-06-16 14:34:21.839 CST,"raingage","benchmark",15272,"127.0.0.1:45216",666e86a7.3ba8,642,"SELECT",2024-06-16 14:31:03 CST,8/47,90939,LOG,00000,"execute S_1: SELECT c_discount, c_last, c_credit, w_tax     FROM bmsql_customer     JOIN bmsql_warehouse ON (w_id = c_w_id)     WHERE c_w_id = $1 AND c_d_id = $2 AND c_id = $3 FOR UPDATE","parameters: $1 = '1', $2 = '2', $3 = '66'",,,,,,,,"","client backend"
2024-06-16 14:34:21.906 CST,"raingage","benchmark",15272,"127.0.0.1:45216",666e86a7.3ba8,643,"SELECT",2024-06-16 14:31:03 CST,8/47,90939,LOG,00000,"execute S_1: SELECT c_discount, c_last, c_credit, w_tax     FROM bmsql_customer     JOIN bmsql_warehouse ON (w_id = c_w_id)     WHERE c_w_id = $1 AND c_d_id = $2 AND c_id = $3 FOR UPDATE","parameters: $1 = '1', $2 = '2', $3 = '66'",,,,,,,,"","client backend"
2024-06-16 14:34:21.974 CST,"raingage","benchmark",15272,"127.0.0.1:45216",666e86a7.3ba8,644,"SELECT",2024-06-16 14:31:03 CST,8/47,90939,LOG,00000,"execute S_1: SELECT c_discount, c_last, c_credit, w_tax     FROM bmsql_customer     JOIN bmsql_warehouse ON (w_id = c_w_id)     WHERE c_w_id = $1 AND c_d_id = $2 AND c_id = $3 FOR UPDATE","parameters: $1 = '1', $2 = '2', $3 = '66'",,,,,,,,"","client backend"
2024-06-16 14:34:21.994 CST,"raingage","benchmark",15272,"127.0.0.1:45216",666e86a7.3ba8,645,"SELECT",2024-06-16 14:31:03 CST,8/47,90939,LOG,00000,"execute S_5: SELECT i_price, i_name, i_data     FROM bmsql_item     WHERE i_id = $1","parameters: $1 = '5'",,,,,,,,"","client backend"
2024-06-16 14:34:22.014 CST,"raingage","benchmark",15272,"127.0.0.1:45216",666e86a7.3ba8,646,"SELECT",2024-06-16 14:31:03 CST,8/47,90939,LOG,00000,"execute S_6: SELECT s_quantity, s_data,        s_dist_01, s_dist_02, s_dist_03, s_dist_04,        s_dist_05, s_dist_06, s_dist_07, s_dist_08,        s_dist_09, s_dist_10     FROM bmsql_stock     WHERE s_w_id = $1 AND s_i_id = $2  FOR UPDATE","parameters: $1 = '1', $2 = '5'",,,,,,,,"","client backend"
2024-06-16 14:34:22.032 CST,"raingage","benchmark",15272,"127.0.0.1:45216",666e86a7.3ba8,647,"UPDATE",2024-06-16 14:31:03 CST,8/47,90939,LOG,00000,"execute S_7: UPDATE bmsql_stock     SET s_quantity = $1, s_ytd = s_ytd + $2,         s_order_cnt = s_order_cnt + 1,         s_remote_cnt = s_remote_cnt + $3     WHERE s_w_id = $4 AND s_i_id = $5","parameters: $1 = '99', $2 = '2', $3 = '0', $4 = '1', $5 = '5'",,,,,,,,"","client backend"
2024-06-16 14:34:22.053 CST,"raingage","benchmark",15272,"127.0.0.1:45216",666e86a7.3ba8,648,"COMMIT",2024-06-16 14:31:03 CST,8/47,90939,LOG,00000,"execute S_2: COMMIT",,,,,,,,,"","client backend"
2024-06-16 14:34:22.071 CST,"raingage","benchmark",15272,"127.0.0.1:45216",666e86a7.3ba8,649,"BEGIN",2024-06-16 14:31:03 CST,8/48,0,LOG,00000,"execute S_3: BEGIN",,,,,,,,,"","client backend"
2024-06-16 14:34:22.084 CST,"raingage","benchmark",15272,"127.0.0.1:45216",666e86a7.3ba8,650,"SELECT",2024-06-16 14:31:03 CST,8/48,0,LOG,00000,"execute S_4: SELECT d_tax, d_next_o_id     FROM bmsql_district     WHERE d_w_id = $1 AND d_id = $2 ","parameters: $1 = '1', $2 = '3'",,,,,,,,"","client backend"
2024-06-16 14:34:22.154 CST,"raingage","benchmark",15272,"127.0.0.1:45216",666e86a7.3ba8,651,"SELECT",2024-06-16 14:31:03 CST,8/48,0,LOG,00000,"execute S_1: SELECT c_discount, c_last, c_credit, w_tax     FROM bmsql_customer     JOIN bmsql_warehouse ON (w_id = c_w_id)     WHERE c_w_id = $1 AND c_d_id = $2 AND c_id = $3 FOR UPDATE","parameters: $1 = '1', $2 = '3', $3 = '88'",,,,,,,,"","client backend"
2024-06-16 14:34:22.219 CST,"raingage","benchmark",15272,"127.0.0.1:45216",666e86a7.3ba8,652,"SELECT",2024-06-16 14:31:03 CST,8/48,90940,LOG,00000,"execute S_1: SELECT c_discount, c_last, c_credit, w_tax     FROM bmsql_customer     JOIN bmsql_warehouse ON (w_id = c_w_id)     WHERE c_w_id = $1 AND c_d_id = $2 AND c_id = $3 FOR UPDATE","parameters: $1 = '1', $2 = '3', $3 = '88'",,,,,,,,"","client backend"
2024-06-16 14:34:22.285 CST,"raingage","benchmark",15272,"127.0.0.1:45216",666e86a7.3ba8,653,"SELECT",2024-06-16 14:31:03 CST,8/48,90940,LOG,00000,"execute S_1: SELECT c_discount, c_last, c_credit, w_tax     FROM bmsql_customer     JOIN bmsql_warehouse ON (w_id = c_w_id)     WHERE c_w_id = $1 AND c_d_id = $2 AND c_id = $3 FOR UPDATE","parameters: $1 = '1', $2 = '3', $3 = '88'",,,,,,,,"","client backend"
2024-06-16 14:34:22.355 CST,"raingage","benchmark",15272,"127.0.0.1:45216",666e86a7.3ba8,654,"SELECT",2024-06-16 14:31:03 CST,8/48,90940,LOG,00000,"execute S_1: SELECT c_discount, c_last, c_credit, w_tax     FROM bmsql_customer     JOIN bmsql_warehouse ON (w_id = c_w_id)     WHERE c_w_id = $1 AND c_d_id = $2 AND c_id = $3 FOR UPDATE","parameters: $1 = '1', $2 = '3', $3 = '88'",,,,,,,,"","client backend"
2024-06-16 14:34:22.423 CST,"raingage","benchmark",15272,"127.0.0.1:45216",666e86a7.3ba8,655,"SELECT",2024-06-16 14:31:03 CST,8/48,90940,LOG,00000,"execute S_1: SELECT c_discount, c_last, c_credit, w_tax     FROM bmsql_customer     JOIN bmsql_warehouse ON (w_id = c_w_id)     WHERE c_w_id = $1 AND c_d_id = $2 AND c_id = $3 FOR UPDATE","parameters: $1 = '1', $2 = '3', $3 = '88'",,,,,,,,"","client backend"
2024-06-16 14:34:22.490 CST,"raingage","benchmark",15272,"127.0.0.1:45216",666e86a7.3ba8,656,"SELECT",2024-06-16 14:31:03 CST,8/48,90940,LOG,00000,"execute S_1: SELECT c_discount, c_last, c_credit, w_tax     FROM bmsql_customer     JOIN bmsql_warehouse ON (w_id = c_w_id)     WHERE c_w_id = $1 AND c_d_id = $2 AND c_id = $3 FOR UPDATE","parameters: $1 = '1', $2 = '3', $3 = '88'",,,,,,,,"","client backend"
2024-06-16 14:34:22.555 CST,"raingage","benchmark",15272,"127.0.0.1:45216",666e86a7.3ba8,657,"SELECT",2024-06-16 14:31:03 CST,8/48,90940,LOG,00000,"execute S_1: SELECT c_discount, c_last, c_credit, w_tax     FROM bmsql_customer     JOIN bmsql_warehouse ON (w_id = c_w_id)     WHERE c_w_id = $1 AND c_d_id = $2 AND c_id = $3 FOR UPDATE","parameters: $1 = '1', $2 = '3', $3 = '88'",,,,,,,,"","client backend"
2024-06-16 14:34:22.624 CST,"raingage","benchmark",15272,"127.0.0.1:45216",666e86a7.3ba8,658,"SELECT",2024-06-16 14:31:03 CST,8/48,90940,LOG,00000,"execute S_1: SELECT c_discount, c_last, c_credit, w_tax     FROM bmsql_customer     JOIN bmsql_warehouse ON (w_id = c_w_id)     WHERE c_w_id = $1 AND c_d_id = $2 AND c_id = $3 FOR UPDATE","parameters: $1 = '1', $2 = '3', $3 = '88'",,,,,,,,"","client backend"
2024-06-16 14:34:22.644 CST,"raingage","benchmark",15272,"127.0.0.1:45216",666e86a7.3ba8,659,"SELECT",2024-06-16 14:31:03 CST,8/48,90940,LOG,00000,"execute S_5: SELECT i_price, i_name, i_data     FROM bmsql_item     WHERE i_id = $1","parameters: $1 = '97'",,,,,,,,"","client backend"
2024-06-16 14:34:22.664 CST,"raingage","benchmark",15272,"127.0.0.1:45216",666e86a7.3ba8,660,"SELECT",2024-06-16 14:31:03 CST,8/48,90940,LOG,00000,"execute S_6: SELECT s_quantity, s_data,        s_dist_01, s_dist_02, s_dist_03, s_dist_04,        s_dist_05, s_dist_06, s_dist_07, s_dist_08,        s_dist_09, s_dist_10     FROM bmsql_stock     WHERE s_w_id = $1 AND s_i_id = $2  FOR UPDATE","parameters: $1 = '1', $2 = '97'",,,,,,,,"","client backend"
2024-06-16 14:34:22.680 CST,"raingage","benchmark",15272,"127.0.0.1:45216",666e86a7.3ba8,661,"UPDATE",2024-06-16 14:31:03 CST,8/48,90940,LOG,00000,"execute S_7: UPDATE bmsql_stock     SET s_quantity = $1, s_ytd = s_ytd + $2,         s_order_cnt = s_order_cnt + 1,         s_remote_cnt = s_remote_cnt + $3     WHERE s_w_id = $4 AND s_i_id = $5","parameters: $1 = '19', $2 = '4', $3 = '0', $4 = '1', $5 = '97'",,,,,,,,"","client backend"
2024-06-16 14:34:22.695 CST,"raingage","benchmark",15272,"127.0.0.1:45216",666e86a7.3ba8,662,"COMMIT",2024-06-16 14:31:03 CST,8/48,90940,LOG,00000,"execute S_2: COMMIT",,,,,,,,,"","client backend"
2024-06-16 14:34:22.711 CST,"raingage","benchmark",15272,"127.0.0.1:45216",666e86a7.3ba8,663,"BEGIN",2024-06-16 14:31:03 CST,8/49,0,LOG,00000,"execute S_3: BEGIN",,,,,,,,,"","client backend"
2024-06-16 14:34:22.728 CST,"raingage","benchmark",15272,"127.0.0.1:45216",666e86a7.3ba8,664,"SELECT",2024-06-16 14:31:03 CST,8/49,0,LOG,00000,"execute S_4: SELECT d_tax, d_next_o_id     FROM bmsql_district     WHERE d_w_id = $1 AND d_id = $2 ","parameters: $1 = '1', $2 = '1'",,,,,,,,"","client backend"
2024-06-16 14:34:22.795 CST,"raingage","benchmark",15272,"127.0.0.1:45216",666e86a7.3ba8,665,"SELECT",2024-06-16 14:31:03 CST,8/49,0,LOG,00000,"execute S_1: SELECT c_discount, c_last, c_credit, w_tax     FROM bmsql_customer     JOIN bmsql_warehouse ON (w_id = c_w_id)     WHERE c_w_id = $1 AND c_d_id = $2 AND c_id = $3 FOR UPDATE","parameters: $1 = '1', $2 = '1', $3 = '9'",,,,,,,,"","client backend"
2024-06-16 14:34:22.858 CST,"raingage","benchmark",15272,"127.0.0.1:45216",666e86a7.3ba8,666,"SELECT",2024-06-16 14:31:03 CST,8/49,90941,LOG,00000,"execute S_1: SELECT c_discount, c_last, c_credit, w_tax     FROM bmsql_customer     JOIN bmsql_warehouse ON (w_id = c_w_id)     WHERE c_w_id = $1 AND c_d_id = $2 AND c_id = $3 FOR UPDATE","parameters: $1 = '1', $2 = '1', $3 = '9'",,,,,,,,"","client backend"
2024-06-16 14:34:22.923 CST,"raingage","benchmark",15272,"127.0.0.1:45216",666e86a7.3ba8,667,"SELECT",2024-06-16 14:31:03 CST,8/49,90941,LOG,00000,"execute S_1: SELECT c_discount, c_last, c_credit, w_tax     FROM bmsql_customer     JOIN bmsql_warehouse ON (w_id = c_w_id)     WHERE c_w_id = $1 AND c_d_id = $2 AND c_id = $3 FOR UPDATE","parameters: $1 = '1', $2 = '1', $3 = '9'",,,,,,,,"","client backend"
2024-06-16 14:34:22.990 CST,"raingage","benchmark",15272,"127.0.0.1:45216",666e86a7.3ba8,668,"SELECT",2024-06-16 14:31:03 CST,8/49,90941,LOG,00000,"execute S_1: SELECT c_discount, c_last, c_credit, w_tax     FROM bmsql_customer     JOIN bmsql_warehouse ON (w_id = c_w_id)     WHERE c_w_id = $1 AND c_d_id = $2 AND c_id = $3 FOR UPDATE","parameters: $1 = '1', $2 = '1', $3 = '9'",,,,,,,,"","client backend"
2024-06-16 14:34:23.061 CST,"raingage","benchmark",15272,"127.0.0.1:45216",666e86a7.3ba8,669,"SELECT",2024-06-16 14:31:03 CST,8/49,90941,LOG,00000,"execute S_1: SELECT c_discount, c_last, c_credit, w_tax     FROM bmsql_customer     JOIN bmsql_warehouse ON (w_id = c_w_id)     WHERE c_w_id = $1 AND c_d_id = $2 AND c_id = $3 FOR UPDATE","parameters: $1 = '1', $2 = '1', $3 = '9'",,,,,,,,"","client backend"
2024-06-16 14:34:23.128 CST,"raingage","benchmark",15272,"127.0.0.1:45216",666e86a7.3ba8,670,"SELECT",2024-06-16 14:31:03 CST,8/49,90941,LOG,00000,"execute S_1: SELECT c_discount, c_last, c_credit, w_tax     FROM bmsql_customer     JOIN bmsql_warehouse ON (w_id = c_w_id)     WHERE c_w_id = $1 AND c_d_id = $2 AND c_id = $3 FOR UPDATE","parameters: $1 = '1', $2 = '1', $3 = '9'",,,,,,,,"","client backend"
2024-06-16 14:34:23.196 CST,"raingage","benchmark",15272,"127.0.0.1:45216",666e86a7.3ba8,671,"SELECT",2024-06-16 14:31:03 CST,8/49,90941,LOG,00000,"execute S_1: SELECT c_discount, c_last, c_credit, w_tax     FROM bmsql_customer     JOIN bmsql_warehouse ON (w_id = c_w_id)     WHERE c_w_id = $1 AND c_d_id = $2 AND c_id = $3 FOR UPDATE","parameters: $1 = '1', $2 = '1', $3 = '9'",,,,,,,,"","client backend"
2024-06-16 14:34:23.262 CST,"raingage","benchmark",15272,"127.0.0.1:45216",666e86a7.3ba8,672,"SELECT",2024-06-16 14:31:03 CST,8/49,90941,LOG,00000,"execute S_1: SELECT c_discount, c_last, c_credit, w_tax     FROM bmsql_customer     JOIN bmsql_warehouse ON (w_id = c_w_id)     WHERE c_w_id = $1 AND c_d_id = $2 AND c_id = $3 FOR UPDATE","parameters: $1 = '1', $2 = '1', $3 = '9'",,,,,,,,"","client backend"
2024-06-16 14:34:23.279 CST,"raingage","benchmark",15272,"127.0.0.1:45216",666e86a7.3ba8,673,"SELECT",2024-06-16 14:31:03 CST,8/49,90941,LOG,00000,"execute S_5: SELECT i_price, i_name, i_data     FROM bmsql_item     WHERE i_id = $1","parameters: $1 = '54'",,,,,,,,"","client backend"
2024-06-16 14:34:23.290 CST,"raingage","benchmark",15272,"127.0.0.1:45216",666e86a7.3ba8,674,"SELECT",2024-06-16 14:31:03 CST,8/49,90941,LOG,00000,"execute S_6: SELECT s_quantity, s_data,        s_dist_01, s_dist_02, s_dist_03, s_dist_04,        s_dist_05, s_dist_06, s_dist_07, s_dist_08,        s_dist_09, s_dist_10     FROM bmsql_stock     WHERE s_w_id = $1 AND s_i_id = $2  FOR UPDATE","parameters: $1 = '1', $2 = '54'",,,,,,,,"","client backend"
2024-06-16 14:34:23.303 CST,"raingage","benchmark",15272,"127.0.0.1:45216",666e86a7.3ba8,675,"UPDATE",2024-06-16 14:31:03 CST,8/49,90941,LOG,00000,"execute S_7: UPDATE bmsql_stock     SET s_quantity = $1, s_ytd = s_ytd + $2,         s_order_cnt = s_order_cnt + 1,         s_remote_cnt = s_remote_cnt + $3     WHERE s_w_id = $4 AND s_i_id = $5","parameters: $1 = '15', $2 = '4', $3 = '0', $4 = '1', $5 = '54'",,,,,,,,"","client backend"
2024-06-16 14:34:23.320 CST,"raingage","benchmark",15272,"127.0.0.1:45216",666e86a7.3ba8,676,"COMMIT",2024-06-16 14:31:03 CST,8/49,90941,LOG,00000,"execute S_2: COMMIT",,,,,,,,,"","client backend"
2024-06-16 14:34:26.722 CST,"raingage","benchmark",15268,"127.0.0.1:45208",666e86a6.3ba4,1111,"BEGIN",2024-06-16 14:31:02 CST,4/81,0,LOG,00000,"execute S_3: BEGIN",,,,,,,,,"","client backend"
2024-06-16 14:34:26.742 CST,"raingage","benchmark",15268,"127.0.0.1:45208",666e86a6.3ba4,1112,"SELECT",2024-06-16 14:31:02 CST,4/81,0,LOG,00000,"execute S_4: SELECT d_tax, d_next_o_id     FROM bmsql_district     WHERE d_w_id = $1 AND d_id = $2 ","parameters: $1 = '1', $2 = '4'",,,,,,,,"","client backend"
2024-06-16 14:34:26.808 CST,"raingage","benchmark",15268,"127.0.0.1:45208",666e86a6.3ba4,1113,"SELECT",2024-06-16 14:31:02 CST,4/81,0,LOG,00000,"execute S_1: SELECT c_discount, c_last, c_credit, w_tax     FROM bmsql_customer     JOIN bmsql_warehouse ON (w_id = c_w_id)     WHERE c_w_id = $1 AND c_d_id = $2 AND c_id = $3 FOR UPDATE","parameters: $1 = '1', $2 = '4', $3 = '14'",,,,,,,,"","client backend"
2024-06-16 14:34:26.873 CST,"raingage","benchmark",15268,"127.0.0.1:45208",666e86a6.3ba4,1114,"SELECT",2024-06-16 14:31:02 CST,4/81,90942,LOG,00000,"execute S_1: SELECT c_discount, c_last, c_credit, w_tax     FROM bmsql_customer     JOIN bmsql_warehouse ON (w_id = c_w_id)     WHERE c_w_id = $1 AND c_d_id = $2 AND c_id = $3 FOR UPDATE","parameters: $1 = '1', $2 = '4', $3 = '14'",,,,,,,,"","client backend"
2024-06-16 14:34:26.942 CST,"raingage","benchmark",15268,"127.0.0.1:45208",666e86a6.3ba4,1115,"SELECT",2024-06-16 14:31:02 CST,4/81,90942,LOG,00000,"execute S_1: SELECT c_discount, c_last, c_credit, w_tax     FROM bmsql_customer     JOIN bmsql_warehouse ON (w_id = c_w_id)     WHERE c_w_id = $1 AND c_d_id = $2 AND c_id = $3 FOR UPDATE","parameters: $1 = '1', $2 = '4', $3 = '14'",,,,,,,,"","client backend"
2024-06-16 14:34:27.004 CST,"raingage","benchmark",15268,"127.0.0.1:45208",666e86a6.3ba4,1116,"SELECT",2024-06-16 14:31:02 CST,4/81,90942,LOG,00000,"execute S_1: SELECT c_discount, c_last, c_credit, w_tax     FROM bmsql_customer     JOIN bmsql_warehouse ON (w_id = c_w_id)     WHERE c_w_id = $1 AND c_d_id = $2 AND c_id = $3 FOR UPDATE","parameters: $1 = '1', $2 = '4', $3 = '14'",,,,,,,,"","client backend"
2024-06-16 14:34:27.069 CST,"raingage","benchmark",15268,"127.0.0.1:45208",666e86a6.3ba4,1117,"SELECT",2024-06-16 14:31:02 CST,4/81,90942,LOG,00000,"execute S_1: SELECT c_discount, c_last, c_credit, w_tax     FROM bmsql_customer     JOIN bmsql_warehouse ON (w_id = c_w_id)     WHERE c_w_id = $1 AND c_d_id = $2 AND c_id = $3 FOR UPDATE","parameters: $1 = '1', $2 = '4', $3 = '14'",,,,,,,,"","client backend"
2024-06-16 14:34:27.136 CST,"raingage","benchmark",15268,"127.0.0.1:45208",666e86a6.3ba4,1118,"SELECT",2024-06-16 14:31:02 CST,4/81,90942,LOG,00000,"execute S_1: SELECT c_discount, c_last, c_credit, w_tax     FROM bmsql_customer     JOIN bmsql_warehouse ON (w_id = c_w_id)     WHERE c_w_id = $1 AND c_d_id = $2 AND c_id = $3 FOR UPDATE","parameters: $1 = '1', $2 = '4', $3 = '14'",,,,,,,,"","client backend"
2024-06-16 14:34:27.202 CST,"raingage","benchmark",15268,"127.0.0.1:45208",666e86a6.3ba4,1119,"SELECT",2024-06-16 14:31:02 CST,4/81,90942,LOG,00000,"execute S_1: SELECT c_discount, c_last, c_credit, w_tax     FROM bmsql_customer     JOIN bmsql_warehouse ON (w_id = c_w_id)     WHERE c_w_id = $1 AND c_d_id = $2 AND c_id = $3 FOR UPDATE","parameters: $1 = '1', $2 = '4', $3 = '14'",,,,,,,,"","client backend"
2024-06-16 14:34:27.274 CST,"raingage","benchmark",15268,"127.0.0.1:45208",666e86a6.3ba4,1120,"SELECT",2024-06-16 14:31:02 CST,4/81,90942,LOG,00000,"execute S_1: SELECT c_discount, c_last, c_credit, w_tax     FROM bmsql_customer     JOIN bmsql_warehouse ON (w_id = c_w_id)     WHERE c_w_id = $1 AND c_d_id = $2 AND c_id = $3 FOR UPDATE","parameters: $1 = '1', $2 = '4', $3 = '14'",,,,,,,,"","client backend"
2024-06-16 14:34:27.292 CST,"raingage","benchmark",15268,"127.0.0.1:45208",666e86a6.3ba4,1121,"SELECT",2024-06-16 14:31:02 CST,4/81,90942,LOG,00000,"execute S_5: SELECT i_price, i_name, i_data     FROM bmsql_item     WHERE i_id = $1","parameters: $1 = '80'",,,,,,,,"","client backend"
2024-06-16 14:34:27.313 CST,"raingage","benchmark",15268,"127.0.0.1:45208",666e86a6.3ba4,1122,"SELECT",2024-06-16 14:31:02 CST,4/81,90942,LOG,00000,"execute S_6: SELECT s_quantity, s_data,        s_dist_01, s_dist_02, s_dist_03, s_dist_04,        s_dist_05, s_dist_06, s_dist_07, s_dist_08,        s_dist_09, s_dist_10     FROM bmsql_stock     WHERE s_w_id = $1 AND s_i_id = $2  FOR UPDATE","parameters: $1 = '1', $2 = '80'",,,,,,,,"","client backend"
2024-06-16 14:34:27.329 CST,"raingage","benchmark",15268,"127.0.0.1:45208",666e86a6.3ba4,1123,"UPDATE",2024-06-16 14:31:02 CST,4/81,90942,LOG,00000,"execute S_7: UPDATE bmsql_stock     SET s_quantity = $1, s_ytd = s_ytd + $2,         s_order_cnt = s_order_cnt + 1,         s_remote_cnt = s_remote_cnt + $3     WHERE s_w_id = $4 AND s_i_id = $5","parameters: $1 = '86', $2 = '3', $3 = '0', $4 = '1', $5 = '80'",,,,,,,,"","client backend"
2024-06-16 14:34:27.347 CST,"raingage","benchmark",15268,"127.0.0.1:45208",666e86a6.3ba4,1124,"COMMIT",2024-06-16 14:31:02 CST,4/81,90942,LOG,00000,"execute S_2: COMMIT",,,,,,,,,"","client backend"
2024-06-16 14:34:27.366 CST,"raingage","benchmark",15268,"127.0.0.1:45208",666e86a6.3ba4,1125,"BEGIN",2024-06-16 14:31:02 CST,4/82,0,LOG,00000,"execute S_3: BEGIN",,,,,,,,,"","client backend"
2024-06-16 14:34:27.379 CST,"raingage","benchmark",15268,"127.0.0.1:45208",666e86a6.3ba4,1126,"SELECT",2024-06-16 14:31:02 CST,4/82,0,LOG,00000,"execute S_4: SELECT d_tax, d_next_o_id     FROM bmsql_district     WHERE d_w_id = $1 AND d_id = $2 ","parameters: $1 = '1', $2 = '2'",,,,,,,,"","client backend"
2024-06-16 14:34:27.450 CST,"raingage","benchmark",15268,"127.0.0.1:45208",666e86a6.3ba4,1127,"SELECT",2024-06-16 14:31:02 CST,4/82,0,LOG,00000,"execute S_1: SELECT c_discount, c_last, c_credit, w_tax     FROM bmsql_customer     JOIN bmsql_warehouse ON (w_id = c_w_id)     WHERE c_w_id = $1 AND c_d_id = $2 AND c_id = $3 FOR UPDATE","parameters: $1 = '1', $2 = '2', $3 = '97'",,,,,,,,"","client backend"
2024-06-16 14:34:27.521 CST,"raingage","benchmark",15268,"127.0.0.1:45208",666e86a6.3ba4,1128,"SELECT",2024-06-16 14:31:02 CST,4/82,90943,LOG,00000,"execute S_1: SELECT c_discount, c_last, c_credit, w_tax     FROM bmsql_customer     JOIN bmsql_warehouse ON (w_id = c_w_id)     WHERE c_w_id = $1 AND c_d_id = $2 AND c_id = $3 FOR UPDATE","parameters: $1 = '1', $2 = '2', $3 = '97'",,,,,,,,"","client backend"
2024-06-16 14:34:27.586 CST,"raingage","benchmark",15268,"127.0.0.1:45208",666e86a6.3ba4,1129,"SELECT",2024-06-16 14:31:02 CST,4/82,90943,LOG,00000,"execute S_1: SELECT c_discount, c_last, c_credit, w_tax     FROM bmsql_customer     JOIN bmsql_warehouse ON (w_id = c_w_id)     WHERE c_w_id = $1 AND c_d_id = $2 AND c_id = $3 FOR UPDATE","parameters: $1 = '1', $2 = '2', $3 = '97'",,,,,,,,"","client backend"
2024-06-16 14:34:27.654 CST,"raingage","benchmark",15268,"127.0.0.1:45208",666e86a6.3ba4,1130,"SELECT",2024-06-16 14:31:02 CST,4/82,90943,LOG,00000,"execute S_1: SELECT c_discount, c_last, c_credit, w_tax     FROM bmsql_customer     JOIN bmsql_warehouse ON (w_id = c_w_id)     WHERE c_w_id = $1 AND c_d_id = $2 AND c_id = $3 FOR UPDATE","parameters: $1 = '1', $2 = '2', $3 = '97'",,,,,,,,"","client backend"
2024-06-16 14:34:27.724 CST,"raingage","benchmark",15268,"127.0.0.1:45208",666e86a6.3ba4,1131,"SELECT",2024-06-16 14:31:02 CST,4/82,90943,LOG,00000,"execute S_1: SELECT c_discount, c_last, c_credit, w_tax     FROM bmsql_customer     JOIN bmsql_warehouse ON (w_id = c_w_id)     WHERE c_w_id = $1 AND c_d_id = $2 AND c_id = $3 FOR UPDATE","parameters: $1 = '1', $2 = '2', $3 = '97'",,,,,,,,"","client backend"
2024-06-16 14:34:27.790 CST,"raingage","benchmark",15268,"127.0.0.1:45208",666e86a6.3ba4,1132,"SELECT",2024-06-16 14:31:02 CST,4/82,90943,LOG,00000,"execute S_1: SELECT c_discount, c_last, c_credit, w_tax     FROM bmsql_customer     JOIN bmsql_warehouse ON (w_id = c_w_id)     WHERE c_w_id = $1 AND c_d_id = $2 AND c_id = $3 FOR UPDATE","parameters: $1 = '1', $2 = '2', $3 = '97'",,,,,,,,"","client backend"
2024-06-16 14:34:27.852 CST,"raingage","benchmark",15268,"127.0.0.1:45208",666e86a6.3ba4,1133,"SELECT",2024-06-16 14:31:02 CST,4/82,90943,LOG,00000,"execute S_1: SELECT c_discount, c_last, c_credit, w_tax     FROM bmsql_customer     JOIN bmsql_warehouse ON (w_id = c_w_id)     WHERE c_w_id = $1 AND c_d_id = $2 AND c_id = $3 FOR UPDATE","parameters: $1 = '1', $2 = '2', $3 = '97'",,,,,,,,"","client backend"
2024-06-16 14:34:27.916 CST,"raingage","benchmark",15268,"127.0.0.1:45208",666e86a6.3ba4,1134,"SELECT",2024-06-16 14:31:02 CST,4/82,90943,LOG,00000,"execute S_1: SELECT c_discount, c_last, c_credit, w_tax     FROM bmsql_customer     JOIN bmsql_warehouse ON (w_id = c_w_id)     WHERE c_w_id = $1 AND c_d_id = $2 AND c_id = $3 FOR UPDATE","parameters: $1 = '1', $2 = '2', $3 = '97'",,,,,,,,"","client backend"
2024-06-16 14:34:27.935 CST,"raingage","benchmark",15268,"127.0.0.1:45208",666e86a6.3ba4,1135,"SELECT",2024-06-16 14:31:02 CST,4/82,90943,LOG,00000,"execute S_5: SELECT i_price, i_name, i_data     FROM bmsql_item     WHERE i_id = $1","parameters: $1 = '77'",,,,,,,,"","client backend"
2024-06-16 14:34:27.955 CST,"raingage","benchmark",15268,"127.0.0.1:45208",666e86a6.3ba4,1136,"SELECT",2024-06-16 14:31:02 CST,4/82,90943,LOG,00000,"execute S_6: SELECT s_quantity, s_data,        s_dist_01, s_dist_02, s_dist_03, s_dist_04,        s_dist_05, s_dist_06, s_dist_07, s_dist_08,        s_dist_09, s_dist_10     FROM bmsql_stock     WHERE s_w_id = $1 AND s_i_id = $2  FOR UPDATE","parameters: $1 = '1', $2 = '77'",,,,,,,,"","client backend"
2024-06-16 14:34:27.968 CST,"raingage","benchmark",15268,"127.0.0.1:45208",666e86a6.3ba4,1137,"UPDATE",2024-06-16 14:31:02 CST,4/82,90943,LOG,00000,"execute S_7: UPDATE bmsql_stock     SET s_quantity = $1, s_ytd = s_ytd + $2,         s_order_cnt = s_order_cnt + 1,         s_remote_cnt = s_remote_cnt + $3     WHERE s_w_id = $4 AND s_i_id = $5","parameters: $1 = '16', $2 = '4', $3 = '0', $4 = '1', $5 = '77'",,,,,,,,"","client backend"
2024-06-16 14:34:27.979 CST,"raingage","benchmark",15268,"127.0.0.1:45208",666e86a6.3ba4,1138,"COMMIT",2024-06-16 14:31:02 CST,4/82,90943,LOG,00000,"execute S_2: COMMIT",,,,,,,,,"","client backend"
2024-06-16 14:34:27.992 CST,"raingage","benchmark",15268,"127.0.0.1:45208",666e86a6.3ba4,1139,"BEGIN",2024-06-16 14:31:02 CST,4/83,0,LOG,00000,"execute S_3: BEGIN",,,,,,,,,"","client backend"
2024-06-16 14:34:28.005 CST,"raingage","benchmark",15268,"127.0.0.1:45208",666e86a6.3ba4,1140,"SELECT",2024-06-16 14:31:02 CST,4/83,0,LOG,00000,"execute S_4: SELECT d_tax, d_next_o_id     FROM bmsql_district     WHERE d_w_id = $1 AND d_id = $2 ","parameters: $1 = '1', $2 = '2'",,,,,,,,"","client backend"
2024-06-16 14:34:28.073 CST,"raingage","benchmark",15268,"127.0.0.1:45208",666e86a6.3ba4,1141,"SELECT",2024-06-16 14:31:02 CST,4/83,0,LOG,00000,"execute S_1: SELECT c_discount, c_last, c_credit, w_tax     FROM bmsql_customer     JOIN bmsql_warehouse ON (w_id = c_w_id)     WHERE c_w_id = $1 AND c_d_id = $2 AND c_id = $3 FOR UPDATE","parameters: $1 = '1', $2 = '2', $3 = '97'",,,,,,,,"","client backend"
2024-06-16 14:34:28.141 CST,"raingage","benchmark",15268,"127.0.0.1:45208",666e86a6.3ba4,1142,"SELECT",2024-06-16 14:31:02 CST,4/83,90944,LOG,00000,"execute S_1: SELECT c_discount, c_last, c_credit, w_tax     FROM bmsql_customer     JOIN bmsql_warehouse ON (w_id = c_w_id)     WHERE c_w_id = $1 AND c_d_id = $2 AND c_id = $3 FOR UPDATE","parameters: $1 = '1', $2 = '2', $3 = '97'",,,,,,,,"","client backend"
2024-06-16 14:34:28.205 CST,"raingage","benchmark",15268,"127.0.0.1:45208",666e86a6.3ba4,1143,"SELECT",2024-06-16 14:31:02 CST,4/83,90944,LOG,00000,"execute S_1: SELECT c_discount, c_last, c_credit, w_tax     FROM bmsql_customer     JOIN bmsql_warehouse ON (w_id = c_w_id)     WHERE c_w_id = $1 AND c_d_id = $2 AND c_id = $3 FOR UPDATE","parameters: $1 = '1', $2 = '2', $3 = '97'",,,,,,,,"","client backend"
2024-06-16 14:34:28.276 CST,"raingage","benchmark",15268,"127.0.0.1:45208",666e86a6.3ba4,1144,"SELECT",2024-06-16 14:31:02 CST,4/83,90944,LOG,00000,"execute S_1: SELECT c_discount, c_last, c_credit, w_tax     FROM bmsql_customer     JOIN bmsql_warehouse ON (w_id = c_w_id)     WHERE c_w_id = $1 AND c_d_id = $2 AND c_id = $3 FOR UPDATE","parameters: $1 = '1', $2 = '2', $3 = '97'",,,,,,,,"","client backend"
2024-06-16 14:34:28.346 CST,"raingage","benchmark",15268,"127.0.0.1:45208",666e86a6.3ba4,1145,"SELECT",2024-06-16 14:31:02 CST,4/83,90944,LOG,00000,"execute S_1: SELECT c_discount, c_last, c_credit, w_tax     FROM bmsql_customer     JOIN bmsql_warehouse ON (w_id = c_w_id)     WHERE c_w_id = $1 AND c_d_id = $2 AND c_id = $3 FOR UPDATE","parameters: $1 = '1', $2 = '2', $3 = '97'",,,,,,,,"","client backend"
2024-06-16 14:34:28.417 CST,"raingage","benchmark",15268,"127.0.0.1:45208",666e86a6.3ba4,1146,"SELECT",2024-06-16 14:31:02 CST,4/83,90944,LOG,00000,"execute S_1: SELECT c_discount, c_last, c_credit, w_tax     FROM bmsql_customer     JOIN bmsql_warehouse ON (w_id = c_w_id)     WHERE c_w_id = $1 AND c_d_id = $2 AND c_id = $3 FOR UPDATE","parameters: $1 = '1', $2 = '2', $3 = '97'",,,,,,,,"","client backend"
2024-06-16 14:34:28.480 CST,"raingage","benchmark",15268,"127.0.0.1:45208",666e86a6.3ba4,1147,"SELECT",2024-06-16 14:31:02 CST,4/83,90944,LOG,00000,"execute S_1: SELECT c_discount, c_last, c_credit, w_tax     FROM bmsql_customer     JOIN bmsql_warehouse ON (w_id = c_w_id)     WHERE c_w_id = $1 AND c_d_id = $2 AND c_id = $3 FOR UPDATE","parameters: $1 = '1', $2 = '2', $3 = '97'",,,,,,,,"","client backend"
2024-06-16 14:34:28.544 CST,"raingage","benchmark",15268,"127.0.0.1:45208",666e86a6.3ba4,1148,"SELECT",2024-06-16 14:31:02 CST,4/83,90944,LOG,00000,"execute S_1: SELECT c_discount, c_last, c_credit, w_tax     FROM bmsql_customer     JOIN bmsql_warehouse ON (w_id = c_w_id)     WHERE c_w_id = $1 AND c_d_id = $2 AND c_id = $3 FOR UPDATE","parameters: $1 = '1', $2 = '2', $3 = '97'",,,,,,,,"","client backend"
2024-06-16 14:34:28.559 CST,"raingage","benchmark",15268,"127.0.0.1:45208",666e86a6.3ba4,1149,"SELECT",2024-06-16 14:31:02 CST,4/83,90944,LOG,00000,"execute S_5: SELECT i_price, i_name, i_data     FROM bmsql_item     WHERE i_id = $1","parameters: $1 = '77'",,,,,,,,"","client backend"
2024-06-16 14:34:28.576 CST,"raingage","benchmark",15268,"127.0.0.1:45208",666e86a6.3ba4,1150,"SELECT",2024-06-16 14:31:02 CST,4/83,90944,LOG,00000,"execute S_6: SELECT s_quantity, s_data,        s_dist_01, s_dist_02, s_dist_03, s_dist_04,        s_dist_05, s_dist_06, s_dist_07, s_dist_08,        s_dist_09, s_dist_10     FROM bmsql_stock     WHERE s_w_id = $1 AND s_i_id = $2  FOR UPDATE","parameters: $1 = '1', $2 = '77'",,,,,,,,"","client backend"
2024-06-16 14:34:28.589 CST,"raingage","benchmark",15268,"127.0.0.1:45208",666e86a6.3ba4,1151,"UPDATE",2024-06-16 14:31:02 CST,4/83,90944,LOG,00000,"execute S_7: UPDATE bmsql_stock     SET s_quantity = $1, s_ytd = s_ytd + $2,         s_order_cnt = s_order_cnt + 1,         s_remote_cnt = s_remote_cnt + $3     WHERE s_w_id = $4 AND s_i_id = $5","parameters: $1 = '12', $2 = '4', $3 = '0', $4 = '1', $5 = '77'",,,,,,,,"","client backend"
2024-06-16 14:34:28.601 CST,"raingage","benchmark",15268,"127.0.0.1:45208",666e86a6.3ba4,1152,"COMMIT",2024-06-16 14:31:02 CST,4/83,90944,LOG,00000,"execute S_2: COMMIT",,,,,,,,,"","client backend"
2024-06-16 14:34:29.744 CST,"raingage","benchmark",15269,"127.0.0.1:45210",666e86a6.3ba5,1141,"BEGIN",2024-06-16 14:31:02 CST,5/83,0,LOG,00000,"execute S_4: BEGIN",,,,,,,,,"","client backend"
2024-06-16 14:34:29.756 CST,"raingage","benchmark",15269,"127.0.0.1:45210",666e86a6.3ba5,1142,"SELECT",2024-06-16 14:31:02 CST,5/83,0,LOG,00000,"execute S_5: SELECT d_tax, d_next_o_id     FROM bmsql_district     WHERE d_w_id = $1 AND d_id = $2 ","parameters: $1 = '1', $2 = '3'",,,,,,,,"","client backend"
2024-06-16 14:34:29.822 CST,"raingage","benchmark",15269,"127.0.0.1:45210",666e86a6.3ba5,1143,"SELECT",2024-06-16 14:31:02 CST,5/83,0,LOG,00000,"execute S_1: SELECT c_discount, c_last, c_credit, w_tax     FROM bmsql_customer     JOIN bmsql_warehouse ON (w_id = c_w_id)     WHERE c_w_id = $1 AND c_d_id = $2 AND c_id = $3 FOR UPDATE","parameters: $1 = '1', $2 = '3', $3 = '88'",,,,,,,,"","client backend"
2024-06-16 14:34:29.892 CST,"raingage","benchmark",15269,"127.0.0.1:45210",666e86a6.3ba5,1144,"SELECT",2024-06-16 14:31:02 CST,5/83,90945,LOG,00000,"execute S_1: SELECT c_discount, c_last, c_credit, w_tax     FROM bmsql_customer     JOIN bmsql_warehouse ON (w_id = c_w_id)     WHERE c_w_id = $1 AND c_d_id = $2 AND c_id = $3 FOR UPDATE","parameters: $1 = '1', $2 = '3', $3 = '88'",,,,,,,,"","client backend"
2024-06-16 14:34:29.962 CST,"raingage","benchmark",15269,"127.0.0.1:45210",666e86a6.3ba5,1145,"SELECT",2024-06-16 14:31:02 CST,5/83,90945,LOG,00000,"execute S_1: SELECT c_discount, c_last, c_credit, w_tax     FROM bmsql_customer     JOIN bmsql_warehouse ON (w_id = c_w_id)     WHERE c_w_id = $1 AND c_d_id = $2 AND c_id = $3 FOR UPDATE","parameters: $1 = '1', $2 = '3', $3 = '88'",,,,,,,,"","client backend"
2024-06-16 14:34:30.030 CST,"raingage","benchmark",15269,"127.0.0.1:45210",666e86a6.3ba5,1146,"SELECT",2024-06-16 14:31:02 CST,5/83,90945,LOG,00000,"execute S_1: SELECT c_discount, c_last, c_credit, w_tax     FROM bmsql_customer     JOIN bmsql_warehouse ON (w_id = c_w_id)     WHERE c_w_id = $1 AND c_d_id = $2 AND c_id = $3 FOR UPDATE","parameters: $1 = '1', $2 = '3', $3 = '88'",,,,,,,,"","client backend"
2024-06-16 14:34:30.096 CST,"raingage","benchmark",15269,"127.0.0.1:45210",666e86a6.3ba5,1147,"SELECT",2024-06-16 14:31:02 CST,5/83,90945,LOG,00000,"execute S_1: SELECT c_discount, c_last, c_credit, w_tax     FROM bmsql_customer     JOIN bmsql_warehouse ON (w_id = c_w_id)     WHERE c_w_id = $1 AND c_d_id = $2 AND c_id = $3 FOR UPDATE","parameters: $1 = '1', $2 = '3', $3 = '88'",,,,,,,,"","client backend"
2024-06-16 14:34:30.165 CST,"raingage","benchmark",15269,"127.0.0.1:45210",666e86a6.3ba5,1148,"SELECT",2024-06-16 14:31:02 CST,5/83,90945,LOG,00000,"execute S_1: SELECT c_discount, c_last, c_credit, w_tax     FROM bmsql_customer     JOIN bmsql_warehouse ON (w_id = c_w_id)     WHERE c_w_id = $1 AND c_d_id = $2 AND c_id = $3 FOR UPDATE","parameters: $1 = '1', $2 = '3', $3 = '88'",,,,,,,,"","client backend"
2024-06-16 14:34:30.228 CST,"raingage","benchmark",15269,"127.0.0.1:45210",666e86a6.3ba5,1149,"SELECT",2024-06-16 14:31:02 CST,5/83,90945,LOG,00000,"execute S_1: SELECT c_discount, c_last, c_credit, w_tax     FROM bmsql_customer     JOIN bmsql_warehouse ON (w_id = c_w_id)     WHERE c_w_id = $1 AND c_d_id = $2 AND c_id = $3 FOR UPDATE","parameters: $1 = '1', $2 = '3', $3 = '88'",,,,,,,,"","client backend"
2024-06-16 14:34:30.294 CST,"raingage","benchmark",15269,"127.0.0.1:45210",666e86a6.3ba5,1150,"SELECT",2024-06-16 14:31:02 CST,5/83,90945,LOG,00000,"execute S_1: SELECT c_discount, c_last, c_credit, w_tax     FROM bmsql_customer     JOIN bmsql_warehouse ON (w_id = c_w_id)     WHERE c_w_id = $1 AND c_d_id = $2 AND c_id = $3 FOR UPDATE","parameters: $1 = '1', $2 = '3', $3 = '88'",,,,,,,,"","client backend"
2024-06-16 14:34:30.306 CST,"raingage","benchmark",15269,"127.0.0.1:45210",666e86a6.3ba5,1151,"SELECT",2024-06-16 14:31:02 CST,5/83,90945,LOG,00000,"execute S_6: SELECT i_price, i_name, i_data     FROM bmsql_item     WHERE i_id = $1","parameters: $1 = '97'",,,,,,,,"","client backend"
2024-06-16 14:34:30.322 CST,"raingage","benchmark",15269,"127.0.0.1:45210",666e86a6.3ba5,1152,"SELECT",2024-06-16 14:31:02 CST,5/83,90945,LOG,00000,"execute S_7: SELECT s_quantity, s_data,        s_dist_01, s_dist_02, s_dist_03, s_dist_04,        s_dist_05, s_dist_06, s_dist_07, s_dist_08,        s_dist_09, s_dist_10     FROM bmsql_stock     WHERE s_w_id = $1 AND s_i_id = $2  FOR UPDATE","parameters: $1 = '1', $2 = '97'",,,,,,,,"","client backend"
2024-06-16 14:34:30.333 CST,"raingage","benchmark",15269,"127.0.0.1:45210",666e86a6.3ba5,1153,"UPDATE",2024-06-16 14:31:02 CST,5/83,90945,LOG,00000,"execute S_8: UPDATE bmsql_stock     SET s_quantity = $1, s_ytd = s_ytd + $2,         s_order_cnt = s_order_cnt + 1,         s_remote_cnt = s_remote_cnt + $3     WHERE s_w_id = $4 AND s_i_id = $5","parameters: $1 = '14', $2 = '5', $3 = '0', $4 = '1', $5 = '97'",,,,,,,,"","client backend"
2024-06-16 14:34:30.351 CST,"raingage","benchmark",15269,"127.0.0.1:45210",666e86a6.3ba5,1154,"COMMIT",2024-06-16 14:31:02 CST,5/83,90945,LOG,00000,"execute S_3: COMMIT",,,,,,,,,"","client backend"
2024-06-16 14:34:33.627 CST,"raingage","benchmark",15271,"127.0.0.1:45214",666e86a7.3ba7,1081,"BEGIN",2024-06-16 14:31:03 CST,7/79,0,LOG,00000,"execute S_3: BEGIN",,,,,,,,,"","client backend"
2024-06-16 14:34:33.645 CST,"raingage","benchmark",15271,"127.0.0.1:45214",666e86a7.3ba7,1082,"SELECT",2024-06-16 14:31:03 CST,7/79,0,LOG,00000,"execute S_4: SELECT d_tax, d_next_o_id     FROM bmsql_district     WHERE d_w_id = $1 AND d_id = $2 ","parameters: $1 = '1', $2 = '1'",,,,,,,,"","client backend"
2024-06-16 14:34:33.709 CST,"raingage","benchmark",15271,"127.0.0.1:45214",666e86a7.3ba7,1083,"SELECT",2024-06-16 14:31:03 CST,7/79,0,LOG,00000,"execute S_1: SELECT c_discount, c_last, c_credit, w_tax     FROM bmsql_customer     JOIN bmsql_warehouse ON (w_id = c_w_id)     WHERE c_w_id = $1 AND c_d_id = $2 AND c_id = $3 FOR UPDATE","parameters: $1 = '1', $2 = '1', $3 = '92'",,,,,,,,"","client backend"
2024-06-16 14:34:33.778 CST,"raingage","benchmark",15271,"127.0.0.1:45214",666e86a7.3ba7,1084,"SELECT",2024-06-16 14:31:03 CST,7/79,90946,LOG,00000,"execute S_1: SELECT c_discount, c_last, c_credit, w_tax     FROM bmsql_customer     JOIN bmsql_warehouse ON (w_id = c_w_id)     WHERE c_w_id = $1 AND c_d_id = $2 AND c_id = $3 FOR UPDATE","parameters: $1 = '1', $2 = '1', $3 = '92'",,,,,,,,"","client backend"
2024-06-16 14:34:33.842 CST,"raingage","benchmark",15271,"127.0.0.1:45214",666e86a7.3ba7,1085,"SELECT",2024-06-16 14:31:03 CST,7/79,90946,LOG,00000,"execute S_1: SELECT c_discount, c_last, c_credit, w_tax     FROM bmsql_customer     JOIN bmsql_warehouse ON (w_id = c_w_id)     WHERE c_w_id = $1 AND c_d_id = $2 AND c_id = $3 FOR UPDATE","parameters: $1 = '1', $2 = '1', $3 = '92'",,,,,,,,"","client backend"
2024-06-16 14:34:33.906 CST,"raingage","benchmark",15271,"127.0.0.1:45214",666e86a7.3ba7,1086,"SELECT",2024-06-16 14:31:03 CST,7/79,90946,LOG,00000,"execute S_1: SELECT c_discount, c_last, c_credit, w_tax     FROM bmsql_customer     JOIN bmsql_warehouse ON (w_id = c_w_id)     WHERE c_w_id = $1 AND c_d_id = $2 AND c_id = $3 FOR UPDATE","parameters: $1 = '1', $2 = '1', $3 = '92'",,,,,,,,"","client backend"
2024-06-16 14:34:33.977 CST,"raingage","benchmark",15271,"127.0.0.1:45214",666e86a7.3ba7,1087,"SELECT",2024-06-16 14:31:03 CST,7/79,90946,LOG,00000,"execute S_1: SELECT c_discount, c_last, c_credit, w_tax     FROM bmsql_customer     JOIN bmsql_warehouse ON (w_id = c_w_id)     WHERE c_w_id = $1 AND c_d_id = $2 AND c_id = $3 FOR UPDATE","parameters: $1 = '1', $2 = '1', $3 = '92'",,,,,,,,"","client backend"
2024-06-16 14:34:34.048 CST,"raingage","benchmark",15271,"127.0.0.1:45214",666e86a7.3ba7,1088,"SELECT",2024-06-16 14:31:03 CST,7/79,90946,LOG,00000,"execute S_1: SELECT c_discount, c_last, c_credit, w_tax     FROM bmsql_customer     JOIN bmsql_warehouse ON (w_id = c_w_id)     WHERE c_w_id = $1 AND c_d_id = $2 AND c_id = $3 FOR UPDATE","parameters: $1 = '1', $2 = '1', $3 = '92'",,,,,,,,"","client backend"
2024-06-16 14:34:34.119 CST,"raingage","benchmark",15271,"127.0.0.1:45214",666e86a7.3ba7,1089,"SELECT",2024-06-16 14:31:03 CST,7/79,90946,LOG,00000,"execute S_1: SELECT c_discount, c_last, c_credit, w_tax     FROM bmsql_customer     JOIN bmsql_warehouse ON (w_id = c_w_id)     WHERE c_w_id = $1 AND c_d_id = $2 AND c_id = $3 FOR UPDATE","parameters: $1 = '1', $2 = '1', $3 = '92'",,,,,,,,"","client backend"
2024-06-16 14:34:34.189 CST,"raingage","benchmark",15271,"127.0.0.1:45214",666e86a7.3ba7,1090,"SELECT",2024-06-16 14:31:03 CST,7/79,90946,LOG,00000,"execute S_1: SELECT c_discount, c_last, c_credit, w_tax     FROM bmsql_customer     JOIN bmsql_warehouse ON (w_id = c_w_id)     WHERE c_w_id = $1 AND c_d_id = $2 AND c_id = $3 FOR UPDATE","parameters: $1 = '1', $2 = '1', $3 = '92'",,,,,,,,"","client backend"
2024-06-16 14:34:34.210 CST,"raingage","benchmark",15271,"127.0.0.1:45214",666e86a7.3ba7,1091,"SELECT",2024-06-16 14:31:03 CST,7/79,90946,LOG,00000,"execute S_5: SELECT i_price, i_name, i_data     FROM bmsql_item     WHERE i_id = $1","parameters: $1 = '91'",,,,,,,,"","client backend"
2024-06-16 14:34:34.229 CST,"raingage","benchmark",15271,"127.0.0.1:45214",666e86a7.3ba7,1092,"SELECT",2024-06-16 14:31:03 CST,7/79,90946,LOG,00000,"execute S_6: SELECT s_quantity, s_data,        s_dist_01, s_dist_02, s_dist_03, s_dist_04,        s_dist_05, s_dist_06, s_dist_07, s_dist_08,        s_dist_09, s_dist_10     FROM bmsql_stock     WHERE s_w_id = $1 AND s_i_id = $2  FOR UPDATE","parameters: $1 = '1', $2 = '91'",,,,,,,,"","client backend"
2024-06-16 14:34:34.245 CST,"raingage","benchmark",15271,"127.0.0.1:45214",666e86a7.3ba7,1093,"UPDATE",2024-06-16 14:31:03 CST,7/79,90946,LOG,00000,"execute S_7: UPDATE bmsql_stock     SET s_quantity = $1, s_ytd = s_ytd + $2,         s_order_cnt = s_order_cnt + 1,         s_remote_cnt = s_remote_cnt + $3     WHERE s_w_id = $4 AND s_i_id = $5","parameters: $1 = '93', $2 = '8', $3 = '0', $4 = '1', $5 = '91'",,,,,,,,"","client backend"
2024-06-16 14:34:34.261 CST,"raingage","benchmark",15271,"127.0.0.1:45214",666e86a7.3ba7,1094,"COMMIT",2024-06-16 14:31:03 CST,7/79,90946,LOG,00000,"execute S_2: COMMIT",,,,,,,,,"","client backend"
2024-06-16 14:34:34.668 CST,"raingage","benchmark",15270,"127.0.0.1:45212",666e86a6.3ba6,857,"BEGIN",2024-06-16 14:31:02 CST,6/63,0,LOG,00000,"execute S_3: BEGIN",,,,,,,,,"","client backend"
2024-06-16 14:34:34.687 CST,"raingage","benchmark",15270,"127.0.0.1:45212",666e86a6.3ba6,858,"SELECT",2024-06-16 14:31:02 CST,6/63,0,LOG,00000,"execute S_4: SELECT d_tax, d_next_o_id     FROM bmsql_district     WHERE d_w_id = $1 AND d_id = $2 ","parameters: $1 = '1', $2 = '2'",,,,,,,,"","client backend"
2024-06-16 14:34:34.753 CST,"raingage","benchmark",15270,"127.0.0.1:45212",666e86a6.3ba6,859,"SELECT",2024-06-16 14:31:02 CST,6/63,0,LOG,00000,"execute S_1: SELECT c_discount, c_last, c_credit, w_tax     FROM bmsql_customer     JOIN bmsql_warehouse ON (w_id = c_w_id)     WHERE c_w_id = $1 AND c_d_id = $2 AND c_id = $3 FOR UPDATE","parameters: $1 = '1', $2 = '2', $3 = '63'",,,,,,,,"","client backend"
2024-06-16 14:34:34.823 CST,"raingage","benchmark",15270,"127.0.0.1:45212",666e86a6.3ba6,860,"SELECT",2024-06-16 14:31:02 CST,6/63,90947,LOG,00000,"execute S_1: SELECT c_discount, c_last, c_credit, w_tax     FROM bmsql_customer     JOIN bmsql_warehouse ON (w_id = c_w_id)     WHERE c_w_id = $1 AND c_d_id = $2 AND c_id = $3 FOR UPDATE","parameters: $1 = '1', $2 = '2', $3 = '63'",,,,,,,,"","client backend"
2024-06-16 14:34:34.886 CST,"raingage","benchmark",15270,"127.0.0.1:45212",666e86a6.3ba6,861,"SELECT",2024-06-16 14:31:02 CST,6/63,90947,LOG,00000,"execute S_1: SELECT c_discount, c_last, c_credit, w_tax     FROM bmsql_customer     JOIN bmsql_warehouse ON (w_id = c_w_id)     WHERE c_w_id = $1 AND c_d_id = $2 AND c_id = $3 FOR UPDATE","parameters: $1 = '1', $2 = '2', $3 = '63'",,,,,,,,"","client backend"
2024-06-16 14:34:34.948 CST,"raingage","benchmark",15270,"127.0.0.1:45212",666e86a6.3ba6,862,"SELECT",2024-06-16 14:31:02 CST,6/63,90947,LOG,00000,"execute S_1: SELECT c_discount, c_last, c_credit, w_tax     FROM bmsql_customer     JOIN bmsql_warehouse ON (w_id = c_w_id)     WHERE c_w_id = $1 AND c_d_id = $2 AND c_id = $3 FOR UPDATE","parameters: $1 = '1', $2 = '2', $3 = '63'",,,,,,,,"","client backend"
2024-06-16 14:34:35.017 CST,"raingage","benchmark",15270,"127.0.0.1:45212",666e86a6.3ba6,863,"SELECT",2024-06-16 14:31:02 CST,6/63,90947,LOG,00000,"execute S_1: SELECT c_discount, c_last, c_credit, w_tax     FROM bmsql_customer     JOIN bmsql_warehouse ON (w_id = c_w_id)     WHERE c_w_id = $1 AND c_d_id = $2 AND c_id = $3 FOR UPDATE","parameters: $1 = '1', $2 = '2', $3 = '63'",,,,,,,,"","client backend"
2024-06-16 14:34:35.079 CST,"raingage","benchmark",15270,"127.0.0.1:45212",666e86a6.3ba6,864,"SELECT",2024-06-16 14:31:02 CST,6/63,90947,LOG,00000,"execute S_1: SELECT c_discount, c_last, c_credit, w_tax     FROM bmsql_customer     JOIN bmsql_warehouse ON (w_id = c_w_id)     WHERE c_w_id = $1 AND c_d_id = $2 AND c_id = $3 FOR UPDATE","parameters: $1 = '1', $2 = '2', $3 = '63'",,,,,,,,"","client backend"
2024-06-16 14:34:35.143 CST,"raingage","benchmark",15270,"127.0.0.1:45212",666e86a6.3ba6,865,"SELECT",2024-06-16 14:31:02 CST,6/63,90947,LOG,00000,"execute S_1: SELECT c_discount, c_last, c_credit, w_tax     FROM bmsql_customer     JOIN bmsql_warehouse ON (w_id = c_w_id)     WHERE c_w_id = $1 AND c_d_id = $2 AND c_id = $3 FOR UPDATE","parameters: $1 = '1', $2 = '2', $3 = '63'",,,,,,,,"","client backend"
2024-06-16 14:34:35.206 CST,"raingage","benchmark",15270,"127.0.0.1:45212",666e86a6.3ba6,866,"SELECT",2024-06-16 14:31:02 CST,6/63,90947,LOG,00000,"execute S_1: SELECT c_discount, c_last, c_credit, w_tax     FROM bmsql_customer     JOIN bmsql_warehouse ON (w_id = c_w_id)     WHERE c_w_id = $1 AND c_d_id = $2 AND c_id = $3 FOR UPDATE","parameters: $1 = '1', $2 = '2', $3 = '63'",,,,,,,,"","client backend"
2024-06-16 14:34:35.222 CST,"raingage","benchmark",15270,"127.0.0.1:45212",666e86a6.3ba6,867,"SELECT",2024-06-16 14:31:02 CST,6/63,90947,LOG,00000,"execute S_5: SELECT i_price, i_name, i_data     FROM bmsql_item     WHERE i_id = $1","parameters: $1 = '92'",,,,,,,,"","client backend"
2024-06-16 14:34:35.236 CST,"raingage","benchmark",15270,"127.0.0.1:45212",666e86a6.3ba6,868,"SELECT",2024-06-16 14:31:02 CST,6/63,90947,LOG,00000,"execute S_6: SELECT s_quantity, s_data,        s_dist_01, s_dist_02, s_dist_03, s_dist_04,        s_dist_05, s_dist_06, s_dist_07, s_dist_08,        s_dist_09, s_dist_10     FROM bmsql_stock     WHERE s_w_id = $1 AND s_i_id = $2  FOR UPDATE","parameters: $1 = '1', $2 = '92'",,,,,,,,"","client backend"
2024-06-16 14:34:35.256 CST,"raingage","benchmark",15270,"127.0.0.1:45212",666e86a6.3ba6,869,"UPDATE",2024-06-16 14:31:02 CST,6/63,90947,LOG,00000,"execute S_7: UPDATE bmsql_stock     SET s_quantity = $1, s_ytd = s_ytd + $2,         s_order_cnt = s_order_cnt + 1,         s_remote_cnt = s_remote_cnt + $3     WHERE s_w_id = $4 AND s_i_id = $5","parameters: $1 = '62', $2 = '3', $3 = '0', $4 = '1', $5 = '92'",,,,,,,,"","client backend"
2024-06-16 14:34:35.268 CST,"raingage","benchmark",15270,"127.0.0.1:45212",666e86a6.3ba6,870,"COMMIT",2024-06-16 14:31:02 CST,6/63,90947,LOG,00000,"execute S_2: COMMIT",,,,,,,,,"","client backend"
2024-06-16 14:34:59.155 CST,"raingage","benchmark",15272,"127.0.0.1:45216",666e86a7.3ba8,677,"BEGIN",2024-06-16 14:31:03 CST,8/50,0,LOG,00000,"execute S_3: BEGIN",,,,,,,,,"","client backend"
2024-06-16 14:34:59.174 CST,"raingage","benchmark",15272,"127.0.0.1:45216",666e86a7.3ba8,678,"SELECT",2024-06-16 14:31:03 CST,8/50,0,LOG,00000,"execute S_4: SELECT d_tax, d_next_o_id     FROM bmsql_district     WHERE d_w_id = $1 AND d_id = $2 ","parameters: $1 = '1', $2 = '2'",,,,,,,,"","client backend"
2024-06-16 14:34:59.242 CST,"raingage","benchmark",15272,"127.0.0.1:45216",666e86a7.3ba8,679,"SELECT",2024-06-16 14:31:03 CST,8/50,0,LOG,00000,"execute S_1: SELECT c_discount, c_last, c_credit, w_tax     FROM bmsql_customer     JOIN bmsql_warehouse ON (w_id = c_w_id)     WHERE c_w_id = $1 AND c_d_id = $2 AND c_id = $3 FOR UPDATE","parameters: $1 = '1', $2 = '2', $3 = '30'",,,,,,,,"","client backend"
2024-06-16 14:34:59.312 CST,"raingage","benchmark",15272,"127.0.0.1:45216",666e86a7.3ba8,680,"SELECT",2024-06-16 14:31:03 CST,8/50,90949,LOG,00000,"execute S_1: SELECT c_discount, c_last, c_credit, w_tax     FROM bmsql_customer     JOIN bmsql_warehouse ON (w_id = c_w_id)     WHERE c_w_id = $1 AND c_d_id = $2 AND c_id = $3 FOR UPDATE","parameters: $1 = '1', $2 = '2', $3 = '30'",,,,,,,,"","client backend"
2024-06-16 14:34:59.376 CST,"raingage","benchmark",15272,"127.0.0.1:45216",666e86a7.3ba8,681,"SELECT",2024-06-16 14:31:03 CST,8/50,90949,LOG,00000,"execute S_1: SELECT c_discount, c_last, c_credit, w_tax     FROM bmsql_customer     JOIN bmsql_warehouse ON (w_id = c_w_id)     WHERE c_w_id = $1 AND c_d_id = $2 AND c_id = $3 FOR UPDATE","parameters: $1 = '1', $2 = '2', $3 = '30'",,,,,,,,"","client backend"
2024-06-16 14:34:59.442 CST,"raingage","benchmark",15272,"127.0.0.1:45216",666e86a7.3ba8,682,"SELECT",2024-06-16 14:31:03 CST,8/50,90949,LOG,00000,"execute S_1: SELECT c_discount, c_last, c_credit, w_tax     FROM bmsql_customer     JOIN bmsql_warehouse ON (w_id = c_w_id)     WHERE c_w_id = $1 AND c_d_id = $2 AND c_id = $3 FOR UPDATE","parameters: $1 = '1', $2 = '2', $3 = '30'",,,,,,,,"","client backend"
2024-06-16 14:34:59.504 CST,"raingage","benchmark",15272,"127.0.0.1:45216",666e86a7.3ba8,683,"SELECT",2024-06-16 14:31:03 CST,8/50,90949,LOG,00000,"execute S_1: SELECT c_discount, c_last, c_credit, w_tax     FROM bmsql_customer     JOIN bmsql_warehouse ON (w_id = c_w_id)     WHERE c_w_id = $1 AND c_d_id = $2 AND c_id = $3 FOR UPDATE","parameters: $1 = '1', $2 = '2', $3 = '30'",,,,,,,,"","client backend"
2024-06-16 14:34:59.573 CST,"raingage","benchmark",15272,"127.0.0.1:45216",666e86a7.3ba8,684,"SELECT",2024-06-16 14:31:03 CST,8/50,90949,LOG,00000,"execute S_1: SELECT c_discount, c_last, c_credit, w_tax     FROM bmsql_customer     JOIN bmsql_warehouse ON (w_id = c_w_id)     WHERE c_w_id = $1 AND c_d_id = $2 AND c_id = $3 FOR UPDATE","parameters: $1 = '1', $2 = '2', $3 = '30'",,,,,,,,"","client backend"
2024-06-16 14:34:59.638 CST,"raingage","benchmark",15272,"127.0.0.1:45216",666e86a7.3ba8,685,"SELECT",2024-06-16 14:31:03 CST,8/50,90949,LOG,00000,"execute S_1: SELECT c_discount, c_last, c_credit, w_tax     FROM bmsql_customer     JOIN bmsql_warehouse ON (w_id = c_w_id)     WHERE c_w_id = $1 AND c_d_id = $2 AND c_id = $3 FOR UPDATE","parameters: $1 = '1', $2 = '2', $3 = '30'",,,,,,,,"","client backend"
2024-06-16 14:34:59.707 CST,"raingage","benchmark",15272,"127.0.0.1:45216",666e86a7.3ba8,686,"SELECT",2024-06-16 14:31:03 CST,8/50,90949,LOG,00000,"execute S_1: SELECT c_discount, c_last, c_credit, w_tax     FROM bmsql_customer     JOIN bmsql_warehouse ON (w_id = c_w_id)     WHERE c_w_id = $1 AND c_d_id = $2 AND c_id = $3 FOR UPDATE","parameters: $1 = '1', $2 = '2', $3 = '30'",,,,,,,,"","client backend"
2024-06-16 14:34:59.721 CST,"raingage","benchmark",15272,"127.0.0.1:45216",666e86a7.3ba8,687,"SELECT",2024-06-16 14:31:03 CST,8/50,90949,LOG,00000,"execute S_5: SELECT i_price, i_name, i_data     FROM bmsql_item     WHERE i_id = $1","parameters: $1 = '110'",,,,,,,,"","client backend"
2024-06-16 14:34:59.738 CST,"raingage","benchmark",15272,"127.0.0.1:45216",666e86a7.3ba8,688,"SELECT",2024-06-16 14:31:03 CST,8/50,90949,LOG,00000,"execute S_6: SELECT s_quantity, s_data,        s_dist_01, s_dist_02, s_dist_03, s_dist_04,        s_dist_05, s_dist_06, s_dist_07, s_dist_08,        s_dist_09, s_dist_10     FROM bmsql_stock     WHERE s_w_id = $1 AND s_i_id = $2  FOR UPDATE","parameters: $1 = '1', $2 = '110'",,,,,,,,"","client backend"
2024-06-16 14:34:59.754 CST,"raingage","benchmark",15272,"127.0.0.1:45216",666e86a7.3ba8,689,"UPDATE",2024-06-16 14:31:03 CST,8/50,90949,LOG,00000,"execute S_7: UPDATE bmsql_stock     SET s_quantity = $1, s_ytd = s_ytd + $2,         s_order_cnt = s_order_cnt + 1,         s_remote_cnt = s_remote_cnt + $3     WHERE s_w_id = $4 AND s_i_id = $5","parameters: $1 = '30', $2 = '3', $3 = '0', $4 = '1', $5 = '110'",,,,,,,,"","client backend"
2024-06-16 14:34:59.767 CST,"raingage","benchmark",15272,"127.0.0.1:45216",666e86a7.3ba8,690,"COMMIT",2024-06-16 14:31:03 CST,8/50,90949,LOG,00000,"execute S_2: COMMIT",,,,,,,,,"","client backend"
2024-06-16 14:56:14.096 CST,,,15204,,666e8690.3b64,7,,2024-06-16 14:30:40 CST,,0,LOG,00000,"received fast shutdown request",,,,,,,,,"","postmaster"
2024-06-16 14:56:14.097 CST,,,15204,,666e8690.3b64,8,,2024-06-16 14:30:40 CST,,0,LOG,00000,"aborting any active transactions",,,,,,,,,"","postmaster"
2024-06-16 14:56:14.099 CST,,,15204,,666e8690.3b64,9,,2024-06-16 14:30:40 CST,,0,LOG,00000,"background worker ""logical replication launcher"" (PID 15212) exited with exit code 1",,,,,,,,,"","postmaster"
2024-06-16 14:56:14.099 CST,,,15207,,666e8691.3b67,1,,2024-06-16 14:30:41 CST,,0,LOG,00000,"shutting down",,,,,,,,,"","checkpointer"
2024-06-16 14:56:14.112 CST,,,15204,,666e8690.3b64,10,,2024-06-16 14:30:40 CST,,0,LOG,00000,"database system is shut down",,,,,,,,,"","postmaster"
